date,ticker,company,title,text,original_url
2024-01-08,AAPL,Apple,Why I Sold Some Apple Stock to End 2023 and Where I'm Investing Instead - Yahoo Finance,"EN
Sign in
Before you continue to Google
We use cookies and data to
Deliver and maintain Google services
Track outages and protect against spam, fraud, and abuse
Measure audience engagement and site statistics to understand how our services are used and enhance the quality of those services
If you choose to “Accept all,” we will also use cookies and data to
Develop and improve new services
Deliver and measure the effectiveness of ads
Show personalized content, depending on your settings
Show personalized ads, depending on your settings
If you choose to “Reject all,” we will not use cookies for these additional purposes.
Non-personalized content is influenced by things like the content you’re currently viewing, activity in your active Search session, and your location. Non-personalized ads are influenced by the content you’re currently viewing and your general location. Personalized content and ads can also include more relevant results, recommendations, and tailored ads based on past activity from this browser, like previous Google searches. We also use cookies and data to tailor the experience to be age-appropriate, if relevant.
Select “More options” to see additional information, including details about managing your privacy settings. You can also visit g.co/privacytools at any time.
Reject all
Accept all
More options
Privacy Policy
Terms of Service",https://news.google.com/rss/articles/CBMiekFVX3lxTFBFaktKVXF3aHRTX2ZVNURLc25kMlNhUlEyUkIzNTFEeURVd0F4LWVISVd2R2d6djFuSDJzQlVjUmhrUFptWU5hb01nemx4WDhzXzFvS3F6c2cyUUVmWDZWVFpUZlQtekluTXZYeHZSS1RXdS1rQ2huTmln?oc=5
2024-01-18,AAPL,Apple,"Apple Stock Gains A New Bull On AI, Vision Pro Prospects - Investor's Business Daily","EN
Sign in
Before you continue to Google
We use cookies and data to
Deliver and maintain Google services
Track outages and protect against spam, fraud, and abuse
Measure audience engagement and site statistics to understand how our services are used and enhance the quality of those services
If you choose to “Accept all,” we will also use cookies and data to
Develop and improve new services
Deliver and measure the effectiveness of ads
Show personalized content, depending on your settings
Show personalized ads, depending on your settings
If you choose to “Reject all,” we will not use cookies for these additional purposes.
Non-personalized content is influenced by things like the content you’re currently viewing, activity in your active Search session, and your location. Non-personalized ads are influenced by the content you’re currently viewing and your general location. Personalized content and ads can also include more relevant results, recommendations, and tailored ads based on past activity from this browser, like previous Google searches. We also use cookies and data to tailor the experience to be age-appropriate, if relevant.
Select “More options” to see additional information, including details about managing your privacy settings. You can also visit g.co/privacytools at any time.
Reject all
Accept all
More options
Privacy Policy
Terms of Service",https://news.google.com/rss/articles/CBMinwFBVV95cUxNZGZLSnZidEpUVEdPbXlsdVMySnB0NlFZYjRmS3N4dGVkVldjVWhvSUJ6cnBkTUNuRVNQZXFJVkRLNEkzZmRLUGNPSnk2T3lOMzFwaVg4dkV2V0FLZjYtak5kSGdzU2tDdjgxOHJhY1R1S3NzYjF0cndnclZwVDJjSjc1eDUxX3B4MjBiUFlRdkcxcENKc2hLU1hXVk52ckk?oc=5
2024-01-08,AAPL,Apple,Time to Buy the Dip in Apple Stock? - Kiplinger,"EN
Sign in
Before you continue to Google
We use cookies and data to
Deliver and maintain Google services
Track outages and protect against spam, fraud, and abuse
Measure audience engagement and site statistics to understand how our services are used and enhance the quality of those services
If you choose to “Accept all,” we will also use cookies and data to
Develop and improve new services
Deliver and measure the effectiveness of ads
Show personalized content, depending on your settings
Show personalized ads, depending on your settings
If you choose to “Reject all,” we will not use cookies for these additional purposes.
Non-personalized content is influenced by things like the content you’re currently viewing, activity in your active Search session, and your location. Non-personalized ads are influenced by the content you’re currently viewing and your general location. Personalized content and ads can also include more relevant results, recommendations, and tailored ads based on past activity from this browser, like previous Google searches. We also use cookies and data to tailor the experience to be age-appropriate, if relevant.
Select “More options” to see additional information, including details about managing your privacy settings. You can also visit g.co/privacytools at any time.
Reject all
Accept all
More options
Privacy Policy
Terms of Service",https://news.google.com/rss/articles/CBMiekFVX3lxTE9nenpsMXE1ZV8zQlFHTWtJZ21BZ2FrTHFIRHpTSVY5V2ZQTUx3Mlo5WWJ0S2tsaERtTzJTVmQ0TTl2WGg1YW12UzVkcGRaeG5uTkJVQ2hONzc1dUkwY1NlYm93cEV1dlRGZ1NsanRmQjlveDhFd3dNTmpB?oc=5
2024-01-14,AAPL,Apple,Stock-Split Watch: Is Apple Next? - Nasdaq,"EN
Sign in
Before you continue to Google
We use cookies and data to
Deliver and maintain Google services
Track outages and protect against spam, fraud, and abuse
Measure audience engagement and site statistics to understand how our services are used and enhance the quality of those services
If you choose to “Accept all,” we will also use cookies and data to
Develop and improve new services
Deliver and measure the effectiveness of ads
Show personalized content, depending on your settings
Show personalized ads, depending on your settings
If you choose to “Reject all,” we will not use cookies for these additional purposes.
Non-personalized content is influenced by things like the content you’re currently viewing, activity in your active Search session, and your location. Non-personalized ads are influenced by the content you’re currently viewing and your general location. Personalized content and ads can also include more relevant results, recommendations, and tailored ads based on past activity from this browser, like previous Google searches. We also use cookies and data to tailor the experience to be age-appropriate, if relevant.
Select “More options” to see additional information, including details about managing your privacy settings. You can also visit g.co/privacytools at any time.
Reject all
Accept all
More options
Privacy Policy
Terms of Service",https://news.google.com/rss/articles/CBMickFVX3lxTE1KYTFXSlpDZFRqdl9pazJRSVlQWnJvQmxqZnpSRjhBcHJYbldscFB6UGZPblNkeGVUcDJuTFZYTTAtMlo4MFVmdy1CTFFrTUFQZXFzRlRnZTZPNUE1alF3Q2JWdmlCaXNyT0I5Rkh4VU1kdw?oc=5
2024-01-18,AAPL,Apple,Apple Stock Jumps After Bank of America Upgrade Citing Likely AI-Related Boost for iPhones - Investopedia,"EN
Sign in
Before you continue to Google
We use cookies and data to
Deliver and maintain Google services
Track outages and protect against spam, fraud, and abuse
Measure audience engagement and site statistics to understand how our services are used and enhance the quality of those services
If you choose to “Accept all,” we will also use cookies and data to
Develop and improve new services
Deliver and measure the effectiveness of ads
Show personalized content, depending on your settings
Show personalized ads, depending on your settings
If you choose to “Reject all,” we will not use cookies for these additional purposes.
Non-personalized content is influenced by things like the content you’re currently viewing, activity in your active Search session, and your location. Non-personalized ads are influenced by the content you’re currently viewing and your general location. Personalized content and ads can also include more relevant results, recommendations, and tailored ads based on past activity from this browser, like previous Google searches. We also use cookies and data to tailor the experience to be age-appropriate, if relevant.
Select “More options” to see additional information, including details about managing your privacy settings. You can also visit g.co/privacytools at any time.
Reject all
Accept all
More options
Privacy Policy
Terms of Service",https://news.google.com/rss/articles/CBMixgFBVV95cUxPenVSNmoxdkdlS1VnUFVKWjNrY0VjLUtIb3lZOXBXcDVBd2x0ZGtqTjlVVlFNclU4dGFDYVlqWGJKVVFUNk9KVmFuM0IwRXFubFR4eV9HSjF3QzNIc1FSM0RodFJmaWFITE9Nci1tVGU2bnRpYk9Kb0F4YkdYV2FVR3k5LWFlZU05TXpBOFRjODVoS3R1djhhcHdTWEw0aWV4dU01bk1oMnIzY1NzZTZWS2VKb2dEcTdOQnRHRlpHdlE4dUFndHc?oc=5
2024-01-02,AAPL,Apple,Apple shares fall 4% after Barclays downgrade - CNBC,"EN
Sign in
Before you continue to Google
We use cookies and data to
Deliver and maintain Google services
Track outages and protect against spam, fraud, and abuse
Measure audience engagement and site statistics to understand how our services are used and enhance the quality of those services
If you choose to “Accept all,” we will also use cookies and data to
Develop and improve new services
Deliver and measure the effectiveness of ads
Show personalized content, depending on your settings
Show personalized ads, depending on your settings
If you choose to “Reject all,” we will not use cookies for these additional purposes.
Non-personalized content is influenced by things like the content you’re currently viewing, activity in your active Search session, and your location. Non-personalized ads are influenced by the content you’re currently viewing and your general location. Personalized content and ads can also include more relevant results, recommendations, and tailored ads based on past activity from this browser, like previous Google searches. We also use cookies and data to tailor the experience to be age-appropriate, if relevant.
Select “More options” to see additional information, including details about managing your privacy settings. You can also visit g.co/privacytools at any time.
Reject all
Accept all
More options
Privacy Policy
Terms of Service",https://news.google.com/rss/articles/CBMinwFBVV95cUxNdHE5M0ozcGVSSHg0Zlk2MmVsS3JlWGRQTERYbXRUbVNZRDJac2d5bUwxNWlYb0RVQzRMUEVLZ0ZjRktCMFlVcXl5UV9FNFNiZXFodEZjQnYyZk80elBIV1M3a2lFd3ZXQWpwT1J4VXNNLVV5Z2pvWlZTYkFmSDF2bFpOQnduQ2NBZjhyYjRmeTVaTi0tT2M2M2VGYVUwYmfSAaQBQVVfeXFMUDFKMlNwZDZHWFlMLXVFS2lrNmx0ZTJZS1BsNDM4T3ZoanI4ZF9VS1UtWi1pWXFJLTg1WEdxZU13ZmY0SGpXWVVhcFBYeENBcFFUb1hKUWktU0F0MS1SdVl5V01QQzJfRy1fckZGckhYa05uZVBIMkhCRXF4U3VOVjZhSG5MdmR2c3lZb29GcnN2cVY0X1NhWGFlNlRLV19kVzNobHU?oc=5
2024-01-08,AAPL,Apple,Opinion: Apple stock looks expensive vs. the rest of the ‘Magnificent Seven’ - MarketWatch,"EN
Sign in
Before you continue to Google
We use cookies and data to
Deliver and maintain Google services
Track outages and protect against spam, fraud, and abuse
Measure audience engagement and site statistics to understand how our services are used and enhance the quality of those services
If you choose to “Accept all,” we will also use cookies and data to
Develop and improve new services
Deliver and measure the effectiveness of ads
Show personalized content, depending on your settings
Show personalized ads, depending on your settings
If you choose to “Reject all,” we will not use cookies for these additional purposes.
Non-personalized content is influenced by things like the content you’re currently viewing, activity in your active Search session, and your location. Non-personalized ads are influenced by the content you’re currently viewing and your general location. Personalized content and ads can also include more relevant results, recommendations, and tailored ads based on past activity from this browser, like previous Google searches. We also use cookies and data to tailor the experience to be age-appropriate, if relevant.
Select “More options” to see additional information, including details about managing your privacy settings. You can also visit g.co/privacytools at any time.
Reject all
Accept all
More options
Privacy Policy
Terms of Service",https://news.google.com/rss/articles/CBMiqwFBVV95cUxPdGJKZ2dGT0NYWmNVZVZ3NWszaDVRU1hldnRfRnhUWWhZSjNmZDFib3hRNVZoQmlwM2VmMHlSOFN1N21IMzVPWFNybXRpUi1iOFI2endMeGVhWVNRWE5paVRpa2JIOEF2VDdxV3JVcHhJUHNvU0d2ZXQza2pXV1VXSUtJdkRINFduTmliMk56M3lFRDRGMXA3SkxqejJmQkVCMEpVQzF1UnZXeFU?oc=5
2024-01-27,AAPL,Apple,Where Will Apple Stock Be in 5 Years? - The Motley Fool,"EN
Sign in
Before you continue to Google
We use cookies and data to
Deliver and maintain Google services
Track outages and protect against spam, fraud, and abuse
Measure audience engagement and site statistics to understand how our services are used and enhance the quality of those services
If you choose to “Accept all,” we will also use cookies and data to
Develop and improve new services
Deliver and measure the effectiveness of ads
Show personalized content, depending on your settings
Show personalized ads, depending on your settings
If you choose to “Reject all,” we will not use cookies for these additional purposes.
Non-personalized content is influenced by things like the content you’re currently viewing, activity in your active Search session, and your location. Non-personalized ads are influenced by the content you’re currently viewing and your general location. Personalized content and ads can also include more relevant results, recommendations, and tailored ads based on past activity from this browser, like previous Google searches. We also use cookies and data to tailor the experience to be age-appropriate, if relevant.
Select “More options” to see additional information, including details about managing your privacy settings. You can also visit g.co/privacytools at any time.
Reject all
Accept all
More options
Privacy Policy
Terms of Service",https://news.google.com/rss/articles/CBMihgFBVV95cUxOS1BPWUhwRFdhTXo2djd1bWpCVVl2T2ExUnpJUnBoQ1BFRDZGbWpWWHhZd1pxQ3VuSTFEZFZCamZEU01CbU8xM3ljaVBLbUs4SGlFX3RZLS1TYU9mbnpCSXNBQ2xNODdVZ1Y2TDV5cGtGbV9mQ0F3YzBBVlg3SW1DQ0FnN2I0UQ?oc=5
2024-01-02,AAPL,Apple,(AAPL) Apple Stock Downgraded as Barclays Warns on Cooling iPhone Demand - Bloomberg.com,"EN
Sign in
Before you continue to Google
We use cookies and data to
Deliver and maintain Google services
Track outages and protect against spam, fraud, and abuse
Measure audience engagement and site statistics to understand how our services are used and enhance the quality of those services
If you choose to “Accept all,” we will also use cookies and data to
Develop and improve new services
Deliver and measure the effectiveness of ads
Show personalized content, depending on your settings
Show personalized ads, depending on your settings
If you choose to “Reject all,” we will not use cookies for these additional purposes.
Non-personalized content is influenced by things like the content you’re currently viewing, activity in your active Search session, and your location. Non-personalized ads are influenced by the content you’re currently viewing and your general location. Personalized content and ads can also include more relevant results, recommendations, and tailored ads based on past activity from this browser, like previous Google searches. We also use cookies and data to tailor the experience to be age-appropriate, if relevant.
Select “More options” to see additional information, including details about managing your privacy settings. You can also visit g.co/privacytools at any time.
Reject all
Accept all
More options
Privacy Policy
Terms of Service",https://news.google.com/rss/articles/CBMitgFBVV95cUxOdXU1QXRCX0xWTS1NTVZrbk53Q2IxS0QyLUt3aXVwUjZwNC0xOHVWNjd3RlVYQ0tvVFEwU0t4cjRYVXZNNERmZDAtVXRYSzFlUFpEc1BDZ2JseEUyM0d0ZTc3UmIzMWstVV9SUldJaHFlalJZUXFkSTNUUWVFdDNVTXkwM2M3WE15cHJrdGtkVkN3N0dQVDluOGkxdU9zQXVsaU9sSkdHRk10WWM4eEItVFhnNHpldw?oc=5
2024-01-02,AAPL,Apple,"Apple shares slide following Barclays downgrade, dragging down markets - CNN","EN
Sign in
Before you continue to Google
We use cookies and data to
Deliver and maintain Google services
Track outages and protect against spam, fraud, and abuse
Measure audience engagement and site statistics to understand how our services are used and enhance the quality of those services
If you choose to “Accept all,” we will also use cookies and data to
Develop and improve new services
Deliver and measure the effectiveness of ads
Show personalized content, depending on your settings
Show personalized ads, depending on your settings
If you choose to “Reject all,” we will not use cookies for these additional purposes.
Non-personalized content is influenced by things like the content you’re currently viewing, activity in your active Search session, and your location. Non-personalized ads are influenced by the content you’re currently viewing and your general location. Personalized content and ads can also include more relevant results, recommendations, and tailored ads based on past activity from this browser, like previous Google searches. We also use cookies and data to tailor the experience to be age-appropriate, if relevant.
Select “More options” to see additional information, including details about managing your privacy settings. You can also visit g.co/privacytools at any time.
Reject all
Accept all
More options
Privacy Policy
Terms of Service",https://news.google.com/rss/articles/CBMihAFBVV95cUxOVXNTaVNNNkhCWC03azNpRDlXQnJneGxwWWE1VDB1b2pUWmJoOXFFNVJXd3lBS2pNam45YVhEWXBzWm1pUzZkSEtVemYzZXBBNjIzb25fR3I5Wl9BZVNNMUpoczZsWUFKNzVDU19xQXpLd19vSjc1WHh0bXYxcnRYUzdFSkjSAXtBVV95cUxPRjkzRnNveTBVaW85VVJQY3ZPamhBMmNaSjhJQWpKODU5UFlFT2lmVWNqNUJGOTk2M0pJUEZLcXlUWFZsbGJ2czk4UVo5VXFTdm80R1c4XzJwQ1lEZ1k4WDkwMHFIWnVkWUh1bmJyY2wxbkFzam92MU9yQWM?oc=5
2024-01-26,AAPL,Apple,Is It Too Late to Buy Apple Stock? - TheStreet,"EN
Sign in
Before you continue to Google
We use cookies and data to
Deliver and maintain Google services
Track outages and protect against spam, fraud, and abuse
Measure audience engagement and site statistics to understand how our services are used and enhance the quality of those services
If you choose to “Accept all,” we will also use cookies and data to
Develop and improve new services
Deliver and measure the effectiveness of ads
Show personalized content, depending on your settings
Show personalized ads, depending on your settings
If you choose to “Reject all,” we will not use cookies for these additional purposes.
Non-personalized content is influenced by things like the content you’re currently viewing, activity in your active Search session, and your location. Non-personalized ads are influenced by the content you’re currently viewing and your general location. Personalized content and ads can also include more relevant results, recommendations, and tailored ads based on past activity from this browser, like previous Google searches. We also use cookies and data to tailor the experience to be age-appropriate, if relevant.
Select “More options” to see additional information, including details about managing your privacy settings. You can also visit g.co/privacytools at any time.
Reject all
Accept all
More options
Privacy Policy
Terms of Service",https://news.google.com/rss/articles/CBMie0FVX3lxTE9mREVma0ItWXdsZGl5a3o3b3VTUWZ3OVhvVHRBUm90RlNzbVdMQm9GcDVlbS1QTWdiUXg0TkNSZm5KcTJKNGZHaVZTT0M1MTQxRkttN3JEMzZnWTNabk5hd1lTQWV1WVNheDJzdUxjaWxVdWcycU1wTmZsZw?oc=5
2024-01-03,AAPL,Apple,"With Apple Stock Sliding After Barclay's Downgrade, Don’t Catch This Falling Knife - Forbes","EN
Sign in
Before you continue to Google
We use cookies and data to
Deliver and maintain Google services
Track outages and protect against spam, fraud, and abuse
Measure audience engagement and site statistics to understand how our services are used and enhance the quality of those services
If you choose to “Accept all,” we will also use cookies and data to
Develop and improve new services
Deliver and measure the effectiveness of ads
Show personalized content, depending on your settings
Show personalized ads, depending on your settings
If you choose to “Reject all,” we will not use cookies for these additional purposes.
Non-personalized content is influenced by things like the content you’re currently viewing, activity in your active Search session, and your location. Non-personalized ads are influenced by the content you’re currently viewing and your general location. Personalized content and ads can also include more relevant results, recommendations, and tailored ads based on past activity from this browser, like previous Google searches. We also use cookies and data to tailor the experience to be age-appropriate, if relevant.
Select “More options” to see additional information, including details about managing your privacy settings. You can also visit g.co/privacytools at any time.
Reject all
Accept all
More options
Privacy Policy
Terms of Service",https://news.google.com/rss/articles/CBMitgFBVV95cUxNNkN0RWxHdXgtckdnZTRQdjhVcDFvWGxXcGlBRDlWTlRkT21nb09Ob3B2bXNFUVhmdDVyTkFHYVB3c0pDR3ZRaEV4UkRFWkJoMVIzTHJGeEtCengyWER5QjE3UlhHZy16QzQ4QjBmZmVYU2VhWEkzMEhKTXR0U0JaSUtoMWVkbEplYXM0YjY4QmNOZlRMNVR6U0trRldTTHlZMTdCOGxIQjFjTWh1eEVSLTViQy1sdw?oc=5
2024-01-05,AAPL,Apple,Apple Stock’s Losing Streak Hits 4 Days - Barron's,"EN
Sign in
Before you continue to Google
We use cookies and data to
Deliver and maintain Google services
Track outages and protect against spam, fraud, and abuse
Measure audience engagement and site statistics to understand how our services are used and enhance the quality of those services
If you choose to “Accept all,” we will also use cookies and data to
Develop and improve new services
Deliver and measure the effectiveness of ads
Show personalized content, depending on your settings
Show personalized ads, depending on your settings
If you choose to “Reject all,” we will not use cookies for these additional purposes.
Non-personalized content is influenced by things like the content you’re currently viewing, activity in your active Search session, and your location. Non-personalized ads are influenced by the content you’re currently viewing and your general location. Personalized content and ads can also include more relevant results, recommendations, and tailored ads based on past activity from this browser, like previous Google searches. We also use cookies and data to tailor the experience to be age-appropriate, if relevant.
Select “More options” to see additional information, including details about managing your privacy settings. You can also visit g.co/privacytools at any time.
Reject all
Accept all
More options
Privacy Policy
Terms of Service",https://news.google.com/rss/articles/CBMifkFVX3lxTE5PUnhJN2J2RExBT2VKbFY5TFRWYkRybnpTVWhSaTg0NWdZUFozMzVjckRFWVA2WXFTb25VZG1DNS11VkdQX3Roc1hmbzRXdDdiUmZNWU82elVWZF9pTTlONXQwYTRMZWtoWlFhX256ZnMwSFd1a1RfOHZHckhIdw?oc=5
2024-01-02,AAPL,Apple,Analyst Hits Sell Button On Apple Stock As 2024 Begins. Here's Why. - Investor's Business Daily,"EN
Sign in
Before you continue to Google
We use cookies and data to
Deliver and maintain Google services
Track outages and protect against spam, fraud, and abuse
Measure audience engagement and site statistics to understand how our services are used and enhance the quality of those services
If you choose to “Accept all,” we will also use cookies and data to
Develop and improve new services
Deliver and measure the effectiveness of ads
Show personalized content, depending on your settings
Show personalized ads, depending on your settings
If you choose to “Reject all,” we will not use cookies for these additional purposes.
Non-personalized content is influenced by things like the content you’re currently viewing, activity in your active Search session, and your location. Non-personalized ads are influenced by the content you’re currently viewing and your general location. Personalized content and ads can also include more relevant results, recommendations, and tailored ads based on past activity from this browser, like previous Google searches. We also use cookies and data to tailor the experience to be age-appropriate, if relevant.
Select “More options” to see additional information, including details about managing your privacy settings. You can also visit g.co/privacytools at any time.
Reject all
Accept all
More options
Privacy Policy
Terms of Service",https://news.google.com/rss/articles/CBMijAFBVV95cUxNaDlaUHZPbkt6YjdSdXl6MW9XZUlEWXlXVENHUl96MEpiLUVHbkRpU3BScUswNkpDVU1vVk5ESk81MXlmZGgtQ0dId3E3cVdtVjlJZk9VckVqcE51Uy1rQWF1RUczbG9HRUJ5RXpJM3VLNjA3dS10b21xdmR4clNqSmhtNDNjRi1GZk1ZWA?oc=5
2024-01-29,AAPL,Apple,Apple Stock (NASDAQ:AAPL): Vision Pro Is a Potential Silver Lining - Yahoo Finance,"EN
Sign in
Before you continue to Google
We use cookies and data to
Deliver and maintain Google services
Track outages and protect against spam, fraud, and abuse
Measure audience engagement and site statistics to understand how our services are used and enhance the quality of those services
If you choose to “Accept all,” we will also use cookies and data to
Develop and improve new services
Deliver and measure the effectiveness of ads
Show personalized content, depending on your settings
Show personalized ads, depending on your settings
If you choose to “Reject all,” we will not use cookies for these additional purposes.
Non-personalized content is influenced by things like the content you’re currently viewing, activity in your active Search session, and your location. Non-personalized ads are influenced by the content you’re currently viewing and your general location. Personalized content and ads can also include more relevant results, recommendations, and tailored ads based on past activity from this browser, like previous Google searches. We also use cookies and data to tailor the experience to be age-appropriate, if relevant.
Select “More options” to see additional information, including details about managing your privacy settings. You can also visit g.co/privacytools at any time.
Reject all
Accept all
More options
Privacy Policy
Terms of Service",https://news.google.com/rss/articles/CBMiggFBVV95cUxNVTFlZUJZTFc4QWNad0JVNXFWampfUHd1alVLUmYweUJsbGotMVhzRENFUnRrRTlvTTI3UU5XN1RyQTJhTW1adU14ZVBJYWtSN29wcnRTNV9ZcTh4RnozendJZW1uNFF1cU9LNGpWaWJ5TXN3Y1p0SW9MeTk4ZnM4dlRn?oc=5
2024-01-04,AAPL,Apple,Apple (AAPL) Stock: Should Investors Be Worried? - Nasdaq,"EN
Sign in
Before you continue to Google
We use cookies and data to
Deliver and maintain Google services
Track outages and protect against spam, fraud, and abuse
Measure audience engagement and site statistics to understand how our services are used and enhance the quality of those services
If you choose to “Accept all,” we will also use cookies and data to
Develop and improve new services
Deliver and measure the effectiveness of ads
Show personalized content, depending on your settings
Show personalized ads, depending on your settings
If you choose to “Reject all,” we will not use cookies for these additional purposes.
Non-personalized content is influenced by things like the content you’re currently viewing, activity in your active Search session, and your location. Non-personalized ads are influenced by the content you’re currently viewing and your general location. Personalized content and ads can also include more relevant results, recommendations, and tailored ads based on past activity from this browser, like previous Google searches. We also use cookies and data to tailor the experience to be age-appropriate, if relevant.
Select “More options” to see additional information, including details about managing your privacy settings. You can also visit g.co/privacytools at any time.
Reject all
Accept all
More options
Privacy Policy
Terms of Service",https://news.google.com/rss/articles/CBMiggFBVV95cUxOMDhlZGZjejFzUEhRb0wzYTBiSVl6dm5WWUtveksyMTJSOHlBVWFLb2labU9nVFkxbmVEVXNlTkpBWmhNTzlXSUY3TDQ2ZmVHbHVnQlVjTER6WHpPU1Ixb09Ock5BSVRfOEpGZ2RtLTI5MTZUYkxNeElWM0FlbkJNaTBn?oc=5
2024-01-21,AAPL,Apple,Better Stock to Buy in 2024: Apple vs. Costco - The Motley Fool,"EN
Sign in
Before you continue to Google
We use cookies and data to
Deliver and maintain Google services
Track outages and protect against spam, fraud, and abuse
Measure audience engagement and site statistics to understand how our services are used and enhance the quality of those services
If you choose to “Accept all,” we will also use cookies and data to
Develop and improve new services
Deliver and measure the effectiveness of ads
Show personalized content, depending on your settings
Show personalized ads, depending on your settings
If you choose to “Reject all,” we will not use cookies for these additional purposes.
Non-personalized content is influenced by things like the content you’re currently viewing, activity in your active Search session, and your location. Non-personalized ads are influenced by the content you’re currently viewing and your general location. Personalized content and ads can also include more relevant results, recommendations, and tailored ads based on past activity from this browser, like previous Google searches. We also use cookies and data to tailor the experience to be age-appropriate, if relevant.
Select “More options” to see additional information, including details about managing your privacy settings. You can also visit g.co/privacytools at any time.
Reject all
Accept all
More options
Privacy Policy
Terms of Service",https://news.google.com/rss/articles/CBMijwFBVV95cUxPbjRsc2FTV19VMXJVdkVpTE5QZ2ZRT3NFNlE2eGFZTC00MVpNLWlJdUg5YXBXQkIxalNUaG9ETEN5Zm5WUXVpczE4MmxtdzdtQ21jUFYyeTN4UHVlSWl5Qm5rZ2dGYUMtVnk3ZUlJZzgzZ1NIWC1aRDl3cUlRN2lmdjRpUjhkUGE4eHo4X1NBYw?oc=5
2024-01-08,AAPL,Apple,Apple Shares Climb After Vision Pro Launch Date Is Set for Feb. 2 - Investopedia,"EN
Sign in
Before you continue to Google
We use cookies and data to
Deliver and maintain Google services
Track outages and protect against spam, fraud, and abuse
Measure audience engagement and site statistics to understand how our services are used and enhance the quality of those services
If you choose to “Accept all,” we will also use cookies and data to
Develop and improve new services
Deliver and measure the effectiveness of ads
Show personalized content, depending on your settings
Show personalized ads, depending on your settings
If you choose to “Reject all,” we will not use cookies for these additional purposes.
Non-personalized content is influenced by things like the content you’re currently viewing, activity in your active Search session, and your location. Non-personalized ads are influenced by the content you’re currently viewing and your general location. Personalized content and ads can also include more relevant results, recommendations, and tailored ads based on past activity from this browser, like previous Google searches. We also use cookies and data to tailor the experience to be age-appropriate, if relevant.
Select “More options” to see additional information, including details about managing your privacy settings. You can also visit g.co/privacytools at any time.
Reject all
Accept all
More options
Privacy Policy
Terms of Service",https://news.google.com/rss/articles/CBMilwFBVV95cUxNTF9PWkE0VWZnemRJZF95cW9ndHhCWVFzeXdTVXBZUmJmblR4QVQwb2JiUm1BYUpUcDYwYXRlckZuZzZqMnRkNFFCY3pHS1UxZXJMLThmZkxiYUQ0cTlpbEt3WUhFQVRaUDR0UnRMcHh3YWlBQVdleHRtN0RRWHUtMk9CTGlKX1R6bDM0N3RlU3Z3bHhEUmE4?oc=5
2024-01-12,AAPL,Apple,Why Microsoft’s stock is a better investment than Apple’s - MarketWatch,"EN
Sign in
Before you continue to Google
We use cookies and data to
Deliver and maintain Google services
Track outages and protect against spam, fraud, and abuse
Measure audience engagement and site statistics to understand how our services are used and enhance the quality of those services
If you choose to “Accept all,” we will also use cookies and data to
Develop and improve new services
Deliver and measure the effectiveness of ads
Show personalized content, depending on your settings
Show personalized ads, depending on your settings
If you choose to “Reject all,” we will not use cookies for these additional purposes.
Non-personalized content is influenced by things like the content you’re currently viewing, activity in your active Search session, and your location. Non-personalized ads are influenced by the content you’re currently viewing and your general location. Personalized content and ads can also include more relevant results, recommendations, and tailored ads based on past activity from this browser, like previous Google searches. We also use cookies and data to tailor the experience to be age-appropriate, if relevant.
Select “More options” to see additional information, including details about managing your privacy settings. You can also visit g.co/privacytools at any time.
Reject all
Accept all
More options
Privacy Policy
Terms of Service",https://news.google.com/rss/articles/CBMingFBVV95cUxPMThQUW1hWHMzYU1EeEc4TzhNcDU4Vk1EMksyZUFaY0d2a1NySjBCaEZoQjg5Tkdha2FGUUV5aXA2dmttMnY0WGVTenpVUUE2Y1cxdXFvYWFLaHhFOEtmZUtZQU8tSWl3TWtQT1V2bkFFYXNZNXNabWxjbndvRy04NjJhVG4tVHBtTklJZGdtWVRrNnJ3eU9iRXBYSEtRQQ?oc=5
2024-01-02,AAPL,Apple,Apple hits seven-week low after Barclays downgrade on demand concerns - Reuters,"EN
Sign in
Before you continue to Google
We use cookies and data to
Deliver and maintain Google services
Track outages and protect against spam, fraud, and abuse
Measure audience engagement and site statistics to understand how our services are used and enhance the quality of those services
If you choose to “Accept all,” we will also use cookies and data to
Develop and improve new services
Deliver and measure the effectiveness of ads
Show personalized content, depending on your settings
Show personalized ads, depending on your settings
If you choose to “Reject all,” we will not use cookies for these additional purposes.
Non-personalized content is influenced by things like the content you’re currently viewing, activity in your active Search session, and your location. Non-personalized ads are influenced by the content you’re currently viewing and your general location. Personalized content and ads can also include more relevant results, recommendations, and tailored ads based on past activity from this browser, like previous Google searches. We also use cookies and data to tailor the experience to be age-appropriate, if relevant.
Select “More options” to see additional information, including details about managing your privacy settings. You can also visit g.co/privacytools at any time.
Reject all
Accept all
More options
Privacy Policy
Terms of Service",https://news.google.com/rss/articles/CBMikgFBVV95cUxOTC0tWThkaTVucVcxbFJjY3Y5Q1czNlBDTk5abzRMcjcyYW1ER2tfWGpEOFlLRmZLS3Bxb1JWamN0TXhDcWthdXVRczk4d2E3TkRIQUk4NkhCVVZmMnpqQkYxTk90aDZmcVNXcXFyVEEwOGpRMmVaY3BqYUpPdEtMU1BVMEVRdGZZUzQ2Q1M3TXRsZw?oc=5
2024-02-08,AAPL,Apple,"After Earnings, Is Apple’s Stock a Buy, a Sell, or Fairly Valued? - Morningstar","EN
Sign in
Before you continue to Google
We use cookies and data to
Deliver and maintain Google services
Track outages and protect against spam, fraud, and abuse
Measure audience engagement and site statistics to understand how our services are used and enhance the quality of those services
If you choose to “Accept all,” we will also use cookies and data to
Develop and improve new services
Deliver and measure the effectiveness of ads
Show personalized content, depending on your settings
Show personalized ads, depending on your settings
If you choose to “Reject all,” we will not use cookies for these additional purposes.
Non-personalized content is influenced by things like the content you’re currently viewing, activity in your active Search session, and your location. Non-personalized ads are influenced by the content you’re currently viewing and your general location. Personalized content and ads can also include more relevant results, recommendations, and tailored ads based on past activity from this browser, like previous Google searches. We also use cookies and data to tailor the experience to be age-appropriate, if relevant.
Select “More options” to see additional information, including details about managing your privacy settings. You can also visit g.co/privacytools at any time.
Reject all
Accept all
More options
Privacy Policy
Terms of Service",https://news.google.com/rss/articles/CBMilgFBVV95cUxPOWVDNmlJSmdMb2hZRzBNS0VIVjl5Nm9pbThYNWR2eVZqcjJLNUphc3Q0aXVUMzdvbjlFRDdURVd6dkp3X1dtNGNWNlZHR2N6cW5QVHNZRk1MU2hqNU14MUtORG1WRkpsTTlfbV9iTTlfT3JlT2ItUTFWNEw1Y0JtR1VmQ3BMOUJRMUV6aUJjMDA0RE4zaGc?oc=5
2024-02-15,AAPL,Apple,Warren Buffett’s Berkshire Hathaway sells off some Apple stock - CNN,"EN
Sign in
Before you continue to Google
We use cookies and data to
Deliver and maintain Google services
Track outages and protect against spam, fraud, and abuse
Measure audience engagement and site statistics to understand how our services are used and enhance the quality of those services
If you choose to “Accept all,” we will also use cookies and data to
Develop and improve new services
Deliver and measure the effectiveness of ads
Show personalized content, depending on your settings
Show personalized ads, depending on your settings
If you choose to “Reject all,” we will not use cookies for these additional purposes.
Non-personalized content is influenced by things like the content you’re currently viewing, activity in your active Search session, and your location. Non-personalized ads are influenced by the content you’re currently viewing and your general location. Personalized content and ads can also include more relevant results, recommendations, and tailored ads based on past activity from this browser, like previous Google searches. We also use cookies and data to tailor the experience to be age-appropriate, if relevant.
Select “More options” to see additional information, including details about managing your privacy settings. You can also visit g.co/privacytools at any time.
Reject all
Accept all
More options
Privacy Policy
Terms of Service",https://news.google.com/rss/articles/CBMingFBVV95cUxOMHJTY0t3UkNDNEhwMzhhZ3ZsdWxsZFdqdWg1SW5LSGtzaEIyMWs5aHNSS0tvSUJmMy1vZ0xvSnhWaU9xSTVDRXNHdTJyQkN0ak84MWdEQW9MOG9sUHc0a290X1JEbmlMYk1jbFVBX3FBT3NVdTJlVU1kSW9Jb1JqaF9NZ1B6ZmwxcVNKVUZ4Z3lydTE0QkZGUElQSS1qZ9IBlAFBVV95cUxQTHVOcHgzRWp3QngyZEhxNWFmeXcxcDctaVIzUS0zTnQ2a2NDUzRlTFlkd3JVbU5lY0szS0p2RTJ0dzNaaUg0ZnA4dmRwd3VpNHc1UnFRTVBqNkV0VmFtMDBteHFpYzAteE9MUC10VExjTXVtc1ZheG4xMVFYSWwtTDMtMVhNT2h2THJSSVBDMXZlNEJw?oc=5
2024-02-16,AAPL,Apple,"Warren Buffett, Berkshire Hathaway offload Apple stock – what are they buying now? - Insurance Business America","EN
Sign in
Before you continue to Google
We use cookies and data to
Deliver and maintain Google services
Track outages and protect against spam, fraud, and abuse
Measure audience engagement and site statistics to understand how our services are used and enhance the quality of those services
If you choose to “Accept all,” we will also use cookies and data to
Develop and improve new services
Deliver and measure the effectiveness of ads
Show personalized content, depending on your settings
Show personalized ads, depending on your settings
If you choose to “Reject all,” we will not use cookies for these additional purposes.
Non-personalized content is influenced by things like the content you’re currently viewing, activity in your active Search session, and your location. Non-personalized ads are influenced by the content you’re currently viewing and your general location. Personalized content and ads can also include more relevant results, recommendations, and tailored ads based on past activity from this browser, like previous Google searches. We also use cookies and data to tailor the experience to be age-appropriate, if relevant.
Select “More options” to see additional information, including details about managing your privacy settings. You can also visit g.co/privacytools at any time.
Reject all
Accept all
More options
Privacy Policy
Terms of Service",https://news.google.com/rss/articles/CBMi5AFBVV95cUxNNE1qX3k4bUJBNDF1ODRfRERRaVFILXhWRnU1b3hfTEF1aXlhUmYtT3FVZmVwZzhrNU5zdmxBdHRrbEI1MVBlX2hrTzNldnNZd05pY0N3d3BqMExqM3U2dXcwc0JBalo4MjgyQTlpSzFkUURHb3FUa0hBbWRaUkxpZzhiQkFKZGJ2THNjM1RtQWRtOXpqZnd2dk04U1VjekxHcWZVLWdFYklLNVNjNWZfWXpVRWdmS3RIcERWMWJyX1J5UkN5bHdxb21pUVJ2R2xQcDNRdmtDcGIteWhTczhBeG90bTE?oc=5
2024-02-02,AAPL,Apple,Here's How Much Apple Stock Gained in Each Year Since the iPhone Launched in 2007 - The Motley Fool,"EN
Sign in
Before you continue to Google
We use cookies and data to
Deliver and maintain Google services
Track outages and protect against spam, fraud, and abuse
Measure audience engagement and site statistics to understand how our services are used and enhance the quality of those services
If you choose to “Accept all,” we will also use cookies and data to
Develop and improve new services
Deliver and measure the effectiveness of ads
Show personalized content, depending on your settings
Show personalized ads, depending on your settings
If you choose to “Reject all,” we will not use cookies for these additional purposes.
Non-personalized content is influenced by things like the content you’re currently viewing, activity in your active Search session, and your location. Non-personalized ads are influenced by the content you’re currently viewing and your general location. Personalized content and ads can also include more relevant results, recommendations, and tailored ads based on past activity from this browser, like previous Google searches. We also use cookies and data to tailor the experience to be age-appropriate, if relevant.
Select “More options” to see additional information, including details about managing your privacy settings. You can also visit g.co/privacytools at any time.
Reject all
Accept all
More options
Privacy Policy
Terms of Service",https://news.google.com/rss/articles/CBMilgFBVV95cUxNRThrc2NkUS1JZEtlQmJKbXNhOFNCUFpuRE9VR3V5SDVoMVpJaThzV19OZTBhWHBCbjMwMUo1WXo0emRmXzlONXEyd0xacVl4blZQem11cVc0Z3N0S3o5Zlo2Wm5BLUgxdXdzWWJSUTVpeFZKbnBtazVqcU1WY2pvRFpkeVg5cDNxMzV6XzNMelZ4OTI2RHc?oc=5
2024-02-28,AAPL,Apple,Apple’s Dangerous Reliance on Stock Buybacks - Advisor Perspectives,"EN
Sign in
Before you continue to Google
We use cookies and data to
Deliver and maintain Google services
Track outages and protect against spam, fraud, and abuse
Measure audience engagement and site statistics to understand how our services are used and enhance the quality of those services
If you choose to “Accept all,” we will also use cookies and data to
Develop and improve new services
Deliver and measure the effectiveness of ads
Show personalized content, depending on your settings
Show personalized ads, depending on your settings
If you choose to “Reject all,” we will not use cookies for these additional purposes.
Non-personalized content is influenced by things like the content you’re currently viewing, activity in your active Search session, and your location. Non-personalized ads are influenced by the content you’re currently viewing and your general location. Personalized content and ads can also include more relevant results, recommendations, and tailored ads based on past activity from this browser, like previous Google searches. We also use cookies and data to tailor the experience to be age-appropriate, if relevant.
Select “More options” to see additional information, including details about managing your privacy settings. You can also visit g.co/privacytools at any time.
Reject all
Accept all
More options
Privacy Policy
Terms of Service",https://news.google.com/rss/articles/CBMijwFBVV95cUxPOEcwZXdSVlJOeDhRMHVQbV9NU1h6dWtrOTBsTl83UUJLVUFteUdwSWR1ZG5wSk1iUGprRzhkNkstS3Ewd25Vb2VpcV9ScjlKV2RZcTctdlJfemFIMDkteF9WWGItNFNXVkkwTGtReFBBanh6SENSTTZqOTA2alA4ZnNFZHlxV2IwLVgtV2NIYw?oc=5
2024-02-01,AAPL,Apple,This fund is shorting Apple — and just bet against another popular AI stock - MarketWatch,"EN
Sign in
Before you continue to Google
We use cookies and data to
Deliver and maintain Google services
Track outages and protect against spam, fraud, and abuse
Measure audience engagement and site statistics to understand how our services are used and enhance the quality of those services
If you choose to “Accept all,” we will also use cookies and data to
Develop and improve new services
Deliver and measure the effectiveness of ads
Show personalized content, depending on your settings
Show personalized ads, depending on your settings
If you choose to “Reject all,” we will not use cookies for these additional purposes.
Non-personalized content is influenced by things like the content you’re currently viewing, activity in your active Search session, and your location. Non-personalized ads are influenced by the content you’re currently viewing and your general location. Personalized content and ads can also include more relevant results, recommendations, and tailored ads based on past activity from this browser, like previous Google searches. We also use cookies and data to tailor the experience to be age-appropriate, if relevant.
Select “More options” to see additional information, including details about managing your privacy settings. You can also visit g.co/privacytools at any time.
Reject all
Accept all
More options
Privacy Policy
Terms of Service",https://news.google.com/rss/articles/CBMitwFBVV95cUxOc2FESG9DbnFsWHI2cjNWV0lKd3pIczdIclhTTWc0RkJLb2p3ODdoSW1VS0Vud3BTZ3hRQVkwU1hkcDF1RXVfbk15ZEt0TzgzYk1MTnpULUdXUHQ5S3oyZHRUek5lRkhrcUVad0c4aGFVU096T3BNamVaNUpXckZINjdQQU5fTHNyWUh4NlNzV1Y1S2Q4UDBYbW9CQkY3X00tOVRJdG9IQ0VqZVVac2p0MjNiSTNtT0U?oc=5
2024-03-01,AAPL,Apple,​​Apple Stock Stumbles on AI and iPhone Concerns​ - ig.com,"EN
Sign in
Before you continue to Google
We use cookies and data to
Deliver and maintain Google services
Track outages and protect against spam, fraud, and abuse
Measure audience engagement and site statistics to understand how our services are used and enhance the quality of those services
If you choose to “Accept all,” we will also use cookies and data to
Develop and improve new services
Deliver and measure the effectiveness of ads
Show personalized content, depending on your settings
Show personalized ads, depending on your settings
If you choose to “Reject all,” we will not use cookies for these additional purposes.
Non-personalized content is influenced by things like the content you’re currently viewing, activity in your active Search session, and your location. Non-personalized ads are influenced by the content you’re currently viewing and your general location. Personalized content and ads can also include more relevant results, recommendations, and tailored ads based on past activity from this browser, like previous Google searches. We also use cookies and data to tailor the experience to be age-appropriate, if relevant.
Select “More options” to see additional information, including details about managing your privacy settings. You can also visit g.co/privacytools at any time.
Reject all
Accept all
More options
Privacy Policy
Terms of Service",https://news.google.com/rss/articles/CBMioAFBVV95cUxNM00zdzBibC15WVVBM19aV1Q5ejVid2lHU05IMWdxZ3hnRzJ5aFBFaTFaZDlkODZOUkZsSXNrWHFZYXV2NWhpTk94MUMzYW1GaGdsRTRGcG1xcUVUTndlUl9wMzVVNnl6UGIxN19kRE5ualZGbllhd1ZOeEhYd2llRVVOdTFmX1FwRGpfSTRLTlgzaEx2Q0xaekltTFZHQ3Y1?oc=5
2024-02-16,AAPL,Apple,Warren Buffett Sold 10 Million Apple Shares. Is It Time to Sell? - TheStreet,"EN
Sign in
Before you continue to Google
We use cookies and data to
Deliver and maintain Google services
Track outages and protect against spam, fraud, and abuse
Measure audience engagement and site statistics to understand how our services are used and enhance the quality of those services
If you choose to “Accept all,” we will also use cookies and data to
Develop and improve new services
Deliver and measure the effectiveness of ads
Show personalized content, depending on your settings
Show personalized ads, depending on your settings
If you choose to “Reject all,” we will not use cookies for these additional purposes.
Non-personalized content is influenced by things like the content you’re currently viewing, activity in your active Search session, and your location. Non-personalized ads are influenced by the content you’re currently viewing and your general location. Personalized content and ads can also include more relevant results, recommendations, and tailored ads based on past activity from this browser, like previous Google searches. We also use cookies and data to tailor the experience to be age-appropriate, if relevant.
Select “More options” to see additional information, including details about managing your privacy settings. You can also visit g.co/privacytools at any time.
Reject all
Accept all
More options
Privacy Policy
Terms of Service",https://news.google.com/rss/articles/CBMioAFBVV95cUxNT01LV3I5Rl9lTzh3Y0JRa2dxelh6UWh6NWtnbG9saUtvUFBuYi01SXpsSlJQVWQ2RnctVG90QWVmV0FVMnBaSFlwM3I1NnhqcjBIcTAtVnhEeFkwcVJUeFVrY3RfUVhnRWFoVVVDSFhpSTR0MmJkT3JsLWNwOW5EeVhQWmtSSmVuQl9kVm1EY3NXLWJhbzhDdzJXQ3BLa2c0?oc=5
2024-02-04,AAPL,Apple,Here's why Apple stock is still worth holding despite Wall Street's shortsightedness - CNBC,"EN
Sign in
Before you continue to Google
We use cookies and data to
Deliver and maintain Google services
Track outages and protect against spam, fraud, and abuse
Measure audience engagement and site statistics to understand how our services are used and enhance the quality of those services
If you choose to “Accept all,” we will also use cookies and data to
Develop and improve new services
Deliver and measure the effectiveness of ads
Show personalized content, depending on your settings
Show personalized ads, depending on your settings
If you choose to “Reject all,” we will not use cookies for these additional purposes.
Non-personalized content is influenced by things like the content you’re currently viewing, activity in your active Search session, and your location. Non-personalized ads are influenced by the content you’re currently viewing and your general location. Personalized content and ads can also include more relevant results, recommendations, and tailored ads based on past activity from this browser, like previous Google searches. We also use cookies and data to tailor the experience to be age-appropriate, if relevant.
Select “More options” to see additional information, including details about managing your privacy settings. You can also visit g.co/privacytools at any time.
Reject all
Accept all
More options
Privacy Policy
Terms of Service",https://news.google.com/rss/articles/CBMisAFBVV95cUxQalM3ZGJ4UHRCTkFDMXlUU2RudWZTMC1CMEFxdnpjUkVwdDVqdk5mUFlvaTZ3dFE5RTVpTjN3dWs1eDE3b3FFRzdndldhN2JUaE9oMHltN3owSlpON3ZlR243OHlacE45Q2FUVDBiaFJwQXhJenRUdDJSLTluZ29FYkNpVVZlUGlBVnRLWmlYczc0RmVtT1MzWUJWM2h0R0NXUE53eEx4S094MS1rdGF4OQ?oc=5
2024-02-02,AAPL,Apple,"Apple, Amazon, and Facebook-Parent Meta Earnings Are Out - Barron's","EN
Sign in
Before you continue to Google
We use cookies and data to
Deliver and maintain Google services
Track outages and protect against spam, fraud, and abuse
Measure audience engagement and site statistics to understand how our services are used and enhance the quality of those services
If you choose to “Accept all,” we will also use cookies and data to
Develop and improve new services
Deliver and measure the effectiveness of ads
Show personalized content, depending on your settings
Show personalized ads, depending on your settings
If you choose to “Reject all,” we will not use cookies for these additional purposes.
Non-personalized content is influenced by things like the content you’re currently viewing, activity in your active Search session, and your location. Non-personalized ads are influenced by the content you’re currently viewing and your general location. Personalized content and ads can also include more relevant results, recommendations, and tailored ads based on past activity from this browser, like previous Google searches. We also use cookies and data to tailor the experience to be age-appropriate, if relevant.
Select “More options” to see additional information, including details about managing your privacy settings. You can also visit g.co/privacytools at any time.
Reject all
Accept all
More options
Privacy Policy
Terms of Service",https://news.google.com/rss/articles/CBMilAFBVV95cUxOLVktS0lpSzFpOTlxeXJybjhLVzEzUHNOX2I5OWp6YTR5cVZBUS13QXNCY3dIN0RKY1Rkd0dJZnA2OUVqc2lQakRESzZzbklDLVl6cmxYLVR1R0ZyR191eEVrYmNMNldHMkNNYXVWMDFUTVprSzFLNkpJWGFLTGtqOXVYWjhlZnZfODZGRk9DUk9BUG1V?oc=5
2024-02-28,AAPL,Apple,Apple Stock Is Up After Reportedly Ending $10 Billion EV Project - Forbes,"EN
Sign in
Before you continue to Google
We use cookies and data to
Deliver and maintain Google services
Track outages and protect against spam, fraud, and abuse
Measure audience engagement and site statistics to understand how our services are used and enhance the quality of those services
If you choose to “Accept all,” we will also use cookies and data to
Develop and improve new services
Deliver and measure the effectiveness of ads
Show personalized content, depending on your settings
Show personalized ads, depending on your settings
If you choose to “Reject all,” we will not use cookies for these additional purposes.
Non-personalized content is influenced by things like the content you’re currently viewing, activity in your active Search session, and your location. Non-personalized ads are influenced by the content you’re currently viewing and your general location. Personalized content and ads can also include more relevant results, recommendations, and tailored ads based on past activity from this browser, like previous Google searches. We also use cookies and data to tailor the experience to be age-appropriate, if relevant.
Select “More options” to see additional information, including details about managing your privacy settings. You can also visit g.co/privacytools at any time.
Reject all
Accept all
More options
Privacy Policy
Terms of Service",https://news.google.com/rss/articles/CBMitwFBVV95cUxNdjVfbHNySS1jcDB1Q2dLVmd4c040WUo3YnY3cHFxa3FsSHRCWFhGUTYxTEF4RGNOUDdqbEd0UlVmbzFIZU9pa0dpRUU3ckM2bnBCUld6NVM2cmV6ejZ4WllRWi03TnpxU0luRGxsejcwQjZyMDkxTGtPOUxwWDZLaTVqS3gxZjNtVHNZRnZVbFVwSkwzNWpYd3J6VUZacVVCTlNrdWpBbVYtSGFOOXpNUDBkamkwZm8?oc=5
2024-02-14,AAPL,Apple,Warren Buffett’s Berkshire Hathaway pares its stake in Apple - Financial Times,"EN
Sign in
Before you continue to Google
We use cookies and data to
Deliver and maintain Google services
Track outages and protect against spam, fraud, and abuse
Measure audience engagement and site statistics to understand how our services are used and enhance the quality of those services
If you choose to “Accept all,” we will also use cookies and data to
Develop and improve new services
Deliver and measure the effectiveness of ads
Show personalized content, depending on your settings
Show personalized ads, depending on your settings
If you choose to “Reject all,” we will not use cookies for these additional purposes.
Non-personalized content is influenced by things like the content you’re currently viewing, activity in your active Search session, and your location. Non-personalized ads are influenced by the content you’re currently viewing and your general location. Personalized content and ads can also include more relevant results, recommendations, and tailored ads based on past activity from this browser, like previous Google searches. We also use cookies and data to tailor the experience to be age-appropriate, if relevant.
Select “More options” to see additional information, including details about managing your privacy settings. You can also visit g.co/privacytools at any time.
Reject all
Accept all
More options
Privacy Policy
Terms of Service",https://news.google.com/rss/articles/CBMicEFVX3lxTE9ON0FyU2RjUF9FX242THREcFNTTWFpOVRzWW1aUkx0My1qWXkzSW04YjVZaXJWRGE1X0RVbFJBa2VURkswSDEycGlQNjlQbjJVb0ppODhLRWtIeHplX2ZZeU4xbnVHOFIydl9Nd19vVHk?oc=5
2024-02-13,AAPL,Apple,11 Stocks That May Be Splitting Soon - Yahoo Finance,"EN
Sign in
Before you continue to Google
We use cookies and data to
Deliver and maintain Google services
Track outages and protect against spam, fraud, and abuse
Measure audience engagement and site statistics to understand how our services are used and enhance the quality of those services
If you choose to “Accept all,” we will also use cookies and data to
Develop and improve new services
Deliver and measure the effectiveness of ads
Show personalized content, depending on your settings
Show personalized ads, depending on your settings
If you choose to “Reject all,” we will not use cookies for these additional purposes.
Non-personalized content is influenced by things like the content you’re currently viewing, activity in your active Search session, and your location. Non-personalized ads are influenced by the content you’re currently viewing and your general location. Personalized content and ads can also include more relevant results, recommendations, and tailored ads based on past activity from this browser, like previous Google searches. We also use cookies and data to tailor the experience to be age-appropriate, if relevant.
Select “More options” to see additional information, including details about managing your privacy settings. You can also visit g.co/privacytools at any time.
Reject all
Accept all
More options
Privacy Policy
Terms of Service",https://news.google.com/rss/articles/CBMif0FVX3lxTE1ERGx2d2ZLcFlMS3ZwNEl1aV9jMk9ZNjJzYzZ3MHZOa3JaN2JFelFOQ2ttR21yLVVBa3FoakMzT0xET1dQMzVDckVkNmZmTGRTR3NydUpZRUtQS0JoNlBOU2tJYjdtV0NEZ1NRXzRPU3VsWXIyY3Z3aEgwakl6aGc?oc=5
2024-02-17,AAPL,Apple,Warren Buffett Sold Nearly $2 Billion Worth of Apple Last Quarter. Here's Why. - The Motley Fool,"EN
Sign in
Before you continue to Google
We use cookies and data to
Deliver and maintain Google services
Track outages and protect against spam, fraud, and abuse
Measure audience engagement and site statistics to understand how our services are used and enhance the quality of those services
If you choose to “Accept all,” we will also use cookies and data to
Develop and improve new services
Deliver and measure the effectiveness of ads
Show personalized content, depending on your settings
Show personalized ads, depending on your settings
If you choose to “Reject all,” we will not use cookies for these additional purposes.
Non-personalized content is influenced by things like the content you’re currently viewing, activity in your active Search session, and your location. Non-personalized ads are influenced by the content you’re currently viewing and your general location. Personalized content and ads can also include more relevant results, recommendations, and tailored ads based on past activity from this browser, like previous Google searches. We also use cookies and data to tailor the experience to be age-appropriate, if relevant.
Select “More options” to see additional information, including details about managing your privacy settings. You can also visit g.co/privacytools at any time.
Reject all
Accept all
More options
Privacy Policy
Terms of Service",https://news.google.com/rss/articles/CBMijwFBVV95cUxNNHo1RnNZbkUteE04S3FMczRNOGhUVkl4eTBsc0FpQnZWa3hiaUdGNW5USklvTXJldGNPVFVCeUY2NzM1WUJKTVdxU1RHNTBsaUl3Y3dUVW5VS1pVTXYtdHd4WjFBOGJ6UFdEWVUtand3aW83R3dWV0JTckZQS2ZGcS1qRHR4Umd5ZTZxQndmcw?oc=5
2024-02-01,AAPL,Apple,Apple’s stock falls as its return to growth could prove short-lived - MarketWatch,"EN
Sign in
Before you continue to Google
We use cookies and data to
Deliver and maintain Google services
Track outages and protect against spam, fraud, and abuse
Measure audience engagement and site statistics to understand how our services are used and enhance the quality of those services
If you choose to “Accept all,” we will also use cookies and data to
Develop and improve new services
Deliver and measure the effectiveness of ads
Show personalized content, depending on your settings
Show personalized ads, depending on your settings
If you choose to “Reject all,” we will not use cookies for these additional purposes.
Non-personalized content is influenced by things like the content you’re currently viewing, activity in your active Search session, and your location. Non-personalized ads are influenced by the content you’re currently viewing and your general location. Personalized content and ads can also include more relevant results, recommendations, and tailored ads based on past activity from this browser, like previous Google searches. We also use cookies and data to tailor the experience to be age-appropriate, if relevant.
Select “More options” to see additional information, including details about managing your privacy settings. You can also visit g.co/privacytools at any time.
Reject all
Accept all
More options
Privacy Policy
Terms of Service",https://news.google.com/rss/articles/CBMirwFBVV95cUxPWE1rb05uTlpmYVJuYVA0SmVWWU9rcWw2aGVnSXBuZHZkanllZXFVNGFUNW9mUDRIaHU1dkVpT3BGUTRmSU1jeC1ETHhRM2wtTHRrdmlnMFEzMHZ4cWRmdVZQNER2MFdRcVAtOVVGUWc1eVdhRWRUNUtlZWxZc3hsQnFLQ01wOVVoWDFLS1lPZDl4Tl9rY1RKc1h0Z25COERScEF4WkFMeW1JNEpEa3J3?oc=5
2024-02-29,AAPL,Apple,Apple Stock Is No Longer the Most Important on the Market. Nvidia Stock Is - TheStreet,"EN
Sign in
Before you continue to Google
We use cookies and data to
Deliver and maintain Google services
Track outages and protect against spam, fraud, and abuse
Measure audience engagement and site statistics to understand how our services are used and enhance the quality of those services
If you choose to “Accept all,” we will also use cookies and data to
Develop and improve new services
Deliver and measure the effectiveness of ads
Show personalized content, depending on your settings
Show personalized ads, depending on your settings
If you choose to “Reject all,” we will not use cookies for these additional purposes.
Non-personalized content is influenced by things like the content you’re currently viewing, activity in your active Search session, and your location. Non-personalized ads are influenced by the content you’re currently viewing and your general location. Personalized content and ads can also include more relevant results, recommendations, and tailored ads based on past activity from this browser, like previous Google searches. We also use cookies and data to tailor the experience to be age-appropriate, if relevant.
Select “More options” to see additional information, including details about managing your privacy settings. You can also visit g.co/privacytools at any time.
Reject all
Accept all
More options
Privacy Policy
Terms of Service",https://news.google.com/rss/articles/CBMisAFBVV95cUxQM3h0UV81VmlJM3pTVlV6ZkFCcTJIdzNfV2NZYUVnWHF6aTY4bkhpLVplUm91Z09FNzY3bnQtY2IzQThRbzlsVlY3MjdTQms3ck9iMlFPaEJaVUhzUjVGNVk1UEk2dWMzS1VteFdTZHVfLU1OelR1eW0wMFJZdmx1VUpDaGd2czBuSmNPTVNGT20tOWZkZHh4ZHdyaHJfbERjTzdMQ2ZybVg5UXNMcXZOSQ?oc=5
2024-02-01,AAPL,Apple,Apple stock falls after company gives outlook suggesting weak iPhone sales - CNBC,"EN
Sign in
Before you continue to Google
We use cookies and data to
Deliver and maintain Google services
Track outages and protect against spam, fraud, and abuse
Measure audience engagement and site statistics to understand how our services are used and enhance the quality of those services
If you choose to “Accept all,” we will also use cookies and data to
Develop and improve new services
Deliver and measure the effectiveness of ads
Show personalized content, depending on your settings
Show personalized ads, depending on your settings
If you choose to “Reject all,” we will not use cookies for these additional purposes.
Non-personalized content is influenced by things like the content you’re currently viewing, activity in your active Search session, and your location. Non-personalized ads are influenced by the content you’re currently viewing and your general location. Personalized content and ads can also include more relevant results, recommendations, and tailored ads based on past activity from this browser, like previous Google searches. We also use cookies and data to tailor the experience to be age-appropriate, if relevant.
Select “More options” to see additional information, including details about managing your privacy settings. You can also visit g.co/privacytools at any time.
Reject all
Accept all
More options
Privacy Policy
Terms of Service",https://news.google.com/rss/articles/CBMie0FVX3lxTE1BMzNMTGRMQXF6M0pwVlFfMk9uUUxiSkdZZV9WbWtENmRaM1BCejNOTElkUFdSSy10cjFKRzN2em1nR3I2OE9mckVoMEEtdXItVHUtcmFzR1RCdndxN0R4YmFWSjJSenNRSU9odDVEbXF0eHlGeUxEVjNhUdIBgAFBVV95cUxNSFY0bGFXNTBtdjVMckxCOWU4U0VHVjVwQ3VJV293c0JOYlVjRk9OYnJLZ3RhaFBYMkJEb2VMaTdncVB3YWNvMFVvejJCV29FY1Q2V2xqM0xXTDI0dW1TQ2plZHF5V2Z0TWRoX05LeDI3eUJ3Y015Z1l6bTg2cmdRUQ?oc=5
2024-02-16,AAPL,Apple,"If You Invested $1,000 in Apple When It First Reinitiated Its Dividend, This Is How Much You'd Have Now - The Motley Fool","EN
Sign in
Before you continue to Google
We use cookies and data to
Deliver and maintain Google services
Track outages and protect against spam, fraud, and abuse
Measure audience engagement and site statistics to understand how our services are used and enhance the quality of those services
If you choose to “Accept all,” we will also use cookies and data to
Develop and improve new services
Deliver and measure the effectiveness of ads
Show personalized content, depending on your settings
Show personalized ads, depending on your settings
If you choose to “Reject all,” we will not use cookies for these additional purposes.
Non-personalized content is influenced by things like the content you’re currently viewing, activity in your active Search session, and your location. Non-personalized ads are influenced by the content you’re currently viewing and your general location. Personalized content and ads can also include more relevant results, recommendations, and tailored ads based on past activity from this browser, like previous Google searches. We also use cookies and data to tailor the experience to be age-appropriate, if relevant.
Select “More options” to see additional information, including details about managing your privacy settings. You can also visit g.co/privacytools at any time.
Reject all
Accept all
More options
Privacy Policy
Terms of Service",https://news.google.com/rss/articles/CBMiigFBVV95cUxOdjRVaUx6bFNZQ0xVWjdrU1U3OTZoeUxMdXd0LTBobHhoQk1aNlZ1SzNwNjBDYUducW1MMmtvUFhBT2J1RjRxY3NXVUpPZWdFQTJuQTMtamhfLXhNT2J3eDlKZVVYSDF3WXRYOXlEb0NiWWVhdzFTbi1BR1pXT1dhZzB4dVVXUHZlZnc?oc=5
2024-02-09,AAPL,Apple,How the Vision Pro Could Propel Apple Stock to New Heights - TheStreet,"EN
Sign in
Before you continue to Google
We use cookies and data to
Deliver and maintain Google services
Track outages and protect against spam, fraud, and abuse
Measure audience engagement and site statistics to understand how our services are used and enhance the quality of those services
If you choose to “Accept all,” we will also use cookies and data to
Develop and improve new services
Deliver and measure the effectiveness of ads
Show personalized content, depending on your settings
Show personalized ads, depending on your settings
If you choose to “Reject all,” we will not use cookies for these additional purposes.
Non-personalized content is influenced by things like the content you’re currently viewing, activity in your active Search session, and your location. Non-personalized ads are influenced by the content you’re currently viewing and your general location. Personalized content and ads can also include more relevant results, recommendations, and tailored ads based on past activity from this browser, like previous Google searches. We also use cookies and data to tailor the experience to be age-appropriate, if relevant.
Select “More options” to see additional information, including details about managing your privacy settings. You can also visit g.co/privacytools at any time.
Reject all
Accept all
More options
Privacy Policy
Terms of Service",https://news.google.com/rss/articles/CBMiqAFBVV95cUxNRGs0b29Tc3hZQWxULVVuOGtROG8zNWJfMmZBNDViV3JzLXBNb1Q5Smp4VUczeDVoUVc0cFZaWGhBNDFtN2RUSXdpcHE1WmhIcGNkS3NWdzc0OFRtUzM3SVVhZE51SXV3Z2tZV3hFRlU4N00xRzFJZlRBOEtwaUxfVXZxRl96ajVmcHM0bTdvYkRrUG9GMFh6SmJaWGNfTnk4dDFZYjVPYjk?oc=5
2024-02-13,AAPL,Apple,"If You Invested $10,000 in Apple When Tim Cook Became CEO, This Is How Much You'd Have Today - The Motley Fool","EN
Sign in
Before you continue to Google
We use cookies and data to
Deliver and maintain Google services
Track outages and protect against spam, fraud, and abuse
Measure audience engagement and site statistics to understand how our services are used and enhance the quality of those services
If you choose to “Accept all,” we will also use cookies and data to
Develop and improve new services
Deliver and measure the effectiveness of ads
Show personalized content, depending on your settings
Show personalized ads, depending on your settings
If you choose to “Reject all,” we will not use cookies for these additional purposes.
Non-personalized content is influenced by things like the content you’re currently viewing, activity in your active Search session, and your location. Non-personalized ads are influenced by the content you’re currently viewing and your general location. Personalized content and ads can also include more relevant results, recommendations, and tailored ads based on past activity from this browser, like previous Google searches. We also use cookies and data to tailor the experience to be age-appropriate, if relevant.
Select “More options” to see additional information, including details about managing your privacy settings. You can also visit g.co/privacytools at any time.
Reject all
Accept all
More options
Privacy Policy
Terms of Service",https://news.google.com/rss/articles/CBMimAFBVV95cUxNR2UyMmN6ME1uQVJYWDBwTmIyMk5sRjZXOXNFU3FaeUJ1cHMwUFNEaC10RzRQZGhIQlFRR1RSXy14U2tkbXA5Z1JWdGN3RGdBNzJKdl9DR3FiU3RCUGtVZWdqck1ZTW1fZG12XzBXS3VGVDZYVmFlcDZqZVBjQkdIOGlqS2pUeGVlRzMxOEoyUXZIY1Z6UU16bg?oc=5
2024-03-21,AAPL,Apple,Apple Stock Drops As Justice Department Sues iPhone Maker - Investor's Business Daily,"EN
Sign in
Before you continue to Google
We use cookies and data to
Deliver and maintain Google services
Track outages and protect against spam, fraud, and abuse
Measure audience engagement and site statistics to understand how our services are used and enhance the quality of those services
If you choose to “Accept all,” we will also use cookies and data to
Develop and improve new services
Deliver and measure the effectiveness of ads
Show personalized content, depending on your settings
Show personalized ads, depending on your settings
If you choose to “Reject all,” we will not use cookies for these additional purposes.
Non-personalized content is influenced by things like the content you’re currently viewing, activity in your active Search session, and your location. Non-personalized ads are influenced by the content you’re currently viewing and your general location. Personalized content and ads can also include more relevant results, recommendations, and tailored ads based on past activity from this browser, like previous Google searches. We also use cookies and data to tailor the experience to be age-appropriate, if relevant.
Select “More options” to see additional information, including details about managing your privacy settings. You can also visit g.co/privacytools at any time.
Reject all
Accept all
More options
Privacy Policy
Terms of Service",https://news.google.com/rss/articles/CBMilgFBVV95cUxNdm1Ic20wQzZkX0UwMEh0bWktc2VpM1dpbmZkRGhHOUFzRWFnU1RLVVZhdnRRRnI5SE1qN2ZiZXlSZDYzN1V4ak1qUG9EVGVwYURRNEljd1VPRU5MY2cwV1ZKOTJIRXpWaGhFczlyME93NHdlYWxEeEhFOVN5bDNJY1QtWmkzSF81d05zQ2d3emVIM2pYYVE?oc=5
2024-03-06,AAPL,Apple,Apple Stock Price Falls for 6th Straight Day. What’s Next? - Barron's,"EN
Sign in
Before you continue to Google
We use cookies and data to
Deliver and maintain Google services
Track outages and protect against spam, fraud, and abuse
Measure audience engagement and site statistics to understand how our services are used and enhance the quality of those services
If you choose to “Accept all,” we will also use cookies and data to
Develop and improve new services
Deliver and measure the effectiveness of ads
Show personalized content, depending on your settings
Show personalized ads, depending on your settings
If you choose to “Reject all,” we will not use cookies for these additional purposes.
Non-personalized content is influenced by things like the content you’re currently viewing, activity in your active Search session, and your location. Non-personalized ads are influenced by the content you’re currently viewing and your general location. Personalized content and ads can also include more relevant results, recommendations, and tailored ads based on past activity from this browser, like previous Google searches. We also use cookies and data to tailor the experience to be age-appropriate, if relevant.
Select “More options” to see additional information, including details about managing your privacy settings. You can also visit g.co/privacytools at any time.
Reject all
Accept all
More options
Privacy Policy
Terms of Service",https://news.google.com/rss/articles/CBMid0FVX3lxTFBpMXJzTW1kSktERDdEY3hKMUR6YXpmUks2cXd3M3JoUEo4R2dabjNUbTVxZmJ5WGJmOGNpT3lWem4wZ0VpeEpDWE9ZMHpLdmJRNnFUTDIxRzk3WmpGSmtLMk03SGRvTzZfNm10c2EwUllhbHNvV2tZ?oc=5
2024-03-14,AAPL,Apple,What If You Had Invested In Apple Stock Instead of Buying the First iPhone? - Yahoo Finance,"EN
Sign in
Before you continue to Google
We use cookies and data to
Deliver and maintain Google services
Track outages and protect against spam, fraud, and abuse
Measure audience engagement and site statistics to understand how our services are used and enhance the quality of those services
If you choose to “Accept all,” we will also use cookies and data to
Develop and improve new services
Deliver and measure the effectiveness of ads
Show personalized content, depending on your settings
Show personalized ads, depending on your settings
If you choose to “Reject all,” we will not use cookies for these additional purposes.
Non-personalized content is influenced by things like the content you’re currently viewing, activity in your active Search session, and your location. Non-personalized ads are influenced by the content you’re currently viewing and your general location. Personalized content and ads can also include more relevant results, recommendations, and tailored ads based on past activity from this browser, like previous Google searches. We also use cookies and data to tailor the experience to be age-appropriate, if relevant.
Select “More options” to see additional information, including details about managing your privacy settings. You can also visit g.co/privacytools at any time.
Reject all
Accept all
More options
Privacy Policy
Terms of Service",https://news.google.com/rss/articles/CBMihAFBVV95cUxQRGNHZzhnbnZsRzZPaFU1dG9Ld1prTVotOEM5Y2hqcUVyZ1ZlNHRxQ29JY1czaVlLWGlOaHdLT1ZSSndidkhMM2thbXBCT19UODdsV1Fzbmd5LWE4NGI3czlJYXc0VmxBM1NiaHR1Yjc5UTZ5Q3FibFotbzA5MTF5Yy11Z28?oc=5
2024-03-13,AAPL,Apple,Will Apple Stock Rebound and Go Back Up Amid the AI Pivot? - Nasdaq,"EN
Sign in
Before you continue to Google
We use cookies and data to
Deliver and maintain Google services
Track outages and protect against spam, fraud, and abuse
Measure audience engagement and site statistics to understand how our services are used and enhance the quality of those services
If you choose to “Accept all,” we will also use cookies and data to
Develop and improve new services
Deliver and measure the effectiveness of ads
Show personalized content, depending on your settings
Show personalized ads, depending on your settings
If you choose to “Reject all,” we will not use cookies for these additional purposes.
Non-personalized content is influenced by things like the content you’re currently viewing, activity in your active Search session, and your location. Non-personalized ads are influenced by the content you’re currently viewing and your general location. Personalized content and ads can also include more relevant results, recommendations, and tailored ads based on past activity from this browser, like previous Google searches. We also use cookies and data to tailor the experience to be age-appropriate, if relevant.
Select “More options” to see additional information, including details about managing your privacy settings. You can also visit g.co/privacytools at any time.
Reject all
Accept all
More options
Privacy Policy
Terms of Service",https://news.google.com/rss/articles/CBMikwFBVV95cUxPQndSVG82dERrN295N004SzhnZG93Mlp6U1BESnRHTEhjc3RYM3BTRWxxWFEzWkRlYVBFOHE4VW5CLUFBOUV3N25MbF9ENlUyWmxRQXduX3Y5Ylh5RHdjdVRnQWhQaVVySk1qVnJWTnJYN2hOb2RaNzdZeXAyc0hzRXZVVU1tRmVqWkxvSlNWcUQteDA?oc=5
2024-03-05,AAPL,Apple,Apple Shares Are Tanking. Here Are Levels Traders Are Watching - Bloomberg,"EN
Sign in
Before you continue to Google
We use cookies and data to
Deliver and maintain Google services
Track outages and protect against spam, fraud, and abuse
Measure audience engagement and site statistics to understand how our services are used and enhance the quality of those services
If you choose to “Accept all,” we will also use cookies and data to
Develop and improve new services
Deliver and measure the effectiveness of ads
Show personalized content, depending on your settings
Show personalized ads, depending on your settings
If you choose to “Reject all,” we will not use cookies for these additional purposes.
Non-personalized content is influenced by things like the content you’re currently viewing, activity in your active Search session, and your location. Non-personalized ads are influenced by the content you’re currently viewing and your general location. Personalized content and ads can also include more relevant results, recommendations, and tailored ads based on past activity from this browser, like previous Google searches. We also use cookies and data to tailor the experience to be age-appropriate, if relevant.
Select “More options” to see additional information, including details about managing your privacy settings. You can also visit g.co/privacytools at any time.
Reject all
Accept all
More options
Privacy Policy
Terms of Service",https://news.google.com/rss/articles/CBMisgFBVV95cUxPcGlQY2NST1EyQUM3S0xCeEhWakVvdmFRdkNqWVJMVFZoSUlBbTJkUnhMaDZDLTVNeG9QSF96WkxCbjNmaFdEbWFmQjhVVjdsenAzaGszVWVMWXNOTDdiOTREUDRHYldJQkp2VkQtUWxWOFN5blFMVnIzUWdJWXVuSnhXcnJaSmdMSXZFRUlmc2hqUDdNWVlpM3VhdGlFSDdPX3RMdnkza2JLR3JsWXBUZXln?oc=5
2024-03-21,AAPL,Apple,"Markets News, March 21, 2024: Indexes Notch Records; Apple Slumps While Reddit Jumps in Debut - Investopedia","EN
Sign in
Before you continue to Google
We use cookies and data to
Deliver and maintain Google services
Track outages and protect against spam, fraud, and abuse
Measure audience engagement and site statistics to understand how our services are used and enhance the quality of those services
If you choose to “Accept all,” we will also use cookies and data to
Develop and improve new services
Deliver and measure the effectiveness of ads
Show personalized content, depending on your settings
Show personalized ads, depending on your settings
If you choose to “Reject all,” we will not use cookies for these additional purposes.
Non-personalized content is influenced by things like the content you’re currently viewing, activity in your active Search session, and your location. Non-personalized ads are influenced by the content you’re currently viewing and your general location. Personalized content and ads can also include more relevant results, recommendations, and tailored ads based on past activity from this browser, like previous Google searches. We also use cookies and data to tailor the experience to be age-appropriate, if relevant.
Select “More options” to see additional information, including details about managing your privacy settings. You can also visit g.co/privacytools at any time.
Reject all
Accept all
More options
Privacy Policy
Terms of Service",https://news.google.com/rss/articles/CBMibkFVX3lxTE93X1VUTmVaaWEyamlmaUEyaF9iQkV1a2MtRUlOZWVpdFIwaWNMbDVjUlhNSmh0MDB5dDBwd0N3RC10QV9UX3NSVGtBQzdicGxtUGdTYkZrbjgyRXRTN3piZzYwd1pKazVEQ2o0eXdn?oc=5
2024-03-18,AAPL,Apple,"Apple Stock Stuck In Neutral? Analyst Says Sales Inch Up, But Growth Concerns Linger - markets.businessinsider.com","EN
Sign in
Before you continue to Google
We use cookies and data to
Deliver and maintain Google services
Track outages and protect against spam, fraud, and abuse
Measure audience engagement and site statistics to understand how our services are used and enhance the quality of those services
If you choose to “Accept all,” we will also use cookies and data to
Develop and improve new services
Deliver and measure the effectiveness of ads
Show personalized content, depending on your settings
Show personalized ads, depending on your settings
If you choose to “Reject all,” we will not use cookies for these additional purposes.
Non-personalized content is influenced by things like the content you’re currently viewing, activity in your active Search session, and your location. Non-personalized ads are influenced by the content you’re currently viewing and your general location. Personalized content and ads can also include more relevant results, recommendations, and tailored ads based on past activity from this browser, like previous Google searches. We also use cookies and data to tailor the experience to be age-appropriate, if relevant.
Select “More options” to see additional information, including details about managing your privacy settings. You can also visit g.co/privacytools at any time.
Reject all
Accept all
More options
Privacy Policy
Terms of Service",https://news.google.com/rss/articles/CBMi2AFBVV95cUxOX3JiSE8zMDVvY2hkaTR2ejVGZWp2cG9mcnVKMUVfdUZrMXVBQWZOQU1tVWpuVWhac281RUhDM2E2azI0TmxCQVhKR3pKLTNUbHdwa29BMTVQNW9mRXRVQkNGM1pYWWJKdFcwR0tJVlVSRlRVaGs2RTBTX3p4a2VIc2ltMkVBVlJOckRpZnBxS2dDR01nMUs5YWRCV3NLSVBaU2NEZUJJTWNsYWFWVzRGMnhtWTlNYkQxUTJQMndhZWl4dmlsTC02UVJzNnpBemNMaXVBRVBRTDM?oc=5
2024-03-26,AAPL,Apple,Are Apple's best days behind it? Apple stock declines more than 11% in 2024 - CNBC,"EN
Sign in
Before you continue to Google
We use cookies and data to
Deliver and maintain Google services
Track outages and protect against spam, fraud, and abuse
Measure audience engagement and site statistics to understand how our services are used and enhance the quality of those services
If you choose to “Accept all,” we will also use cookies and data to
Develop and improve new services
Deliver and measure the effectiveness of ads
Show personalized content, depending on your settings
Show personalized ads, depending on your settings
If you choose to “Reject all,” we will not use cookies for these additional purposes.
Non-personalized content is influenced by things like the content you’re currently viewing, activity in your active Search session, and your location. Non-personalized ads are influenced by the content you’re currently viewing and your general location. Personalized content and ads can also include more relevant results, recommendations, and tailored ads based on past activity from this browser, like previous Google searches. We also use cookies and data to tailor the experience to be age-appropriate, if relevant.
Select “More options” to see additional information, including details about managing your privacy settings. You can also visit g.co/privacytools at any time.
Reject all
Accept all
More options
Privacy Policy
Terms of Service",https://news.google.com/rss/articles/CBMiwAFBVV95cUxOU3BiYk9Fd0ZQejNsbzl3eU9Nd0FtaDkzRTZCNEVxMmV1aTdkYzU3X2FKbVNFeC1xWk1haVBmTVZJQUxRbmZ3RGRaWlRYSXB4b1VkNC1rbmNQTFFiLW1hdmI2MTM1ZHYyU1Z3STlqTDFLRFJxdWFRSy1ITnhnSFpPbkFGR0l3MWRMTnczVEc4X3NtNV9nQlp0VEJwMkxwM0ZFYzVkdHVmMUlxWWJkMDQxRlFpelRyVkdjcTVXazQzQjg?oc=5
2024-03-25,AAPL,Apple,Apple Stock: Legal Challenges and Uncertainty - TheStreet,"EN
Sign in
Before you continue to Google
We use cookies and data to
Deliver and maintain Google services
Track outages and protect against spam, fraud, and abuse
Measure audience engagement and site statistics to understand how our services are used and enhance the quality of those services
If you choose to “Accept all,” we will also use cookies and data to
Develop and improve new services
Deliver and measure the effectiveness of ads
Show personalized content, depending on your settings
Show personalized ads, depending on your settings
If you choose to “Reject all,” we will not use cookies for these additional purposes.
Non-personalized content is influenced by things like the content you’re currently viewing, activity in your active Search session, and your location. Non-personalized ads are influenced by the content you’re currently viewing and your general location. Personalized content and ads can also include more relevant results, recommendations, and tailored ads based on past activity from this browser, like previous Google searches. We also use cookies and data to tailor the experience to be age-appropriate, if relevant.
Select “More options” to see additional information, including details about managing your privacy settings. You can also visit g.co/privacytools at any time.
Reject all
Accept all
More options
Privacy Policy
Terms of Service",https://news.google.com/rss/articles/CBMiiAFBVV95cUxPMFo1clZFVzBPSG45TDBDaTJFVFIySkZZLUNtMkpYSkRXSVdQUjZad1FiMllnVTdQMUROVlUwc3c1NGdlR0Z0Rkg3bWFaZU51NGt1UElTOVVVT3NRUlNCUmdjak9BdVA3QkFVXzhpOWVKWjlpaF83UFF4QU9mZmtVeXJub1M1ZnpC?oc=5
2024-03-22,AAPL,Apple,Apple’s stock once drove the S&P 500. Here’s how much its influence has waned. - MarketWatch,"EN
Sign in
Before you continue to Google
We use cookies and data to
Deliver and maintain Google services
Track outages and protect against spam, fraud, and abuse
Measure audience engagement and site statistics to understand how our services are used and enhance the quality of those services
If you choose to “Accept all,” we will also use cookies and data to
Develop and improve new services
Deliver and measure the effectiveness of ads
Show personalized content, depending on your settings
Show personalized ads, depending on your settings
If you choose to “Reject all,” we will not use cookies for these additional purposes.
Non-personalized content is influenced by things like the content you’re currently viewing, activity in your active Search session, and your location. Non-personalized ads are influenced by the content you’re currently viewing and your general location. Personalized content and ads can also include more relevant results, recommendations, and tailored ads based on past activity from this browser, like previous Google searches. We also use cookies and data to tailor the experience to be age-appropriate, if relevant.
Select “More options” to see additional information, including details about managing your privacy settings. You can also visit g.co/privacytools at any time.
Reject all
Accept all
More options
Privacy Policy
Terms of Service",https://news.google.com/rss/articles/CBMiuAFBVV95cUxOMmxaTDNDdnlzbEpWek5nbXJwWmszNXhCeFluMW53SmE2WWhpWTQ1Skk5cWVla2V4QTBFNFlKaFVteXFSRF9XUldSVDZ3VWw2YzBHZW5LbUx0OW5tTWZGZ1N2NzhOSXVyUEJ6Qk9vNko1ZW1kRE5mV1dJeEVETHBHd0VlNzRva0VuT1VadTliYTFSSk1ORnc3WnpqQmhVci1yLWdCbU1KSHdndlVVRHE1QVZ1NWNVbXpt?oc=5
2024-03-05,AAPL,Apple,Apple Stock’s Plunge Continues: Here’s Why It’s At A Crossroads - Forbes,"EN
Sign in
Before you continue to Google
We use cookies and data to
Deliver and maintain Google services
Track outages and protect against spam, fraud, and abuse
Measure audience engagement and site statistics to understand how our services are used and enhance the quality of those services
If you choose to “Accept all,” we will also use cookies and data to
Develop and improve new services
Deliver and measure the effectiveness of ads
Show personalized content, depending on your settings
Show personalized ads, depending on your settings
If you choose to “Reject all,” we will not use cookies for these additional purposes.
Non-personalized content is influenced by things like the content you’re currently viewing, activity in your active Search session, and your location. Non-personalized ads are influenced by the content you’re currently viewing and your general location. Personalized content and ads can also include more relevant results, recommendations, and tailored ads based on past activity from this browser, like previous Google searches. We also use cookies and data to tailor the experience to be age-appropriate, if relevant.
Select “More options” to see additional information, including details about managing your privacy settings. You can also visit g.co/privacytools at any time.
Reject all
Accept all
More options
Privacy Policy
Terms of Service",https://news.google.com/rss/articles/CBMirwFBVV95cUxQaUIzV3dhbW55VHJ1WU9QX1VIMVFnQW1GbGxWNHpkR0pmYU1qMXk4U3Q0VDROY1dsb3k0akY2amRzZDBRUzFoRF9vcXBNejQ0YkJIa0gzdERIZ1BSQkp2ME1WN2p2QThmb216a3pBTklIX05hOFE5enpJaGc2RkpOS3dvOE84cmtUSmE0MGdxODA0RHdVcE15ck81aXd4WE9SU0xPaF9QemRJTXpPbGJJ?oc=5
2024-03-08,AAPL,Apple,"If You Invested $1,000 in Apple Stock in 2012, It Would Be Worth This Much Today - Yahoo Finance","EN
Sign in
Before you continue to Google
We use cookies and data to
Deliver and maintain Google services
Track outages and protect against spam, fraud, and abuse
Measure audience engagement and site statistics to understand how our services are used and enhance the quality of those services
If you choose to “Accept all,” we will also use cookies and data to
Develop and improve new services
Deliver and measure the effectiveness of ads
Show personalized content, depending on your settings
Show personalized ads, depending on your settings
If you choose to “Reject all,” we will not use cookies for these additional purposes.
Non-personalized content is influenced by things like the content you’re currently viewing, activity in your active Search session, and your location. Non-personalized ads are influenced by the content you’re currently viewing and your general location. Personalized content and ads can also include more relevant results, recommendations, and tailored ads based on past activity from this browser, like previous Google searches. We also use cookies and data to tailor the experience to be age-appropriate, if relevant.
Select “More options” to see additional information, including details about managing your privacy settings. You can also visit g.co/privacytools at any time.
Reject all
Accept all
More options
Privacy Policy
Terms of Service",https://news.google.com/rss/articles/CBMifEFVX3lxTFA4X05jV1ljWHZ2cGdGbzRyem1ZMGpHM0FNRDFsUzBiV2ZqU3pPZF91UTh0bHJXSjBncG10eEdoUWJSVFlucUNPTXdGTmVNZTUyb1ZHYkI4a1pHU3hUQXdzb1o4VWc0Y3NyWFQ3YU9CY2w2LWRSc0xNMndoMHc?oc=5
2024-03-12,AAPL,Apple,What's It Going To Take To Get Apple Stock Out Of Its Funk? - Investor's Business Daily,"EN
Sign in
Before you continue to Google
We use cookies and data to
Deliver and maintain Google services
Track outages and protect against spam, fraud, and abuse
Measure audience engagement and site statistics to understand how our services are used and enhance the quality of those services
If you choose to “Accept all,” we will also use cookies and data to
Develop and improve new services
Deliver and measure the effectiveness of ads
Show personalized content, depending on your settings
Show personalized ads, depending on your settings
If you choose to “Reject all,” we will not use cookies for these additional purposes.
Non-personalized content is influenced by things like the content you’re currently viewing, activity in your active Search session, and your location. Non-personalized ads are influenced by the content you’re currently viewing and your general location. Personalized content and ads can also include more relevant results, recommendations, and tailored ads based on past activity from this browser, like previous Google searches. We also use cookies and data to tailor the experience to be age-appropriate, if relevant.
Select “More options” to see additional information, including details about managing your privacy settings. You can also visit g.co/privacytools at any time.
Reject all
Accept all
More options
Privacy Policy
Terms of Service",https://news.google.com/rss/articles/CBMijwFBVV95cUxQXzRoU05zLWJCNE85Yk1WYVBESFZRY0RRV3Bpcl9HMnc1RzctejQ4OG5kcjNBWUNaOVRuU012QUNUV3pvNGlQZGlzSVk5Smx0Uy1EOUJJRE0xY1padUlTLTliaWU5OTE3anU0LUN2NktESndET29FUmhDNVFROGxidlJ1VXBYNmJBaDZPb194WQ?oc=5
2024-03-12,AAPL,Apple,Apple Stock’s Sell-off Is ‘Overdone.’ Why Wall Street Is Bullish on a Comeback for Shares. - Barron's,"EN
Sign in
Before you continue to Google
We use cookies and data to
Deliver and maintain Google services
Track outages and protect against spam, fraud, and abuse
Measure audience engagement and site statistics to understand how our services are used and enhance the quality of those services
If you choose to “Accept all,” we will also use cookies and data to
Develop and improve new services
Deliver and measure the effectiveness of ads
Show personalized content, depending on your settings
Show personalized ads, depending on your settings
If you choose to “Reject all,” we will not use cookies for these additional purposes.
Non-personalized content is influenced by things like the content you’re currently viewing, activity in your active Search session, and your location. Non-personalized ads are influenced by the content you’re currently viewing and your general location. Personalized content and ads can also include more relevant results, recommendations, and tailored ads based on past activity from this browser, like previous Google searches. We also use cookies and data to tailor the experience to be age-appropriate, if relevant.
Select “More options” to see additional information, including details about managing your privacy settings. You can also visit g.co/privacytools at any time.
Reject all
Accept all
More options
Privacy Policy
Terms of Service",https://news.google.com/rss/articles/CBMieEFVX3lxTE5xcGFZS1ZjbDV4NzRmbWtCTV9yeUc0MzdxNVNUNlp0aElNOTlxV2JJWDByb3V6MG1tU3pLSHVaUVpVMldwV2NlU19tQVp6ZEc5NWlsUkhvdGJONTBBdkp2cmkwZUdDQ2NjUHdrODU5YmlLRkg0MmdCeg?oc=5
2024-03-14,AAPL,Apple,What If You Had Invested In Apple Stock Instead of Buying the First iPhone? - Nasdaq,"EN
Sign in
Before you continue to Google
We use cookies and data to
Deliver and maintain Google services
Track outages and protect against spam, fraud, and abuse
Measure audience engagement and site statistics to understand how our services are used and enhance the quality of those services
If you choose to “Accept all,” we will also use cookies and data to
Develop and improve new services
Deliver and measure the effectiveness of ads
Show personalized content, depending on your settings
Show personalized ads, depending on your settings
If you choose to “Reject all,” we will not use cookies for these additional purposes.
Non-personalized content is influenced by things like the content you’re currently viewing, activity in your active Search session, and your location. Non-personalized ads are influenced by the content you’re currently viewing and your general location. Personalized content and ads can also include more relevant results, recommendations, and tailored ads based on past activity from this browser, like previous Google searches. We also use cookies and data to tailor the experience to be age-appropriate, if relevant.
Select “More options” to see additional information, including details about managing your privacy settings. You can also visit g.co/privacytools at any time.
Reject all
Accept all
More options
Privacy Policy
Terms of Service",https://news.google.com/rss/articles/CBMiqgFBVV95cUxOSHZlZ2FzdVAtZ0xiVmlEeUlIb2xLaldIa0dDUVdpLXlZRTctaUZsWFYzZUpFV3FybU1SM19qWVFPa0ZUVnJXamk2bTBMVFBsWUZqN2dsSXQwMFJKMHFIajhJbFBhUENRQWdfUGZod29KbmhZaWhCbU1HdHBFaktLQXo1TklyR1VwTGhVQjFLVlp1S0NPeXE0WmI3VHhraWtnQVJzUTdON3Q4dw?oc=5
2024-03-04,AAPL,Apple,"Apple Shares Slump To 4-Month Low, After $2 Billion European Union Fine - Forbes","EN
Sign in
Before you continue to Google
We use cookies and data to
Deliver and maintain Google services
Track outages and protect against spam, fraud, and abuse
Measure audience engagement and site statistics to understand how our services are used and enhance the quality of those services
If you choose to “Accept all,” we will also use cookies and data to
Develop and improve new services
Deliver and measure the effectiveness of ads
Show personalized content, depending on your settings
Show personalized ads, depending on your settings
If you choose to “Reject all,” we will not use cookies for these additional purposes.
Non-personalized content is influenced by things like the content you’re currently viewing, activity in your active Search session, and your location. Non-personalized ads are influenced by the content you’re currently viewing and your general location. Personalized content and ads can also include more relevant results, recommendations, and tailored ads based on past activity from this browser, like previous Google searches. We also use cookies and data to tailor the experience to be age-appropriate, if relevant.
Select “More options” to see additional information, including details about managing your privacy settings. You can also visit g.co/privacytools at any time.
Reject all
Accept all
More options
Privacy Policy
Terms of Service",https://news.google.com/rss/articles/CBMiwAFBVV95cUxPNVVGckF2NV8yWDEyYUlSLWtjZW1MNG5DZ0d0NVl4Uzk4TkJrdHZoZHk2V1FjdVg0SE4zZy1CTHhBSVNjY3JIVEpjbmFiUFlBaHlrZVBwUWk0TWtXMG9EaG94N3JBRzNWWGZka2NiZk9DdFhKYk5YTjVfU0RXR1ZfWDVfTlB6c044TGp0blZxX0E5d2tlUXFXZ3pFa1k5bXlQWmxZSkRXNFJsM0FzUTBrc0FRVElodUtqTnVGaElpN2Y?oc=5
2024-03-05,AAPL,Apple,"Why Apple Stock Keeps Dropping, and What Could Turn It Around - Barron's","EN
Sign in
Before you continue to Google
We use cookies and data to
Deliver and maintain Google services
Track outages and protect against spam, fraud, and abuse
Measure audience engagement and site statistics to understand how our services are used and enhance the quality of those services
If you choose to “Accept all,” we will also use cookies and data to
Develop and improve new services
Deliver and measure the effectiveness of ads
Show personalized content, depending on your settings
Show personalized ads, depending on your settings
If you choose to “Reject all,” we will not use cookies for these additional purposes.
Non-personalized content is influenced by things like the content you’re currently viewing, activity in your active Search session, and your location. Non-personalized ads are influenced by the content you’re currently viewing and your general location. Personalized content and ads can also include more relevant results, recommendations, and tailored ads based on past activity from this browser, like previous Google searches. We also use cookies and data to tailor the experience to be age-appropriate, if relevant.
Select “More options” to see additional information, including details about managing your privacy settings. You can also visit g.co/privacytools at any time.
Reject all
Accept all
More options
Privacy Policy
Terms of Service",https://news.google.com/rss/articles/CBMidEFVX3lxTE90TFdDWHZNT1dKVEYwblF0VDQ1MEVMUDZqNHcxbnRUeEZKMjUzQnA1QV9CNVZhUUFUc0dVWDNncnJxaU5PdER4dG0weVBjZUhGczRjemZFWG9yRHQzMkttTnNxUnZfWldBUFg2ZlFIeERhSmt4?oc=5
2024-03-05,AAPL,Apple,How Much Will Your Apple Shares Be Worth in 5 Years? Stock Experts Project - Yahoo Finance,"EN
Sign in
Before you continue to Google
We use cookies and data to
Deliver and maintain Google services
Track outages and protect against spam, fraud, and abuse
Measure audience engagement and site statistics to understand how our services are used and enhance the quality of those services
If you choose to “Accept all,” we will also use cookies and data to
Develop and improve new services
Deliver and measure the effectiveness of ads
Show personalized content, depending on your settings
Show personalized ads, depending on your settings
If you choose to “Reject all,” we will not use cookies for these additional purposes.
Non-personalized content is influenced by things like the content you’re currently viewing, activity in your active Search session, and your location. Non-personalized ads are influenced by the content you’re currently viewing and your general location. Personalized content and ads can also include more relevant results, recommendations, and tailored ads based on past activity from this browser, like previous Google searches. We also use cookies and data to tailor the experience to be age-appropriate, if relevant.
Select “More options” to see additional information, including details about managing your privacy settings. You can also visit g.co/privacytools at any time.
Reject all
Accept all
More options
Privacy Policy
Terms of Service",https://news.google.com/rss/articles/CBMie0FVX3lxTE1TdHFGNXFDXzdoV3Z3eU5yc3FfN3EzODJ1dVRWaHZ6MmplSE9meDkzUW1PNDVtdHV5REFkSWg4V0ZoMW4wc3daZ1pyYmNycW1yM3A1LVU0R2NJRHRFQ05FN0JDOGpQUWZYamxscmJRZnNOUlpXRlpENG8zSQ?oc=5
2024-03-05,AAPL,Apple,Warren Buffett’s Berkshire Hathaway Holds the Key for Apple Stock - Barron's,"EN
Sign in
Before you continue to Google
We use cookies and data to
Deliver and maintain Google services
Track outages and protect against spam, fraud, and abuse
Measure audience engagement and site statistics to understand how our services are used and enhance the quality of those services
If you choose to “Accept all,” we will also use cookies and data to
Develop and improve new services
Deliver and measure the effectiveness of ads
Show personalized content, depending on your settings
Show personalized ads, depending on your settings
If you choose to “Reject all,” we will not use cookies for these additional purposes.
Non-personalized content is influenced by things like the content you’re currently viewing, activity in your active Search session, and your location. Non-personalized ads are influenced by the content you’re currently viewing and your general location. Personalized content and ads can also include more relevant results, recommendations, and tailored ads based on past activity from this browser, like previous Google searches. We also use cookies and data to tailor the experience to be age-appropriate, if relevant.
Select “More options” to see additional information, including details about managing your privacy settings. You can also visit g.co/privacytools at any time.
Reject all
Accept all
More options
Privacy Policy
Terms of Service",https://news.google.com/rss/articles/CBMikAFBVV95cUxPdXJzWENQeWZtZ2gxN2pZNl9zQVY4ajRGa2NZd3AzTm96TVBfbUZnVVI0QXpacUlXRFc4Mmw4VUxjMEtZaTRENG1Rb2JOcmNtX1RuTndVVklvZGdaXy1tWnVOb2ZLUHd2NUxQaEx2bTNuMTJ0aVZXQ3BmQk84SFRPQkljNDIwcDJfSk94QWt3RWk?oc=5
2024-03-15,AAPL,Apple,Apple Stock Is Suffering Over Perceived AI Weakness. That Could Change Soon. - Barron's,"EN
Sign in
Before you continue to Google
We use cookies and data to
Deliver and maintain Google services
Track outages and protect against spam, fraud, and abuse
Measure audience engagement and site statistics to understand how our services are used and enhance the quality of those services
If you choose to “Accept all,” we will also use cookies and data to
Develop and improve new services
Deliver and measure the effectiveness of ads
Show personalized content, depending on your settings
Show personalized ads, depending on your settings
If you choose to “Reject all,” we will not use cookies for these additional purposes.
Non-personalized content is influenced by things like the content you’re currently viewing, activity in your active Search session, and your location. Non-personalized ads are influenced by the content you’re currently viewing and your general location. Personalized content and ads can also include more relevant results, recommendations, and tailored ads based on past activity from this browser, like previous Google searches. We also use cookies and data to tailor the experience to be age-appropriate, if relevant.
Select “More options” to see additional information, including details about managing your privacy settings. You can also visit g.co/privacytools at any time.
Reject all
Accept all
More options
Privacy Policy
Terms of Service",https://news.google.com/rss/articles/CBMic0FVX3lxTFB0SHhUQWJ5SUdvT0VuLUtSc1JGSGR6RFRySzJsUVkzUmFGOWxkQ2FXM0xyOEVsWnlHanNuZzNaOWdwNmhMMVNQdTRHanhZbVBYaUJSb2cwSFI5T250aVZVY2c3clVMY1QyRV9rbGVWazlMUEk?oc=5
2024-04-16,AAPL,Apple,Apple Stock Drops As Growth Outlook Called Anemic To Negative - Investor's Business Daily,"EN
Sign in
Before you continue to Google
We use cookies and data to
Deliver and maintain Google services
Track outages and protect against spam, fraud, and abuse
Measure audience engagement and site statistics to understand how our services are used and enhance the quality of those services
If you choose to “Accept all,” we will also use cookies and data to
Develop and improve new services
Deliver and measure the effectiveness of ads
Show personalized content, depending on your settings
Show personalized ads, depending on your settings
If you choose to “Reject all,” we will not use cookies for these additional purposes.
Non-personalized content is influenced by things like the content you’re currently viewing, activity in your active Search session, and your location. Non-personalized ads are influenced by the content you’re currently viewing and your general location. Personalized content and ads can also include more relevant results, recommendations, and tailored ads based on past activity from this browser, like previous Google searches. We also use cookies and data to tailor the experience to be age-appropriate, if relevant.
Select “More options” to see additional information, including details about managing your privacy settings. You can also visit g.co/privacytools at any time.
Reject all
Accept all
More options
Privacy Policy
Terms of Service",https://news.google.com/rss/articles/CBMikgFBVV95cUxNWWtzVG1WNFU1OFhxdWJVcmNOUEJudEI0bC1RUUFfcC01RUwtaldhUl9WdlhkSzE3dXRNRVBIbGprZjZIWkcwQ2syUmZVVV9FUU9GZkxHa0UxTmZjZjhyTkZyRFY0RVExdF9LZlZRWER5V3Ewd1RSMzNRZHRDVGlYQTgtYVNobUV0RjMzMGtPbjRpUQ?oc=5
2024-04-24,AAPL,Apple,"Going Into Earnings, Is Apple Stock a Buy, a Sell, or Fairly Valued? - Morningstar","EN
Sign in
Before you continue to Google
We use cookies and data to
Deliver and maintain Google services
Track outages and protect against spam, fraud, and abuse
Measure audience engagement and site statistics to understand how our services are used and enhance the quality of those services
If you choose to “Accept all,” we will also use cookies and data to
Develop and improve new services
Deliver and measure the effectiveness of ads
Show personalized content, depending on your settings
Show personalized ads, depending on your settings
If you choose to “Reject all,” we will not use cookies for these additional purposes.
Non-personalized content is influenced by things like the content you’re currently viewing, activity in your active Search session, and your location. Non-personalized ads are influenced by the content you’re currently viewing and your general location. Personalized content and ads can also include more relevant results, recommendations, and tailored ads based on past activity from this browser, like previous Google searches. We also use cookies and data to tailor the experience to be age-appropriate, if relevant.
Select “More options” to see additional information, including details about managing your privacy settings. You can also visit g.co/privacytools at any time.
Reject all
Accept all
More options
Privacy Policy
Terms of Service",https://news.google.com/rss/articles/CBMingFBVV95cUxNZVVoMmtQVUF4T2tFREhhM25oZ1JYSVB6TkFseEdxQ3JIYm1JOGEya3Z5OUlMSmdYYmExQXhSWEZBbm05ZU5vd3hrR1VNY0lMRkhlUGlqaXJ5T09mblI2NWZ6dE13aVZVU3Nqb2xmYkV4RFNaQzl6Q3QxaGtfN0hCSTI5Tmw3LXZRS3JiZ2JTdExzZXJ3eURDMEZvbnpsZw?oc=5
2024-04-29,AAPL,Apple,What's Giving Apple's Stock a Boost on Monday? - Investopedia,"EN
Sign in
Before you continue to Google
We use cookies and data to
Deliver and maintain Google services
Track outages and protect against spam, fraud, and abuse
Measure audience engagement and site statistics to understand how our services are used and enhance the quality of those services
If you choose to “Accept all,” we will also use cookies and data to
Develop and improve new services
Deliver and measure the effectiveness of ads
Show personalized content, depending on your settings
Show personalized ads, depending on your settings
If you choose to “Reject all,” we will not use cookies for these additional purposes.
Non-personalized content is influenced by things like the content you’re currently viewing, activity in your active Search session, and your location. Non-personalized ads are influenced by the content you’re currently viewing and your general location. Personalized content and ads can also include more relevant results, recommendations, and tailored ads based on past activity from this browser, like previous Google searches. We also use cookies and data to tailor the experience to be age-appropriate, if relevant.
Select “More options” to see additional information, including details about managing your privacy settings. You can also visit g.co/privacytools at any time.
Reject all
Accept all
More options
Privacy Policy
Terms of Service",https://news.google.com/rss/articles/CBMikAFBVV95cUxNRkNVXzhiazlMXzR6UkstanVTa3BVZVIwUHpKNzYxYWxTb2dXWUswRnF2LWJGQy01Z3RFTHNfMlI1VTNPX2dyUGZEY3diS2VrQUxFMU85VW83VU81WlcwUUZlc0xPakc5SlZwcHRDLXkzUGFCNGdCQ0hTZ1M1MTRxMDZxT1BOSWVGc2RBcExnN3Q?oc=5
2024-04-11,AAPL,Apple,Apple shares just had their best day since last May - CNBC,"EN
Sign in
Before you continue to Google
We use cookies and data to
Deliver and maintain Google services
Track outages and protect against spam, fraud, and abuse
Measure audience engagement and site statistics to understand how our services are used and enhance the quality of those services
If you choose to “Accept all,” we will also use cookies and data to
Develop and improve new services
Deliver and measure the effectiveness of ads
Show personalized content, depending on your settings
Show personalized ads, depending on your settings
If you choose to “Reject all,” we will not use cookies for these additional purposes.
Non-personalized content is influenced by things like the content you’re currently viewing, activity in your active Search session, and your location. Non-personalized ads are influenced by the content you’re currently viewing and your general location. Personalized content and ads can also include more relevant results, recommendations, and tailored ads based on past activity from this browser, like previous Google searches. We also use cookies and data to tailor the experience to be age-appropriate, if relevant.
Select “More options” to see additional information, including details about managing your privacy settings. You can also visit g.co/privacytools at any time.
Reject all
Accept all
More options
Privacy Policy
Terms of Service",https://news.google.com/rss/articles/CBMijwFBVV95cUxNalk4QUNIcURKMWNWMUxnc2UxbENJRGw0Z1liSXZuTHpuVHZiUEljeXJDb3hjdmVMcFZPNl9zM2JBc1RBZE83Y0U0WEtld3FfRHkwVU1MZEpsLVhraTJreWVsQVVoaVg3aFU3eDRDNi1neXA4bU1CQXM3NkV2Vy11SEQ5czRnZDRzVmMzSlJxUdIBlAFBVV95cUxNUFE4ZWstNW5SRk5yeHVjWThsOUxJMlIxaXc1YjZVZjZ1TWhjNzBaOWE1aDRaSlV3a1FHZzIxTGN6cU9OTVNTQlFnLVdOWFhQR01Ucnl1c2o0WDRhZ1pVUHQwMFVnYmo1TmdQbFVneUszUmd4YzlpM09rN2RuQVc0TTdIa3dWbmVFajZhWHRtby1hSzdX?oc=5
2024-04-19,AAPL,Apple,Apple Stock Is Falling. The CEO and Other Executives Just Sold Shares. - Barron's,"EN
Sign in
Before you continue to Google
We use cookies and data to
Deliver and maintain Google services
Track outages and protect against spam, fraud, and abuse
Measure audience engagement and site statistics to understand how our services are used and enhance the quality of those services
If you choose to “Accept all,” we will also use cookies and data to
Develop and improve new services
Deliver and measure the effectiveness of ads
Show personalized content, depending on your settings
Show personalized ads, depending on your settings
If you choose to “Reject all,” we will not use cookies for these additional purposes.
Non-personalized content is influenced by things like the content you’re currently viewing, activity in your active Search session, and your location. Non-personalized ads are influenced by the content you’re currently viewing and your general location. Personalized content and ads can also include more relevant results, recommendations, and tailored ads based on past activity from this browser, like previous Google searches. We also use cookies and data to tailor the experience to be age-appropriate, if relevant.
Select “More options” to see additional information, including details about managing your privacy settings. You can also visit g.co/privacytools at any time.
Reject all
Accept all
More options
Privacy Policy
Terms of Service",https://news.google.com/rss/articles/CBMif0FVX3lxTE5NLWxneklJd25EWkkwODZpMWVHeDl0VC1pMHc4dVpubFZwa2tWNmN2dmZPbE90bFVSS2dvQngzWHVhU2FJOFg1YU9SOENXN3g5b2UzeEN0Q0N1TWpsNWpkbzJPeG1JMjRmZGtMNW9INmxHX2tQUWIwaW9MbElVODQ?oc=5
2024-04-09,AAPL,Apple,"Why Is Apple Stock Going Down, and Should You Buy the Dip? - Nasdaq","EN
Sign in
Before you continue to Google
We use cookies and data to
Deliver and maintain Google services
Track outages and protect against spam, fraud, and abuse
Measure audience engagement and site statistics to understand how our services are used and enhance the quality of those services
If you choose to “Accept all,” we will also use cookies and data to
Develop and improve new services
Deliver and measure the effectiveness of ads
Show personalized content, depending on your settings
Show personalized ads, depending on your settings
If you choose to “Reject all,” we will not use cookies for these additional purposes.
Non-personalized content is influenced by things like the content you’re currently viewing, activity in your active Search session, and your location. Non-personalized ads are influenced by the content you’re currently viewing and your general location. Personalized content and ads can also include more relevant results, recommendations, and tailored ads based on past activity from this browser, like previous Google searches. We also use cookies and data to tailor the experience to be age-appropriate, if relevant.
Select “More options” to see additional information, including details about managing your privacy settings. You can also visit g.co/privacytools at any time.
Reject all
Accept all
More options
Privacy Policy
Terms of Service",https://news.google.com/rss/articles/CBMikgFBVV95cUxOeUtiS1NjdjVnY3U0UURjSjRrSmsxeUJfc09QWm5RaG81QjdCX1JpTEpTMUo1bWczVmZWaDBxTDc5eUJ0eGs5Z0NTczVhT3VoVFI4U0JVWVJwSS1tdVp0LTVVallpMUxVaEJSOTFnMDR1Yy02NVZnaXBTLUFhakdObTdCdW9Jc0xoMmp4ZDNPU21qZw?oc=5
2024-04-12,AAPL,Apple,Analyst who correctly predicted Apple's stock drop reboots price target - TheStreet,"EN
Sign in
Before you continue to Google
We use cookies and data to
Deliver and maintain Google services
Track outages and protect against spam, fraud, and abuse
Measure audience engagement and site statistics to understand how our services are used and enhance the quality of those services
If you choose to “Accept all,” we will also use cookies and data to
Develop and improve new services
Deliver and measure the effectiveness of ads
Show personalized content, depending on your settings
Show personalized ads, depending on your settings
If you choose to “Reject all,” we will not use cookies for these additional purposes.
Non-personalized content is influenced by things like the content you’re currently viewing, activity in your active Search session, and your location. Non-personalized ads are influenced by the content you’re currently viewing and your general location. Personalized content and ads can also include more relevant results, recommendations, and tailored ads based on past activity from this browser, like previous Google searches. We also use cookies and data to tailor the experience to be age-appropriate, if relevant.
Select “More options” to see additional information, including details about managing your privacy settings. You can also visit g.co/privacytools at any time.
Reject all
Accept all
More options
Privacy Policy
Terms of Service",https://news.google.com/rss/articles/CBMiowFBVV95cUxQMkVvTFBSZ2tPV2ppbUpIbG1GVkxTYVNVNVdDb2hiN21PcHEtZmF3OFdJWHI3azgxWFR1LV90RGxGOExBME8yZElrX2ptYjRhZFp1WkR1V282UmlLSU0wSlUweV82NnRNbFd5S1RVbjBucU1Nc3hYY0ZPMHNFSmpObkFJSG4td2NXVEllRzZhd0kzX2FFcUlCanVwaWdZd3RFUFpN?oc=5
2024-04-29,AAPL,Apple,Wall Street stocks finish higher as investors focus on Fed moves - Reuters,"EN
Sign in
Before you continue to Google
We use cookies and data to
Deliver and maintain Google services
Track outages and protect against spam, fraud, and abuse
Measure audience engagement and site statistics to understand how our services are used and enhance the quality of those services
If you choose to “Accept all,” we will also use cookies and data to
Develop and improve new services
Deliver and measure the effectiveness of ads
Show personalized content, depending on your settings
Show personalized ads, depending on your settings
If you choose to “Reject all,” we will not use cookies for these additional purposes.
Non-personalized content is influenced by things like the content you’re currently viewing, activity in your active Search session, and your location. Non-personalized ads are influenced by the content you’re currently viewing and your general location. Personalized content and ads can also include more relevant results, recommendations, and tailored ads based on past activity from this browser, like previous Google searches. We also use cookies and data to tailor the experience to be age-appropriate, if relevant.
Select “More options” to see additional information, including details about managing your privacy settings. You can also visit g.co/privacytools at any time.
Reject all
Accept all
More options
Privacy Policy
Terms of Service",https://news.google.com/rss/articles/CBMiogFBVV95cUxNbjNpQ0haeFl0WkhFQTNEVUdZN1cwZWlXZXpaZlVaRkVxVktLd2prVTA5RGVCWkVVcl9mMndtci1Lc1ZGaDQ0OTNXZjRNUzNtT1RyNmpUa21HeWpJQmRsaldxV0lQTWpkUWJYeU1qdmZHdUZpWWNDanloWEdSUlVIQ3pOb2tpVzdUUVduN25WM3FuejhXTG02V1NUMmJJUHJDR1E?oc=5
2024-04-28,AAPL,Apple,3 Reasons to Buy Apple Stock Like There's No Tomorrow - The Motley Fool,"EN
Sign in
Before you continue to Google
We use cookies and data to
Deliver and maintain Google services
Track outages and protect against spam, fraud, and abuse
Measure audience engagement and site statistics to understand how our services are used and enhance the quality of those services
If you choose to “Accept all,” we will also use cookies and data to
Develop and improve new services
Deliver and measure the effectiveness of ads
Show personalized content, depending on your settings
Show personalized ads, depending on your settings
If you choose to “Reject all,” we will not use cookies for these additional purposes.
Non-personalized content is influenced by things like the content you’re currently viewing, activity in your active Search session, and your location. Non-personalized ads are influenced by the content you’re currently viewing and your general location. Personalized content and ads can also include more relevant results, recommendations, and tailored ads based on past activity from this browser, like previous Google searches. We also use cookies and data to tailor the experience to be age-appropriate, if relevant.
Select “More options” to see additional information, including details about managing your privacy settings. You can also visit g.co/privacytools at any time.
Reject all
Accept all
More options
Privacy Policy
Terms of Service",https://news.google.com/rss/articles/CBMikgFBVV95cUxQSDhlZ0dEc0JrWUwzYWhESTlaUlZ5N1hpcjNYV1hwN2xWdVY2ZWhaR1oxOGVhQkd6ZktzRjVrLTN6MTFZUFlpVFVNLTZnMEN0c1k0d1FscGttTWR2UzFUcDJhdk5rRGFZbFR4V0F4THI2WXhZcXlLVFo1TGZOSDNjX1dyR212dmk0SXJaMjNVakljdw?oc=5
2024-04-30,AAPL,Apple,"'Be like Buffett' and buy the dip in Apple stock before its next iPhone announcement, analyst says - Yahoo","EN
Sign in
Before you continue to Google
We use cookies and data to
Deliver and maintain Google services
Track outages and protect against spam, fraud, and abuse
Measure audience engagement and site statistics to understand how our services are used and enhance the quality of those services
If you choose to “Accept all,” we will also use cookies and data to
Develop and improve new services
Deliver and measure the effectiveness of ads
Show personalized content, depending on your settings
Show personalized ads, depending on your settings
If you choose to “Reject all,” we will not use cookies for these additional purposes.
Non-personalized content is influenced by things like the content you’re currently viewing, activity in your active Search session, and your location. Non-personalized ads are influenced by the content you’re currently viewing and your general location. Personalized content and ads can also include more relevant results, recommendations, and tailored ads based on past activity from this browser, like previous Google searches. We also use cookies and data to tailor the experience to be age-appropriate, if relevant.
Select “More options” to see additional information, including details about managing your privacy settings. You can also visit g.co/privacytools at any time.
Reject all
Accept all
More options
Privacy Policy
Terms of Service",https://news.google.com/rss/articles/CBMiggFBVV95cUxQak85UnFEVHJrZjNXUFlQSUpNMFdSWTFXbjNVS1dfYWJYLW5EZWhyZ3VYc2RXcGUxaDF4d183c3FLelNDLW1xdmFya1QzYUZFM0lrV0NZSXFDM21lMUZCWU1BZ01CYjF4ZWEwOThTa1IxSEFuSk5YVjA5eW9mV1VPb2xR?oc=5
2024-04-29,AAPL,Apple,"After being neutral on Apple’s stock since 2018, here’s why one analyst changed his tune - MarketWatch","EN
Sign in
Before you continue to Google
We use cookies and data to
Deliver and maintain Google services
Track outages and protect against spam, fraud, and abuse
Measure audience engagement and site statistics to understand how our services are used and enhance the quality of those services
If you choose to “Accept all,” we will also use cookies and data to
Develop and improve new services
Deliver and measure the effectiveness of ads
Show personalized content, depending on your settings
Show personalized ads, depending on your settings
If you choose to “Reject all,” we will not use cookies for these additional purposes.
Non-personalized content is influenced by things like the content you’re currently viewing, activity in your active Search session, and your location. Non-personalized ads are influenced by the content you’re currently viewing and your general location. Personalized content and ads can also include more relevant results, recommendations, and tailored ads based on past activity from this browser, like previous Google searches. We also use cookies and data to tailor the experience to be age-appropriate, if relevant.
Select “More options” to see additional information, including details about managing your privacy settings. You can also visit g.co/privacytools at any time.
Reject all
Accept all
More options
Privacy Policy
Terms of Service",https://news.google.com/rss/articles/CBMixwFBVV95cUxPZ1NiMUtwTmRVcDVlUGI2YUpNRThaT1JCV2p1WFVqRVdabDFnYVlKY2tCOGplZHpaRFB4elVreEJaVENXUFN0dmtLNTV5bjNXWFl6TGZBM2Zkd2lNUUJVRkJRMjVTMzA1cHBmbDJyNlpLVVI0RTRDVS1ybWRVcVQwbXF0aFdnR1RFVUNOcXJsUWFoRUNTaUJiam1lTUlLWDhqM2Z2bHRlQUpaMEJzY2NJVDNKMmVSYjRhRkFBNFRnZkJwRU1NZnVn?oc=5
2024-04-02,AAPL,Apple,Apple Flirts With Support Levels After Worst Quarter in a Decade - Bloomberg,"EN
Sign in
Before you continue to Google
We use cookies and data to
Deliver and maintain Google services
Track outages and protect against spam, fraud, and abuse
Measure audience engagement and site statistics to understand how our services are used and enhance the quality of those services
If you choose to “Accept all,” we will also use cookies and data to
Develop and improve new services
Deliver and measure the effectiveness of ads
Show personalized content, depending on your settings
Show personalized ads, depending on your settings
If you choose to “Reject all,” we will not use cookies for these additional purposes.
Non-personalized content is influenced by things like the content you’re currently viewing, activity in your active Search session, and your location. Non-personalized ads are influenced by the content you’re currently viewing and your general location. Personalized content and ads can also include more relevant results, recommendations, and tailored ads based on past activity from this browser, like previous Google searches. We also use cookies and data to tailor the experience to be age-appropriate, if relevant.
Select “More options” to see additional information, including details about managing your privacy settings. You can also visit g.co/privacytools at any time.
Reject all
Accept all
More options
Privacy Policy
Terms of Service",https://news.google.com/rss/articles/CBMitgFBVV95cUxOUHpXNTFxYkpyRUN4eGV1ZGF2c1UxZnF3bGdqZkQzQUdFVXdfeVJScWxVd1MwcDJGZ0VvcERsYzVSNU5QUnpZUnpEdnBmdHo3X1FKdEJweEVqRTdpbjVFaHZseFRybVBaX2tZU3FwVnhrNXF1Vi1IZTNHVHI5ekJEby1PcHhQZk5nVE5UbHNrSGpuaW84M29JMnREOF9sc3pScWNDZU40MGNRR25hVDZ1SS1OQTJsdw?oc=5
2024-04-12,AAPL,Apple,Apple Stock Rises On AI Mac News. Shares Look To Retake Key Level. - Investor's Business Daily,"EN
Sign in
Before you continue to Google
We use cookies and data to
Deliver and maintain Google services
Track outages and protect against spam, fraud, and abuse
Measure audience engagement and site statistics to understand how our services are used and enhance the quality of those services
If you choose to “Accept all,” we will also use cookies and data to
Develop and improve new services
Deliver and measure the effectiveness of ads
Show personalized content, depending on your settings
Show personalized ads, depending on your settings
If you choose to “Reject all,” we will not use cookies for these additional purposes.
Non-personalized content is influenced by things like the content you’re currently viewing, activity in your active Search session, and your location. Non-personalized ads are influenced by the content you’re currently viewing and your general location. Personalized content and ads can also include more relevant results, recommendations, and tailored ads based on past activity from this browser, like previous Google searches. We also use cookies and data to tailor the experience to be age-appropriate, if relevant.
Select “More options” to see additional information, including details about managing your privacy settings. You can also visit g.co/privacytools at any time.
Reject all
Accept all
More options
Privacy Policy
Terms of Service",https://news.google.com/rss/articles/CBMifkFVX3lxTE4tV1FfUFRleFJMb1RqZW1jUFVUSVRDS29UZURZSV9xZUU3M1JMQ3NGdmNPUFNCWlQzZEpYdlFwcm1sbVU3REQ4cEpxcFNQZWVhelllVFpIYkp3ZlFVM0E3Rm1yQUY4REFXbk5lSjJWcEFkRlhiV0owR1FXZWZOUQ?oc=5
2024-04-29,AAPL,Apple,"Bernstein says 'be like Buffett' and buy Apple shares while they are cheap, upgrades to outperform - CNBC","EN
Sign in
Before you continue to Google
We use cookies and data to
Deliver and maintain Google services
Track outages and protect against spam, fraud, and abuse
Measure audience engagement and site statistics to understand how our services are used and enhance the quality of those services
If you choose to “Accept all,” we will also use cookies and data to
Develop and improve new services
Deliver and measure the effectiveness of ads
Show personalized content, depending on your settings
Show personalized ads, depending on your settings
If you choose to “Reject all,” we will not use cookies for these additional purposes.
Non-personalized content is influenced by things like the content you’re currently viewing, activity in your active Search session, and your location. Non-personalized ads are influenced by the content you’re currently viewing and your general location. Personalized content and ads can also include more relevant results, recommendations, and tailored ads based on past activity from this browser, like previous Google searches. We also use cookies and data to tailor the experience to be age-appropriate, if relevant.
Select “More options” to see additional information, including details about managing your privacy settings. You can also visit g.co/privacytools at any time.
Reject all
Accept all
More options
Privacy Policy
Terms of Service",https://news.google.com/rss/articles/CBMizgFBVV95cUxQaHhZb0trOEFQR21vbWdndll6cGUwYjFoYy1BMU1uR0lHLWRVZVMtTnVFSHFrbjN1MWxmUGx4N0JNT0NTc1dQRTZWdmRQaUFHaW5aQVJudGU2VER3ZERjMk02bk9Ka290ZVJNSG9zQ2I2TEtVeTdGeE5WVkFRSElCNy1aWTJ6NTBFdnRlN1lWaXRrZW1rbUVmXzFBaHRONzRvNW1YcC1qQmsyb1pmLUhMc1RPMnhHYm0yWE82WmhQY2lnVENvOGkwdnprczlSQQ?oc=5
2024-04-09,AAPL,Apple,Why Analysts Say They're Bullish on Apple Despite China Headwinds - Investopedia,"EN
Sign in
Before you continue to Google
We use cookies and data to
Deliver and maintain Google services
Track outages and protect against spam, fraud, and abuse
Measure audience engagement and site statistics to understand how our services are used and enhance the quality of those services
If you choose to “Accept all,” we will also use cookies and data to
Develop and improve new services
Deliver and measure the effectiveness of ads
Show personalized content, depending on your settings
Show personalized ads, depending on your settings
If you choose to “Reject all,” we will not use cookies for these additional purposes.
Non-personalized content is influenced by things like the content you’re currently viewing, activity in your active Search session, and your location. Non-personalized ads are influenced by the content you’re currently viewing and your general location. Personalized content and ads can also include more relevant results, recommendations, and tailored ads based on past activity from this browser, like previous Google searches. We also use cookies and data to tailor the experience to be age-appropriate, if relevant.
Select “More options” to see additional information, including details about managing your privacy settings. You can also visit g.co/privacytools at any time.
Reject all
Accept all
More options
Privacy Policy
Terms of Service",https://news.google.com/rss/articles/CBMipgFBVV95cUxPek95TUlwTExuSlVBU3hST0prY19oc2xqclZCenYtQlBDWHJ6U3YtLVVaYVg5VlpfMGgzNHlEQnZ5YVQ5YzFPbkpGbVRJY1BzVUlrTmJBd1BwUHhSNXVTSER5TVV3dlREV3h2MFQ1WURIXzZ5cU14OTN3OV8tZzF4ZEtjRUFCSEgyM0N0S3dibjZHblFhMVJOX2dBR2N6LW9hZGZVT2NB?oc=5
2024-04-30,AAPL,Apple,Apple Stock is a Top Holding in These Tech ETFs - Yahoo Finance,"EN
Sign in
Before you continue to Google
We use cookies and data to
Deliver and maintain Google services
Track outages and protect against spam, fraud, and abuse
Measure audience engagement and site statistics to understand how our services are used and enhance the quality of those services
If you choose to “Accept all,” we will also use cookies and data to
Develop and improve new services
Deliver and measure the effectiveness of ads
Show personalized content, depending on your settings
Show personalized ads, depending on your settings
If you choose to “Reject all,” we will not use cookies for these additional purposes.
Non-personalized content is influenced by things like the content you’re currently viewing, activity in your active Search session, and your location. Non-personalized ads are influenced by the content you’re currently viewing and your general location. Personalized content and ads can also include more relevant results, recommendations, and tailored ads based on past activity from this browser, like previous Google searches. We also use cookies and data to tailor the experience to be age-appropriate, if relevant.
Select “More options” to see additional information, including details about managing your privacy settings. You can also visit g.co/privacytools at any time.
Reject all
Accept all
More options
Privacy Policy
Terms of Service",https://news.google.com/rss/articles/CBMif0FVX3lxTE0zVzRoalF5WDZwTmFCZUVaVUUtT3NSOWpEZE5OYmhZMHFzVzVUWUgtWGFTZVlDam5jbXZsdDV0V0gwX25YTV9VaDN5Z2ExMlRpMnBHUXU3RERiY0JLS0ZyT3oydk0tdW5aTUZFeHJPNkktSXdtT3d1RTdrZ2VSekE?oc=5
2024-04-03,AAPL,Apple,Where Will Apple Stock Be in 3 Years? - The Motley Fool,"EN
Sign in
Before you continue to Google
We use cookies and data to
Deliver and maintain Google services
Track outages and protect against spam, fraud, and abuse
Measure audience engagement and site statistics to understand how our services are used and enhance the quality of those services
If you choose to “Accept all,” we will also use cookies and data to
Develop and improve new services
Deliver and measure the effectiveness of ads
Show personalized content, depending on your settings
Show personalized ads, depending on your settings
If you choose to “Reject all,” we will not use cookies for these additional purposes.
Non-personalized content is influenced by things like the content you’re currently viewing, activity in your active Search session, and your location. Non-personalized ads are influenced by the content you’re currently viewing and your general location. Personalized content and ads can also include more relevant results, recommendations, and tailored ads based on past activity from this browser, like previous Google searches. We also use cookies and data to tailor the experience to be age-appropriate, if relevant.
Select “More options” to see additional information, including details about managing your privacy settings. You can also visit g.co/privacytools at any time.
Reject all
Accept all
More options
Privacy Policy
Terms of Service",https://news.google.com/rss/articles/CBMihgFBVV95cUxOV1hKNWJwQjAyWllkOVNIZkdZUHJpRklUTVE0ckRmMU9icUdkSE1RaHNHY3Z2UnU4cGtfaVlIa1J6Q1JOQ2haX2NPRWRDY0FYQkNPMy0xYWZWQUlvMEEzNU9Ub2dUTjF3Qlo2VmFlbE1QbHBEN3hRam9Qam5FNHotS2Ftb292QQ?oc=5
2024-04-29,AAPL,Apple,"Apple Stock Out Of Favor, Hopes For Earnings Report Lift - Investor's Business Daily","EN
Sign in
Before you continue to Google
We use cookies and data to
Deliver and maintain Google services
Track outages and protect against spam, fraud, and abuse
Measure audience engagement and site statistics to understand how our services are used and enhance the quality of those services
If you choose to “Accept all,” we will also use cookies and data to
Develop and improve new services
Deliver and measure the effectiveness of ads
Show personalized content, depending on your settings
Show personalized ads, depending on your settings
If you choose to “Reject all,” we will not use cookies for these additional purposes.
Non-personalized content is influenced by things like the content you’re currently viewing, activity in your active Search session, and your location. Non-personalized ads are influenced by the content you’re currently viewing and your general location. Personalized content and ads can also include more relevant results, recommendations, and tailored ads based on past activity from this browser, like previous Google searches. We also use cookies and data to tailor the experience to be age-appropriate, if relevant.
Select “More options” to see additional information, including details about managing your privacy settings. You can also visit g.co/privacytools at any time.
Reject all
Accept all
More options
Privacy Policy
Terms of Service",https://news.google.com/rss/articles/CBMiiAFBVV95cUxOdWpZbVZCY1JJRzZJeWxkcWVUMWk0ZG5uZF9OMG1rekVwRWs4Sm9qVGRzMGZQWURPNWRfc2lkWVY1Vk1hOGROWkNmUmpqLXZNVkhLMUV0bHFERmlpU3Q5RHN3R1d1LTNlajJWU2FxTTFaWG82Tm9MVVRIY1diY054SXNCUWJ4dlVW?oc=5
2024-04-01,AAPL,Apple,"Apple Sales, Earnings Seen Declining In 2024 Amid iPhone Slowdown - Investor's Business Daily","EN
Sign in
Before you continue to Google
We use cookies and data to
Deliver and maintain Google services
Track outages and protect against spam, fraud, and abuse
Measure audience engagement and site statistics to understand how our services are used and enhance the quality of those services
If you choose to “Accept all,” we will also use cookies and data to
Develop and improve new services
Deliver and measure the effectiveness of ads
Show personalized content, depending on your settings
Show personalized ads, depending on your settings
If you choose to “Reject all,” we will not use cookies for these additional purposes.
Non-personalized content is influenced by things like the content you’re currently viewing, activity in your active Search session, and your location. Non-personalized ads are influenced by the content you’re currently viewing and your general location. Personalized content and ads can also include more relevant results, recommendations, and tailored ads based on past activity from this browser, like previous Google searches. We also use cookies and data to tailor the experience to be age-appropriate, if relevant.
Select “More options” to see additional information, including details about managing your privacy settings. You can also visit g.co/privacytools at any time.
Reject all
Accept all
More options
Privacy Policy
Terms of Service",https://news.google.com/rss/articles/CBMikAFBVV95cUxNenF6Vmxwd0JMajNIWmxJcGNWaldPUVROVVN2dEJ5T1JhR24yLTBvUTZYenJfMFdPLUFfOEFrbEpiZHhib3hwLTI1NjdBSmhwLU8zNXVUNUJocjA1cEZtQ21CU2l1TVV1UXNnS2tiODgzdV9sUzBYSUdETGdHTFdaLUtuWmFENlV0R0ZqVWNBOS0?oc=5
2024-04-03,AAPL,Apple,Apple Stock Flashes Ominous Death Cross; What's Next? - Investor's Business Daily,"EN
Sign in
Before you continue to Google
We use cookies and data to
Deliver and maintain Google services
Track outages and protect against spam, fraud, and abuse
Measure audience engagement and site statistics to understand how our services are used and enhance the quality of those services
If you choose to “Accept all,” we will also use cookies and data to
Develop and improve new services
Deliver and measure the effectiveness of ads
Show personalized content, depending on your settings
Show personalized ads, depending on your settings
If you choose to “Reject all,” we will not use cookies for these additional purposes.
Non-personalized content is influenced by things like the content you’re currently viewing, activity in your active Search session, and your location. Non-personalized ads are influenced by the content you’re currently viewing and your general location. Personalized content and ads can also include more relevant results, recommendations, and tailored ads based on past activity from this browser, like previous Google searches. We also use cookies and data to tailor the experience to be age-appropriate, if relevant.
Select “More options” to see additional information, including details about managing your privacy settings. You can also visit g.co/privacytools at any time.
Reject all
Accept all
More options
Privacy Policy
Terms of Service",https://news.google.com/rss/articles/CBMickFVX3lxTFBtVzlKTnBYUEVKMk1SWXFlWXdKT1lHbTF1Q0xZNkw2SkFVVHVQV244aE5Zeng2MmZQdkdfSGZIekxmWEFQNHpfQkJUT0xwR0twN1lvMGszNlJzeVBNdF9UcDlxVkM5YnFpb1l2Vlh4UExjQQ?oc=5
2024-05-15,AAPL,Apple,Apple’s Planning a $110B Stock Buyback. Here's Why. | Poole Thought Leadership - Poole College of Management,"EN
Sign in
Before you continue to Google
We use cookies and data to
Deliver and maintain Google services
Track outages and protect against spam, fraud, and abuse
Measure audience engagement and site statistics to understand how our services are used and enhance the quality of those services
If you choose to “Accept all,” we will also use cookies and data to
Develop and improve new services
Deliver and measure the effectiveness of ads
Show personalized content, depending on your settings
Show personalized ads, depending on your settings
If you choose to “Reject all,” we will not use cookies for these additional purposes.
Non-personalized content is influenced by things like the content you’re currently viewing, activity in your active Search session, and your location. Non-personalized ads are influenced by the content you’re currently viewing and your general location. Personalized content and ads can also include more relevant results, recommendations, and tailored ads based on past activity from this browser, like previous Google searches. We also use cookies and data to tailor the experience to be age-appropriate, if relevant.
Select “More options” to see additional information, including details about managing your privacy settings. You can also visit g.co/privacytools at any time.
Reject all
Accept all
More options
Privacy Policy
Terms of Service",https://news.google.com/rss/articles/CBMingFBVV95cUxPOUpLZnlWN0d3ZW9ZaEt0MUFEMXhhUVVDMkp6dVlmUWY3UFdxVkxfdV9NV0xiSlNGNnZxSEswS1o2dFBmNkVQWC04YlRqcmFub0F1VnVkYVIzVlp6RXpzaTdwZ2ZqV3JtamJJT3p5Q3VjTkUzZEtYcHVEY01zWmg4b1dOb2Y4UDAzUzJ2aldhamM4dUZmdVlTNkk3TlVxQQ?oc=5
2024-05-02,AAPL,Apple,"Apple stock price surges on dividend, stock buyback news despite plunge in iPhone sales - CBS News","EN
Sign in
Before you continue to Google
We use cookies and data to
Deliver and maintain Google services
Track outages and protect against spam, fraud, and abuse
Measure audience engagement and site statistics to understand how our services are used and enhance the quality of those services
If you choose to “Accept all,” we will also use cookies and data to
Develop and improve new services
Deliver and measure the effectiveness of ads
Show personalized content, depending on your settings
Show personalized ads, depending on your settings
If you choose to “Reject all,” we will not use cookies for these additional purposes.
Non-personalized content is influenced by things like the content you’re currently viewing, activity in your active Search session, and your location. Non-personalized ads are influenced by the content you’re currently viewing and your general location. Personalized content and ads can also include more relevant results, recommendations, and tailored ads based on past activity from this browser, like previous Google searches. We also use cookies and data to tailor the experience to be age-appropriate, if relevant.
Select “More options” to see additional information, including details about managing your privacy settings. You can also visit g.co/privacytools at any time.
Reject all
Accept all
More options
Privacy Policy
Terms of Service",https://news.google.com/rss/articles/CBMitwFBVV95cUxNaF9hOGwwT1BIOUFCSkNuS1RtY29SMEtaQlc1MzRLMnFMMXNlZ0tsbVZZc2RIbDFTUVdGbERibWxyYW5UOXRCcGk1bjJ0dHJpRVJ0WUxyVXRwdy1CSFlIdkNEZjdWUHI0NWs5LVl1ZDdYcVFmck93dUZlVGdFOVAxSmctWk5yb3NwRjJYVEpQLVphdFdXLVpTSkYyUWRZWFF2MkhxczdFbndibVYtT3p2WmJDWWZ3YjDSAbwBQVVfeXFMT3V1czYtbjR2ZjRXeE05bjFHWWZpZEFGUHZqN0hWeVZ6RXBzTUg2V1pWdS1jVW9yV2ZsQ3duc2lCWHdqTFJMOUV3QmktaEVMNVY2NXNySERVRDJxVVQyRjQ3Q1AyYW1DOXVEdEgtcVlnbTVZMHdxOF80WXJyX29DSTRqeHF2OTFJZGJzU2xqUFJuR2pvR21RSnd3VFJjZDNyVWFvMmVINXdFcC1TQ1ZKVWIxa211eFhLY3VvaFg?oc=5
2024-05-03,AAPL,Apple,"Apple stock pops 6% after results top estimates, company reveals $110 billion buyback - Yahoo Finance","EN
Sign in
Before you continue to Google
We use cookies and data to
Deliver and maintain Google services
Track outages and protect against spam, fraud, and abuse
Measure audience engagement and site statistics to understand how our services are used and enhance the quality of those services
If you choose to “Accept all,” we will also use cookies and data to
Develop and improve new services
Deliver and measure the effectiveness of ads
Show personalized content, depending on your settings
Show personalized ads, depending on your settings
If you choose to “Reject all,” we will not use cookies for these additional purposes.
Non-personalized content is influenced by things like the content you’re currently viewing, activity in your active Search session, and your location. Non-personalized ads are influenced by the content you’re currently viewing and your general location. Personalized content and ads can also include more relevant results, recommendations, and tailored ads based on past activity from this browser, like previous Google searches. We also use cookies and data to tailor the experience to be age-appropriate, if relevant.
Select “More options” to see additional information, including details about managing your privacy settings. You can also visit g.co/privacytools at any time.
Reject all
Accept all
More options
Privacy Policy
Terms of Service",https://news.google.com/rss/articles/CBMixwFBVV95cUxOTXktbmRFN0dQZlpkdG1uWUVzN3dnSGVkT29FcXNMT1RyLTNqOGFJbldjR2ZDZ1U0U2hTVm4zTFhVQWhhZjJYclYteDhWVnVlSTVCa0ozN0kxZnRBREN4bksxOGJFODBPZmx1eXZZTGVJNE9uVmZqX0VwdzNpYk9WQjNWOGUxRXVoQUdCSVhxRmUyM3RYSjNoVmdIMFcxd0NvTWpibnE5Yl9ER29acEM5dkU1eXAtUDFTMFV3Y1piVzI2ZXVjY1Vz?oc=5
2024-05-03,AAPL,Apple,"Apple stock has best day since 2022 after earnings beat, $110 billion stock buyback - CNBC","EN
Sign in
Before you continue to Google
We use cookies and data to
Deliver and maintain Google services
Track outages and protect against spam, fraud, and abuse
Measure audience engagement and site statistics to understand how our services are used and enhance the quality of those services
If you choose to “Accept all,” we will also use cookies and data to
Develop and improve new services
Deliver and measure the effectiveness of ads
Show personalized content, depending on your settings
Show personalized ads, depending on your settings
If you choose to “Reject all,” we will not use cookies for these additional purposes.
Non-personalized content is influenced by things like the content you’re currently viewing, activity in your active Search session, and your location. Non-personalized ads are influenced by the content you’re currently viewing and your general location. Personalized content and ads can also include more relevant results, recommendations, and tailored ads based on past activity from this browser, like previous Google searches. We also use cookies and data to tailor the experience to be age-appropriate, if relevant.
Select “More options” to see additional information, including details about managing your privacy settings. You can also visit g.co/privacytools at any time.
Reject all
Accept all
More options
Privacy Policy
Terms of Service",https://news.google.com/rss/articles/CBMiogFBVV95cUxQTE1yMEJpZjNPNTFqeU5oSFFnSERmZnFPNDZ4OWhtR2xFbHB5SjhVdlNhRG5SZ1psYVdsLW5VNWpuQlMxMUdDdUVhVzJZM3F0S1lBbGFYWEYxRE5FUXhpQWxWMnJIWm5HTk03R1RpblAxTFpZTU9LY0Vlbjg4em5LR0loLXJxSVRJdDd1dU9DbDh1R29BUnk1Q05oTFFKWW1uLVHSAacBQVVfeXFMT1hSRzkwVVE5WHpwbm1vVm5fWE4yWjVlSTdMSzFJcmJHX2dLUEFwamVTbHkybG9jMm40R3FmdVFXQTZnWE9CaW1Va3psRXdSSWJlbHJycjZTcllPbmJjeW1DSFR0cy1xVkMzZ3QxVmMxb2txcGVEQlhTSjVsRTl5dUJrM1FHZno2UkF2Y05zakl1SE9nSGRybFBrNF93eG9DRXk2MjJtQjg?oc=5
2024-05-19,AAPL,Apple,3 Reasons to Buy Apple Stock Like There's No Tomorrow - Nasdaq,"EN
Sign in
Before you continue to Google
We use cookies and data to
Deliver and maintain Google services
Track outages and protect against spam, fraud, and abuse
Measure audience engagement and site statistics to understand how our services are used and enhance the quality of those services
If you choose to “Accept all,” we will also use cookies and data to
Develop and improve new services
Deliver and measure the effectiveness of ads
Show personalized content, depending on your settings
Show personalized ads, depending on your settings
If you choose to “Reject all,” we will not use cookies for these additional purposes.
Non-personalized content is influenced by things like the content you’re currently viewing, activity in your active Search session, and your location. Non-personalized ads are influenced by the content you’re currently viewing and your general location. Personalized content and ads can also include more relevant results, recommendations, and tailored ads based on past activity from this browser, like previous Google searches. We also use cookies and data to tailor the experience to be age-appropriate, if relevant.
Select “More options” to see additional information, including details about managing your privacy settings. You can also visit g.co/privacytools at any time.
Reject all
Accept all
More options
Privacy Policy
Terms of Service",https://news.google.com/rss/articles/CBMijwFBVV95cUxNckxkN2dZTmFyMUoyNVd5WDFEbTZPUWdza0pQdGRwZVFFc1pwVVcyU3hnU3lQckZoaElfREVrcnhhMkFkaG9qaUxJZ0JYRzlWTUJLR3BJSWRFMzFKbUU2cTBvTW5ISHI4MmVRbW1ob0hab3lpTDh3UTJjaGxLRWJLUHIzUndOMG8zV3BSLWc1dw?oc=5
2024-05-03,AAPL,Apple,Apple shares jump as record buyback and upbeat forecast lure investors - Reuters,"EN
Sign in
Before you continue to Google
We use cookies and data to
Deliver and maintain Google services
Track outages and protect against spam, fraud, and abuse
Measure audience engagement and site statistics to understand how our services are used and enhance the quality of those services
If you choose to “Accept all,” we will also use cookies and data to
Develop and improve new services
Deliver and measure the effectiveness of ads
Show personalized content, depending on your settings
Show personalized ads, depending on your settings
If you choose to “Reject all,” we will not use cookies for these additional purposes.
Non-personalized content is influenced by things like the content you’re currently viewing, activity in your active Search session, and your location. Non-personalized ads are influenced by the content you’re currently viewing and your general location. Personalized content and ads can also include more relevant results, recommendations, and tailored ads based on past activity from this browser, like previous Google searches. We also use cookies and data to tailor the experience to be age-appropriate, if relevant.
Select “More options” to see additional information, including details about managing your privacy settings. You can also visit g.co/privacytools at any time.
Reject all
Accept all
More options
Privacy Policy
Terms of Service",https://news.google.com/rss/articles/CBMitwFBVV95cUxQRTJYa1h6Z2pTZm5rd3VkMjdMSjlDX2tZR1BnYW1YT0Q1Qkt4UUhRSzRFUmpfLXRnZzZSMTZWYy12R2VuWFA5N19LVGxwSndCQnhNT25PRUlVQ3JRdm9tWGdhZUNZZG9XWkNzWEhmQTlvVDlTMTFaNnQ2ZU1fWWxhVFRVM1lmR0VqbXBPZnYyZUpybVJMVjJsM3VQUDFYM3M4OWVBWFViN244cUdtTkZUOGNYc1Vid2s?oc=5
2024-05-29,AAPL,Apple,"Buy Apple Stock, Analyst Says. AI-Powered iPhones Will Be a ‘Once In a Decade’ Event. - Barron's","EN
Sign in
Before you continue to Google
We use cookies and data to
Deliver and maintain Google services
Track outages and protect against spam, fraud, and abuse
Measure audience engagement and site statistics to understand how our services are used and enhance the quality of those services
If you choose to “Accept all,” we will also use cookies and data to
Develop and improve new services
Deliver and measure the effectiveness of ads
Show personalized content, depending on your settings
Show personalized ads, depending on your settings
If you choose to “Reject all,” we will not use cookies for these additional purposes.
Non-personalized content is influenced by things like the content you’re currently viewing, activity in your active Search session, and your location. Non-personalized ads are influenced by the content you’re currently viewing and your general location. Personalized content and ads can also include more relevant results, recommendations, and tailored ads based on past activity from this browser, like previous Google searches. We also use cookies and data to tailor the experience to be age-appropriate, if relevant.
Select “More options” to see additional information, including details about managing your privacy settings. You can also visit g.co/privacytools at any time.
Reject all
Accept all
More options
Privacy Policy
Terms of Service",https://news.google.com/rss/articles/CBMigAFBVV95cUxNZElZQnJucWdaQlhJaHVvSExySTFvcWhsc3NGVW42MW1mZlpMZ0FteHUtdTBMeGNYcjVzWFUzZ1Q3bDJrbWIweDhQc0pMVDE2Q1hqNS1YRnpCSnVqMFh1NXpZXy10R1pnbm9JYjQyZkRQNkVCSGNCTFo5Vm9mckFCUg?oc=5
2024-05-06,AAPL,Apple,Apple Stock in Focus After Berkshire Reduces Holding—Monitor These Key Price Levels - Investopedia,"EN
Sign in
Before you continue to Google
We use cookies and data to
Deliver and maintain Google services
Track outages and protect against spam, fraud, and abuse
Measure audience engagement and site statistics to understand how our services are used and enhance the quality of those services
If you choose to “Accept all,” we will also use cookies and data to
Develop and improve new services
Deliver and measure the effectiveness of ads
Show personalized content, depending on your settings
Show personalized ads, depending on your settings
If you choose to “Reject all,” we will not use cookies for these additional purposes.
Non-personalized content is influenced by things like the content you’re currently viewing, activity in your active Search session, and your location. Non-personalized ads are influenced by the content you’re currently viewing and your general location. Personalized content and ads can also include more relevant results, recommendations, and tailored ads based on past activity from this browser, like previous Google searches. We also use cookies and data to tailor the experience to be age-appropriate, if relevant.
Select “More options” to see additional information, including details about managing your privacy settings. You can also visit g.co/privacytools at any time.
Reject all
Accept all
More options
Privacy Policy
Terms of Service",https://news.google.com/rss/articles/CBMitwFBVV95cUxOLWxmNFFZdnZpUmZDeHVVbm9SRHFjWm5EVjZBM1lxMDBwcndJb1pid21oNXc0UkU5djZwQVNVR3VZRThmQlFZS2x6T0JJejlzVk1LR3B4Mk42RkhpZnVZYV9temY5aGFMY2k2REliX2RidWhNQnR3Tnl5UEJocVRVR05yVEZaNnFjZWdZeEZSWUlYcEIwNTZSeUxMNklXdXB3VEszX3ZCcUNHVU9OMzJDSjRxM2hTVTA?oc=5
2024-05-05,AAPL,Apple,"Warren Buffett Just Sold More Than 100 Million Shares of Apple, and the Reason Is Eye-Opening - Inc.com","EN
Sign in
Before you continue to Google
We use cookies and data to
Deliver and maintain Google services
Track outages and protect against spam, fraud, and abuse
Measure audience engagement and site statistics to understand how our services are used and enhance the quality of those services
If you choose to “Accept all,” we will also use cookies and data to
Develop and improve new services
Deliver and measure the effectiveness of ads
Show personalized content, depending on your settings
Show personalized ads, depending on your settings
If you choose to “Reject all,” we will not use cookies for these additional purposes.
Non-personalized content is influenced by things like the content you’re currently viewing, activity in your active Search session, and your location. Non-personalized ads are influenced by the content you’re currently viewing and your general location. Personalized content and ads can also include more relevant results, recommendations, and tailored ads based on past activity from this browser, like previous Google searches. We also use cookies and data to tailor the experience to be age-appropriate, if relevant.
Select “More options” to see additional information, including details about managing your privacy settings. You can also visit g.co/privacytools at any time.
Reject all
Accept all
More options
Privacy Policy
Terms of Service",https://news.google.com/rss/articles/CBMixwFBVV95cUxQZzM4YjFIVkM0R0VJMW9uVkJHby1GX1lfdjQ3dlhHY09IbnBtbHFqSmsxRU1nb0xIUF90Nm81bmVodWx2NGlWV0dFeWRBVlRlMzdtS2Z5QlNGZjg2SUlnNmZJUk1TVG9QNU53UkowREp4Z1FIWG5lSGE1T1ZhXzEyc1VRRWVxYnV4LVdHMUo4aDFxTzZ6QjZ3RHhSVkE0eHFjX1l5WnZVR0pGaU15N0pxQXRfbmRBdVlnbzFxb3dMdmM5YXFTcF9j?oc=5
2024-05-16,AAPL,Apple,Apple (AAPL) Shares Are Back to Winning Ways as AI Optimism Builds - Bloomberg,"EN
Sign in
Before you continue to Google
We use cookies and data to
Deliver and maintain Google services
Track outages and protect against spam, fraud, and abuse
Measure audience engagement and site statistics to understand how our services are used and enhance the quality of those services
If you choose to “Accept all,” we will also use cookies and data to
Develop and improve new services
Deliver and measure the effectiveness of ads
Show personalized content, depending on your settings
Show personalized ads, depending on your settings
If you choose to “Reject all,” we will not use cookies for these additional purposes.
Non-personalized content is influenced by things like the content you’re currently viewing, activity in your active Search session, and your location. Non-personalized ads are influenced by the content you’re currently viewing and your general location. Personalized content and ads can also include more relevant results, recommendations, and tailored ads based on past activity from this browser, like previous Google searches. We also use cookies and data to tailor the experience to be age-appropriate, if relevant.
Select “More options” to see additional information, including details about managing your privacy settings. You can also visit g.co/privacytools at any time.
Reject all
Accept all
More options
Privacy Policy
Terms of Service",https://news.google.com/rss/articles/CBMirwFBVV95cUxNUmc4TFdfSG1iSjJKNXpKb0sxQ18yemF1SDNZMGFfSThQdS00YWhwdjRlSUVYY0YyY3Fua0lqUWY2VVBITWhMT3EwYTVvN3oydW9SYXgzMzZObGFEY1l6QmFEa3p6ZzczRk5SLUtsZWNGWmswaWJXRU9MeG4zYTZyQ2F6Q2FPcC1SZm9hSjlOLTlZZDV4bk4yeW9wNVZaTl9Ca1N4U2pDMGtKSGFoZ0g4?oc=5
2024-05-28,AAPL,Apple,Apple Hearing Study shares preliminary insights on tinnitus - Apple,"EN
Sign in
Before you continue to Google
We use cookies and data to
Deliver and maintain Google services
Track outages and protect against spam, fraud, and abuse
Measure audience engagement and site statistics to understand how our services are used and enhance the quality of those services
If you choose to “Accept all,” we will also use cookies and data to
Develop and improve new services
Deliver and measure the effectiveness of ads
Show personalized content, depending on your settings
Show personalized ads, depending on your settings
If you choose to “Reject all,” we will not use cookies for these additional purposes.
Non-personalized content is influenced by things like the content you’re currently viewing, activity in your active Search session, and your location. Non-personalized ads are influenced by the content you’re currently viewing and your general location. Personalized content and ads can also include more relevant results, recommendations, and tailored ads based on past activity from this browser, like previous Google searches. We also use cookies and data to tailor the experience to be age-appropriate, if relevant.
Select “More options” to see additional information, including details about managing your privacy settings. You can also visit g.co/privacytools at any time.
Reject all
Accept all
More options
Privacy Policy
Terms of Service",https://news.google.com/rss/articles/CBMioAFBVV95cUxQY2VPUWlocGFvSVRTdkI3Tko3NjVIR1JkRUpzOFJKZ21aTjZTNDY4cHc1NG9wcmVJQ0pneEozVDlJX1c1LW0wRjZJVVdoSjkwcUNaTkc1ZVpMQjJzcEhDdmNBSXNYZDJXaFk2QWpJSWs0OEU5aC1TS2tpWUtoY1ZjN05MMTBsZEY0N2VXV3RBUldPemt1V2FZSHlHQW5TMU1s?oc=5
2024-05-06,AAPL,Apple,Where Will Apple Stock Be in 1 Year? - The Motley Fool,"EN
Sign in
Before you continue to Google
We use cookies and data to
Deliver and maintain Google services
Track outages and protect against spam, fraud, and abuse
Measure audience engagement and site statistics to understand how our services are used and enhance the quality of those services
If you choose to “Accept all,” we will also use cookies and data to
Develop and improve new services
Deliver and measure the effectiveness of ads
Show personalized content, depending on your settings
Show personalized ads, depending on your settings
If you choose to “Reject all,” we will not use cookies for these additional purposes.
Non-personalized content is influenced by things like the content you’re currently viewing, activity in your active Search session, and your location. Non-personalized ads are influenced by the content you’re currently viewing and your general location. Personalized content and ads can also include more relevant results, recommendations, and tailored ads based on past activity from this browser, like previous Google searches. We also use cookies and data to tailor the experience to be age-appropriate, if relevant.
Select “More options” to see additional information, including details about managing your privacy settings. You can also visit g.co/privacytools at any time.
Reject all
Accept all
More options
Privacy Policy
Terms of Service",https://news.google.com/rss/articles/CBMihAFBVV95cUxPVG4xNHRxbmdrT25xWUZkLXo0V0ZEb3ozb3FvM25qdFc2TnI4NW5fR205N1N3WTJzU2hvb0JBclVnSkwzRHRReGRyc3B0cXFsUHdCVHhZUHQ2c1d1SXdLNjM4U09mNnhpdl9zLWNhNDBOSDBoM2xDVXdBeUhGcDVkdFVMd3o?oc=5
2024-05-13,AAPL,Apple,Apple Reportedly Close To Deal With OpenAI To Add AI Features To iPhone - Investor's Business Daily,"EN
Sign in
Before you continue to Google
We use cookies and data to
Deliver and maintain Google services
Track outages and protect against spam, fraud, and abuse
Measure audience engagement and site statistics to understand how our services are used and enhance the quality of those services
If you choose to “Accept all,” we will also use cookies and data to
Develop and improve new services
Deliver and measure the effectiveness of ads
Show personalized content, depending on your settings
Show personalized ads, depending on your settings
If you choose to “Reject all,” we will not use cookies for these additional purposes.
Non-personalized content is influenced by things like the content you’re currently viewing, activity in your active Search session, and your location. Non-personalized ads are influenced by the content you’re currently viewing and your general location. Personalized content and ads can also include more relevant results, recommendations, and tailored ads based on past activity from this browser, like previous Google searches. We also use cookies and data to tailor the experience to be age-appropriate, if relevant.
Select “More options” to see additional information, including details about managing your privacy settings. You can also visit g.co/privacytools at any time.
Reject all
Accept all
More options
Privacy Policy
Terms of Service",https://news.google.com/rss/articles/CBMimAFBVV95cUxQVnJ2dHZ5NWtqYnlpaDBGNVNJMUo4TGJmRUNQZVVVMGxqcHdwYzN6TEdMc2g0MlFhSTF6aUx0ckdXMVYxUEZsb3UzNDhtZmVCWlpoOWg1WmRtS1dBMWJYeXpiaW40R0FtUkRNR1ZfWTFoNVhZVTlFT3lYajZYR0VMOGNxZGtHWEp4a3FPUlBBcFc0WUJtbGY1Vg?oc=5
2024-05-03,AAPL,Apple,Apple Is Buffett’s Best Investment. It’s Also Now One of His Riskiest. - WSJ,"EN
Sign in
Before you continue to Google
We use cookies and data to
Deliver and maintain Google services
Track outages and protect against spam, fraud, and abuse
Measure audience engagement and site statistics to understand how our services are used and enhance the quality of those services
If you choose to “Accept all,” we will also use cookies and data to
Develop and improve new services
Deliver and measure the effectiveness of ads
Show personalized content, depending on your settings
Show personalized ads, depending on your settings
If you choose to “Reject all,” we will not use cookies for these additional purposes.
Non-personalized content is influenced by things like the content you’re currently viewing, activity in your active Search session, and your location. Non-personalized ads are influenced by the content you’re currently viewing and your general location. Personalized content and ads can also include more relevant results, recommendations, and tailored ads based on past activity from this browser, like previous Google searches. We also use cookies and data to tailor the experience to be age-appropriate, if relevant.
Select “More options” to see additional information, including details about managing your privacy settings. You can also visit g.co/privacytools at any time.
Reject all
Accept all
More options
Privacy Policy
Terms of Service",https://news.google.com/rss/articles/CBMirwFBVV95cUxPZ0NCSndaZF9pUVNGMEl0YVFzZWgtZUNFbTU3WllzTmNIaklyclhaNVNXRjRQMjVZUXRtLXl2MWVpQ0ZHT19qZWFWRS11NFltcXFTS3BGQXVzVl9Bcmx0dlEtaU1Jek5vdS1MVnZCc0ZpOUJmVDE2cWoyc184SmJZMGRyZHFKeTRRRmhROVc5SnlCY2MwNmFrQzRBMS1yTldCU0g0OTVOLUJ1UkNlLVFN?oc=5
2024-05-03,AAPL,Apple,"Stock Market Today: Stocks Soar on Apple Buyback News, Jobs Data - Kiplinger","EN
Sign in
Before you continue to Google
We use cookies and data to
Deliver and maintain Google services
Track outages and protect against spam, fraud, and abuse
Measure audience engagement and site statistics to understand how our services are used and enhance the quality of those services
If you choose to “Accept all,” we will also use cookies and data to
Develop and improve new services
Deliver and measure the effectiveness of ads
Show personalized content, depending on your settings
Show personalized ads, depending on your settings
If you choose to “Reject all,” we will not use cookies for these additional purposes.
Non-personalized content is influenced by things like the content you’re currently viewing, activity in your active Search session, and your location. Non-personalized ads are influenced by the content you’re currently viewing and your general location. Personalized content and ads can also include more relevant results, recommendations, and tailored ads based on past activity from this browser, like previous Google searches. We also use cookies and data to tailor the experience to be age-appropriate, if relevant.
Select “More options” to see additional information, including details about managing your privacy settings. You can also visit g.co/privacytools at any time.
Reject all
Accept all
More options
Privacy Policy
Terms of Service",https://news.google.com/rss/articles/CBMiqAFBVV95cUxPeEhiS1ZzRUhXZVdRaGc2d201dWFPX09ETkxyZC15UnMyUWY3eXV4MXJ1bkpqcW5SUUd5QnlCX3pJSGh6YUg5aHNHRnMxcGtUempDeHFuOTFPWFFITUUwd0ZiRUhTWDJyc200MWRxdGQ0WnBjNUVwZS1NQkVMTjgzZE13cEMtc3NRVi1iWHZOT3NnOGtpXzNQd2tjUlRuS3NqM1Z0Z0V0YjU?oc=5
2024-05-22,AAPL,Apple,Here's Why I Wouldn't Touch Apple Stock With a 10-Foot Pole - Yahoo Finance,"EN
Sign in
Before you continue to Google
We use cookies and data to
Deliver and maintain Google services
Track outages and protect against spam, fraud, and abuse
Measure audience engagement and site statistics to understand how our services are used and enhance the quality of those services
If you choose to “Accept all,” we will also use cookies and data to
Develop and improve new services
Deliver and measure the effectiveness of ads
Show personalized content, depending on your settings
Show personalized ads, depending on your settings
If you choose to “Reject all,” we will not use cookies for these additional purposes.
Non-personalized content is influenced by things like the content you’re currently viewing, activity in your active Search session, and your location. Non-personalized ads are influenced by the content you’re currently viewing and your general location. Personalized content and ads can also include more relevant results, recommendations, and tailored ads based on past activity from this browser, like previous Google searches. We also use cookies and data to tailor the experience to be age-appropriate, if relevant.
Select “More options” to see additional information, including details about managing your privacy settings. You can also visit g.co/privacytools at any time.
Reject all
Accept all
More options
Privacy Policy
Terms of Service",https://news.google.com/rss/articles/CBMigAFBVV95cUxNNFlzNVRZN2xBQVV4WUM4UTQ1QVltM2NhLV9pZVFubWUtcDFGaXlONG5hMldqb1NxZDJiRmJ6Qk1qeFh1WndaZW03SGhPYjAyYmQtMG55T2x2Rk4tTFJRbDdaSGNEZUlIZE56RnJvdW95MjJteHkzejJfemJRRWdBcQ?oc=5
2024-05-04,AAPL,Apple,Berkshire Hathaway Sliced Its Apple Stock Holdings In The First Quarter - Investopedia,"EN
Sign in
Before you continue to Google
We use cookies and data to
Deliver and maintain Google services
Track outages and protect against spam, fraud, and abuse
Measure audience engagement and site statistics to understand how our services are used and enhance the quality of those services
If you choose to “Accept all,” we will also use cookies and data to
Develop and improve new services
Deliver and measure the effectiveness of ads
Show personalized content, depending on your settings
Show personalized ads, depending on your settings
If you choose to “Reject all,” we will not use cookies for these additional purposes.
Non-personalized content is influenced by things like the content you’re currently viewing, activity in your active Search session, and your location. Non-personalized ads are influenced by the content you’re currently viewing and your general location. Personalized content and ads can also include more relevant results, recommendations, and tailored ads based on past activity from this browser, like previous Google searches. We also use cookies and data to tailor the experience to be age-appropriate, if relevant.
Select “More options” to see additional information, including details about managing your privacy settings. You can also visit g.co/privacytools at any time.
Reject all
Accept all
More options
Privacy Policy
Terms of Service",https://news.google.com/rss/articles/CBMiogFBVV95cUxNZjNpWm1DS256dHZGWXVIeTVVczBfaFFfb2VLSDlZYkVDb3BLTG50ZnpNRndLTWQ0QkZDMjRhaFNyUVlZQVc3bjh0Tkk1TVlsaXBQdGk2cjFyeFcxa2RTZTVWaVprMVQ5VWg0MVR3blpXSEVpZDhyYVRWZ2FfWFZ6V0NwVW9hZ3VQVGRlajNoRkRVS2hmUFBQUXRrRjZWb054Rmc?oc=5
2024-05-27,AAPL,Apple,"Switzerland’s Central Bank Sold Apple Stock, and More. It Bought Virgin Galactic. - Barron's","EN
Sign in
Before you continue to Google
We use cookies and data to
Deliver and maintain Google services
Track outages and protect against spam, fraud, and abuse
Measure audience engagement and site statistics to understand how our services are used and enhance the quality of those services
If you choose to “Accept all,” we will also use cookies and data to
Develop and improve new services
Deliver and measure the effectiveness of ads
Show personalized content, depending on your settings
Show personalized ads, depending on your settings
If you choose to “Reject all,” we will not use cookies for these additional purposes.
Non-personalized content is influenced by things like the content you’re currently viewing, activity in your active Search session, and your location. Non-personalized ads are influenced by the content you’re currently viewing and your general location. Personalized content and ads can also include more relevant results, recommendations, and tailored ads based on past activity from this browser, like previous Google searches. We also use cookies and data to tailor the experience to be age-appropriate, if relevant.
Select “More options” to see additional information, including details about managing your privacy settings. You can also visit g.co/privacytools at any time.
Reject all
Accept all
More options
Privacy Policy
Terms of Service",https://news.google.com/rss/articles/CBMiiwFBVV95cUxOaGdLU05PM2p1MFh3M2UzaVNYWWtENjRYSzVlVWkwS2JGWnNDZm5DVi1GQTRFU1dzQi1TZmNzN0twSGhWczcxbVVmcC1kYjJlSElQemdnN0pGSk1waGZaSDE2WEJra2ZLSi1NNFEwdHVkWENkSE1Zb0V5ckNQNHhJdng5RGRfc2VnaW1n?oc=5
2024-05-24,AAPL,Apple,"Apple stock is poised to surge nearly 50% as it heads toward its most important day in a decade, Wedbush says - Yahoo","EN
Sign in
Before you continue to Google
We use cookies and data to
Deliver and maintain Google services
Track outages and protect against spam, fraud, and abuse
Measure audience engagement and site statistics to understand how our services are used and enhance the quality of those services
If you choose to “Accept all,” we will also use cookies and data to
Develop and improve new services
Deliver and measure the effectiveness of ads
Show personalized content, depending on your settings
Show personalized ads, depending on your settings
If you choose to “Reject all,” we will not use cookies for these additional purposes.
Non-personalized content is influenced by things like the content you’re currently viewing, activity in your active Search session, and your location. Non-personalized ads are influenced by the content you’re currently viewing and your general location. Personalized content and ads can also include more relevant results, recommendations, and tailored ads based on past activity from this browser, like previous Google searches. We also use cookies and data to tailor the experience to be age-appropriate, if relevant.
Select “More options” to see additional information, including details about managing your privacy settings. You can also visit g.co/privacytools at any time.
Reject all
Accept all
More options
Privacy Policy
Terms of Service",https://news.google.com/rss/articles/CBMihwFBVV95cUxNVkItTmdVdEVKMFhYenJTRXJqYmkyOUdjcjFyeF8yeVM1QUpTREhORFVpZmJVLWhRSUo3c3ZreGlnZ2JMbDg4bmpmWUhrOHVLR3JrN3NSTTcta0tDdkJ5MzJMeUVieHQ1QzlZbFRNRlN4OElZeTRPTW5CQnp2X3VEN21URTA0Qk0?oc=5
2024-05-14,AAPL,Apple,"If You'd Invested $10,000 in Apple Stock 5 Years Ago, Here's How Much You'd Have Today - Yahoo Finance","EN
Sign in
Before you continue to Google
We use cookies and data to
Deliver and maintain Google services
Track outages and protect against spam, fraud, and abuse
Measure audience engagement and site statistics to understand how our services are used and enhance the quality of those services
If you choose to “Accept all,” we will also use cookies and data to
Develop and improve new services
Deliver and measure the effectiveness of ads
Show personalized content, depending on your settings
Show personalized ads, depending on your settings
If you choose to “Reject all,” we will not use cookies for these additional purposes.
Non-personalized content is influenced by things like the content you’re currently viewing, activity in your active Search session, and your location. Non-personalized ads are influenced by the content you’re currently viewing and your general location. Personalized content and ads can also include more relevant results, recommendations, and tailored ads based on past activity from this browser, like previous Google searches. We also use cookies and data to tailor the experience to be age-appropriate, if relevant.
Select “More options” to see additional information, including details about managing your privacy settings. You can also visit g.co/privacytools at any time.
Reject all
Accept all
More options
Privacy Policy
Terms of Service",https://news.google.com/rss/articles/CBMifEFVX3lxTE0tOFRDSGN0Y19jSnFra1lVWS15QVRnWmpvSU5kTTh1SHpzb2x2TkhXcy1MRzdnbm1xRUxfaHIwekozNzFLMjJtZmhRczhPSlExSC1Cc21PS2ZXOWE1YmpUZ0lQZ0FydFNaeUM1QXk2by1xV3U4WFExZElwcFY?oc=5
2024-06-12,AAPL,Apple,Apple stock surges to record high after AI announcements - Yahoo Finance,"EN
Sign in
Before you continue to Google
We use cookies and data to
Deliver and maintain Google services
Track outages and protect against spam, fraud, and abuse
Measure audience engagement and site statistics to understand how our services are used and enhance the quality of those services
If you choose to “Accept all,” we will also use cookies and data to
Develop and improve new services
Deliver and measure the effectiveness of ads
Show personalized content, depending on your settings
Show personalized ads, depending on your settings
If you choose to “Reject all,” we will not use cookies for these additional purposes.
Non-personalized content is influenced by things like the content you’re currently viewing, activity in your active Search session, and your location. Non-personalized ads are influenced by the content you’re currently viewing and your general location. Personalized content and ads can also include more relevant results, recommendations, and tailored ads based on past activity from this browser, like previous Google searches. We also use cookies and data to tailor the experience to be age-appropriate, if relevant.
Select “More options” to see additional information, including details about managing your privacy settings. You can also visit g.co/privacytools at any time.
Reject all
Accept all
More options
Privacy Policy
Terms of Service",https://news.google.com/rss/articles/CBMipAFBVV95cUxOYkd5cmdWRDRSeHVvTFprQUtBSmdmYUlFODh5WHRQc0NfSlBJTHhtUDdHWldFazN6UzNaWVZ3YWRHcUpLM0x0cnluUWl5NS16NGpXUzJoTDFtM2dZdVJPeFdhSGMxU3FlSWpSOV9NMXRZaFhnQVB6OGNuYnRneUk3NUwwNXFhM1B1ZnZpWnQ3WmwyWDllSHMzYmVRRHcyMXZCcE9kcA?oc=5
2024-06-11,AAPL,Apple,Apple stock reaches record high after announcement of new AI features - The Guardian,"EN
Sign in
Before you continue to Google
We use cookies and data to
Deliver and maintain Google services
Track outages and protect against spam, fraud, and abuse
Measure audience engagement and site statistics to understand how our services are used and enhance the quality of those services
If you choose to “Accept all,” we will also use cookies and data to
Develop and improve new services
Deliver and measure the effectiveness of ads
Show personalized content, depending on your settings
Show personalized ads, depending on your settings
If you choose to “Reject all,” we will not use cookies for these additional purposes.
Non-personalized content is influenced by things like the content you’re currently viewing, activity in your active Search session, and your location. Non-personalized ads are influenced by the content you’re currently viewing and your general location. Personalized content and ads can also include more relevant results, recommendations, and tailored ads based on past activity from this browser, like previous Google searches. We also use cookies and data to tailor the experience to be age-appropriate, if relevant.
Select “More options” to see additional information, including details about managing your privacy settings. You can also visit g.co/privacytools at any time.
Reject all
Accept all
More options
Privacy Policy
Terms of Service",https://news.google.com/rss/articles/CBMilAFBVV95cUxNWTFEdzdUUm5jbEFnWjk3UkZUamZSVHVFSUk0ZEwzLXJFOFgwcE00SVRqdHN3R05MYTFhU3JuRjNrOWFvd2E0cHpXLU9aSDVpZ3BhY2UweVdmTlhSTWRiYjE3ZlU0R1VNTHF1NmNJQnN3OVlXd3N1OU9sN2pLamJpYXJnNTNDRlZOVTEtWmtoanZmeENE?oc=5
2024-06-11,AAPL,Apple,Apple Stock Hits Record High on Anticipation of AI-Fueled Growth - Investopedia,"EN
Sign in
Before you continue to Google
We use cookies and data to
Deliver and maintain Google services
Track outages and protect against spam, fraud, and abuse
Measure audience engagement and site statistics to understand how our services are used and enhance the quality of those services
If you choose to “Accept all,” we will also use cookies and data to
Develop and improve new services
Deliver and measure the effectiveness of ads
Show personalized content, depending on your settings
Show personalized ads, depending on your settings
If you choose to “Reject all,” we will not use cookies for these additional purposes.
Non-personalized content is influenced by things like the content you’re currently viewing, activity in your active Search session, and your location. Non-personalized ads are influenced by the content you’re currently viewing and your general location. Personalized content and ads can also include more relevant results, recommendations, and tailored ads based on past activity from this browser, like previous Google searches. We also use cookies and data to tailor the experience to be age-appropriate, if relevant.
Select “More options” to see additional information, including details about managing your privacy settings. You can also visit g.co/privacytools at any time.
Reject all
Accept all
More options
Privacy Policy
Terms of Service",https://news.google.com/rss/articles/CBMiowFBVV95cUxQN3d2UThPYXBaYVNhNjd4QkVFcTRnaFMwUEIyTEFjem9SZUxNOTVVenVXdUJnOGgwOVcxQkdRMWkxQnhPMHBJZW0ySVl1cnBodXN2SkZWY2haekpzRU5fcjVodFR4aE9IUEtIbEpYSGw5aDcxNGliQk13SFMzd1g1WDM5azdMNWNfLURzV1BrMklTaEctVTFKU0lRd2dzYUJaOUFr?oc=5
2024-06-05,AAPL,Apple,Apple Stock Is on a Tear - WSJ,"EN
Sign in
Before you continue to Google
We use cookies and data to
Deliver and maintain Google services
Track outages and protect against spam, fraud, and abuse
Measure audience engagement and site statistics to understand how our services are used and enhance the quality of those services
If you choose to “Accept all,” we will also use cookies and data to
Develop and improve new services
Deliver and measure the effectiveness of ads
Show personalized content, depending on your settings
Show personalized ads, depending on your settings
If you choose to “Reject all,” we will not use cookies for these additional purposes.
Non-personalized content is influenced by things like the content you’re currently viewing, activity in your active Search session, and your location. Non-personalized ads are influenced by the content you’re currently viewing and your general location. Personalized content and ads can also include more relevant results, recommendations, and tailored ads based on past activity from this browser, like previous Google searches. We also use cookies and data to tailor the experience to be age-appropriate, if relevant.
Select “More options” to see additional information, including details about managing your privacy settings. You can also visit g.co/privacytools at any time.
Reject all
Accept all
More options
Privacy Policy
Terms of Service",https://news.google.com/rss/articles/CBMi0gFBVV95cUxQUUJpOVJFVmJFVDFhdEVUWmtMbmQxeXdIaVJMWE5TVzF6NmZjNDFvemNhNl81OU5MaEh3dlBYQ1R2Tzloa29qeW0tUHp1OU5wb01xMURIOTZhNWZkd09yb0VRMGkxOEU5TXg5c0RfOHY5MmtaUndSVmM4a2dOSGhIX1ZBWWFSOHIzWEd4cVhmV0hibFMyZHJ6U1VPZEFwaEZ0TkpLM1dzLXV2R2NNNmpFM3ItN0Y0UXM3aHNGZTJEaUtySlB4ZFcxUnFoQ2xKM3JfNnc?oc=5
2024-06-13,AAPL,Apple,Is Apple Stock A Buy After Record Stock Buyback Announcement? December Edition - Forbes,"EN
Sign in
Before you continue to Google
We use cookies and data to
Deliver and maintain Google services
Track outages and protect against spam, fraud, and abuse
Measure audience engagement and site statistics to understand how our services are used and enhance the quality of those services
If you choose to “Accept all,” we will also use cookies and data to
Develop and improve new services
Deliver and measure the effectiveness of ads
Show personalized content, depending on your settings
Show personalized ads, depending on your settings
If you choose to “Reject all,” we will not use cookies for these additional purposes.
Non-personalized content is influenced by things like the content you’re currently viewing, activity in your active Search session, and your location. Non-personalized ads are influenced by the content you’re currently viewing and your general location. Personalized content and ads can also include more relevant results, recommendations, and tailored ads based on past activity from this browser, like previous Google searches. We also use cookies and data to tailor the experience to be age-appropriate, if relevant.
Select “More options” to see additional information, including details about managing your privacy settings. You can also visit g.co/privacytools at any time.
Reject all
Accept all
More options
Privacy Policy
Terms of Service",https://news.google.com/rss/articles/CBMipgFBVV95cUxPa2RuZFQwc1lnVWlKRFhxSk5UQnBwUGxIV1A0Z05rN1dPSU9rU2pFWlRBb3ZSa2ViTVdtLVpRd1ZjOWVDV29uUzZQbG5BeGg0Q2IyeWhMcTVoc2hhVzByLXpmbnVjRkN6YkxzaEZBT3MySmdEaGlUZjdkNkFoQUtnaDlZYjZ2aUZza3NkN2ZaYVpCdHBSSUdYUDd0SWJ1RHZ2MWF6d0lB?oc=5
2024-06-11,AAPL,Apple,"Apple’s stock could be set to surge, if history is any indication - MarketWatch","EN
Sign in
Before you continue to Google
We use cookies and data to
Deliver and maintain Google services
Track outages and protect against spam, fraud, and abuse
Measure audience engagement and site statistics to understand how our services are used and enhance the quality of those services
If you choose to “Accept all,” we will also use cookies and data to
Develop and improve new services
Deliver and measure the effectiveness of ads
Show personalized content, depending on your settings
Show personalized ads, depending on your settings
If you choose to “Reject all,” we will not use cookies for these additional purposes.
Non-personalized content is influenced by things like the content you’re currently viewing, activity in your active Search session, and your location. Non-personalized ads are influenced by the content you’re currently viewing and your general location. Personalized content and ads can also include more relevant results, recommendations, and tailored ads based on past activity from this browser, like previous Google searches. We also use cookies and data to tailor the experience to be age-appropriate, if relevant.
Select “More options” to see additional information, including details about managing your privacy settings. You can also visit g.co/privacytools at any time.
Reject all
Accept all
More options
Privacy Policy
Terms of Service",https://news.google.com/rss/articles/CBMiqgFBVV95cUxNZUdMRFdHSUZuZUJpRmd3Ym0zVUYzQm1ROUVLMjlDVVJ6NkxfS1ZOTVF4bHZMYzJNWlVoaURBbTdkeVRsWS1tYU1PeDlfaXpweXBsZWw2QkhSR1BDQTVkal9xOTU3cVVycHJOUEdqdnBrcDg0U194Yk9zUFFkc2NZWno1Z2JQakhoRUhPRkFEQ3k2dEVIbi1GQWpXZV9kQTdjOGhNT19rWXdsdw?oc=5
2024-06-21,AAPL,Apple,Apple Stock Is on a Tear. How Far It Could Go. - Barron's,"EN
Sign in
Before you continue to Google
We use cookies and data to
Deliver and maintain Google services
Track outages and protect against spam, fraud, and abuse
Measure audience engagement and site statistics to understand how our services are used and enhance the quality of those services
If you choose to “Accept all,” we will also use cookies and data to
Develop and improve new services
Deliver and measure the effectiveness of ads
Show personalized content, depending on your settings
Show personalized ads, depending on your settings
If you choose to “Reject all,” we will not use cookies for these additional purposes.
Non-personalized content is influenced by things like the content you’re currently viewing, activity in your active Search session, and your location. Non-personalized ads are influenced by the content you’re currently viewing and your general location. Personalized content and ads can also include more relevant results, recommendations, and tailored ads based on past activity from this browser, like previous Google searches. We also use cookies and data to tailor the experience to be age-appropriate, if relevant.
Select “More options” to see additional information, including details about managing your privacy settings. You can also visit g.co/privacytools at any time.
Reject all
Accept all
More options
Privacy Policy
Terms of Service",https://news.google.com/rss/articles/CBMigwFBVV95cUxPUzBrM1FTVlpKS09kNTlweWlXMVFUdFNyNEhIMHo0cHRrbU5TZ3NiMV9hOFZ1d2pMUDZfc2N2RDJ2UVprc2hlMXVfTXN2dTNQN21KaUNuTl9IcFhrdWZOdk5aMVJlUF9GS2Z0WnppaDdmZ2ZUM0RfV2hTOEZzeVBQYnZ0WQ?oc=5
2024-06-10,AAPL,Apple,Apple AI Event Ends. Stock Down Nearly 2%. (Live Coverage) - Investor's Business Daily,"EN
Sign in
Before you continue to Google
We use cookies and data to
Deliver and maintain Google services
Track outages and protect against spam, fraud, and abuse
Measure audience engagement and site statistics to understand how our services are used and enhance the quality of those services
If you choose to “Accept all,” we will also use cookies and data to
Develop and improve new services
Deliver and measure the effectiveness of ads
Show personalized content, depending on your settings
Show personalized ads, depending on your settings
If you choose to “Reject all,” we will not use cookies for these additional purposes.
Non-personalized content is influenced by things like the content you’re currently viewing, activity in your active Search session, and your location. Non-personalized ads are influenced by the content you’re currently viewing and your general location. Personalized content and ads can also include more relevant results, recommendations, and tailored ads based on past activity from this browser, like previous Google searches. We also use cookies and data to tailor the experience to be age-appropriate, if relevant.
Select “More options” to see additional information, including details about managing your privacy settings. You can also visit g.co/privacytools at any time.
Reject all
Accept all
More options
Privacy Policy
Terms of Service",https://news.google.com/rss/articles/CBMiiAFBVV95cUxOdGVJeHJwX0taWHVJSEpXdTA1VDlpTmVaUjd6NWp2UjZmdllKZFNpdEVfZ3VYWXhkTTZvb2JBVnpjRUk4TnNISllwR19kQjJRbnFvelhheVp2clFXNmtHVHNuamJBcmRVWXBSWXR0NlNUZnVQOGpQQXZNNjF1ZlkxdldsaHBWRk9S?oc=5
2024-06-12,AAPL,Apple,Apple stock price closed at an all-time high: Why the surge despite a mixed reaction to its AI event? - Fast Company,"EN
Sign in
Before you continue to Google
We use cookies and data to
Deliver and maintain Google services
Track outages and protect against spam, fraud, and abuse
Measure audience engagement and site statistics to understand how our services are used and enhance the quality of those services
If you choose to “Accept all,” we will also use cookies and data to
Develop and improve new services
Deliver and measure the effectiveness of ads
Show personalized content, depending on your settings
Show personalized ads, depending on your settings
If you choose to “Reject all,” we will not use cookies for these additional purposes.
Non-personalized content is influenced by things like the content you’re currently viewing, activity in your active Search session, and your location. Non-personalized ads are influenced by the content you’re currently viewing and your general location. Personalized content and ads can also include more relevant results, recommendations, and tailored ads based on past activity from this browser, like previous Google searches. We also use cookies and data to tailor the experience to be age-appropriate, if relevant.
Select “More options” to see additional information, including details about managing your privacy settings. You can also visit g.co/privacytools at any time.
Reject all
Accept all
More options
Privacy Policy
Terms of Service",https://news.google.com/rss/articles/CBMiugFBVV95cUxNTWtYWUhKcS1GYjgxVVZ4SC0xeTJvQ3h6b3MwYlVxWnNqeTBnUEJDa0JRRmYtdmNvcF9tV0pPM1pvTkUxME4tUGxqbzI3VDZkdjU5NFFHb2JIbjMtVDc3OTF6LVkwSU5wb0dwQm9fWlhwM1JtMmJuakNlRVdXaFZyZGxLaVEySUszRWNzX3pJVjJ5aXpuNDltMGM4ck96d0FndUhkOXZhS0pUSFlGMjd2Q0I1M05aOG51c2c?oc=5
2024-06-13,AAPL,Apple,Apple Stock Has Been Soaring. Is It a Buy? - The Motley Fool,"EN
Sign in
Before you continue to Google
We use cookies and data to
Deliver and maintain Google services
Track outages and protect against spam, fraud, and abuse
Measure audience engagement and site statistics to understand how our services are used and enhance the quality of those services
If you choose to “Accept all,” we will also use cookies and data to
Develop and improve new services
Deliver and measure the effectiveness of ads
Show personalized content, depending on your settings
Show personalized ads, depending on your settings
If you choose to “Reject all,” we will not use cookies for these additional purposes.
Non-personalized content is influenced by things like the content you’re currently viewing, activity in your active Search session, and your location. Non-personalized ads are influenced by the content you’re currently viewing and your general location. Personalized content and ads can also include more relevant results, recommendations, and tailored ads based on past activity from this browser, like previous Google searches. We also use cookies and data to tailor the experience to be age-appropriate, if relevant.
Select “More options” to see additional information, including details about managing your privacy settings. You can also visit g.co/privacytools at any time.
Reject all
Accept all
More options
Privacy Policy
Terms of Service",https://news.google.com/rss/articles/CBMiiwFBVV95cUxONXl4Rnh2eHNOazlnMXMxWnlBZGpoUjZxd0syYmpnSVVMT3lMbFgyRGVkc0kzTEpFQ1U3Y2ZjcllyY3dyeThfQjVWOUxIdGhNN05zTXR5SzRHU0ZpejRBSEphX1Z4ZFNFS1V4SW1tLTdqbUN4cTkzd28za1A1OXcybGhNMnVpOW1GaFhj?oc=5
2024-06-11,AAPL,Apple,Watch Out for These Levels in Apple's Stock Price - Investopedia,"EN
Sign in
Before you continue to Google
We use cookies and data to
Deliver and maintain Google services
Track outages and protect against spam, fraud, and abuse
Measure audience engagement and site statistics to understand how our services are used and enhance the quality of those services
If you choose to “Accept all,” we will also use cookies and data to
Develop and improve new services
Deliver and measure the effectiveness of ads
Show personalized content, depending on your settings
Show personalized ads, depending on your settings
If you choose to “Reject all,” we will not use cookies for these additional purposes.
Non-personalized content is influenced by things like the content you’re currently viewing, activity in your active Search session, and your location. Non-personalized ads are influenced by the content you’re currently viewing and your general location. Personalized content and ads can also include more relevant results, recommendations, and tailored ads based on past activity from this browser, like previous Google searches. We also use cookies and data to tailor the experience to be age-appropriate, if relevant.
Select “More options” to see additional information, including details about managing your privacy settings. You can also visit g.co/privacytools at any time.
Reject all
Accept all
More options
Privacy Policy
Terms of Service",https://news.google.com/rss/articles/CBMijAFBVV95cUxOOWk3ZXlXUDNXcjJ5N1psalIwMFlZcFM0UDlRc3pGTlBNbUZaYTlaX2txNERiTjc5Y3hSbTB1QnB0blRGbkZrMV93eVpvRXlqenFEN281UkU1RnFlNVAzRHhLMzFPTlA1c0ZrbWRZSHU1VXdGNnJfZjBfd2lKc3FJeGJuTk1jNXRPNTNrcA?oc=5
2024-06-15,AAPL,Apple,Can Apple Stock Go Much Higher? Analysts Don't Think So: Here's Why. - Forbes,"EN
Sign in
Before you continue to Google
We use cookies and data to
Deliver and maintain Google services
Track outages and protect against spam, fraud, and abuse
Measure audience engagement and site statistics to understand how our services are used and enhance the quality of those services
If you choose to “Accept all,” we will also use cookies and data to
Develop and improve new services
Deliver and measure the effectiveness of ads
Show personalized content, depending on your settings
Show personalized ads, depending on your settings
If you choose to “Reject all,” we will not use cookies for these additional purposes.
Non-personalized content is influenced by things like the content you’re currently viewing, activity in your active Search session, and your location. Non-personalized ads are influenced by the content you’re currently viewing and your general location. Personalized content and ads can also include more relevant results, recommendations, and tailored ads based on past activity from this browser, like previous Google searches. We also use cookies and data to tailor the experience to be age-appropriate, if relevant.
Select “More options” to see additional information, including details about managing your privacy settings. You can also visit g.co/privacytools at any time.
Reject all
Accept all
More options
Privacy Policy
Terms of Service",https://news.google.com/rss/articles/CBMitAFBVV95cUxNeFNEOW5wREdsR25ydU1RY2c0R2xadUFmZlR6WkY3Tkx5UUFMZUR2WXktdzZGZnVQVXpEUGhnbnBvRjhPZTNoN1dpYm04TVZLM3daVjBZQjhqY0xYSlBQSGt1Vm1Yb21aUkFDYjQyZ2RhUy1kWmcxLUZxcXYzSmpnSVd3Z0dXckg0eGNwNHFTeUVTQTZKZ2lVV3ByZnNyR2dmN0pCNEJFa3lRWlNlYUFiS3VQMGs?oc=5
2024-06-24,AAPL,Apple,Apple’s stock is up 25% from its April low. Here’s how it can gain another 25%. - MarketWatch,"EN
Sign in
Before you continue to Google
We use cookies and data to
Deliver and maintain Google services
Track outages and protect against spam, fraud, and abuse
Measure audience engagement and site statistics to understand how our services are used and enhance the quality of those services
If you choose to “Accept all,” we will also use cookies and data to
Develop and improve new services
Deliver and measure the effectiveness of ads
Show personalized content, depending on your settings
Show personalized ads, depending on your settings
If you choose to “Reject all,” we will not use cookies for these additional purposes.
Non-personalized content is influenced by things like the content you’re currently viewing, activity in your active Search session, and your location. Non-personalized ads are influenced by the content you’re currently viewing and your general location. Personalized content and ads can also include more relevant results, recommendations, and tailored ads based on past activity from this browser, like previous Google searches. We also use cookies and data to tailor the experience to be age-appropriate, if relevant.
Select “More options” to see additional information, including details about managing your privacy settings. You can also visit g.co/privacytools at any time.
Reject all
Accept all
More options
Privacy Policy
Terms of Service",https://news.google.com/rss/articles/CBMitwFBVV95cUxPeXhBZEYtdnRNdjI5azAwZVhsMUR2bjRFR0tqMTNfWnJ5SjJ5dVY5M245bmJ2ZGlZX0pBYWt2OGMzcW1Id3JsZkMzMGZZTklfZ1RHTVR5Wi13QVJQVjUtUUFvUml0eHJoM2Y3NkZZdF9FZkV4bnVXeGhmM3dGMXlLSUQyVkw1SF82UlJlVGNWMlJEUTRaejhEYWpVR0hjd1NJZkJzd2J5R1RIVnZINTFJMlhmQlY0aUE?oc=5
2024-06-11,AAPL,Apple,Apple Stock Breaks Out After Investors Reconsider AI News - Investor's Business Daily,"EN
Sign in
Before you continue to Google
We use cookies and data to
Deliver and maintain Google services
Track outages and protect against spam, fraud, and abuse
Measure audience engagement and site statistics to understand how our services are used and enhance the quality of those services
If you choose to “Accept all,” we will also use cookies and data to
Develop and improve new services
Deliver and measure the effectiveness of ads
Show personalized content, depending on your settings
Show personalized ads, depending on your settings
If you choose to “Reject all,” we will not use cookies for these additional purposes.
Non-personalized content is influenced by things like the content you’re currently viewing, activity in your active Search session, and your location. Non-personalized ads are influenced by the content you’re currently viewing and your general location. Personalized content and ads can also include more relevant results, recommendations, and tailored ads based on past activity from this browser, like previous Google searches. We also use cookies and data to tailor the experience to be age-appropriate, if relevant.
Select “More options” to see additional information, including details about managing your privacy settings. You can also visit g.co/privacytools at any time.
Reject all
Accept all
More options
Privacy Policy
Terms of Service",https://news.google.com/rss/articles/CBMikAFBVV95cUxQWk1Sd0lmM2pycG4xOUt5R1VhX3lrMml4ZnFmVldRMk9BRERxNmQtYXNxYlR6V1dVRmREOFo2VGlOWUplNzJQYk5CZTAxYnl2bGk5MUgtbUNfZ0RHeG5VdmEzM2NuS2RENkNwZnpKS2psVzJib1RoZmtOejlSaXByYW4wa1VGMzg5dDNtT1NMcEw?oc=5
2024-06-15,AAPL,Apple,Warren Buffett Is Selling Apple Stock and Buying This Brilliant Mega-Cap Stock Instead - Yahoo Finance,"EN
Sign in
Before you continue to Google
We use cookies and data to
Deliver and maintain Google services
Track outages and protect against spam, fraud, and abuse
Measure audience engagement and site statistics to understand how our services are used and enhance the quality of those services
If you choose to “Accept all,” we will also use cookies and data to
Develop and improve new services
Deliver and measure the effectiveness of ads
Show personalized content, depending on your settings
Show personalized ads, depending on your settings
If you choose to “Reject all,” we will not use cookies for these additional purposes.
Non-personalized content is influenced by things like the content you’re currently viewing, activity in your active Search session, and your location. Non-personalized ads are influenced by the content you’re currently viewing and your general location. Personalized content and ads can also include more relevant results, recommendations, and tailored ads based on past activity from this browser, like previous Google searches. We also use cookies and data to tailor the experience to be age-appropriate, if relevant.
Select “More options” to see additional information, including details about managing your privacy settings. You can also visit g.co/privacytools at any time.
Reject all
Accept all
More options
Privacy Policy
Terms of Service",https://news.google.com/rss/articles/CBMihwFBVV95cUxQZ1FiUVNWRC1hUmpkNDNuUXhrcVd1b0VYdVhJb2dUT3pPMkY0ZU5kWGdhUzVGWm1KZlRCYldIeGdEQVM2Y0QyS0xpUnNUUlFOWWhwNGZmb09xTVNSZTJMakRPRWh6OG5NNU1lQWZ0WmpMU0hwa1R3SVYxY2I2Q3dSTHNUWURoRjg?oc=5
2024-06-17,AAPL,Apple,Apple Stock: Should You Buy After Its Big Rally? - Barron's,"EN
Sign in
Before you continue to Google
We use cookies and data to
Deliver and maintain Google services
Track outages and protect against spam, fraud, and abuse
Measure audience engagement and site statistics to understand how our services are used and enhance the quality of those services
If you choose to “Accept all,” we will also use cookies and data to
Develop and improve new services
Deliver and measure the effectiveness of ads
Show personalized content, depending on your settings
Show personalized ads, depending on your settings
If you choose to “Reject all,” we will not use cookies for these additional purposes.
Non-personalized content is influenced by things like the content you’re currently viewing, activity in your active Search session, and your location. Non-personalized ads are influenced by the content you’re currently viewing and your general location. Personalized content and ads can also include more relevant results, recommendations, and tailored ads based on past activity from this browser, like previous Google searches. We also use cookies and data to tailor the experience to be age-appropriate, if relevant.
Select “More options” to see additional information, including details about managing your privacy settings. You can also visit g.co/privacytools at any time.
Reject all
Accept all
More options
Privacy Policy
Terms of Service",https://news.google.com/rss/articles/CBMieEFVX3lxTFBLR05sZUlqemo1VXlKQ0hzSS1STU9kNDlDSU5wZ1ZRMUJyN0MwMUVoU3RSQm02dUFjeHFxNnM2TEpkeHZTS0RnU2JVMkM4YU5zWmlPRjdPWGhSMlhTTVM2alhYblRfNmg1QTRxUUpFR1BSbWJtYjc5SQ?oc=5
2024-06-11,AAPL,Apple,Apple's Stock Surge Powers Gains for Some Tech-Focused ETFs - Investopedia,"EN
Sign in
Before you continue to Google
We use cookies and data to
Deliver and maintain Google services
Track outages and protect against spam, fraud, and abuse
Measure audience engagement and site statistics to understand how our services are used and enhance the quality of those services
If you choose to “Accept all,” we will also use cookies and data to
Develop and improve new services
Deliver and measure the effectiveness of ads
Show personalized content, depending on your settings
Show personalized ads, depending on your settings
If you choose to “Reject all,” we will not use cookies for these additional purposes.
Non-personalized content is influenced by things like the content you’re currently viewing, activity in your active Search session, and your location. Non-personalized ads are influenced by the content you’re currently viewing and your general location. Personalized content and ads can also include more relevant results, recommendations, and tailored ads based on past activity from this browser, like previous Google searches. We also use cookies and data to tailor the experience to be age-appropriate, if relevant.
Select “More options” to see additional information, including details about managing your privacy settings. You can also visit g.co/privacytools at any time.
Reject all
Accept all
More options
Privacy Policy
Terms of Service",https://news.google.com/rss/articles/CBMioAFBVV95cUxOV2N4aWgwUFlJR3BleWpiTTcwYk1HbWpreGU3TEwwaExrRGtIdDFNbmMyRnEtaC1HMzJvZGRuWmNNWnNkYkhCX1UwRmRSNTYwaHV6TjdzbzEzNmI0QnhEVlpsaTY5NzhXd0RwejVuNHlXaFFWV1pWeDF6U3A0clJHcGtsV3FwR2RGOENtbEMwdWw5UUZOZHB1TWlSM00yLUxJ?oc=5
2024-06-28,AAPL,Apple,Will Apple Stock Split In 2024? December Edition - Forbes,"EN
Sign in
Before you continue to Google
We use cookies and data to
Deliver and maintain Google services
Track outages and protect against spam, fraud, and abuse
Measure audience engagement and site statistics to understand how our services are used and enhance the quality of those services
If you choose to “Accept all,” we will also use cookies and data to
Develop and improve new services
Deliver and measure the effectiveness of ads
Show personalized content, depending on your settings
Show personalized ads, depending on your settings
If you choose to “Reject all,” we will not use cookies for these additional purposes.
Non-personalized content is influenced by things like the content you’re currently viewing, activity in your active Search session, and your location. Non-personalized ads are influenced by the content you’re currently viewing and your general location. Personalized content and ads can also include more relevant results, recommendations, and tailored ads based on past activity from this browser, like previous Google searches. We also use cookies and data to tailor the experience to be age-appropriate, if relevant.
Select “More options” to see additional information, including details about managing your privacy settings. You can also visit g.co/privacytools at any time.
Reject all
Accept all
More options
Privacy Policy
Terms of Service",https://news.google.com/rss/articles/CBMihAFBVV95cUxQdHgzSDJYcS1YVkVubnhsUzFqeGE2OVAtTEE5RjF0eUF6aHNsTDJjemJ1WWpXN1JsQWFYY3NUWURxUXpSUXJ0ZUxWTGdfc1VnSlVfRU9uMEdReF93eWppQnR4WWFKZlZ4UklWZDVZcGZmTVh1cWs1MTJLQlRYbWt0TmRReW0?oc=5
2024-06-11,AAPL,Apple,"Markets News, June 11, 2024: Apple Lifts Nasdaq, S&P 500 to Records; Dow Lags Ahead of CPI - Investopedia","EN
Sign in
Before you continue to Google
We use cookies and data to
Deliver and maintain Google services
Track outages and protect against spam, fraud, and abuse
Measure audience engagement and site statistics to understand how our services are used and enhance the quality of those services
If you choose to “Accept all,” we will also use cookies and data to
Develop and improve new services
Deliver and measure the effectiveness of ads
Show personalized content, depending on your settings
Show personalized ads, depending on your settings
If you choose to “Reject all,” we will not use cookies for these additional purposes.
Non-personalized content is influenced by things like the content you’re currently viewing, activity in your active Search session, and your location. Non-personalized ads are influenced by the content you’re currently viewing and your general location. Personalized content and ads can also include more relevant results, recommendations, and tailored ads based on past activity from this browser, like previous Google searches. We also use cookies and data to tailor the experience to be age-appropriate, if relevant.
Select “More options” to see additional information, including details about managing your privacy settings. You can also visit g.co/privacytools at any time.
Reject all
Accept all
More options
Privacy Policy
Terms of Service",https://news.google.com/rss/articles/CBMibkFVX3lxTE9XVmNZeU85QVJSbXlMRkExdndGRzc1UzBVT3ZtODAzNWhIVDN5c09uREdaUmZkeVB4Y2hWTmlDV3JhMFc0and4OUlEUEZ3RVJGWHluMGNyQ3VsOXdWZmJSU240QWkxdWhaZlFVNjNB?oc=5
2024-06-07,AAPL,Apple,How Apple’s Developers Conference Could Affect Its Stock—and the Broader Market - Investopedia,"EN
Sign in
Before you continue to Google
We use cookies and data to
Deliver and maintain Google services
Track outages and protect against spam, fraud, and abuse
Measure audience engagement and site statistics to understand how our services are used and enhance the quality of those services
If you choose to “Accept all,” we will also use cookies and data to
Develop and improve new services
Deliver and measure the effectiveness of ads
Show personalized content, depending on your settings
Show personalized ads, depending on your settings
If you choose to “Reject all,” we will not use cookies for these additional purposes.
Non-personalized content is influenced by things like the content you’re currently viewing, activity in your active Search session, and your location. Non-personalized ads are influenced by the content you’re currently viewing and your general location. Personalized content and ads can also include more relevant results, recommendations, and tailored ads based on past activity from this browser, like previous Google searches. We also use cookies and data to tailor the experience to be age-appropriate, if relevant.
Select “More options” to see additional information, including details about managing your privacy settings. You can also visit g.co/privacytools at any time.
Reject all
Accept all
More options
Privacy Policy
Terms of Service",https://news.google.com/rss/articles/CBMiuwFBVV95cUxQSGJiNkwyaWtmTDZzNGJfTTBUbnd6N3pvdE1aSERWYmQ4YWNIbmZXdndtYXBLWVk1ZDBKU3k5WURUcTNQTl9kQ1pHVWtDLVZfeDFMNHNiWG9UNHduYnp2SERCVlJXZ2FaTzBNeTRUNXhYaV9VUFdETFVmTHNpZlJrdjdXQ2VIMHBGS0ljMUdaTmdhZFlBcFFKamlaLVFfUlBLcmNXVDBleW96LW9TaHVjbDdDVElGR3JhQjJB?oc=5
2024-07-26,AAPL,Apple,"Going into Earnings, is Apple Stock a Buy, Sell, or Hold? - Morningstar","EN
Sign in
Before you continue to Google
We use cookies and data to
Deliver and maintain Google services
Track outages and protect against spam, fraud, and abuse
Measure audience engagement and site statistics to understand how our services are used and enhance the quality of those services
If you choose to “Accept all,” we will also use cookies and data to
Develop and improve new services
Deliver and measure the effectiveness of ads
Show personalized content, depending on your settings
Show personalized ads, depending on your settings
If you choose to “Reject all,” we will not use cookies for these additional purposes.
Non-personalized content is influenced by things like the content you’re currently viewing, activity in your active Search session, and your location. Non-personalized ads are influenced by the content you’re currently viewing and your general location. Personalized content and ads can also include more relevant results, recommendations, and tailored ads based on past activity from this browser, like previous Google searches. We also use cookies and data to tailor the experience to be age-appropriate, if relevant.
Select “More options” to see additional information, including details about managing your privacy settings. You can also visit g.co/privacytools at any time.
Reject all
Accept all
More options
Privacy Policy
Terms of Service",https://news.google.com/rss/articles/CBMipgFBVV95cUxOQ0lNSi05TkxwZ0k1emZYQXJsOFJXZnFWRzJwdVc2YUdkMjY2NVlZTW42VUlUWV9oc3RUbnB5S0JfLUIxZGEyYmFHTlZReUhGdTJqVkZHMUEzQWFjZ2VFNW1QMkFFd0RwWWVLRHZSZ2pTdDYwLTA0TWtFWkt2NnI2RnNXMHo0bTczRVBTQ085bU02cHYyNG1DazFFUUZZMnlqQmRNbFBR?oc=5
2024-07-11,AAPL,Apple,"Apple Stock Has More Upside, Analyst Says. Why It’s Still Falling Today. - Barron's","EN
Sign in
Before you continue to Google
We use cookies and data to
Deliver and maintain Google services
Track outages and protect against spam, fraud, and abuse
Measure audience engagement and site statistics to understand how our services are used and enhance the quality of those services
If you choose to “Accept all,” we will also use cookies and data to
Develop and improve new services
Deliver and measure the effectiveness of ads
Show personalized content, depending on your settings
Show personalized ads, depending on your settings
If you choose to “Reject all,” we will not use cookies for these additional purposes.
Non-personalized content is influenced by things like the content you’re currently viewing, activity in your active Search session, and your location. Non-personalized ads are influenced by the content you’re currently viewing and your general location. Personalized content and ads can also include more relevant results, recommendations, and tailored ads based on past activity from this browser, like previous Google searches. We also use cookies and data to tailor the experience to be age-appropriate, if relevant.
Select “More options” to see additional information, including details about managing your privacy settings. You can also visit g.co/privacytools at any time.
Reject all
Accept all
More options
Privacy Policy
Terms of Service",https://news.google.com/rss/articles/CBMie0FVX3lxTFBNSC1tTjVycDdGXzhrSmx5VTNWRjJCZmFvdHN1MXFBdUVmZ3NteFptOWlVaTlJNjdpRE1tLWk1TzVjSE5KbV9XdjhOTGY4WFZSYW9LWGZCcUVKOGlSNjlfTXFKTTUzTS1YNmQ5RU5BRUlJTWpNb0hxTGhTYw?oc=5
2024-07-12,AAPL,Apple,Watch These Apple Stock Price Levels as Uptrend Remains Intact Despite Drop - Investopedia,"EN
Sign in
Before you continue to Google
We use cookies and data to
Deliver and maintain Google services
Track outages and protect against spam, fraud, and abuse
Measure audience engagement and site statistics to understand how our services are used and enhance the quality of those services
If you choose to “Accept all,” we will also use cookies and data to
Develop and improve new services
Deliver and measure the effectiveness of ads
Show personalized content, depending on your settings
Show personalized ads, depending on your settings
If you choose to “Reject all,” we will not use cookies for these additional purposes.
Non-personalized content is influenced by things like the content you’re currently viewing, activity in your active Search session, and your location. Non-personalized ads are influenced by the content you’re currently viewing and your general location. Personalized content and ads can also include more relevant results, recommendations, and tailored ads based on past activity from this browser, like previous Google searches. We also use cookies and data to tailor the experience to be age-appropriate, if relevant.
Select “More options” to see additional information, including details about managing your privacy settings. You can also visit g.co/privacytools at any time.
Reject all
Accept all
More options
Privacy Policy
Terms of Service",https://news.google.com/rss/articles/CBMieEFVX3lxTE5zMmhhei00X0huaG5TSUlIc1FuSUpPZlhlUHBSSHQzYzJTZllCVEgyMndIZTZPU25iekk1NEpaT1owYTA3Q0dvMVZLZjJ5anUzN3ZGMFZSUVdtY2dJcFFDZGRmWHN3X1JjVmNnMV9ESktTZXczRTJOeA?oc=5
2024-07-16,AAPL,Apple,Apple Stock Forecast: Why the Best Is Yet to Come for AAPL - Nasdaq,"EN
Sign in
Before you continue to Google
We use cookies and data to
Deliver and maintain Google services
Track outages and protect against spam, fraud, and abuse
Measure audience engagement and site statistics to understand how our services are used and enhance the quality of those services
If you choose to “Accept all,” we will also use cookies and data to
Develop and improve new services
Deliver and measure the effectiveness of ads
Show personalized content, depending on your settings
Show personalized ads, depending on your settings
If you choose to “Reject all,” we will not use cookies for these additional purposes.
Non-personalized content is influenced by things like the content you’re currently viewing, activity in your active Search session, and your location. Non-personalized ads are influenced by the content you’re currently viewing and your general location. Personalized content and ads can also include more relevant results, recommendations, and tailored ads based on past activity from this browser, like previous Google searches. We also use cookies and data to tailor the experience to be age-appropriate, if relevant.
Select “More options” to see additional information, including details about managing your privacy settings. You can also visit g.co/privacytools at any time.
Reject all
Accept all
More options
Privacy Policy
Terms of Service",https://news.google.com/rss/articles/CBMigAFBVV95cUxPVU1OU0RucVRRMm1FbnlOZEMxeHBQWGJqajd6ajU1ZDJiUmpYWGpWUXhtOG5TRkpiTmdRMl95Sm5kMi1kUDJPN0ZpUXRPZTV6TEhTRGJ3OVFJUG1lMXhUcE9wZXp4aW95LWdPQkJseW8tVHZFb2IwTWRSS2UwRjROcg?oc=5
2024-07-15,AAPL,Apple,Apple at all-time high after Morgan Stanley calls stock 'top pick' for AI efforts - Reuters,"EN
Sign in
Before you continue to Google
We use cookies and data to
Deliver and maintain Google services
Track outages and protect against spam, fraud, and abuse
Measure audience engagement and site statistics to understand how our services are used and enhance the quality of those services
If you choose to “Accept all,” we will also use cookies and data to
Develop and improve new services
Deliver and measure the effectiveness of ads
Show personalized content, depending on your settings
Show personalized ads, depending on your settings
If you choose to “Reject all,” we will not use cookies for these additional purposes.
Non-personalized content is influenced by things like the content you’re currently viewing, activity in your active Search session, and your location. Non-personalized ads are influenced by the content you’re currently viewing and your general location. Personalized content and ads can also include more relevant results, recommendations, and tailored ads based on past activity from this browser, like previous Google searches. We also use cookies and data to tailor the experience to be age-appropriate, if relevant.
Select “More options” to see additional information, including details about managing your privacy settings. You can also visit g.co/privacytools at any time.
Reject all
Accept all
More options
Privacy Policy
Terms of Service",https://news.google.com/rss/articles/CBMisAFBVV95cUxQMXN3VjdBUTJzQmUwVEFsUy1ZZFBxZVlkUmZkcjJPRl9rSEZ6SncyQXE5MjlyUHJYcXU3X1FELTc3cmxOZjBKNHpvMGdyNlYwRWNUX1NlelF0UEh1R1Q3bXpKWGNGdWJMNG5hYmt6T05nZ3FVLWs3SF9FdlVHb1lTSWNyVTJPVEdHbWh5Rm9oZFVBRXA2X2oxQW55Rkl4S1pLS0p3ZGtzWUVyUXBnSVlYdA?oc=5
2024-07-16,AAPL,Apple,Where Will Apple Stock Be in 5 Years? - Yahoo Finance,"EN
Sign in
Before you continue to Google
We use cookies and data to
Deliver and maintain Google services
Track outages and protect against spam, fraud, and abuse
Measure audience engagement and site statistics to understand how our services are used and enhance the quality of those services
If you choose to “Accept all,” we will also use cookies and data to
Develop and improve new services
Deliver and measure the effectiveness of ads
Show personalized content, depending on your settings
Show personalized ads, depending on your settings
If you choose to “Reject all,” we will not use cookies for these additional purposes.
Non-personalized content is influenced by things like the content you’re currently viewing, activity in your active Search session, and your location. Non-personalized ads are influenced by the content you’re currently viewing and your general location. Personalized content and ads can also include more relevant results, recommendations, and tailored ads based on past activity from this browser, like previous Google searches. We also use cookies and data to tailor the experience to be age-appropriate, if relevant.
Select “More options” to see additional information, including details about managing your privacy settings. You can also visit g.co/privacytools at any time.
Reject all
Accept all
More options
Privacy Policy
Terms of Service",https://news.google.com/rss/articles/CBMie0FVX3lxTE1UZURqdnpOeUM5YlA3aEtjUW5QQ3dnVF90YjBGek5BUHBXYnZDdjI4dWViNUhjdXdFZ0VFR3dISUl4QjlCY0JyMm00dV9UalBBaTIzdkFJeEs1bEZieDZDMUJQQjRTT0NhWnVXQ2FuVnZuVnBBVU96Um8zbw?oc=5
2024-07-15,AAPL,Apple,Apple Stock Hits Record High On AI iPhone Anticipation — As Analysts Predict $5 Trillion Valuation - Forbes,"EN
Sign in
Before you continue to Google
We use cookies and data to
Deliver and maintain Google services
Track outages and protect against spam, fraud, and abuse
Measure audience engagement and site statistics to understand how our services are used and enhance the quality of those services
If you choose to “Accept all,” we will also use cookies and data to
Develop and improve new services
Deliver and measure the effectiveness of ads
Show personalized content, depending on your settings
Show personalized ads, depending on your settings
If you choose to “Reject all,” we will not use cookies for these additional purposes.
Non-personalized content is influenced by things like the content you’re currently viewing, activity in your active Search session, and your location. Non-personalized ads are influenced by the content you’re currently viewing and your general location. Personalized content and ads can also include more relevant results, recommendations, and tailored ads based on past activity from this browser, like previous Google searches. We also use cookies and data to tailor the experience to be age-appropriate, if relevant.
Select “More options” to see additional information, including details about managing your privacy settings. You can also visit g.co/privacytools at any time.
Reject all
Accept all
More options
Privacy Policy
Terms of Service",https://news.google.com/rss/articles/CBMi4gFBVV95cUxQY3E5M1NtdC1SYTUtczZvSnJQNmxkWFY5emY4THZKSG51V3pzQUlsX1BYZmhBNk94blBTVGVqYV9LUlhSWFByZnB5cUNUdllUZ2dNcTdHRjdBOENjRk9QYVVNWUotSWpaRXFKNjNvbzYyWjN3VDRFU21ITnVsdGEzUTh2dldpUHJ5SzVlOU81V0xzNWJ1bnVyelJGYjJoNkpSSmJRNVBkYlNfazlaNTdqRGxpWW5UdXFGUjN6d1JmNWc3bkRvbXZYSlpIRkhISFEtRENjRzlxRHpjaHFJMldaaGZn?oc=5
2024-07-15,AAPL,Apple,"How Apple’s stock can reach $300, according to Wall Street’s new biggest bull - MarketWatch","EN
Sign in
Before you continue to Google
We use cookies and data to
Deliver and maintain Google services
Track outages and protect against spam, fraud, and abuse
Measure audience engagement and site statistics to understand how our services are used and enhance the quality of those services
If you choose to “Accept all,” we will also use cookies and data to
Develop and improve new services
Deliver and measure the effectiveness of ads
Show personalized content, depending on your settings
Show personalized ads, depending on your settings
If you choose to “Reject all,” we will not use cookies for these additional purposes.
Non-personalized content is influenced by things like the content you’re currently viewing, activity in your active Search session, and your location. Non-personalized ads are influenced by the content you’re currently viewing and your general location. Personalized content and ads can also include more relevant results, recommendations, and tailored ads based on past activity from this browser, like previous Google searches. We also use cookies and data to tailor the experience to be age-appropriate, if relevant.
Select “More options” to see additional information, including details about managing your privacy settings. You can also visit g.co/privacytools at any time.
Reject all
Accept all
More options
Privacy Policy
Terms of Service",https://news.google.com/rss/articles/CBMitwFBVV95cUxQY1NWWGFEQU9lYjRaeEVVN0xnZlpLZDdlbTRCTlJINzJnd1NfWGQ5b2VoZl80am55WGRiaUp1WW9vejJ6YzR4TG81VnhKNWtGQUx1SHRITFVwcVFzTFhjdHZsb0lGYVVheHFuSlRGc29Gdk5pcHVNS3l3VWo1S3hMRk9mWUNULUt3VFlJTXhHdFdocjFFcmJwemRGRUE1YXktSHJiSDVTTG5ldkVWVXlEZnNIWS02MGc?oc=5
2024-07-24,AAPL,Apple,Analysts adjust Apple stock price target ahead of earnings - TheStreet,"EN
Sign in
Before you continue to Google
We use cookies and data to
Deliver and maintain Google services
Track outages and protect against spam, fraud, and abuse
Measure audience engagement and site statistics to understand how our services are used and enhance the quality of those services
If you choose to “Accept all,” we will also use cookies and data to
Develop and improve new services
Deliver and measure the effectiveness of ads
Show personalized content, depending on your settings
Show personalized ads, depending on your settings
If you choose to “Reject all,” we will not use cookies for these additional purposes.
Non-personalized content is influenced by things like the content you’re currently viewing, activity in your active Search session, and your location. Non-personalized ads are influenced by the content you’re currently viewing and your general location. Personalized content and ads can also include more relevant results, recommendations, and tailored ads based on past activity from this browser, like previous Google searches. We also use cookies and data to tailor the experience to be age-appropriate, if relevant.
Select “More options” to see additional information, including details about managing your privacy settings. You can also visit g.co/privacytools at any time.
Reject all
Accept all
More options
Privacy Policy
Terms of Service",https://news.google.com/rss/articles/CBMiowFBVV95cUxNOERDb3VnZEFJVkFzTGpKOHR1OU44SVFWN1BpUHN4ZXJWMEZpSnZ3NTk3a1A2OEN0bFVLSzFZVGFka3hwV2tqT21uVGdxMFU4NWN3NXI5NFFoanVJSWVOb1hzSFJoQW1RVW5pbEJkeWJNejRmcElxdlFkamxxUVRlZk5rWXVBMVlqTW93ZWt5ZzV6Z2VsalBaZDRUalRBN0N6ZDdj?oc=5
2024-06-29,AAPL,Apple,3 Reasons to Buy and Hold Apple Stock Forever - The Motley Fool,"EN
Sign in
Before you continue to Google
We use cookies and data to
Deliver and maintain Google services
Track outages and protect against spam, fraud, and abuse
Measure audience engagement and site statistics to understand how our services are used and enhance the quality of those services
If you choose to “Accept all,” we will also use cookies and data to
Develop and improve new services
Deliver and measure the effectiveness of ads
Show personalized content, depending on your settings
Show personalized ads, depending on your settings
If you choose to “Reject all,” we will not use cookies for these additional purposes.
Non-personalized content is influenced by things like the content you’re currently viewing, activity in your active Search session, and your location. Non-personalized ads are influenced by the content you’re currently viewing and your general location. Personalized content and ads can also include more relevant results, recommendations, and tailored ads based on past activity from this browser, like previous Google searches. We also use cookies and data to tailor the experience to be age-appropriate, if relevant.
Select “More options” to see additional information, including details about managing your privacy settings. You can also visit g.co/privacytools at any time.
Reject all
Accept all
More options
Privacy Policy
Terms of Service",https://news.google.com/rss/articles/CBMikgFBVV95cUxOQkJxaFBrOUNBeEd3dWw3MmRHNnFaNzBtb1pCejh2RnJDSGFTb25oM0Q1al9fdFgxWDdNNjNEVGZDU2JNbkRjak9NOFdWQk5oRmt0VE9pS3F5R1RETWliVG9mY0tPdDZaSTVVWWdoeDVONUNZbkUzcFFEZGxBUHZiWFAtWHV0bnlqZExYeEQzV0N4UQ?oc=5
2024-07-16,AAPL,Apple,How To Squeeze Yield Out Of Apple Stock With A Covered Call - Investor's Business Daily,"EN
Sign in
Before you continue to Google
We use cookies and data to
Deliver and maintain Google services
Track outages and protect against spam, fraud, and abuse
Measure audience engagement and site statistics to understand how our services are used and enhance the quality of those services
If you choose to “Accept all,” we will also use cookies and data to
Develop and improve new services
Deliver and measure the effectiveness of ads
Show personalized content, depending on your settings
Show personalized ads, depending on your settings
If you choose to “Reject all,” we will not use cookies for these additional purposes.
Non-personalized content is influenced by things like the content you’re currently viewing, activity in your active Search session, and your location. Non-personalized ads are influenced by the content you’re currently viewing and your general location. Personalized content and ads can also include more relevant results, recommendations, and tailored ads based on past activity from this browser, like previous Google searches. We also use cookies and data to tailor the experience to be age-appropriate, if relevant.
Select “More options” to see additional information, including details about managing your privacy settings. You can also visit g.co/privacytools at any time.
Reject all
Accept all
More options
Privacy Policy
Terms of Service",https://news.google.com/rss/articles/CBMiggFBVV95cUxPdldZLVhNZEtteUhVbEZjclNYR3pHcUtmQnpOYXhYMjdSM2JPVWxNN1dpci1Fek1DUUNxbWpJd1NtTFhiSW5MUHd1S196VUtxanNDaDFXX1pLTXlLaTZjMTNmQUgyc0NVei1WT09sRk5xclBTWWVfaDJOejFDWlI5Z3VR?oc=5
2024-07-15,AAPL,Apple,Apple Stock Hits Record High as Analysts Hike Price Targets on AI Optimism - Investopedia,"EN
Sign in
Before you continue to Google
We use cookies and data to
Deliver and maintain Google services
Track outages and protect against spam, fraud, and abuse
Measure audience engagement and site statistics to understand how our services are used and enhance the quality of those services
If you choose to “Accept all,” we will also use cookies and data to
Develop and improve new services
Deliver and measure the effectiveness of ads
Show personalized content, depending on your settings
Show personalized ads, depending on your settings
If you choose to “Reject all,” we will not use cookies for these additional purposes.
Non-personalized content is influenced by things like the content you’re currently viewing, activity in your active Search session, and your location. Non-personalized ads are influenced by the content you’re currently viewing and your general location. Personalized content and ads can also include more relevant results, recommendations, and tailored ads based on past activity from this browser, like previous Google searches. We also use cookies and data to tailor the experience to be age-appropriate, if relevant.
Select “More options” to see additional information, including details about managing your privacy settings. You can also visit g.co/privacytools at any time.
Reject all
Accept all
More options
Privacy Policy
Terms of Service",https://news.google.com/rss/articles/CBMijwFBVV95cUxNZVlDTFkyVElHdjgtV3NoaldnNnFjNjNkZTBtaHJmUXVQT2pmMG50UURBUG5aN29UU2lUbV93S0lXMVpnOXM2ZkNQLXFzc2FaelMtSnhnWmZMUzV3aElxVGFGNTR4WEJUWGVSX1A1Qlc4aHRvUnQzQkxjNDN3UGtvZ2Y4NWNRM0JSUFNVY1VHWQ?oc=5
2024-07-18,AAPL,Apple,"Wall Street is Warming Up to Apple Stock Again, Here's Why - Nasdaq","EN
Sign in
Before you continue to Google
We use cookies and data to
Deliver and maintain Google services
Track outages and protect against spam, fraud, and abuse
Measure audience engagement and site statistics to understand how our services are used and enhance the quality of those services
If you choose to “Accept all,” we will also use cookies and data to
Develop and improve new services
Deliver and measure the effectiveness of ads
Show personalized content, depending on your settings
Show personalized ads, depending on your settings
If you choose to “Reject all,” we will not use cookies for these additional purposes.
Non-personalized content is influenced by things like the content you’re currently viewing, activity in your active Search session, and your location. Non-personalized ads are influenced by the content you’re currently viewing and your general location. Personalized content and ads can also include more relevant results, recommendations, and tailored ads based on past activity from this browser, like previous Google searches. We also use cookies and data to tailor the experience to be age-appropriate, if relevant.
Select “More options” to see additional information, including details about managing your privacy settings. You can also visit g.co/privacytools at any time.
Reject all
Accept all
More options
Privacy Policy
Terms of Service",https://news.google.com/rss/articles/CBMihgFBVV95cUxQeF95U2w0S0pjZUFOSzhuR0dDUFJxSEhPRUJDaTFiVmtWR0FtU0E1OXNadVFRRmJQcHJ3Rnlxd1ZLWXJWcWI1bXJTRmlfZVJZSC1IZTJfODhWQXlRSjJGdnBnNUwtRlBVNFN0SGdodkprQmdWcFdaN0tjSW12Y0ZoSkU3MnYzQQ?oc=5
2024-07-22,AAPL,Apple,How To Earn $500 Per Month From Apple Stock - Yahoo Finance,"EN
Sign in
Before you continue to Google
We use cookies and data to
Deliver and maintain Google services
Track outages and protect against spam, fraud, and abuse
Measure audience engagement and site statistics to understand how our services are used and enhance the quality of those services
If you choose to “Accept all,” we will also use cookies and data to
Develop and improve new services
Deliver and measure the effectiveness of ads
Show personalized content, depending on your settings
Show personalized ads, depending on your settings
If you choose to “Reject all,” we will not use cookies for these additional purposes.
Non-personalized content is influenced by things like the content you’re currently viewing, activity in your active Search session, and your location. Non-personalized ads are influenced by the content you’re currently viewing and your general location. Personalized content and ads can also include more relevant results, recommendations, and tailored ads based on past activity from this browser, like previous Google searches. We also use cookies and data to tailor the experience to be age-appropriate, if relevant.
Select “More options” to see additional information, including details about managing your privacy settings. You can also visit g.co/privacytools at any time.
Reject all
Accept all
More options
Privacy Policy
Terms of Service",https://news.google.com/rss/articles/CBMiekFVX3lxTFBPejJhTUhMYkF0WkkxSjA2SF9oYXRkSUdoYVVldmtBRjZOUURKZ0hxVFhRNEJKR2s3aVFwWHhXNDR5UWlOXzB3UzJzXzdqcm9oYTlGZGlZeW5MUzF5aVNrVEZTYTZDN2lSNXZnNktXb0t0R0UtQmNxS2RR?oc=5
2024-07-29,AAPL,Apple,Berkshire Hathaway May Have Sold More Apple Stock - Barron's,"EN
Sign in
Before you continue to Google
We use cookies and data to
Deliver and maintain Google services
Track outages and protect against spam, fraud, and abuse
Measure audience engagement and site statistics to understand how our services are used and enhance the quality of those services
If you choose to “Accept all,” we will also use cookies and data to
Develop and improve new services
Deliver and measure the effectiveness of ads
Show personalized content, depending on your settings
Show personalized ads, depending on your settings
If you choose to “Reject all,” we will not use cookies for these additional purposes.
Non-personalized content is influenced by things like the content you’re currently viewing, activity in your active Search session, and your location. Non-personalized ads are influenced by the content you’re currently viewing and your general location. Personalized content and ads can also include more relevant results, recommendations, and tailored ads based on past activity from this browser, like previous Google searches. We also use cookies and data to tailor the experience to be age-appropriate, if relevant.
Select “More options” to see additional information, including details about managing your privacy settings. You can also visit g.co/privacytools at any time.
Reject all
Accept all
More options
Privacy Policy
Terms of Service",https://news.google.com/rss/articles/CBMihAFBVV95cUxOQTJnUndwTkRlNG1tNWpDTmV0cDFjQmtMUEgwallyR3d1OUR6T2JycW9GcXB0NUVvSzNCNnBpVVNpZlR6bXI3eWFUWUd2VkdKUzdDS2o0V0MtQ19qSEtEXzh3MkdoM3M0WFZ6ZGRYb3JLdmRWTmZpNzZQN2tYck5kZXlaT1k?oc=5
2024-07-09,AAPL,Apple,Apple Stock First To Close Above $3.5 Trillion Market Cap - Investor's Business Daily,"EN
Sign in
Before you continue to Google
We use cookies and data to
Deliver and maintain Google services
Track outages and protect against spam, fraud, and abuse
Measure audience engagement and site statistics to understand how our services are used and enhance the quality of those services
If you choose to “Accept all,” we will also use cookies and data to
Develop and improve new services
Deliver and measure the effectiveness of ads
Show personalized content, depending on your settings
Show personalized ads, depending on your settings
If you choose to “Reject all,” we will not use cookies for these additional purposes.
Non-personalized content is influenced by things like the content you’re currently viewing, activity in your active Search session, and your location. Non-personalized ads are influenced by the content you’re currently viewing and your general location. Personalized content and ads can also include more relevant results, recommendations, and tailored ads based on past activity from this browser, like previous Google searches. We also use cookies and data to tailor the experience to be age-appropriate, if relevant.
Select “More options” to see additional information, including details about managing your privacy settings. You can also visit g.co/privacytools at any time.
Reject all
Accept all
More options
Privacy Policy
Terms of Service",https://news.google.com/rss/articles/CBMioAFBVV95cUxNZGlWYlVRZEVhd3YtOVhtRGZvVDVhRjdkNVN3QldmaGdndFNlaHNGQ1NwOFpCSl9BczUzaWlqRFk3Uk85al9jSmhXN09uS0RBcHhqUXBtT182dG1LTXMtX29ZVnIyYjVYWkxxX2dWVmowemZnWkdkakF4emJrVFRPVVZPTE5FUXVMQjlIS2JsVHhHLW56MUZPZThVVHFnQ3g0?oc=5
2024-07-03,AAPL,Apple,Apple Stock’s Next Big Catalyst: Why Analysts Are Predicting 25% Upside - Nasdaq,"EN
Sign in
Before you continue to Google
We use cookies and data to
Deliver and maintain Google services
Track outages and protect against spam, fraud, and abuse
Measure audience engagement and site statistics to understand how our services are used and enhance the quality of those services
If you choose to “Accept all,” we will also use cookies and data to
Develop and improve new services
Deliver and measure the effectiveness of ads
Show personalized content, depending on your settings
Show personalized ads, depending on your settings
If you choose to “Reject all,” we will not use cookies for these additional purposes.
Non-personalized content is influenced by things like the content you’re currently viewing, activity in your active Search session, and your location. Non-personalized ads are influenced by the content you’re currently viewing and your general location. Personalized content and ads can also include more relevant results, recommendations, and tailored ads based on past activity from this browser, like previous Google searches. We also use cookies and data to tailor the experience to be age-appropriate, if relevant.
Select “More options” to see additional information, including details about managing your privacy settings. You can also visit g.co/privacytools at any time.
Reject all
Accept all
More options
Privacy Policy
Terms of Service",https://news.google.com/rss/articles/CBMiogFBVV95cUxNMUZWRWFndzM2WlpkYlNmalFhSWd0WWsxcEJ4alR2M1ZqVXU1bjl0X2VKRk5jOWg5R2lsbmRINTljVjhDaXo3OFZTdVFDMUtZdDRsaTBTUjU1d0RqUS0wZXZpd2pPQXhzZEdDY1NVZDBfOUczQ1JTZUxxcnctM2dWX0M0MGpvSGlNM2EtZXd2YUo0Y2VqSFZBTkZ3MV9yZUJaakE?oc=5
2024-07-12,AAPL,Apple,Apple stock might soar thanks to old iPhones - Yahoo Finance,"EN
Sign in
Before you continue to Google
We use cookies and data to
Deliver and maintain Google services
Track outages and protect against spam, fraud, and abuse
Measure audience engagement and site statistics to understand how our services are used and enhance the quality of those services
If you choose to “Accept all,” we will also use cookies and data to
Develop and improve new services
Deliver and measure the effectiveness of ads
Show personalized content, depending on your settings
Show personalized ads, depending on your settings
If you choose to “Reject all,” we will not use cookies for these additional purposes.
Non-personalized content is influenced by things like the content you’re currently viewing, activity in your active Search session, and your location. Non-personalized ads are influenced by the content you’re currently viewing and your general location. Personalized content and ads can also include more relevant results, recommendations, and tailored ads based on past activity from this browser, like previous Google searches. We also use cookies and data to tailor the experience to be age-appropriate, if relevant.
Select “More options” to see additional information, including details about managing your privacy settings. You can also visit g.co/privacytools at any time.
Reject all
Accept all
More options
Privacy Policy
Terms of Service",https://news.google.com/rss/articles/CBMigAFBVV95cUxNbFJHcmdOR25zRlo5b2lwZVViMlZQSW5zaFBJWS02dlRfSkNYVHlIU09YY0phYXRwYUttd3B5TVFsSE9CYjVLS0g0a19pVWtJOFJJazdjc3A0WEZyY1N0TldYOUlTeGRLVDhDWGRCdGhxdG90dnY1MTZkNUoyMGdnVw?oc=5
2024-07-17,AAPL,Apple,Should You Buy Apple Stock Now or Wait for a Dip? - Nasdaq,"EN
Sign in
Before you continue to Google
We use cookies and data to
Deliver and maintain Google services
Track outages and protect against spam, fraud, and abuse
Measure audience engagement and site statistics to understand how our services are used and enhance the quality of those services
If you choose to “Accept all,” we will also use cookies and data to
Develop and improve new services
Deliver and measure the effectiveness of ads
Show personalized content, depending on your settings
Show personalized ads, depending on your settings
If you choose to “Reject all,” we will not use cookies for these additional purposes.
Non-personalized content is influenced by things like the content you’re currently viewing, activity in your active Search session, and your location. Non-personalized ads are influenced by the content you’re currently viewing and your general location. Personalized content and ads can also include more relevant results, recommendations, and tailored ads based on past activity from this browser, like previous Google searches. We also use cookies and data to tailor the experience to be age-appropriate, if relevant.
Select “More options” to see additional information, including details about managing your privacy settings. You can also visit g.co/privacytools at any time.
Reject all
Accept all
More options
Privacy Policy
Terms of Service",https://news.google.com/rss/articles/CBMif0FVX3lxTFBMb2NlcjB4R0RiSXVlemFoWnFTTnBLdWxYdHNUbFFpRWJfME1OWl95NjJLQ3oxT1liMUd1WUh5bTA1Y1FYRlI1WG9zSE9jTlJ5ZTNna1hDdHV4Y2hKT09BRjRocTBITUZQVkxmS0FZLW1RRDN0dFhEbUNTZThrMU0?oc=5
2024-07-17,AAPL,Apple,"Why the AI ‘fever pitch’ around Apple’s stock is misplaced, according to UBS - MarketWatch","EN
Sign in
Before you continue to Google
We use cookies and data to
Deliver and maintain Google services
Track outages and protect against spam, fraud, and abuse
Measure audience engagement and site statistics to understand how our services are used and enhance the quality of those services
If you choose to “Accept all,” we will also use cookies and data to
Develop and improve new services
Deliver and measure the effectiveness of ads
Show personalized content, depending on your settings
Show personalized ads, depending on your settings
If you choose to “Reject all,” we will not use cookies for these additional purposes.
Non-personalized content is influenced by things like the content you’re currently viewing, activity in your active Search session, and your location. Non-personalized ads are influenced by the content you’re currently viewing and your general location. Personalized content and ads can also include more relevant results, recommendations, and tailored ads based on past activity from this browser, like previous Google searches. We also use cookies and data to tailor the experience to be age-appropriate, if relevant.
Select “More options” to see additional information, including details about managing your privacy settings. You can also visit g.co/privacytools at any time.
Reject all
Accept all
More options
Privacy Policy
Terms of Service",https://news.google.com/rss/articles/CBMitgFBVV95cUxNUTdYY0ltWlA4S1ZrSzNxTjNhbi0wZFA3TVNlTy1JWGpQVTJLRkIyWGlsaFI3NGkyTTRsVXJvX2pLYVJqVmxPMWw4NnBzYUFza0tyelhacFhxbkdSRnVNTkVLM3ZhalRtY2hOcUMxblV5UW4zZm0zYWt1b2tzaWxOaGVGbmNqT1F5U2xpUXZjZmxTSXNmWm80dlpiVTVNODBGcXNXT0dENFJTM0IwejdURkJnX3ZUQQ?oc=5
2024-08-27,AAPL,Apple,Is Apple Stock a Must-Buy Before September? - Nasdaq,"EN
Sign in
Before you continue to Google
We use cookies and data to
Deliver and maintain Google services
Track outages and protect against spam, fraud, and abuse
Measure audience engagement and site statistics to understand how our services are used and enhance the quality of those services
If you choose to “Accept all,” we will also use cookies and data to
Develop and improve new services
Deliver and measure the effectiveness of ads
Show personalized content, depending on your settings
Show personalized ads, depending on your settings
If you choose to “Reject all,” we will not use cookies for these additional purposes.
Non-personalized content is influenced by things like the content you’re currently viewing, activity in your active Search session, and your location. Non-personalized ads are influenced by the content you’re currently viewing and your general location. Personalized content and ads can also include more relevant results, recommendations, and tailored ads based on past activity from this browser, like previous Google searches. We also use cookies and data to tailor the experience to be age-appropriate, if relevant.
Select “More options” to see additional information, including details about managing your privacy settings. You can also visit g.co/privacytools at any time.
Reject all
Accept all
More options
Privacy Policy
Terms of Service",https://news.google.com/rss/articles/CBMib0FVX3lxTFB0MjlrU3ZfbGhMUEVtY241RzRWTXBvbDZ4d0pmVnN5MUJjekI3N2hrVkNRcVhDdWhHZDRYSDVKTE9XV1laVl85MjU2S0oydlpGeThqcEJrdzdqQTdIVEk0TWc4WU44ZFNJWlpnc2Fjcw?oc=5
2024-08-26,AAPL,Apple,Watch These Apple Stock Price Levels Ahead of Expected iPhone 16 Launch - Investopedia,"EN
Sign in
Before you continue to Google
We use cookies and data to
Deliver and maintain Google services
Track outages and protect against spam, fraud, and abuse
Measure audience engagement and site statistics to understand how our services are used and enhance the quality of those services
If you choose to “Accept all,” we will also use cookies and data to
Develop and improve new services
Deliver and measure the effectiveness of ads
Show personalized content, depending on your settings
Show personalized ads, depending on your settings
If you choose to “Reject all,” we will not use cookies for these additional purposes.
Non-personalized content is influenced by things like the content you’re currently viewing, activity in your active Search session, and your location. Non-personalized ads are influenced by the content you’re currently viewing and your general location. Personalized content and ads can also include more relevant results, recommendations, and tailored ads based on past activity from this browser, like previous Google searches. We also use cookies and data to tailor the experience to be age-appropriate, if relevant.
Select “More options” to see additional information, including details about managing your privacy settings. You can also visit g.co/privacytools at any time.
Reject all
Accept all
More options
Privacy Policy
Terms of Service",https://news.google.com/rss/articles/CBMirAFBVV95cUxPc0xVWUNzUXB0aU92UURQVTFLUU9rNE9rYm1IM2FDMGxZTmRUeUhXeC03am5oVTBtVnlldU02a0VpdGRzSVhuM0VrQTFzX0haSGMtZTBMZVlzcmIxSmlaRXRoanBIWnFZeU1XLS12UU1GME9BYVVpVU9scUU1Vm9sQkZ2dVkxTnhfTG5xSER5el9hSkQ4YmJQcWhuVW5uTlE5anluSFlGYXB2c2dX?oc=5
2024-08-02,AAPL,Apple,Apple Earnings: Sales Impress But Stock Still Overvalued - Morningstar,"EN
Sign in
Before you continue to Google
We use cookies and data to
Deliver and maintain Google services
Track outages and protect against spam, fraud, and abuse
Measure audience engagement and site statistics to understand how our services are used and enhance the quality of those services
If you choose to “Accept all,” we will also use cookies and data to
Develop and improve new services
Deliver and measure the effectiveness of ads
Show personalized content, depending on your settings
Show personalized ads, depending on your settings
If you choose to “Reject all,” we will not use cookies for these additional purposes.
Non-personalized content is influenced by things like the content you’re currently viewing, activity in your active Search session, and your location. Non-personalized ads are influenced by the content you’re currently viewing and your general location. Personalized content and ads can also include more relevant results, recommendations, and tailored ads based on past activity from this browser, like previous Google searches. We also use cookies and data to tailor the experience to be age-appropriate, if relevant.
Select “More options” to see additional information, including details about managing your privacy settings. You can also visit g.co/privacytools at any time.
Reject all
Accept all
More options
Privacy Policy
Terms of Service",https://news.google.com/rss/articles/CBMiqAFBVV95cUxPY1JaME11d1p1OFNFbmRiWHNqNkkyeWVUVW81YVFkUkNvalVHU2psSnJ1eEJOemNGMXJORnpNLVJiV1RhdmJVeENtQkc5cUVTNmd4bXM3c3BlZ2hvdDFtNmpEUWhFR2Y2b2dvcGxuZzlwVXh4TlVSeDZfR3FaWFdDbXduSVliREwtSXJscXhndjRoeVJQb1NXOTBwNGFLZGdsTDRrR3JSaEM?oc=5
2024-08-05,AAPL,Apple,Is Apple Stock A Buy Or Sell In Early August 2024? - Investor's Business Daily,"EN
Sign in
Before you continue to Google
We use cookies and data to
Deliver and maintain Google services
Track outages and protect against spam, fraud, and abuse
Measure audience engagement and site statistics to understand how our services are used and enhance the quality of those services
If you choose to “Accept all,” we will also use cookies and data to
Develop and improve new services
Deliver and measure the effectiveness of ads
Show personalized content, depending on your settings
Show personalized ads, depending on your settings
If you choose to “Reject all,” we will not use cookies for these additional purposes.
Non-personalized content is influenced by things like the content you’re currently viewing, activity in your active Search session, and your location. Non-personalized ads are influenced by the content you’re currently viewing and your general location. Personalized content and ads can also include more relevant results, recommendations, and tailored ads based on past activity from this browser, like previous Google searches. We also use cookies and data to tailor the experience to be age-appropriate, if relevant.
Select “More options” to see additional information, including details about managing your privacy settings. You can also visit g.co/privacytools at any time.
Reject all
Accept all
More options
Privacy Policy
Terms of Service",https://news.google.com/rss/articles/CBMiZkFVX3lxTE51SFdxcjhBTld2WW5pWTJWQVJRWnRXbzF3anFKemtHNW0xNWszdkxCWGRLNW9OUXlJcjNKMWg1S1BHaHFKeFRyMDAwTjEwUU1UczZmemZ1U0lHZlBHcV9Icm9wVDRWUQ?oc=5
2024-08-05,AAPL,Apple,Why Apple Stock Got Crushed on Monday - The Motley Fool,"EN
Sign in
Before you continue to Google
We use cookies and data to
Deliver and maintain Google services
Track outages and protect against spam, fraud, and abuse
Measure audience engagement and site statistics to understand how our services are used and enhance the quality of those services
If you choose to “Accept all,” we will also use cookies and data to
Develop and improve new services
Deliver and measure the effectiveness of ads
Show personalized content, depending on your settings
Show personalized ads, depending on your settings
If you choose to “Reject all,” we will not use cookies for these additional purposes.
Non-personalized content is influenced by things like the content you’re currently viewing, activity in your active Search session, and your location. Non-personalized ads are influenced by the content you’re currently viewing and your general location. Personalized content and ads can also include more relevant results, recommendations, and tailored ads based on past activity from this browser, like previous Google searches. We also use cookies and data to tailor the experience to be age-appropriate, if relevant.
Select “More options” to see additional information, including details about managing your privacy settings. You can also visit g.co/privacytools at any time.
Reject all
Accept all
More options
Privacy Policy
Terms of Service",https://news.google.com/rss/articles/CBMihwFBVV95cUxQM1NXazNJT1ZsTjRLMEc0VzE1eGdMRk5DalRJUlg2OFMyeFcwczhKNXlmd25pM2Fhd1VVRnViREJFYnJ6X2c0ZEJuRm9BaEQ3b0hIVXVoX3NuVUxzVTVMcWJ4UmtBaGcwUUlKdng2WG5SVjdzeW4xM1hsaUZYeXRPVEUxTlRnZ3M?oc=5
2024-08-23,AAPL,Apple,"Third Point sees room for Apple stock price to climb, letter says - Reuters","EN
Sign in
Before you continue to Google
We use cookies and data to
Deliver and maintain Google services
Track outages and protect against spam, fraud, and abuse
Measure audience engagement and site statistics to understand how our services are used and enhance the quality of those services
If you choose to “Accept all,” we will also use cookies and data to
Develop and improve new services
Deliver and measure the effectiveness of ads
Show personalized content, depending on your settings
Show personalized ads, depending on your settings
If you choose to “Reject all,” we will not use cookies for these additional purposes.
Non-personalized content is influenced by things like the content you’re currently viewing, activity in your active Search session, and your location. Non-personalized ads are influenced by the content you’re currently viewing and your general location. Personalized content and ads can also include more relevant results, recommendations, and tailored ads based on past activity from this browser, like previous Google searches. We also use cookies and data to tailor the experience to be age-appropriate, if relevant.
Select “More options” to see additional information, including details about managing your privacy settings. You can also visit g.co/privacytools at any time.
Reject all
Accept all
More options
Privacy Policy
Terms of Service",https://news.google.com/rss/articles/CBMipwFBVV95cUxOakVjTDFvUTVGM081NGRSZGJ4SW5RMGphb0daemlUTlZ1blpQNFRjWG5EbExxbDV6TUNfTS1yVFdyYUpvRTdUNy1uZzlCQ0p1RGFGRUZRTm1LTmhVNVZEbDVEUzZ2YjlMeWFVc3l6M0lkN0I5d09Ddm03WllrNnJ2TVlqLWVweWl2RkF4dkhzRTVWeHNZTnpCVUlrTzFqUlFQMko1TVVzTQ?oc=5
2024-08-13,AAPL,Apple,"Apple's stock price problem: While profits doubled, the tech darling's market cap quadrupled - Fortune","EN
Sign in
Before you continue to Google
We use cookies and data to
Deliver and maintain Google services
Track outages and protect against spam, fraud, and abuse
Measure audience engagement and site statistics to understand how our services are used and enhance the quality of those services
If you choose to “Accept all,” we will also use cookies and data to
Develop and improve new services
Deliver and measure the effectiveness of ads
Show personalized content, depending on your settings
Show personalized ads, depending on your settings
If you choose to “Reject all,” we will not use cookies for these additional purposes.
Non-personalized content is influenced by things like the content you’re currently viewing, activity in your active Search session, and your location. Non-personalized ads are influenced by the content you’re currently viewing and your general location. Personalized content and ads can also include more relevant results, recommendations, and tailored ads based on past activity from this browser, like previous Google searches. We also use cookies and data to tailor the experience to be age-appropriate, if relevant.
Select “More options” to see additional information, including details about managing your privacy settings. You can also visit g.co/privacytools at any time.
Reject all
Accept all
More options
Privacy Policy
Terms of Service",https://news.google.com/rss/articles/CBMiaEFVX3lxTE9YNGxpdk55c01qdG5oSEhlQXpmOHVmRjVLWEZfMThTUXpDOTI5SHZFMDR3WUJvb2RRME4tY1FreGRwc1M3WGVFNVhlaXNPMnhGN0U2OFhJZ1FjR0oxWXFYaF9oblNsS3la?oc=5
2024-08-21,AAPL,Apple,Apple Stock Is the Real Bargain in Big Tech. It’s Not What You Think. - Barron's,"EN
Sign in
Before you continue to Google
We use cookies and data to
Deliver and maintain Google services
Track outages and protect against spam, fraud, and abuse
Measure audience engagement and site statistics to understand how our services are used and enhance the quality of those services
If you choose to “Accept all,” we will also use cookies and data to
Develop and improve new services
Deliver and measure the effectiveness of ads
Show personalized content, depending on your settings
Show personalized ads, depending on your settings
If you choose to “Reject all,” we will not use cookies for these additional purposes.
Non-personalized content is influenced by things like the content you’re currently viewing, activity in your active Search session, and your location. Non-personalized ads are influenced by the content you’re currently viewing and your general location. Personalized content and ads can also include more relevant results, recommendations, and tailored ads based on past activity from this browser, like previous Google searches. We also use cookies and data to tailor the experience to be age-appropriate, if relevant.
Select “More options” to see additional information, including details about managing your privacy settings. You can also visit g.co/privacytools at any time.
Reject all
Accept all
More options
Privacy Policy
Terms of Service",https://news.google.com/rss/articles/CBMifEFVX3lxTE5aTEJnVUMxTm50THk1eWtSQngxUWVFbXBUd1pwUkhzMllYMVdfMGVKN29MNjd5UkczNEhtVjNhZ2ttb0FxMDJKU09rSjVHRDIyV2ZxMXR3Rkc4Y0liWnNzbTBvQnhHSl9VbVBYMUpibkUwZjFVVFRTdFUxTVg?oc=5
2024-08-24,AAPL,Apple,"If You Bought 1 Share of Apple at Its IPO, Here's How Many Shares You Would Own Now - Yahoo Finance","EN
Sign in
Before you continue to Google
We use cookies and data to
Deliver and maintain Google services
Track outages and protect against spam, fraud, and abuse
Measure audience engagement and site statistics to understand how our services are used and enhance the quality of those services
If you choose to “Accept all,” we will also use cookies and data to
Develop and improve new services
Deliver and measure the effectiveness of ads
Show personalized content, depending on your settings
Show personalized ads, depending on your settings
If you choose to “Reject all,” we will not use cookies for these additional purposes.
Non-personalized content is influenced by things like the content you’re currently viewing, activity in your active Search session, and your location. Non-personalized ads are influenced by the content you’re currently viewing and your general location. Personalized content and ads can also include more relevant results, recommendations, and tailored ads based on past activity from this browser, like previous Google searches. We also use cookies and data to tailor the experience to be age-appropriate, if relevant.
Select “More options” to see additional information, including details about managing your privacy settings. You can also visit g.co/privacytools at any time.
Reject all
Accept all
More options
Privacy Policy
Terms of Service",https://news.google.com/rss/articles/CBMiekFVX3lxTE1NOXRpZ0dMM3IwVlV3ZndNbGU0Y3ZiUEdGaVVnYWVDcURoQVhlbVdyMWJLOHJxUnNydXFHN3NYalVacXFNaXVqX1JDUXhaNXlRTEVoMHd1eDNIXzg0MldYUFlScUZ0c2wyMC1fRHQ0MXFRQzZIS010RFZ3?oc=5
2024-08-05,AAPL,Apple,Warren Buffett Halves Berkshire’s Apple Stake: 4 Lessons For Investors - Bankrate,"EN
Sign in
Before you continue to Google
We use cookies and data to
Deliver and maintain Google services
Track outages and protect against spam, fraud, and abuse
Measure audience engagement and site statistics to understand how our services are used and enhance the quality of those services
If you choose to “Accept all,” we will also use cookies and data to
Develop and improve new services
Deliver and measure the effectiveness of ads
Show personalized content, depending on your settings
Show personalized ads, depending on your settings
If you choose to “Reject all,” we will not use cookies for these additional purposes.
Non-personalized content is influenced by things like the content you’re currently viewing, activity in your active Search session, and your location. Non-personalized ads are influenced by the content you’re currently viewing and your general location. Personalized content and ads can also include more relevant results, recommendations, and tailored ads based on past activity from this browser, like previous Google searches. We also use cookies and data to tailor the experience to be age-appropriate, if relevant.
Select “More options” to see additional information, including details about managing your privacy settings. You can also visit g.co/privacytools at any time.
Reject all
Accept all
More options
Privacy Policy
Terms of Service",https://news.google.com/rss/articles/CBMiowFBVV95cUxOUnpGeWNMZWJ4TFhtZFlHSndPQkdqcFZtTWd4UnlyZmVFSUVMUkE4c2loS05xWHJTM3Z0MjZWend0d2tGQi04TjJDVzRfaVpMa0pDOHA2Q3pmbFU4LWNkWXY2dlhOdGRrX1daVDI3MklsNXNIT29KN0ZyZ0JvalpVRlNDRFpGb09nQlREMHlUOWR0ZFBwNVd6c01tVlRNd0RmTGM4?oc=5
2024-08-08,AAPL,Apple,"After Earnings, is Apple Stock a Buy, Sell, or Hold? - Morningstar","EN
Sign in
Before you continue to Google
We use cookies and data to
Deliver and maintain Google services
Track outages and protect against spam, fraud, and abuse
Measure audience engagement and site statistics to understand how our services are used and enhance the quality of those services
If you choose to “Accept all,” we will also use cookies and data to
Develop and improve new services
Deliver and measure the effectiveness of ads
Show personalized content, depending on your settings
Show personalized ads, depending on your settings
If you choose to “Reject all,” we will not use cookies for these additional purposes.
Non-personalized content is influenced by things like the content you’re currently viewing, activity in your active Search session, and your location. Non-personalized ads are influenced by the content you’re currently viewing and your general location. Personalized content and ads can also include more relevant results, recommendations, and tailored ads based on past activity from this browser, like previous Google searches. We also use cookies and data to tailor the experience to be age-appropriate, if relevant.
Select “More options” to see additional information, including details about managing your privacy settings. You can also visit g.co/privacytools at any time.
Reject all
Accept all
More options
Privacy Policy
Terms of Service",https://news.google.com/rss/articles/CBMimwFBVV95cUxOV2VKeURiVmdjTFU5SzhHa0RPYXJ2ZXRSaFJCMTBZWnJlbkg0MGk0WnBHOHN1SzhZTkpqVFBwMEFyVjhvR2hkTkpCOGZFN28tTmtKRWdSNDB3cVlUZ2ZabnJzRDBRVWYtQ3RtUkdnTW92V1JsZkZFRnhZVEtaa3A0amw5MHZDbVZFUEgtYkpiNXZxT3hrVmRLVmctQQ?oc=5
2024-08-15,AAPL,Apple,Warren Buffett did something curious with his Apple stock holding - CNBC,"EN
Sign in
Before you continue to Google
We use cookies and data to
Deliver and maintain Google services
Track outages and protect against spam, fraud, and abuse
Measure audience engagement and site statistics to understand how our services are used and enhance the quality of those services
If you choose to “Accept all,” we will also use cookies and data to
Develop and improve new services
Deliver and measure the effectiveness of ads
Show personalized content, depending on your settings
Show personalized ads, depending on your settings
If you choose to “Reject all,” we will not use cookies for these additional purposes.
Non-personalized content is influenced by things like the content you’re currently viewing, activity in your active Search session, and your location. Non-personalized ads are influenced by the content you’re currently viewing and your general location. Personalized content and ads can also include more relevant results, recommendations, and tailored ads based on past activity from this browser, like previous Google searches. We also use cookies and data to tailor the experience to be age-appropriate, if relevant.
Select “More options” to see additional information, including details about managing your privacy settings. You can also visit g.co/privacytools at any time.
Reject all
Accept all
More options
Privacy Policy
Terms of Service",https://news.google.com/rss/articles/CBMipAFBVV95cUxObjVudlV6bV8zYWFzVFpwZGRzWmtwVTdvNHUxSVZkS1V0bTg5bDNrVzRVSTdKNmVTajdYNk1YNUdKT0xzX1pCdlBRT1lYejBET0VYRDVZU2llcnE3dlViSXFzcGxyekRLc0QxdWZJUkNpR1FCeHljMnlhNzhWcGV4NEhzUlkwZExpSGhGQ1E2LWlSd09mdnZJVkVYNTNVNGtQdDZIdtIBqgFBVV95cUxPdFZWOE04ckZiNk5FdGhTWjFkU1doRmdCZGRxd0pJTkdZYnR5amlnNzJaZC1JOXNBaV91VDlWcWt2c1ZLQkc3YXpGMkNCX2FwV0tTdFBBWXRYUi1JaGJ4a2Fjcmg0dlg4Mkp3WlZYdjJGR1doZEhVUkwyZUVUYmN1SEw3SWR0YWJnTWNEMDNtSE5ZZVJTTXVBb1NMaGxhVE81TEcydmtHbGxRZw?oc=5
2024-08-11,AAPL,Apple,Warren Buffett's sale of 510 million Apple shares will go down as one of the best bets of his career - Fortune,"EN
Sign in
Before you continue to Google
We use cookies and data to
Deliver and maintain Google services
Track outages and protect against spam, fraud, and abuse
Measure audience engagement and site statistics to understand how our services are used and enhance the quality of those services
If you choose to “Accept all,” we will also use cookies and data to
Develop and improve new services
Deliver and measure the effectiveness of ads
Show personalized content, depending on your settings
Show personalized ads, depending on your settings
If you choose to “Reject all,” we will not use cookies for these additional purposes.
Non-personalized content is influenced by things like the content you’re currently viewing, activity in your active Search session, and your location. Non-personalized ads are influenced by the content you’re currently viewing and your general location. Personalized content and ads can also include more relevant results, recommendations, and tailored ads based on past activity from this browser, like previous Google searches. We also use cookies and data to tailor the experience to be age-appropriate, if relevant.
Select “More options” to see additional information, including details about managing your privacy settings. You can also visit g.co/privacytools at any time.
Reject all
Accept all
More options
Privacy Policy
Terms of Service",https://news.google.com/rss/articles/CBMif0FVX3lxTE9ocF9uX0puNXkydld0U1hZaExQUFRWekh1ZXk0RERaSUdZeGVhSThYSUk1Tm1adXZCaG5sVDRzSkxSMXE5VGRzNktHSjZtbGRER25zWUdhRE5XQ0hGWS1XVWpqTHFSTEtFZkItX0M1OUJzZENfWDZkRzkwUU9DUWc?oc=5
2024-08-15,AAPL,Apple,Berkshire Might Be Finished Selling Apple Stock. Here’s Why. - Barron's,"EN
Sign in
Before you continue to Google
We use cookies and data to
Deliver and maintain Google services
Track outages and protect against spam, fraud, and abuse
Measure audience engagement and site statistics to understand how our services are used and enhance the quality of those services
If you choose to “Accept all,” we will also use cookies and data to
Develop and improve new services
Deliver and measure the effectiveness of ads
Show personalized content, depending on your settings
Show personalized ads, depending on your settings
If you choose to “Reject all,” we will not use cookies for these additional purposes.
Non-personalized content is influenced by things like the content you’re currently viewing, activity in your active Search session, and your location. Non-personalized ads are influenced by the content you’re currently viewing and your general location. Personalized content and ads can also include more relevant results, recommendations, and tailored ads based on past activity from this browser, like previous Google searches. We also use cookies and data to tailor the experience to be age-appropriate, if relevant.
Select “More options” to see additional information, including details about managing your privacy settings. You can also visit g.co/privacytools at any time.
Reject all
Accept all
More options
Privacy Policy
Terms of Service",https://news.google.com/rss/articles/CBMigwFBVV95cUxNQThzLWtnQWpjYnUwUWItTGh2dEllSE05V3hTQWp6MGNSNExMcVdPWVQ2VHdtcVM0TTBScTIyZk1KYkYxa2hLMmJZcXFGcXFBZ2h2WFBlaVA0V3FnTnM1RDFPdkZwSXhuRzZMSzZqelE3M2VWQmVEbnNqQ2lvM2ViQy1Tcw?oc=5
2024-08-06,AAPL,Apple,Is It Too Late to Buy Apple Stock? - The Motley Fool,"EN
Sign in
Before you continue to Google
We use cookies and data to
Deliver and maintain Google services
Track outages and protect against spam, fraud, and abuse
Measure audience engagement and site statistics to understand how our services are used and enhance the quality of those services
If you choose to “Accept all,” we will also use cookies and data to
Develop and improve new services
Deliver and measure the effectiveness of ads
Show personalized content, depending on your settings
Show personalized ads, depending on your settings
If you choose to “Reject all,” we will not use cookies for these additional purposes.
Non-personalized content is influenced by things like the content you’re currently viewing, activity in your active Search session, and your location. Non-personalized ads are influenced by the content you’re currently viewing and your general location. Personalized content and ads can also include more relevant results, recommendations, and tailored ads based on past activity from this browser, like previous Google searches. We also use cookies and data to tailor the experience to be age-appropriate, if relevant.
Select “More options” to see additional information, including details about managing your privacy settings. You can also visit g.co/privacytools at any time.
Reject all
Accept all
More options
Privacy Policy
Terms of Service",https://news.google.com/rss/articles/CBMiggFBVV95cUxNa0RrUVEzRzVKeGJZd09od2ptb3VUN1QxSXhBWEZYc2tpZVRuRy1CUlBnXzk0cTViVnl5M0dKVUhDN0kzaHVVNDA0QVVLX1RYbTVYQzZRQndiamNjOWRsWkF3dzdhZWNRM1BqQURGWEk3UGtNZmNkM2ROZE1jQmlhRC1R?oc=5
2024-08-15,AAPL,Apple,3 Warren Buffett Stocks to Buy After Berkshire Hathaway's Latest Filings - Morningstar,"EN
Sign in
Before you continue to Google
We use cookies and data to
Deliver and maintain Google services
Track outages and protect against spam, fraud, and abuse
Measure audience engagement and site statistics to understand how our services are used and enhance the quality of those services
If you choose to “Accept all,” we will also use cookies and data to
Develop and improve new services
Deliver and measure the effectiveness of ads
Show personalized content, depending on your settings
Show personalized ads, depending on your settings
If you choose to “Reject all,” we will not use cookies for these additional purposes.
Non-personalized content is influenced by things like the content you’re currently viewing, activity in your active Search session, and your location. Non-personalized ads are influenced by the content you’re currently viewing and your general location. Personalized content and ads can also include more relevant results, recommendations, and tailored ads based on past activity from this browser, like previous Google searches. We also use cookies and data to tailor the experience to be age-appropriate, if relevant.
Select “More options” to see additional information, including details about managing your privacy settings. You can also visit g.co/privacytools at any time.
Reject all
Accept all
More options
Privacy Policy
Terms of Service",https://news.google.com/rss/articles/CBMivgFBVV95cUxNVHAwOXE1VXdSZ281ZUtOd25qNU1lUnNnYWpZSGRjWVo1WlRXMURvWUNrUG0xeFA1MVZ1Q1pHYTBNUG1naUJES2ZRUGxQaGt1TzVGZHJwTTJZVXQ2cW5vZG5YdkhQLUFFOXRsdnRwZm9Gd1RxOXVwOTNGUzllN2F0MmpsSWpEZzlvSm1vQVB2S2tTMXFBYm45QVFlUHV4UnVaRFlhVUp6aWtZU2dSSFpMYlFQcWFJMFUxdUpZNmdn?oc=5
2024-08-23,AAPL,Apple,Why Apple Stock And This 'Recession-Proof' Leader Strengthen Market's Bull Case - Investor's Business Daily,"EN
Sign in
Before you continue to Google
We use cookies and data to
Deliver and maintain Google services
Track outages and protect against spam, fraud, and abuse
Measure audience engagement and site statistics to understand how our services are used and enhance the quality of those services
If you choose to “Accept all,” we will also use cookies and data to
Develop and improve new services
Deliver and measure the effectiveness of ads
Show personalized content, depending on your settings
Show personalized ads, depending on your settings
If you choose to “Reject all,” we will not use cookies for these additional purposes.
Non-personalized content is influenced by things like the content you’re currently viewing, activity in your active Search session, and your location. Non-personalized ads are influenced by the content you’re currently viewing and your general location. Personalized content and ads can also include more relevant results, recommendations, and tailored ads based on past activity from this browser, like previous Google searches. We also use cookies and data to tailor the experience to be age-appropriate, if relevant.
Select “More options” to see additional information, including details about managing your privacy settings. You can also visit g.co/privacytools at any time.
Reject all
Accept all
More options
Privacy Policy
Terms of Service",https://news.google.com/rss/articles/CBMiggFBVV95cUxPdWZJYnZvcWRqZHMybU5ISmNWelNOUV93SzhhNUxYLUNFNDJ5V0ZFQkI2dUp0WXh1T3dybF8xZVktOHctV0NHOUM4NVFBTTlSRk13YlBaTHducHhrcUNpalpHOHc2SkpNN1labFVXRGFhX1RwTExmMkIzMlBkRDR3NGFB?oc=5
2024-08-02,AAPL,Apple,Apple Stock Rises After Earnings. Why It’s the Safe Play in Tech. - Barron's,"EN
Sign in
Before you continue to Google
We use cookies and data to
Deliver and maintain Google services
Track outages and protect against spam, fraud, and abuse
Measure audience engagement and site statistics to understand how our services are used and enhance the quality of those services
If you choose to “Accept all,” we will also use cookies and data to
Develop and improve new services
Deliver and measure the effectiveness of ads
Show personalized content, depending on your settings
Show personalized ads, depending on your settings
If you choose to “Reject all,” we will not use cookies for these additional purposes.
Non-personalized content is influenced by things like the content you’re currently viewing, activity in your active Search session, and your location. Non-personalized ads are influenced by the content you’re currently viewing and your general location. Personalized content and ads can also include more relevant results, recommendations, and tailored ads based on past activity from this browser, like previous Google searches. We also use cookies and data to tailor the experience to be age-appropriate, if relevant.
Select “More options” to see additional information, including details about managing your privacy settings. You can also visit g.co/privacytools at any time.
Reject all
Accept all
More options
Privacy Policy
Terms of Service",https://news.google.com/rss/articles/CBMigwFBVV95cUxPSVVNLWtEWlRLc3dCN0NYN0JheklzaWQ3Ti1zYnlzTFlDUklfczdITjhvNEh3dktlMUticEZYczdadHVqQnQwOXE3YTZzajZKWWE0emd3dHRIdzdvWmxsd1FRdDVodjMtX3p3VUxENTRpb05RcHNzdTFGMnVQSFpBVG94cw?oc=5
2024-08-24,AAPL,Apple,Where Will Apple Stock Be in 5 Years? - The Motley Fool,"EN
Sign in
Before you continue to Google
We use cookies and data to
Deliver and maintain Google services
Track outages and protect against spam, fraud, and abuse
Measure audience engagement and site statistics to understand how our services are used and enhance the quality of those services
If you choose to “Accept all,” we will also use cookies and data to
Develop and improve new services
Deliver and measure the effectiveness of ads
Show personalized content, depending on your settings
Show personalized ads, depending on your settings
If you choose to “Reject all,” we will not use cookies for these additional purposes.
Non-personalized content is influenced by things like the content you’re currently viewing, activity in your active Search session, and your location. Non-personalized ads are influenced by the content you’re currently viewing and your general location. Personalized content and ads can also include more relevant results, recommendations, and tailored ads based on past activity from this browser, like previous Google searches. We also use cookies and data to tailor the experience to be age-appropriate, if relevant.
Select “More options” to see additional information, including details about managing your privacy settings. You can also visit g.co/privacytools at any time.
Reject all
Accept all
More options
Privacy Policy
Terms of Service",https://news.google.com/rss/articles/CBMihgFBVV95cUxPVWpDNmNrS2xqcHUzZTVrVE9ZQWpSVGRBa3lfc0NEelZiUlJtQXF2NHh1OWkzNUh5QUJRa05IenpYcHo1Qk9pTlJESXlrUjY5R0FyOXR2QnMyeVh4elR5QTBiZ0xwWU9CWm5lZ1h3TG9qNVR0Yk9YUktoVVRjc1pGSk9aYW1RQQ?oc=5
2024-08-05,AAPL,Apple,"Apple Stock Falls 5% Amid Tech Rout, Market Selloff. AI Worries Are Back. - Barron's","EN
Sign in
Before you continue to Google
We use cookies and data to
Deliver and maintain Google services
Track outages and protect against spam, fraud, and abuse
Measure audience engagement and site statistics to understand how our services are used and enhance the quality of those services
If you choose to “Accept all,” we will also use cookies and data to
Develop and improve new services
Deliver and measure the effectiveness of ads
Show personalized content, depending on your settings
Show personalized ads, depending on your settings
If you choose to “Reject all,” we will not use cookies for these additional purposes.
Non-personalized content is influenced by things like the content you’re currently viewing, activity in your active Search session, and your location. Non-personalized ads are influenced by the content you’re currently viewing and your general location. Personalized content and ads can also include more relevant results, recommendations, and tailored ads based on past activity from this browser, like previous Google searches. We also use cookies and data to tailor the experience to be age-appropriate, if relevant.
Select “More options” to see additional information, including details about managing your privacy settings. You can also visit g.co/privacytools at any time.
Reject all
Accept all
More options
Privacy Policy
Terms of Service",https://news.google.com/rss/articles/CBMigAFBVV95cUxNRE14UHAyN1hzMW5CaEtVbWxpblF1amdJdkJaUjkwX0RFcDRpR2VRWTVjQ3p5d3RDMEYwR29XR3hOYWdfR1NTMEh5RkRQMVZQRlE4WmhwSTFtZzZuanJkeXc5XzI4R3NPZ192c215UlVJRUFXaWlFUHN0VGpvMVdjUg?oc=5
2024-09-19,AAPL,Apple,Apple Stock Sees RS Rating Improve To 77 - Investor's Business Daily,"EN
Sign in
Before you continue to Google
We use cookies and data to
Deliver and maintain Google services
Track outages and protect against spam, fraud, and abuse
Measure audience engagement and site statistics to understand how our services are used and enhance the quality of those services
If you choose to “Accept all,” we will also use cookies and data to
Develop and improve new services
Deliver and measure the effectiveness of ads
Show personalized content, depending on your settings
Show personalized ads, depending on your settings
If you choose to “Reject all,” we will not use cookies for these additional purposes.
Non-personalized content is influenced by things like the content you’re currently viewing, activity in your active Search session, and your location. Non-personalized ads are influenced by the content you’re currently viewing and your general location. Personalized content and ads can also include more relevant results, recommendations, and tailored ads based on past activity from this browser, like previous Google searches. We also use cookies and data to tailor the experience to be age-appropriate, if relevant.
Select “More options” to see additional information, including details about managing your privacy settings. You can also visit g.co/privacytools at any time.
Reject all
Accept all
More options
Privacy Policy
Terms of Service",https://news.google.com/rss/articles/CBMifEFVX3lxTE92eld1dVZUcjhRVzFBeFpxa3VleGJpa2tqYm1acXUyWnE3cE5DcjkwMFZZWVdzUHB2WkcxYndpT3piaDFYRF95RHdNVWJPTGRwT2p5aEY1dVZxOTVoN3RvOHZSU05YXy1ucGRxVVF3RTg5dTg4RFEtd2JtM28?oc=5
2024-09-09,AAPL,Apple,How to buy Apple stock (AAPL) - Yahoo Finance,"EN
Sign in
Before you continue to Google
We use cookies and data to
Deliver and maintain Google services
Track outages and protect against spam, fraud, and abuse
Measure audience engagement and site statistics to understand how our services are used and enhance the quality of those services
If you choose to “Accept all,” we will also use cookies and data to
Develop and improve new services
Deliver and measure the effectiveness of ads
Show personalized content, depending on your settings
Show personalized ads, depending on your settings
If you choose to “Reject all,” we will not use cookies for these additional purposes.
Non-personalized content is influenced by things like the content you’re currently viewing, activity in your active Search session, and your location. Non-personalized ads are influenced by the content you’re currently viewing and your general location. Personalized content and ads can also include more relevant results, recommendations, and tailored ads based on past activity from this browser, like previous Google searches. We also use cookies and data to tailor the experience to be age-appropriate, if relevant.
Select “More options” to see additional information, including details about managing your privacy settings. You can also visit g.co/privacytools at any time.
Reject all
Accept all
More options
Privacy Policy
Terms of Service",https://news.google.com/rss/articles/CBMidEFVX3lxTE90Q0dmNXlXcEtqdXRjZ1NSX2Z3dFJSaHAzN2VZOXlONm41RXZyTk5rR3cxWjU3MG1LYjhpWFBsZ1k1X2tmTXhvak9DRkxBaXZxbFZCdG54Yk5kaDlHbExnak5IamN3Z2lnUDhUVWJocmUxS1hE?oc=5
2024-09-09,AAPL,Apple,Apple Stock Is Falling After its iPhone Event. Analysts Are Unfazed. - Investopedia,"EN
Sign in
Before you continue to Google
We use cookies and data to
Deliver and maintain Google services
Track outages and protect against spam, fraud, and abuse
Measure audience engagement and site statistics to understand how our services are used and enhance the quality of those services
If you choose to “Accept all,” we will also use cookies and data to
Develop and improve new services
Deliver and measure the effectiveness of ads
Show personalized content, depending on your settings
Show personalized ads, depending on your settings
If you choose to “Reject all,” we will not use cookies for these additional purposes.
Non-personalized content is influenced by things like the content you’re currently viewing, activity in your active Search session, and your location. Non-personalized ads are influenced by the content you’re currently viewing and your general location. Personalized content and ads can also include more relevant results, recommendations, and tailored ads based on past activity from this browser, like previous Google searches. We also use cookies and data to tailor the experience to be age-appropriate, if relevant.
Select “More options” to see additional information, including details about managing your privacy settings. You can also visit g.co/privacytools at any time.
Reject all
Accept all
More options
Privacy Policy
Terms of Service",https://news.google.com/rss/articles/CBMitAFBVV95cUxOclI2TG84a1M3UFZxQldmdFBhdUYzLXNxczBVeG4wTWpuMVFGZjlUeFRFN0JkVHBQeXJCSVZPN2dZXzZpSzJFOHJ2azcyVVYtclZsd0JIZFZZWUJGZ2FtSGJCRjdDRFZ2T0I2Zk1jel9rTXdZTzdad2thUmRXZVNvT3pIR0Y5LW55aFdUb0k0TkxyNzkwTHcxYTZCclpmX0F5UDkyTGNrVmhMUjEwYnN6X0M4NDg?oc=5
2024-09-08,AAPL,Apple,"Apple Stock: Buy, Sell, or Hold? - The Motley Fool","EN
Sign in
Before you continue to Google
We use cookies and data to
Deliver and maintain Google services
Track outages and protect against spam, fraud, and abuse
Measure audience engagement and site statistics to understand how our services are used and enhance the quality of those services
If you choose to “Accept all,” we will also use cookies and data to
Develop and improve new services
Deliver and measure the effectiveness of ads
Show personalized content, depending on your settings
Show personalized ads, depending on your settings
If you choose to “Reject all,” we will not use cookies for these additional purposes.
Non-personalized content is influenced by things like the content you’re currently viewing, activity in your active Search session, and your location. Non-personalized ads are influenced by the content you’re currently viewing and your general location. Personalized content and ads can also include more relevant results, recommendations, and tailored ads based on past activity from this browser, like previous Google searches. We also use cookies and data to tailor the experience to be age-appropriate, if relevant.
Select “More options” to see additional information, including details about managing your privacy settings. You can also visit g.co/privacytools at any time.
Reject all
Accept all
More options
Privacy Policy
Terms of Service",https://news.google.com/rss/articles/CBMie0FVX3lxTFBCRklSa2RiSjBiMTA4MnFYSnVPMTlFUEpqckt6QndiVHZlbGplbXl3b1N2TGlnRzl5V01QNEF5VzRuVnJPREFPbGs3N3N0VUNZaml6dExZRHR6WmJoMUVURTBLUWJiZ2d3c1ptZS0zNWpPa1hBNUhqNkJKcw?oc=5
2024-09-16,AAPL,Apple,Why Is Apple Stock Down Today? Analysts Are Worried About iPhone 16 Demand. - Barron's,"EN
Sign in
Before you continue to Google
We use cookies and data to
Deliver and maintain Google services
Track outages and protect against spam, fraud, and abuse
Measure audience engagement and site statistics to understand how our services are used and enhance the quality of those services
If you choose to “Accept all,” we will also use cookies and data to
Develop and improve new services
Deliver and measure the effectiveness of ads
Show personalized content, depending on your settings
Show personalized ads, depending on your settings
If you choose to “Reject all,” we will not use cookies for these additional purposes.
Non-personalized content is influenced by things like the content you’re currently viewing, activity in your active Search session, and your location. Non-personalized ads are influenced by the content you’re currently viewing and your general location. Personalized content and ads can also include more relevant results, recommendations, and tailored ads based on past activity from this browser, like previous Google searches. We also use cookies and data to tailor the experience to be age-appropriate, if relevant.
Select “More options” to see additional information, including details about managing your privacy settings. You can also visit g.co/privacytools at any time.
Reject all
Accept all
More options
Privacy Policy
Terms of Service",https://news.google.com/rss/articles/CBMifkFVX3lxTE9Od09zcTkwU2RnZlBZNkFwRnJYMmstT0FrZUJoNFVwbzZhZ1JyT3VTZHE4TG54U2JEVUhlWUtZNFFOLXRyYnhNZmowU2hCdGJuRVlfN25KeElJeDBNcER6dmhWeFl3QXFmR1Y2eExaTzRicTdmamFVakJHRk4wdw?oc=5
2024-09-09,AAPL,Apple,Apple’s AI iPhone 16: Apple Stock Slumps During Long-Awaited Event - Forbes,"EN
Sign in
Before you continue to Google
We use cookies and data to
Deliver and maintain Google services
Track outages and protect against spam, fraud, and abuse
Measure audience engagement and site statistics to understand how our services are used and enhance the quality of those services
If you choose to “Accept all,” we will also use cookies and data to
Develop and improve new services
Deliver and measure the effectiveness of ads
Show personalized content, depending on your settings
Show personalized ads, depending on your settings
If you choose to “Reject all,” we will not use cookies for these additional purposes.
Non-personalized content is influenced by things like the content you’re currently viewing, activity in your active Search session, and your location. Non-personalized ads are influenced by the content you’re currently viewing and your general location. Personalized content and ads can also include more relevant results, recommendations, and tailored ads based on past activity from this browser, like previous Google searches. We also use cookies and data to tailor the experience to be age-appropriate, if relevant.
Select “More options” to see additional information, including details about managing your privacy settings. You can also visit g.co/privacytools at any time.
Reject all
Accept all
More options
Privacy Policy
Terms of Service",https://news.google.com/rss/articles/CBMitgFBVV95cUxNd3N2WXc0SGxIZHg5dTBwRjFXZTJyWG1UUEJpd1NYNGJpR05NeDJmLW9PTXMzcGVIZENFT0EyeHFoOU9OcEFOdEhvb2k5N1dHaFd5dkxmNEZTTWF0MHFrSlo1eXFLajlYSUpabXdjZy12XzhvbVhyZmlJRDJDN1g2cW10dHRFVlRXUXJsQWY4ZXRfdzRvTmhhaU0yYzJDNzFkbUwtQ05wRUxSelhydkd5VFUxUHN6dw?oc=5
2024-09-10,AAPL,Apple,"Apple will hit a $4 trillion market cap in 2025 as the iPhone 16 sparks big upgrade cycle, Wedbush says - markets.businessinsider.com","EN
Sign in
Before you continue to Google
We use cookies and data to
Deliver and maintain Google services
Track outages and protect against spam, fraud, and abuse
Measure audience engagement and site statistics to understand how our services are used and enhance the quality of those services
If you choose to “Accept all,” we will also use cookies and data to
Develop and improve new services
Deliver and measure the effectiveness of ads
Show personalized content, depending on your settings
Show personalized ads, depending on your settings
If you choose to “Reject all,” we will not use cookies for these additional purposes.
Non-personalized content is influenced by things like the content you’re currently viewing, activity in your active Search session, and your location. Non-personalized ads are influenced by the content you’re currently viewing and your general location. Personalized content and ads can also include more relevant results, recommendations, and tailored ads based on past activity from this browser, like previous Google searches. We also use cookies and data to tailor the experience to be age-appropriate, if relevant.
Select “More options” to see additional information, including details about managing your privacy settings. You can also visit g.co/privacytools at any time.
Reject all
Accept all
More options
Privacy Policy
Terms of Service",https://news.google.com/rss/articles/CBMitwFBVV95cUxQbTBPVnpEMm8tS3lOeXhCbldYZ2dTNWUtMldINWZTVVVVREhSNlpEc3BWUVFDTjdvSVBvZU5USzZBY0ZSLTZJdzh3ekkwemZJaEFHdmYyRTExak9CX3hqdzZhTGg5SDRjSG5yMUNGOE1SR0U0Y3pkZTFzVy1fM3J2aExLazBnbFZ3X2tNZV9NUHBCcEdVczFOTVdfZFFoZy1faWdFNS1CWXNpS0JhU2VMem5aZTFOOTQ?oc=5
2024-09-13,AAPL,Apple,Apple Stock Q4 Forecast: Can the iPhone 16 Take AAPL to Record Highs? - Nasdaq,"EN
Sign in
Before you continue to Google
We use cookies and data to
Deliver and maintain Google services
Track outages and protect against spam, fraud, and abuse
Measure audience engagement and site statistics to understand how our services are used and enhance the quality of those services
If you choose to “Accept all,” we will also use cookies and data to
Develop and improve new services
Deliver and measure the effectiveness of ads
Show personalized content, depending on your settings
Show personalized ads, depending on your settings
If you choose to “Reject all,” we will not use cookies for these additional purposes.
Non-personalized content is influenced by things like the content you’re currently viewing, activity in your active Search session, and your location. Non-personalized ads are influenced by the content you’re currently viewing and your general location. Personalized content and ads can also include more relevant results, recommendations, and tailored ads based on past activity from this browser, like previous Google searches. We also use cookies and data to tailor the experience to be age-appropriate, if relevant.
Select “More options” to see additional information, including details about managing your privacy settings. You can also visit g.co/privacytools at any time.
Reject all
Accept all
More options
Privacy Policy
Terms of Service",https://news.google.com/rss/articles/CBMilwFBVV95cUxObElieXp3V1FJOC1iVGZtM05vRUpwQnNfLTdqZkIzRWRPWk5yTndJcXQxMGhpMUhtb29GZ1BoTlp1WFRQbnh4R2hGN0JyaWJhdHBXaHdoN2RLSFpWQWFvbU5JdjBVbzliQXZuaWVocFBia250aWd6dGU1VVdMUmFWazU5aFBJdlQ2clJHZlhMWnpldzAwd2VR?oc=5
2024-09-19,AAPL,Apple,Apple Stock Rises On Reassuring iPhone 16 Sales Comments From T-Mobile - Investor's Business Daily,"EN
Sign in
Before you continue to Google
We use cookies and data to
Deliver and maintain Google services
Track outages and protect against spam, fraud, and abuse
Measure audience engagement and site statistics to understand how our services are used and enhance the quality of those services
If you choose to “Accept all,” we will also use cookies and data to
Develop and improve new services
Deliver and measure the effectiveness of ads
Show personalized content, depending on your settings
Show personalized ads, depending on your settings
If you choose to “Reject all,” we will not use cookies for these additional purposes.
Non-personalized content is influenced by things like the content you’re currently viewing, activity in your active Search session, and your location. Non-personalized ads are influenced by the content you’re currently viewing and your general location. Personalized content and ads can also include more relevant results, recommendations, and tailored ads based on past activity from this browser, like previous Google searches. We also use cookies and data to tailor the experience to be age-appropriate, if relevant.
Select “More options” to see additional information, including details about managing your privacy settings. You can also visit g.co/privacytools at any time.
Reject all
Accept all
More options
Privacy Policy
Terms of Service",https://news.google.com/rss/articles/CBMihgFBVV95cUxPREdyalh3YkZEdVRMNTYycy1abG5fTFdyY04xZFRmaXNMMG9PcWpTRjFBZlBQWjcxLUZKa09aOGloOU5YQlZGTDBqYUJlbTc2TFVIWjNTelB3TkhJMHlvZG9mQzJ5YmZ0c05aSWQ5em5wLU00QTBTMV9LYllPRkdVNEdLRUROUQ?oc=5
2024-09-08,AAPL,Apple,Watch These Apple Stock Price Levels as iPhone 16 Launch Event Set for Monday - Investopedia,"EN
Sign in
Before you continue to Google
We use cookies and data to
Deliver and maintain Google services
Track outages and protect against spam, fraud, and abuse
Measure audience engagement and site statistics to understand how our services are used and enhance the quality of those services
If you choose to “Accept all,” we will also use cookies and data to
Develop and improve new services
Deliver and measure the effectiveness of ads
Show personalized content, depending on your settings
Show personalized ads, depending on your settings
If you choose to “Reject all,” we will not use cookies for these additional purposes.
Non-personalized content is influenced by things like the content you’re currently viewing, activity in your active Search session, and your location. Non-personalized ads are influenced by the content you’re currently viewing and your general location. Personalized content and ads can also include more relevant results, recommendations, and tailored ads based on past activity from this browser, like previous Google searches. We also use cookies and data to tailor the experience to be age-appropriate, if relevant.
Select “More options” to see additional information, including details about managing your privacy settings. You can also visit g.co/privacytools at any time.
Reject all
Accept all
More options
Privacy Policy
Terms of Service",https://news.google.com/rss/articles/CBMisAFBVV95cUxQbmRVQ0FSNnFLRTBmaGZqeEZTYmF5NjJCRURfeGNYNlVvSk5fTWFIZ09ERWNvTWVfZG13LTdQc3dZOXlHVFJCUE0xV3JUVUNsRy1CZjc2YnRrZl9MOGV4SDRlOERRTTR2LVN6R3p5MkI5M0E0N1htd3F1Z0tjVEtRODMxN09jQlA2RHNXVk5ER2JrdFY1My0zbDROc0R2YklVeGNUUmwyZHU1VWhRQWR6Vg?oc=5
2024-09-18,AAPL,Apple,"If You Bought 1 Share of Apple Stock at Its IPO, Here's How Many Shares You Would Own Now - Yahoo Finance","EN
Sign in
Before you continue to Google
We use cookies and data to
Deliver and maintain Google services
Track outages and protect against spam, fraud, and abuse
Measure audience engagement and site statistics to understand how our services are used and enhance the quality of those services
If you choose to “Accept all,” we will also use cookies and data to
Develop and improve new services
Deliver and measure the effectiveness of ads
Show personalized content, depending on your settings
Show personalized ads, depending on your settings
If you choose to “Reject all,” we will not use cookies for these additional purposes.
Non-personalized content is influenced by things like the content you’re currently viewing, activity in your active Search session, and your location. Non-personalized ads are influenced by the content you’re currently viewing and your general location. Personalized content and ads can also include more relevant results, recommendations, and tailored ads based on past activity from this browser, like previous Google searches. We also use cookies and data to tailor the experience to be age-appropriate, if relevant.
Select “More options” to see additional information, including details about managing your privacy settings. You can also visit g.co/privacytools at any time.
Reject all
Accept all
More options
Privacy Policy
Terms of Service",https://news.google.com/rss/articles/CBMifEFVX3lxTE5LaGIzMUo1VzFaa2VBbzEtUzhSUG5rZXQxU3dKQnlaMWR5eW9MbmxHQW9qUVFqLUZNT05yZ3hpVVZKVWl2ZjYybG16dzVQREU0RmViaGM4b3EwMUV5NTBzbjFoYVRrVVdwSFZYblJQWEFpUl9sU2EyVmxfVkI?oc=5
2024-09-13,AAPL,Apple,3 Reasons to Buy Apple Stock Like There's No Tomorrow - The Motley Fool,"EN
Sign in
Before you continue to Google
We use cookies and data to
Deliver and maintain Google services
Track outages and protect against spam, fraud, and abuse
Measure audience engagement and site statistics to understand how our services are used and enhance the quality of those services
If you choose to “Accept all,” we will also use cookies and data to
Develop and improve new services
Deliver and measure the effectiveness of ads
Show personalized content, depending on your settings
Show personalized ads, depending on your settings
If you choose to “Reject all,” we will not use cookies for these additional purposes.
Non-personalized content is influenced by things like the content you’re currently viewing, activity in your active Search session, and your location. Non-personalized ads are influenced by the content you’re currently viewing and your general location. Personalized content and ads can also include more relevant results, recommendations, and tailored ads based on past activity from this browser, like previous Google searches. We also use cookies and data to tailor the experience to be age-appropriate, if relevant.
Select “More options” to see additional information, including details about managing your privacy settings. You can also visit g.co/privacytools at any time.
Reject all
Accept all
More options
Privacy Policy
Terms of Service",https://news.google.com/rss/articles/CBMimAFBVV95cUxOMHVraUFUNlZYSDZVTGY3RjhWNHhrSkZLLTdQOTA5X3hvbnQ5TDBVUHY1b3UyVjh3Sms3MlZPbDROdzBjaVhpdElsb1dMcTU3UDBwcDh6UnVEQmg4OHRVOW1LUm4tTzFWWl92RE0xSW9ISWRzOWlwd2UtVWtrZGV4RXhfUnk1QjFnUWxpYVJQdExlRFlwUnI3Tg?oc=5
2024-09-20,AAPL,Apple,Apple Is the World’s Most Valuable Stock. It’s Still Underestimated. - Barron's,"EN
Sign in
Before you continue to Google
We use cookies and data to
Deliver and maintain Google services
Track outages and protect against spam, fraud, and abuse
Measure audience engagement and site statistics to understand how our services are used and enhance the quality of those services
If you choose to “Accept all,” we will also use cookies and data to
Develop and improve new services
Deliver and measure the effectiveness of ads
Show personalized content, depending on your settings
Show personalized ads, depending on your settings
If you choose to “Reject all,” we will not use cookies for these additional purposes.
Non-personalized content is influenced by things like the content you’re currently viewing, activity in your active Search session, and your location. Non-personalized ads are influenced by the content you’re currently viewing and your general location. Personalized content and ads can also include more relevant results, recommendations, and tailored ads based on past activity from this browser, like previous Google searches. We also use cookies and data to tailor the experience to be age-appropriate, if relevant.
Select “More options” to see additional information, including details about managing your privacy settings. You can also visit g.co/privacytools at any time.
Reject all
Accept all
More options
Privacy Policy
Terms of Service",https://news.google.com/rss/articles/CBMiqgFBVV95cUxNVkRkTncySGFNcHZicGQ1Um1pSUl6MFNyOFlJNUs0dWg3YnFFR2lGSVZ3UXk3MmxBNUJMbEZmdk8wdHFVcnJzTmgzNlhfRzc4YklkdHNSNjlqaXI4WmkzQXJnVW5YTHY3QkdESXctVThVdndtbi1CYzBldGEwX2hCb2J6QzYybEduT25pRVBmQTBBZ0c5RjI3VEJrLUwxR2U4VVhBRHVSZFo4Zw?oc=5
2024-09-06,AAPL,Apple,What Wall Street Analysts Think of Apple Stock Ahead of Monday's iPhone 16 Event - Investopedia,"EN
Sign in
Before you continue to Google
We use cookies and data to
Deliver and maintain Google services
Track outages and protect against spam, fraud, and abuse
Measure audience engagement and site statistics to understand how our services are used and enhance the quality of those services
If you choose to “Accept all,” we will also use cookies and data to
Develop and improve new services
Deliver and measure the effectiveness of ads
Show personalized content, depending on your settings
Show personalized ads, depending on your settings
If you choose to “Reject all,” we will not use cookies for these additional purposes.
Non-personalized content is influenced by things like the content you’re currently viewing, activity in your active Search session, and your location. Non-personalized ads are influenced by the content you’re currently viewing and your general location. Personalized content and ads can also include more relevant results, recommendations, and tailored ads based on past activity from this browser, like previous Google searches. We also use cookies and data to tailor the experience to be age-appropriate, if relevant.
Select “More options” to see additional information, including details about managing your privacy settings. You can also visit g.co/privacytools at any time.
Reject all
Accept all
More options
Privacy Policy
Terms of Service",https://news.google.com/rss/articles/CBMitgFBVV95cUxQb3h6REZaRTh3M3hIYnpoTnRDdWFxblBFc3RENF9pNGhpV0MzX0gwenRhYjZZOF9LMlllTFk3aFB4Zmlwa0p0N2g4eWZPWEJoX2Fac1F5ZUw4SWdGaVZNWWNTZkFtSVMtWENnNlBZaW1SS0ZJZWRQWHZmYWZRakxJaVM2TE9WaUVtbFRTa3Azb0Z2OFFoV0hnTVZrcTZsZktyQlJaNFZadjdmNUZ6bWhELVNBcThsQQ?oc=5
2024-09-12,AAPL,Apple,'No huge surprises': Why Apple stock hasn't moved much on iPhone 16 news - Yahoo Finance,"EN
Sign in
Before you continue to Google
We use cookies and data to
Deliver and maintain Google services
Track outages and protect against spam, fraud, and abuse
Measure audience engagement and site statistics to understand how our services are used and enhance the quality of those services
If you choose to “Accept all,” we will also use cookies and data to
Develop and improve new services
Deliver and measure the effectiveness of ads
Show personalized content, depending on your settings
Show personalized ads, depending on your settings
If you choose to “Reject all,” we will not use cookies for these additional purposes.
Non-personalized content is influenced by things like the content you’re currently viewing, activity in your active Search session, and your location. Non-personalized ads are influenced by the content you’re currently viewing and your general location. Personalized content and ads can also include more relevant results, recommendations, and tailored ads based on past activity from this browser, like previous Google searches. We also use cookies and data to tailor the experience to be age-appropriate, if relevant.
Select “More options” to see additional information, including details about managing your privacy settings. You can also visit g.co/privacytools at any time.
Reject all
Accept all
More options
Privacy Policy
Terms of Service",https://news.google.com/rss/articles/CBMitAFBVV95cUxOZk5HWU9TWXhrM1RxeUp5cXJ3Ml9xV21KOTI0X2FqbzZUMlFSOW9iMlJUZElPRlZDZVkxempFNnprQU5rczBYd1dVSWNKN2x5NEswTGY1eHJxZ1RCMFVqNVBWcS1UaWtWQnJzM1JWLU9oa2JBbV81WTVvWlNwbmk5ZUpaYlJoU2ExQklJZllaSEdJQURtMEdPbVRwYWZLcFdVb1dONFpSYjRsYmtuXzVYOURUUlk?oc=5
2024-09-16,AAPL,Apple,Apple's Hoped-For iPhone 16 Supercycle Isn't Looking So Super Now - Investor's Business Daily,"EN
Sign in
Before you continue to Google
We use cookies and data to
Deliver and maintain Google services
Track outages and protect against spam, fraud, and abuse
Measure audience engagement and site statistics to understand how our services are used and enhance the quality of those services
If you choose to “Accept all,” we will also use cookies and data to
Develop and improve new services
Deliver and measure the effectiveness of ads
Show personalized content, depending on your settings
Show personalized ads, depending on your settings
If you choose to “Reject all,” we will not use cookies for these additional purposes.
Non-personalized content is influenced by things like the content you’re currently viewing, activity in your active Search session, and your location. Non-personalized ads are influenced by the content you’re currently viewing and your general location. Personalized content and ads can also include more relevant results, recommendations, and tailored ads based on past activity from this browser, like previous Google searches. We also use cookies and data to tailor the experience to be age-appropriate, if relevant.
Select “More options” to see additional information, including details about managing your privacy settings. You can also visit g.co/privacytools at any time.
Reject all
Accept all
More options
Privacy Policy
Terms of Service",https://news.google.com/rss/articles/CBMimgFBVV95cUxNYmZITmFxa3MxVS1TRFpGR21NZ0xfM1Eyd3lkd1RmY1pxVExfZXF4elJUc21NQXBjSFhXT0dQbng5SkVYSEx0cmdmbi12TEtKNEE0Y1NGMzR1bWtWYzExN2xZTzNPaXZNQVJ2eks5MjZaTWlNbkg4TVJwQklRSVpISUw0TFZSbVBmQkxpamF0bXphZ0tGaVBUcWtB?oc=5
2024-09-21,AAPL,Apple,Where Will Apple Stock Be in 3 Years? - The Motley Fool,"EN
Sign in
Before you continue to Google
We use cookies and data to
Deliver and maintain Google services
Track outages and protect against spam, fraud, and abuse
Measure audience engagement and site statistics to understand how our services are used and enhance the quality of those services
If you choose to “Accept all,” we will also use cookies and data to
Develop and improve new services
Deliver and measure the effectiveness of ads
Show personalized content, depending on your settings
Show personalized ads, depending on your settings
If you choose to “Reject all,” we will not use cookies for these additional purposes.
Non-personalized content is influenced by things like the content you’re currently viewing, activity in your active Search session, and your location. Non-personalized ads are influenced by the content you’re currently viewing and your general location. Personalized content and ads can also include more relevant results, recommendations, and tailored ads based on past activity from this browser, like previous Google searches. We also use cookies and data to tailor the experience to be age-appropriate, if relevant.
Select “More options” to see additional information, including details about managing your privacy settings. You can also visit g.co/privacytools at any time.
Reject all
Accept all
More options
Privacy Policy
Terms of Service",https://news.google.com/rss/articles/CBMihgFBVV95cUxOQWxfejlDNnJjaXVDWE95czFSQjd6WWJFSW4ybzRGXzNGSkZNM3p3NnczZEJ6ZlFHTEphbHRPYnZTajFyOHFlY19YUHhfWEFDTWRqNmlMOGpGcmlpRFM3MUc5SlBzOGlOa0ZITksweFZoQzludTlUNzBwZ3d1MUJlQ3ZUeWhZdw?oc=5
2024-09-09,AAPL,Apple,"Apple Event Today: Stock Closes Flat; iPhone 16 With AI Unveiled; New Apple Watch, Airpods, and Announcements - Barron's","EN
Sign in
Before you continue to Google
We use cookies and data to
Deliver and maintain Google services
Track outages and protect against spam, fraud, and abuse
Measure audience engagement and site statistics to understand how our services are used and enhance the quality of those services
If you choose to “Accept all,” we will also use cookies and data to
Develop and improve new services
Deliver and measure the effectiveness of ads
Show personalized content, depending on your settings
Show personalized ads, depending on your settings
If you choose to “Reject all,” we will not use cookies for these additional purposes.
Non-personalized content is influenced by things like the content you’re currently viewing, activity in your active Search session, and your location. Non-personalized ads are influenced by the content you’re currently viewing and your general location. Personalized content and ads can also include more relevant results, recommendations, and tailored ads based on past activity from this browser, like previous Google searches. We also use cookies and data to tailor the experience to be age-appropriate, if relevant.
Select “More options” to see additional information, including details about managing your privacy settings. You can also visit g.co/privacytools at any time.
Reject all
Accept all
More options
Privacy Policy
Terms of Service",https://news.google.com/rss/articles/CBMidEFVX3lxTE03Yko0S2lpN3VKOTl3Wm53bTl4OEFhQjk3emlmMFo3cnpjbEJ2Vi1KWXRfTkV2WmZPbnFKODlsTEZvejlMcUZrLWlwT0swbTFSMUM3cUt0bmRYQndKb25NZkFIbXF6Yl95eWJONFZ3U3FaYUJX?oc=5
2024-09-11,AAPL,Apple,5 Reasons You Should Add Apple Stock to Your Retirement Portfolio - Yahoo Finance,"EN
Sign in
Before you continue to Google
We use cookies and data to
Deliver and maintain Google services
Track outages and protect against spam, fraud, and abuse
Measure audience engagement and site statistics to understand how our services are used and enhance the quality of those services
If you choose to “Accept all,” we will also use cookies and data to
Develop and improve new services
Deliver and measure the effectiveness of ads
Show personalized content, depending on your settings
Show personalized ads, depending on your settings
If you choose to “Reject all,” we will not use cookies for these additional purposes.
Non-personalized content is influenced by things like the content you’re currently viewing, activity in your active Search session, and your location. Non-personalized ads are influenced by the content you’re currently viewing and your general location. Personalized content and ads can also include more relevant results, recommendations, and tailored ads based on past activity from this browser, like previous Google searches. We also use cookies and data to tailor the experience to be age-appropriate, if relevant.
Select “More options” to see additional information, including details about managing your privacy settings. You can also visit g.co/privacytools at any time.
Reject all
Accept all
More options
Privacy Policy
Terms of Service",https://news.google.com/rss/articles/CBMie0FVX3lxTE11cjNDUENpdk9uTE0wSnItMllsdGRudWFDc1dhdnhUYjZReUozY1FheW1MX1BNTG1UMXFRdC11c19ac2VpQksxemdiX3FRbFgtemhEdnI5NUpOSXpkRTBud2Z4dGtMbTY2NnVLTkRyUXZpd0Z2N1pMS1Rucw?oc=5
2024-09-12,AAPL,Apple,Warren Buffett Is Selling Apple Stock and Buying This Little-Known Stock Instead - Yahoo Finance,"EN
Sign in
Before you continue to Google
We use cookies and data to
Deliver and maintain Google services
Track outages and protect against spam, fraud, and abuse
Measure audience engagement and site statistics to understand how our services are used and enhance the quality of those services
If you choose to “Accept all,” we will also use cookies and data to
Develop and improve new services
Deliver and measure the effectiveness of ads
Show personalized content, depending on your settings
Show personalized ads, depending on your settings
If you choose to “Reject all,” we will not use cookies for these additional purposes.
Non-personalized content is influenced by things like the content you’re currently viewing, activity in your active Search session, and your location. Non-personalized ads are influenced by the content you’re currently viewing and your general location. Personalized content and ads can also include more relevant results, recommendations, and tailored ads based on past activity from this browser, like previous Google searches. We also use cookies and data to tailor the experience to be age-appropriate, if relevant.
Select “More options” to see additional information, including details about managing your privacy settings. You can also visit g.co/privacytools at any time.
Reject all
Accept all
More options
Privacy Policy
Terms of Service",https://news.google.com/rss/articles/CBMihwFBVV95cUxObUdMRjNaWlNKTkprai1kdlV5WlF3ZmI0am5MY1NYaVB3Z3ZiZHR2Mk1XMW9LaTd3NS1MT2xITkZ6NWdvRWk5S001b1VvMUpvbnp4TU1POVNQdXE5WGhSZnVIeDh0QWRWTGxreW14dFI2bUp6Z2VRX0R6cnBONkNqNlhBeGozVms?oc=5
2024-10-15,AAPL,Apple,"Apple stock hits record intraday high on bullish Wall Street outlooks, positive iPhone sales data - Yahoo Finance","EN
Sign in
Before you continue to Google
We use cookies and data to
Deliver and maintain Google services
Track outages and protect against spam, fraud, and abuse
Measure audience engagement and site statistics to understand how our services are used and enhance the quality of those services
If you choose to “Accept all,” we will also use cookies and data to
Develop and improve new services
Deliver and measure the effectiveness of ads
Show personalized content, depending on your settings
Show personalized ads, depending on your settings
If you choose to “Reject all,” we will not use cookies for these additional purposes.
Non-personalized content is influenced by things like the content you’re currently viewing, activity in your active Search session, and your location. Non-personalized ads are influenced by the content you’re currently viewing and your general location. Personalized content and ads can also include more relevant results, recommendations, and tailored ads based on past activity from this browser, like previous Google searches. We also use cookies and data to tailor the experience to be age-appropriate, if relevant.
Select “More options” to see additional information, including details about managing your privacy settings. You can also visit g.co/privacytools at any time.
Reject all
Accept all
More options
Privacy Policy
Terms of Service",https://news.google.com/rss/articles/CBMi2gFBVV95cUxQM1JqZE16d0QxWDN2ODVmX2VOaGoxSXhXVjRJYUt5YVZ2Mi1rcXpIMld1SXlnOUVhWUFvUmllUnhBSklvZXlyRmVMQnAtX2MwWEpxMVJ6UXlpb0l1eEw5MVd0V3R2RG1aU2szejRPMDZzUTVnc3psOExwLUxXZXhwTmN2YkVmWC1xM2trQm1CZEdUSjZwUzFoc2REaW9xUE5GWGEwWXJkRE0xSlpiU0NvdnlCM3N0c0JJbGowUjMyNzJwMUxGVzB1QzI3RUc2T29EQWxkdnFxcmVTQQ?oc=5
2024-10-15,AAPL,Apple,Apple Stock Rises To All-Time High—And Record $3.6 Trillion Market Cap - Forbes,"EN
Sign in
Before you continue to Google
We use cookies and data to
Deliver and maintain Google services
Track outages and protect against spam, fraud, and abuse
Measure audience engagement and site statistics to understand how our services are used and enhance the quality of those services
If you choose to “Accept all,” we will also use cookies and data to
Develop and improve new services
Deliver and measure the effectiveness of ads
Show personalized content, depending on your settings
Show personalized ads, depending on your settings
If you choose to “Reject all,” we will not use cookies for these additional purposes.
Non-personalized content is influenced by things like the content you’re currently viewing, activity in your active Search session, and your location. Non-personalized ads are influenced by the content you’re currently viewing and your general location. Personalized content and ads can also include more relevant results, recommendations, and tailored ads based on past activity from this browser, like previous Google searches. We also use cookies and data to tailor the experience to be age-appropriate, if relevant.
Select “More options” to see additional information, including details about managing your privacy settings. You can also visit g.co/privacytools at any time.
Reject all
Accept all
More options
Privacy Policy
Terms of Service",https://news.google.com/rss/articles/CBMiuwFBVV95cUxQSVB0eVBYUDRKQjBUd1ZfUjh5QWZqZlF3cndIb194OGE3ZjJkR0Rxa2toNG1HVmRKVktGRlJXWTNhc3pJSGpKUmxVSlo5TzVnWWpiamxCLVNseWItM2tUVkRMNUdtZ2JTdzJCMVBpYnlObGNpYkNTWXZGcVdCQUlZbmpsdWJzajFZOHZubUlkWko0STFJVnByNnFRbkdaSDRkX3lsdXg3Y1M3WnY3QTY2NWdHaEtsUmwtSk80?oc=5
2024-10-09,AAPL,Apple,Should You Buy Apple Stock Before or After a New iPhone is Released? - Investopedia,"EN
Sign in
Before you continue to Google
We use cookies and data to
Deliver and maintain Google services
Track outages and protect against spam, fraud, and abuse
Measure audience engagement and site statistics to understand how our services are used and enhance the quality of those services
If you choose to “Accept all,” we will also use cookies and data to
Develop and improve new services
Deliver and measure the effectiveness of ads
Show personalized content, depending on your settings
Show personalized ads, depending on your settings
If you choose to “Reject all,” we will not use cookies for these additional purposes.
Non-personalized content is influenced by things like the content you’re currently viewing, activity in your active Search session, and your location. Non-personalized ads are influenced by the content you’re currently viewing and your general location. Personalized content and ads can also include more relevant results, recommendations, and tailored ads based on past activity from this browser, like previous Google searches. We also use cookies and data to tailor the experience to be age-appropriate, if relevant.
Select “More options” to see additional information, including details about managing your privacy settings. You can also visit g.co/privacytools at any time.
Reject all
Accept all
More options
Privacy Policy
Terms of Service",https://news.google.com/rss/articles/CBMie0FVX3lxTFBXR1pNT1NsUXJVQ0M0STZvZzhJeDd0MnJWYlkyY0lZRXZHZXowU2E1a1ZxN0FYYlNvRGlBQVllTzNwVk9GNjJES1I1M0dJbGwzdTZTdC1oN003eFkxb2VxQlQ1TEIxWFlYUFpJQzZoYURaY185N3dKUTY5Zw?oc=5
2024-10-25,AAPL,Apple,"Going Into Earnings, Is Apple Stock a Buy, a Sell, or Fairly Valued? - Morningstar","EN
Sign in
Before you continue to Google
We use cookies and data to
Deliver and maintain Google services
Track outages and protect against spam, fraud, and abuse
Measure audience engagement and site statistics to understand how our services are used and enhance the quality of those services
If you choose to “Accept all,” we will also use cookies and data to
Develop and improve new services
Deliver and measure the effectiveness of ads
Show personalized content, depending on your settings
Show personalized ads, depending on your settings
If you choose to “Reject all,” we will not use cookies for these additional purposes.
Non-personalized content is influenced by things like the content you’re currently viewing, activity in your active Search session, and your location. Non-personalized ads are influenced by the content you’re currently viewing and your general location. Personalized content and ads can also include more relevant results, recommendations, and tailored ads based on past activity from this browser, like previous Google searches. We also use cookies and data to tailor the experience to be age-appropriate, if relevant.
Select “More options” to see additional information, including details about managing your privacy settings. You can also visit g.co/privacytools at any time.
Reject all
Accept all
More options
Privacy Policy
Terms of Service",https://news.google.com/rss/articles/CBMingFBVV95cUxQV18tUjFjcEF0Z0UxbG8wLVpISFBFeTdTQndZN1l0T05hUGNjNFpFN0EzR0pCSURlTW91QzlMLW9xZDc5SnFRWEtYMEZvcWFQWV9rZlZYTFQ4T0swTUthaUVSN293ZXVCZkstNDNudEhicDNxbS1NandzdmhaUDAtd0JUUEtVeDg5WGdkUy1NVXVGY0dUcnc2cG9CcFU5dw?oc=5
2024-09-30,AAPL,Apple,Apple’s stock closes in on record high after upbeat call on iPhone availability - MarketWatch,"EN
Sign in
Before you continue to Google
We use cookies and data to
Deliver and maintain Google services
Track outages and protect against spam, fraud, and abuse
Measure audience engagement and site statistics to understand how our services are used and enhance the quality of those services
If you choose to “Accept all,” we will also use cookies and data to
Develop and improve new services
Deliver and measure the effectiveness of ads
Show personalized content, depending on your settings
Show personalized ads, depending on your settings
If you choose to “Reject all,” we will not use cookies for these additional purposes.
Non-personalized content is influenced by things like the content you’re currently viewing, activity in your active Search session, and your location. Non-personalized ads are influenced by the content you’re currently viewing and your general location. Personalized content and ads can also include more relevant results, recommendations, and tailored ads based on past activity from this browser, like previous Google searches. We also use cookies and data to tailor the experience to be age-appropriate, if relevant.
Select “More options” to see additional information, including details about managing your privacy settings. You can also visit g.co/privacytools at any time.
Reject all
Accept all
More options
Privacy Policy
Terms of Service",https://news.google.com/rss/articles/CBMivgFBVV95cUxQREY2ckpHV3JCeUpEamhtaXRYYTZrdTRwWlAxZlBqNzBrZG1ET181QXhWYlpmUXpJRlNESkpPcUFFblpVZnJ2VWttRURqVld1d2Y2Sl9DcC02YnUwZmVDR010WXFuNzY5eDl6OFBvMC1selg0YU9adVFiMHFuM0dnZkc0MENlcFZBV3N0STVRRk1zd1ZmaVhxSDV3dUNtNmVtVS1kWmh1elFKRjYzekJ3X2pRZDYwZjVhUzl1MkFB?oc=5
2024-10-25,AAPL,Apple,Apple Stock Downgraded To Sell Ahead Of Earnings. Here's Why. - Investor's Business Daily,"EN
Sign in
Before you continue to Google
We use cookies and data to
Deliver and maintain Google services
Track outages and protect against spam, fraud, and abuse
Measure audience engagement and site statistics to understand how our services are used and enhance the quality of those services
If you choose to “Accept all,” we will also use cookies and data to
Develop and improve new services
Deliver and measure the effectiveness of ads
Show personalized content, depending on your settings
Show personalized ads, depending on your settings
If you choose to “Reject all,” we will not use cookies for these additional purposes.
Non-personalized content is influenced by things like the content you’re currently viewing, activity in your active Search session, and your location. Non-personalized ads are influenced by the content you’re currently viewing and your general location. Personalized content and ads can also include more relevant results, recommendations, and tailored ads based on past activity from this browser, like previous Google searches. We also use cookies and data to tailor the experience to be age-appropriate, if relevant.
Select “More options” to see additional information, including details about managing your privacy settings. You can also visit g.co/privacytools at any time.
Reject all
Accept all
More options
Privacy Policy
Terms of Service",https://news.google.com/rss/articles/CBMipAFBVV95cUxQY0Q4WW1BS0JGLS1uaDBQQ0pQbE9lVzQwZUxRd2NkZjhOTEVtS0hWUWt1MlVfTklwcGZ5SGY1X1NaV25lYzlfM2VIZXVIUTlWRW5nd1MtMmtVRDVXNGdhWVBaTEtGb1QybXBFckFYQTNzVWgzdVNsTlFFLUhvcHdjNEl6MC1UOHU0T3NNWjR3SFlHeUpoQ0JIOGwyWTJtTFBTOU5PcA?oc=5
2024-10-15,AAPL,Apple,Apple Stock Closes Just Shy of a Record High. The iPhone Outlook Might Be Shifting. - Barron's,"EN
Sign in
Before you continue to Google
We use cookies and data to
Deliver and maintain Google services
Track outages and protect against spam, fraud, and abuse
Measure audience engagement and site statistics to understand how our services are used and enhance the quality of those services
If you choose to “Accept all,” we will also use cookies and data to
Develop and improve new services
Deliver and measure the effectiveness of ads
Show personalized content, depending on your settings
Show personalized ads, depending on your settings
If you choose to “Reject all,” we will not use cookies for these additional purposes.
Non-personalized content is influenced by things like the content you’re currently viewing, activity in your active Search session, and your location. Non-personalized ads are influenced by the content you’re currently viewing and your general location. Personalized content and ads can also include more relevant results, recommendations, and tailored ads based on past activity from this browser, like previous Google searches. We also use cookies and data to tailor the experience to be age-appropriate, if relevant.
Select “More options” to see additional information, including details about managing your privacy settings. You can also visit g.co/privacytools at any time.
Reject all
Accept all
More options
Privacy Policy
Terms of Service",https://news.google.com/rss/articles/CBMiggFBVV95cUxNY0RHTjkxYmRCQzFnVFhPRlVENVVEbG9QaXB6ZG1vZUxhY1V2WXB3OUNPMW5UX2MxRnZSZjhrY3VmNmR5Z2MzemNwZXhIb0ZDczluVzdCRVZqZ3h0N1YtN0xWQURDYjNKMFZTcWN6NmdYODBIcUZwS0haY3hEYy1tOEln?oc=5
2024-10-07,AAPL,Apple,Analyst unveils Apple stock rating as iPhone 16 demand issue lingers - TheStreet,"EN
Sign in
Before you continue to Google
We use cookies and data to
Deliver and maintain Google services
Track outages and protect against spam, fraud, and abuse
Measure audience engagement and site statistics to understand how our services are used and enhance the quality of those services
If you choose to “Accept all,” we will also use cookies and data to
Develop and improve new services
Deliver and measure the effectiveness of ads
Show personalized content, depending on your settings
Show personalized ads, depending on your settings
If you choose to “Reject all,” we will not use cookies for these additional purposes.
Non-personalized content is influenced by things like the content you’re currently viewing, activity in your active Search session, and your location. Non-personalized ads are influenced by the content you’re currently viewing and your general location. Personalized content and ads can also include more relevant results, recommendations, and tailored ads based on past activity from this browser, like previous Google searches. We also use cookies and data to tailor the experience to be age-appropriate, if relevant.
Select “More options” to see additional information, including details about managing your privacy settings. You can also visit g.co/privacytools at any time.
Reject all
Accept all
More options
Privacy Policy
Terms of Service",https://news.google.com/rss/articles/CBMirwFBVV95cUxOT2lOTFJBMG0zNnY0alBHMF9zVHRzNWZVZXBqRDJyMWFFYTN4VlBFNUlTX3dyMEFQVDlUVVAxaHJST2hseXJHZnBHRGpfNllYajRhZ25SbTF0SFpuSTdUTzRvcFp5OEZDcXdSVk16S1dMWDJQWmJqbHpwRFBscUNQalVDREdNRU9ucUJ6WUl5STQxLV8yOWxGb2xLRGhqdmpEZjY4SFMyZWpWMFFrZWVn?oc=5
2024-10-11,AAPL,Apple,Should You Buy Apple Stock Now or Wait for a Dip? - The Motley Fool,"EN
Sign in
Before you continue to Google
We use cookies and data to
Deliver and maintain Google services
Track outages and protect against spam, fraud, and abuse
Measure audience engagement and site statistics to understand how our services are used and enhance the quality of those services
If you choose to “Accept all,” we will also use cookies and data to
Develop and improve new services
Deliver and measure the effectiveness of ads
Show personalized content, depending on your settings
Show personalized ads, depending on your settings
If you choose to “Reject all,” we will not use cookies for these additional purposes.
Non-personalized content is influenced by things like the content you’re currently viewing, activity in your active Search session, and your location. Non-personalized ads are influenced by the content you’re currently viewing and your general location. Personalized content and ads can also include more relevant results, recommendations, and tailored ads based on past activity from this browser, like previous Google searches. We also use cookies and data to tailor the experience to be age-appropriate, if relevant.
Select “More options” to see additional information, including details about managing your privacy settings. You can also visit g.co/privacytools at any time.
Reject all
Accept all
More options
Privacy Policy
Terms of Service",https://news.google.com/rss/articles/CBMilgFBVV95cUxQemJxR0lBWlNXZDFCYktJbEV2dEF2TXJBU2dBdTUwd21OR3BvbTQtNkVaaTFNQ3YtaGtrUmpmQU1nZGJQLXZzVlBrbVh2WDUyQmlNTE9hZkVzSHkzeWd6N2FaeWJ0T01iMmV0anQ3cFBJQTFQdFZLdFZiam44bExOSG5SLXZKZnQybDZvV09tRkF1NzBkZWc?oc=5
2024-10-01,AAPL,Apple,Where Will Apple Stock Be in 5 Years? - Yahoo Finance,"EN
Sign in
Before you continue to Google
We use cookies and data to
Deliver and maintain Google services
Track outages and protect against spam, fraud, and abuse
Measure audience engagement and site statistics to understand how our services are used and enhance the quality of those services
If you choose to “Accept all,” we will also use cookies and data to
Develop and improve new services
Deliver and measure the effectiveness of ads
Show personalized content, depending on your settings
Show personalized ads, depending on your settings
If you choose to “Reject all,” we will not use cookies for these additional purposes.
Non-personalized content is influenced by things like the content you’re currently viewing, activity in your active Search session, and your location. Non-personalized ads are influenced by the content you’re currently viewing and your general location. Personalized content and ads can also include more relevant results, recommendations, and tailored ads based on past activity from this browser, like previous Google searches. We also use cookies and data to tailor the experience to be age-appropriate, if relevant.
Select “More options” to see additional information, including details about managing your privacy settings. You can also visit g.co/privacytools at any time.
Reject all
Accept all
More options
Privacy Policy
Terms of Service",https://news.google.com/rss/articles/CBMie0FVX3lxTE9nWE11OHlheGNzUlBDbk5lYXhCTldhS3gtenhjTGJsY2FXdDBBOXVIclBsUG80ODhSc0lUNW84M0hUUjQ2b050OWRHeVMyX2x2VmFmcno5aG9GOVI4LU9RMVpZUFNRZkhUb0Ytd2pXdDh3OWJWY3lCTUxnOA?oc=5
2024-10-18,AAPL,Apple,Apple Stock Rises On Upbeat iPhone Sales Report From China - Investor's Business Daily,"EN
Sign in
Before you continue to Google
We use cookies and data to
Deliver and maintain Google services
Track outages and protect against spam, fraud, and abuse
Measure audience engagement and site statistics to understand how our services are used and enhance the quality of those services
If you choose to “Accept all,” we will also use cookies and data to
Develop and improve new services
Deliver and measure the effectiveness of ads
Show personalized content, depending on your settings
Show personalized ads, depending on your settings
If you choose to “Reject all,” we will not use cookies for these additional purposes.
Non-personalized content is influenced by things like the content you’re currently viewing, activity in your active Search session, and your location. Non-personalized ads are influenced by the content you’re currently viewing and your general location. Personalized content and ads can also include more relevant results, recommendations, and tailored ads based on past activity from this browser, like previous Google searches. We also use cookies and data to tailor the experience to be age-appropriate, if relevant.
Select “More options” to see additional information, including details about managing your privacy settings. You can also visit g.co/privacytools at any time.
Reject all
Accept all
More options
Privacy Policy
Terms of Service",https://news.google.com/rss/articles/CBMikwFBVV95cUxObk9IcmJja2lnc3J2REFUMmlodW0zSjB1T1Fiajl4d2ItY20xYUtFODBuWUdmeENwMUdZX3Q3anJpVVp4MlkzTW80OFdFZWZ6dDZhdzIxdlV5NGlRSFFlQVNQWUNLbERZdUo5Vzc4S1RHZmtSVmExVFdzRUN1dlFJUk9laUNhZUlDMHVCTDdDSk45V2c?oc=5
2024-10-18,AAPL,Apple,Apple Stock Gains. Here’s What’s Driving Shares Higher. - Barron's,"EN
Sign in
Before you continue to Google
We use cookies and data to
Deliver and maintain Google services
Track outages and protect against spam, fraud, and abuse
Measure audience engagement and site statistics to understand how our services are used and enhance the quality of those services
If you choose to “Accept all,” we will also use cookies and data to
Develop and improve new services
Deliver and measure the effectiveness of ads
Show personalized content, depending on your settings
Show personalized ads, depending on your settings
If you choose to “Reject all,” we will not use cookies for these additional purposes.
Non-personalized content is influenced by things like the content you’re currently viewing, activity in your active Search session, and your location. Non-personalized ads are influenced by the content you’re currently viewing and your general location. Personalized content and ads can also include more relevant results, recommendations, and tailored ads based on past activity from this browser, like previous Google searches. We also use cookies and data to tailor the experience to be age-appropriate, if relevant.
Select “More options” to see additional information, including details about managing your privacy settings. You can also visit g.co/privacytools at any time.
Reject all
Accept all
More options
Privacy Policy
Terms of Service",https://news.google.com/rss/articles/CBMihAFBVV95cUxOcExNQ3ltcHFCZzNyVEJJVEtBNHRab05sNWZfVEpRWDVYSVVZb0JZQ1BxT1RzdlRrUEZnLU5aUzl4R2dXLVM1RnJrNGJkVU9pVVhPZm9DdDlkUnYyakJqeGtjV0lqR3p5UW8zWlZjemNxclRBYnNJb2haU3lrMTgzcUthcGg?oc=5
2024-10-01,AAPL,Apple,Apple Stock Loses Ground as Barclays Warns of 'Softer' iPhone 16 Demand - Investopedia,"EN
Sign in
Before you continue to Google
We use cookies and data to
Deliver and maintain Google services
Track outages and protect against spam, fraud, and abuse
Measure audience engagement and site statistics to understand how our services are used and enhance the quality of those services
If you choose to “Accept all,” we will also use cookies and data to
Develop and improve new services
Deliver and measure the effectiveness of ads
Show personalized content, depending on your settings
Show personalized ads, depending on your settings
If you choose to “Reject all,” we will not use cookies for these additional purposes.
Non-personalized content is influenced by things like the content you’re currently viewing, activity in your active Search session, and your location. Non-personalized ads are influenced by the content you’re currently viewing and your general location. Personalized content and ads can also include more relevant results, recommendations, and tailored ads based on past activity from this browser, like previous Google searches. We also use cookies and data to tailor the experience to be age-appropriate, if relevant.
Select “More options” to see additional information, including details about managing your privacy settings. You can also visit g.co/privacytools at any time.
Reject all
Accept all
More options
Privacy Policy
Terms of Service",https://news.google.com/rss/articles/CBMirgFBVV95cUxQTEMtcFc2ZmI0dnhhajNZWmNKckNsUGVMX0pMTkY2d3JrT21maG1KaHMyMnIyRmh3TjJ6MjRveDF0eWg1QjZjYnZKTTNWZWg3aVBwbmxmeGxDU0RCeFBGbTMtSGhOcnhtdGxfTlU2aHhEY044d3NlOG1YbkFNY1ZhaHU1c0xSbmtjcGVCRy12SHNVZ1ROTHdnU0w3aF9YckZmeFFvSWhZNWtzbEhtVXc?oc=5
2024-10-27,AAPL,Apple,Warren Buffett Has Dumped a Lot of Apple Stock Recently. Should Investors Follow His Lead? - Yahoo Finance,"EN
Sign in
Before you continue to Google
We use cookies and data to
Deliver and maintain Google services
Track outages and protect against spam, fraud, and abuse
Measure audience engagement and site statistics to understand how our services are used and enhance the quality of those services
If you choose to “Accept all,” we will also use cookies and data to
Develop and improve new services
Deliver and measure the effectiveness of ads
Show personalized content, depending on your settings
Show personalized ads, depending on your settings
If you choose to “Reject all,” we will not use cookies for these additional purposes.
Non-personalized content is influenced by things like the content you’re currently viewing, activity in your active Search session, and your location. Non-personalized ads are influenced by the content you’re currently viewing and your general location. Personalized content and ads can also include more relevant results, recommendations, and tailored ads based on past activity from this browser, like previous Google searches. We also use cookies and data to tailor the experience to be age-appropriate, if relevant.
Select “More options” to see additional information, including details about managing your privacy settings. You can also visit g.co/privacytools at any time.
Reject all
Accept all
More options
Privacy Policy
Terms of Service",https://news.google.com/rss/articles/CBMigwFBVV95cUxPMDRCZGJXUk9BbERuUHNYblBPVjFOTXlZMHItQl9fTVJzOHc5Zm5jeUE0RGctVFg3QVcyQzM5NXhwby0weDNCeUdaU2piSmRmVE5KZmprUnFMTDBQdEhFeDZMcU5vQ0ZReFBUMTYzOVdMWEg0S1Rsdk1OTy1LQkxqelYyMA?oc=5
2024-10-01,AAPL,Apple,Apple May Have Cut iPhone 16 Builds By 3 Million. Stock Falls. - Investor's Business Daily,"EN
Sign in
Before you continue to Google
We use cookies and data to
Deliver and maintain Google services
Track outages and protect against spam, fraud, and abuse
Measure audience engagement and site statistics to understand how our services are used and enhance the quality of those services
If you choose to “Accept all,” we will also use cookies and data to
Develop and improve new services
Deliver and measure the effectiveness of ads
Show personalized content, depending on your settings
Show personalized ads, depending on your settings
If you choose to “Reject all,” we will not use cookies for these additional purposes.
Non-personalized content is influenced by things like the content you’re currently viewing, activity in your active Search session, and your location. Non-personalized ads are influenced by the content you’re currently viewing and your general location. Personalized content and ads can also include more relevant results, recommendations, and tailored ads based on past activity from this browser, like previous Google searches. We also use cookies and data to tailor the experience to be age-appropriate, if relevant.
Select “More options” to see additional information, including details about managing your privacy settings. You can also visit g.co/privacytools at any time.
Reject all
Accept all
More options
Privacy Policy
Terms of Service",https://news.google.com/rss/articles/CBMihAFBVV95cUxNLUFwZzU1ajdMbUYtRWExSkliTjlRZm1xdEhENHBWdlViYzNySGJCUlpQSEgxa1RWS2lQc3hjdHBnT0ZidFNLQXZOWURmQzRxOC1KNEM1QWxOTnVPNGlodGRrLW5WSXJnNm9HTHpGUFhvVTJCRVFnT1RWS1JkMGZmcTRqQ00?oc=5
2024-10-15,AAPL,Apple,Apple Stock Rises to Fresh Record as Company Announces New iPad Mini - Investopedia,"EN
Sign in
Before you continue to Google
We use cookies and data to
Deliver and maintain Google services
Track outages and protect against spam, fraud, and abuse
Measure audience engagement and site statistics to understand how our services are used and enhance the quality of those services
If you choose to “Accept all,” we will also use cookies and data to
Develop and improve new services
Deliver and measure the effectiveness of ads
Show personalized content, depending on your settings
Show personalized ads, depending on your settings
If you choose to “Reject all,” we will not use cookies for these additional purposes.
Non-personalized content is influenced by things like the content you’re currently viewing, activity in your active Search session, and your location. Non-personalized ads are influenced by the content you’re currently viewing and your general location. Personalized content and ads can also include more relevant results, recommendations, and tailored ads based on past activity from this browser, like previous Google searches. We also use cookies and data to tailor the experience to be age-appropriate, if relevant.
Select “More options” to see additional information, including details about managing your privacy settings. You can also visit g.co/privacytools at any time.
Reject all
Accept all
More options
Privacy Policy
Terms of Service",https://news.google.com/rss/articles/CBMijAFBVV95cUxNQmlYQ1hwNTlaQjRWZkVEdDZfUG8wal9oQm1zZW5uYXFWeHU3cmR6Mi1wSmNjajh0VG1lTmlkRUNXdm1yTGtuZEE3Wkxwa2FpM2FpWnROd1IwVHdOM19IQnVKRGJUQ0lpX3MxWHlJQlk3anRVM1lISXEwMldjMXlJR09HSXFXYTZfbXdrYw?oc=5
2024-10-24,AAPL,Apple,Is Apple Stock Going to $273? 1 Wall Street Analyst Thinks So. - Yahoo Finance,"EN
Sign in
Before you continue to Google
We use cookies and data to
Deliver and maintain Google services
Track outages and protect against spam, fraud, and abuse
Measure audience engagement and site statistics to understand how our services are used and enhance the quality of those services
If you choose to “Accept all,” we will also use cookies and data to
Develop and improve new services
Deliver and measure the effectiveness of ads
Show personalized content, depending on your settings
Show personalized ads, depending on your settings
If you choose to “Reject all,” we will not use cookies for these additional purposes.
Non-personalized content is influenced by things like the content you’re currently viewing, activity in your active Search session, and your location. Non-personalized ads are influenced by the content you’re currently viewing and your general location. Personalized content and ads can also include more relevant results, recommendations, and tailored ads based on past activity from this browser, like previous Google searches. We also use cookies and data to tailor the experience to be age-appropriate, if relevant.
Select “More options” to see additional information, including details about managing your privacy settings. You can also visit g.co/privacytools at any time.
Reject all
Accept all
More options
Privacy Policy
Terms of Service",https://news.google.com/rss/articles/CBMieEFVX3lxTE56bjFnUFlLWkFTTkZRRTNIdk9uR0UtaUJkLTgzU1k5SGhxWU9jWGczOGhzNFBPVk44WDgzbDZDZE1hVXhLQmpuaWpBWlpmN0NFeFhZVEtWTWJ2cFhVXy1feHp0MTNIT1hoRFNSZlB4U01fWXRSQ1hhNg?oc=5
2024-10-10,AAPL,Apple,"Apple Stock Downgraded, Needs Time To ‘Ripen’ - Investor's Business Daily","EN
Sign in
Before you continue to Google
We use cookies and data to
Deliver and maintain Google services
Track outages and protect against spam, fraud, and abuse
Measure audience engagement and site statistics to understand how our services are used and enhance the quality of those services
If you choose to “Accept all,” we will also use cookies and data to
Develop and improve new services
Deliver and measure the effectiveness of ads
Show personalized content, depending on your settings
Show personalized ads, depending on your settings
If you choose to “Reject all,” we will not use cookies for these additional purposes.
Non-personalized content is influenced by things like the content you’re currently viewing, activity in your active Search session, and your location. Non-personalized ads are influenced by the content you’re currently viewing and your general location. Personalized content and ads can also include more relevant results, recommendations, and tailored ads based on past activity from this browser, like previous Google searches. We also use cookies and data to tailor the experience to be age-appropriate, if relevant.
Select “More options” to see additional information, including details about managing your privacy settings. You can also visit g.co/privacytools at any time.
Reject all
Accept all
More options
Privacy Policy
Terms of Service",https://news.google.com/rss/articles/CBMilAFBVV95cUxPOGM3TnlpSVJ0WE1tdUo4YU50R1BaM0RRUG5ScEtVdXIyS3lLbGl2Wloxay1FM0dsME1ldzQzX0JOcmVtLS1NNE8xZ0xkUWM1NW5mXzBhMGdJNjllc040bnkxZHRJaTA3NFA2OWw4VUtNa1JoanBfR2RSOTVOdk5mZUVxRnZwdkQzNWQtV1lodjZXNXFi?oc=5
2024-10-07,AAPL,Apple,Warren Buffett Sold Half of Apple (AAPL) Shares in Q3 - Yahoo Finance,"EN
Sign in
Before you continue to Google
We use cookies and data to
Deliver and maintain Google services
Track outages and protect against spam, fraud, and abuse
Measure audience engagement and site statistics to understand how our services are used and enhance the quality of those services
If you choose to “Accept all,” we will also use cookies and data to
Develop and improve new services
Deliver and measure the effectiveness of ads
Show personalized content, depending on your settings
Show personalized ads, depending on your settings
If you choose to “Reject all,” we will not use cookies for these additional purposes.
Non-personalized content is influenced by things like the content you’re currently viewing, activity in your active Search session, and your location. Non-personalized ads are influenced by the content you’re currently viewing and your general location. Personalized content and ads can also include more relevant results, recommendations, and tailored ads based on past activity from this browser, like previous Google searches. We also use cookies and data to tailor the experience to be age-appropriate, if relevant.
Select “More options” to see additional information, including details about managing your privacy settings. You can also visit g.co/privacytools at any time.
Reject all
Accept all
More options
Privacy Policy
Terms of Service",https://news.google.com/rss/articles/CBMiggFBVV95cUxONVJZeUktdVBFWUtQU29SakxuS3F1bDhad1ZBRlJWT05HMVZnYURIclRLbTNITWEycERqSnB3bWlMNmxEdDlPR21TRFZKM05BT05hX1RxblNzdTF6RkpTMDdRdF9xaEo5c2dtN3VCLTlYZzRTSTNXLVBTN2JmMUNVb2N3?oc=5
2024-10-07,AAPL,Apple,"Apple stock downgraded by Jefferies, which says 'serious AI' smartphones are 2 years away - Yahoo Finance","EN
Sign in
Before you continue to Google
We use cookies and data to
Deliver and maintain Google services
Track outages and protect against spam, fraud, and abuse
Measure audience engagement and site statistics to understand how our services are used and enhance the quality of those services
If you choose to “Accept all,” we will also use cookies and data to
Develop and improve new services
Deliver and measure the effectiveness of ads
Show personalized content, depending on your settings
Show personalized ads, depending on your settings
If you choose to “Reject all,” we will not use cookies for these additional purposes.
Non-personalized content is influenced by things like the content you’re currently viewing, activity in your active Search session, and your location. Non-personalized ads are influenced by the content you’re currently viewing and your general location. Personalized content and ads can also include more relevant results, recommendations, and tailored ads based on past activity from this browser, like previous Google searches. We also use cookies and data to tailor the experience to be age-appropriate, if relevant.
Select “More options” to see additional information, including details about managing your privacy settings. You can also visit g.co/privacytools at any time.
Reject all
Accept all
More options
Privacy Policy
Terms of Service",https://news.google.com/rss/articles/CBMizAFBVV95cUxOdENzR3JMU1MzTmVuU0p6bWZGUS1WOE1CN29MTlk1S2NpV0lDXzJGdnZQeEpyNWtwY3hibGNNMno3Umh5T2dCczd4dmFvQ3A5dVhpc1I3cVhOQUN6eEU1U3hzSFBuODQ4bnVHOWNmWVNLalpxMjFNMGRLUmxIeHlfWFR5NnFqbE1ZRGZRejIwUm9iSFZJVmlHS0F0Qm44Qlo1V1VwR0ZSU3kxZlpzc3ZCN2JkT3hadk84ZVFLNlJDcjRYdDVXcC1JeDd1OEs?oc=5
2024-10-30,AAPL,Apple,"Going Into Earnings, Is Apple Stock a Buy, a Sell, or Fairly Valued? - Morningstar","EN
Sign in
Before you continue to Google
We use cookies and data to
Deliver and maintain Google services
Track outages and protect against spam, fraud, and abuse
Measure audience engagement and site statistics to understand how our services are used and enhance the quality of those services
If you choose to “Accept all,” we will also use cookies and data to
Develop and improve new services
Deliver and measure the effectiveness of ads
Show personalized content, depending on your settings
Show personalized ads, depending on your settings
If you choose to “Reject all,” we will not use cookies for these additional purposes.
Non-personalized content is influenced by things like the content you’re currently viewing, activity in your active Search session, and your location. Non-personalized ads are influenced by the content you’re currently viewing and your general location. Personalized content and ads can also include more relevant results, recommendations, and tailored ads based on past activity from this browser, like previous Google searches. We also use cookies and data to tailor the experience to be age-appropriate, if relevant.
Select “More options” to see additional information, including details about managing your privacy settings. You can also visit g.co/privacytools at any time.
Reject all
Accept all
More options
Privacy Policy
Terms of Service",https://news.google.com/rss/articles/CBMitAFBVV95cUxNQ0lBSHNMRXFjajZBOUE4Mnl4YXpOQUJrYlJrazVMbW9vSDloRVo0QjRnOGJhOHo3R1NwRUFUVFMyOWxENC1GUDJwV2JjMEV3WDBVUFVkMzJWZTZCb3lQOGZKcHNiLUthR2xrTkIxaXlCY3dyQzFjS2VGRlBwb28yYVp4ellIX3JLZU10WEd1ejJMUnZVV2hWNjlnTG44Q1dqY2FNelY3RXhqS280VFRRZlRKbWM?oc=5
2024-11-12,AAPL,Apple,Is Apple Stock A Buy After Its September-Quarter Earnings Report? - Investor's Business Daily,"EN
Sign in
Before you continue to Google
We use cookies and data to
Deliver and maintain Google services
Track outages and protect against spam, fraud, and abuse
Measure audience engagement and site statistics to understand how our services are used and enhance the quality of those services
If you choose to “Accept all,” we will also use cookies and data to
Develop and improve new services
Deliver and measure the effectiveness of ads
Show personalized content, depending on your settings
Show personalized ads, depending on your settings
If you choose to “Reject all,” we will not use cookies for these additional purposes.
Non-personalized content is influenced by things like the content you’re currently viewing, activity in your active Search session, and your location. Non-personalized ads are influenced by the content you’re currently viewing and your general location. Personalized content and ads can also include more relevant results, recommendations, and tailored ads based on past activity from this browser, like previous Google searches. We also use cookies and data to tailor the experience to be age-appropriate, if relevant.
Select “More options” to see additional information, including details about managing your privacy settings. You can also visit g.co/privacytools at any time.
Reject all
Accept all
More options
Privacy Policy
Terms of Service",https://news.google.com/rss/articles/CBMifkFVX3lxTE40MTAzVThhSC1hbkppd0VwUW5GdjI0NGh6aWMwUy1NTnRpYndhSjdBR0RZUEhMSGRNcWpJN2NrYmZjbjNNcksxYUV2N1JwU0w1RXd5MjhZVUIxSTg1RmNyY3VkaXB3cS13bG0zUEpjVlM1RTV6dnN6U2o5dmp1Zw?oc=5
2024-11-04,AAPL,Apple,Why Apple Stock Is Slipping on Earnings - Barron's,"EN
Sign in
Before you continue to Google
We use cookies and data to
Deliver and maintain Google services
Track outages and protect against spam, fraud, and abuse
Measure audience engagement and site statistics to understand how our services are used and enhance the quality of those services
If you choose to “Accept all,” we will also use cookies and data to
Develop and improve new services
Deliver and measure the effectiveness of ads
Show personalized content, depending on your settings
Show personalized ads, depending on your settings
If you choose to “Reject all,” we will not use cookies for these additional purposes.
Non-personalized content is influenced by things like the content you’re currently viewing, activity in your active Search session, and your location. Non-personalized ads are influenced by the content you’re currently viewing and your general location. Personalized content and ads can also include more relevant results, recommendations, and tailored ads based on past activity from this browser, like previous Google searches. We also use cookies and data to tailor the experience to be age-appropriate, if relevant.
Select “More options” to see additional information, including details about managing your privacy settings. You can also visit g.co/privacytools at any time.
Reject all
Accept all
More options
Privacy Policy
Terms of Service",https://news.google.com/rss/articles/CBMiggFBVV95cUxQcTlhZXAyTlRxYUY1UWJ6UlZPbFhzVkJNNVFwLTByV1FQaVJJcFBXTFo3dnBOWkloNENVWV9rY1h2U3JVVlNyT3I4UmtZWUR2SEdORFN0OGZZSEVYa3pBeERaNjF6VjY3VGJmbl81UFJURjB0a2dsNFVvV3BGajRuVmFn?oc=5
2024-11-01,AAPL,Apple,"If You'd Invested $1,000 in Apple Stock 10 Years Ago, Here's How Much You'd Have Today - Yahoo Finance","EN
Sign in
Before you continue to Google
We use cookies and data to
Deliver and maintain Google services
Track outages and protect against spam, fraud, and abuse
Measure audience engagement and site statistics to understand how our services are used and enhance the quality of those services
If you choose to “Accept all,” we will also use cookies and data to
Develop and improve new services
Deliver and measure the effectiveness of ads
Show personalized content, depending on your settings
Show personalized ads, depending on your settings
If you choose to “Reject all,” we will not use cookies for these additional purposes.
Non-personalized content is influenced by things like the content you’re currently viewing, activity in your active Search session, and your location. Non-personalized ads are influenced by the content you’re currently viewing and your general location. Personalized content and ads can also include more relevant results, recommendations, and tailored ads based on past activity from this browser, like previous Google searches. We also use cookies and data to tailor the experience to be age-appropriate, if relevant.
Select “More options” to see additional information, including details about managing your privacy settings. You can also visit g.co/privacytools at any time.
Reject all
Accept all
More options
Privacy Policy
Terms of Service",https://news.google.com/rss/articles/CBMie0FVX3lxTE9aQXFLNWllV0J1TC1uSEV5YjBsblJCNHJiZk5VQ0liUFFSelFLcTJoUmM1SmIyclJFUEl6NlRaYkJoQW5Zc3d0QjB2SEhDNlBSOTlxMFY4QjAtNVQyam9STm5ZNnNqMEpqVzlfWVZTNGN1Um1GRUQ5SVdkMA?oc=5
2024-11-11,AAPL,Apple,Apple’s Find My enables sharing location of lost items with third parties - Apple,"EN
Sign in
Before you continue to Google
We use cookies and data to
Deliver and maintain Google services
Track outages and protect against spam, fraud, and abuse
Measure audience engagement and site statistics to understand how our services are used and enhance the quality of those services
If you choose to “Accept all,” we will also use cookies and data to
Develop and improve new services
Deliver and measure the effectiveness of ads
Show personalized content, depending on your settings
Show personalized ads, depending on your settings
If you choose to “Reject all,” we will not use cookies for these additional purposes.
Non-personalized content is influenced by things like the content you’re currently viewing, activity in your active Search session, and your location. Non-personalized ads are influenced by the content you’re currently viewing and your general location. Personalized content and ads can also include more relevant results, recommendations, and tailored ads based on past activity from this browser, like previous Google searches. We also use cookies and data to tailor the experience to be age-appropriate, if relevant.
Select “More options” to see additional information, including details about managing your privacy settings. You can also visit g.co/privacytools at any time.
Reject all
Accept all
More options
Privacy Policy
Terms of Service",https://news.google.com/rss/articles/CBMisgFBVV95cUxPUldFZnFTbncwOGQwaWgxNWp0a09Zdm5DaUJDMndOdVNVX2JELXdORGNfSUpLdGR4U1dyV0toaHZvalJPU0JCZzYxN2QwcjZGeTF0M3VsT3VSUklvYk9XMnBmRWdjLVM3eW5VUDVmRnVSaDRMSlB3d0pIV0ZKcHhsTDZvU3g3ckxLT0syMEQ2ZWtQdEtuV2RmV21zbUpQUUczdEtkbXN0cnFidjVxbS1ib0lB?oc=5
2024-11-21,AAPL,Apple,Apple Stock In 2025: A Prediction On Where It's Price May Head December Edition - Forbes,"EN
Sign in
Before you continue to Google
We use cookies and data to
Deliver and maintain Google services
Track outages and protect against spam, fraud, and abuse
Measure audience engagement and site statistics to understand how our services are used and enhance the quality of those services
If you choose to “Accept all,” we will also use cookies and data to
Develop and improve new services
Deliver and measure the effectiveness of ads
Show personalized content, depending on your settings
Show personalized ads, depending on your settings
If you choose to “Reject all,” we will not use cookies for these additional purposes.
Non-personalized content is influenced by things like the content you’re currently viewing, activity in your active Search session, and your location. Non-personalized ads are influenced by the content you’re currently viewing and your general location. Personalized content and ads can also include more relevant results, recommendations, and tailored ads based on past activity from this browser, like previous Google searches. We also use cookies and data to tailor the experience to be age-appropriate, if relevant.
Select “More options” to see additional information, including details about managing your privacy settings. You can also visit g.co/privacytools at any time.
Reject all
Accept all
More options
Privacy Policy
Terms of Service",https://news.google.com/rss/articles/CBMikwFBVV95cUxOMm9oZVhub2hOYUprMGwwMXVqZG9YSHhBTVM0TFNYZllJOG0xREwtMlJuLUVrWHRzakFESnA5Tzd5MjV6OWhhR0RfLWdwbkMtclV6MHZVUDdMQzBLSGhBaVdkcndvN1hpNC1YZWs5Vkh6cHd3alNlelU4TERnNnkwd29Wd1Y5QmZtZ2Z0SmZvUDJsWkk?oc=5
2024-11-26,AAPL,Apple,"NFL legend Rob Gronkowski’s best-ever investment: $69,000 worth of Apple stock he bought on advice from his contractor - Fortune","EN
Sign in
Before you continue to Google
We use cookies and data to
Deliver and maintain Google services
Track outages and protect against spam, fraud, and abuse
Measure audience engagement and site statistics to understand how our services are used and enhance the quality of those services
If you choose to “Accept all,” we will also use cookies and data to
Develop and improve new services
Deliver and measure the effectiveness of ads
Show personalized content, depending on your settings
Show personalized ads, depending on your settings
If you choose to “Reject all,” we will not use cookies for these additional purposes.
Non-personalized content is influenced by things like the content you’re currently viewing, activity in your active Search session, and your location. Non-personalized ads are influenced by the content you’re currently viewing and your general location. Personalized content and ads can also include more relevant results, recommendations, and tailored ads based on past activity from this browser, like previous Google searches. We also use cookies and data to tailor the experience to be age-appropriate, if relevant.
Select “More options” to see additional information, including details about managing your privacy settings. You can also visit g.co/privacytools at any time.
Reject all
Accept all
More options
Privacy Policy
Terms of Service",https://news.google.com/rss/articles/CBMid0FVX3lxTE1wdDFRZEJXdl9MdXk1Y0VSVXNsaVJBUjd0R3hJWEtZYy1OdkJPZWVGTTExaFd3STBLU2tZcGJHbGdVNlhvYl9KTVI4ZXZRT2JWeVQxTG40UUswWGhFMFUzcDV1NEZOdnZ0VFQ2QVdTblNuSGE3UFgw?oc=5
2024-11-02,AAPL,Apple,"Berkshire's cash soars to $325 billion, Buffett sells Apple, Bank of America - Reuters","EN
Sign in
Before you continue to Google
We use cookies and data to
Deliver and maintain Google services
Track outages and protect against spam, fraud, and abuse
Measure audience engagement and site statistics to understand how our services are used and enhance the quality of those services
If you choose to “Accept all,” we will also use cookies and data to
Develop and improve new services
Deliver and measure the effectiveness of ads
Show personalized content, depending on your settings
Show personalized ads, depending on your settings
If you choose to “Reject all,” we will not use cookies for these additional purposes.
Non-personalized content is influenced by things like the content you’re currently viewing, activity in your active Search session, and your location. Non-personalized ads are influenced by the content you’re currently viewing and your general location. Personalized content and ads can also include more relevant results, recommendations, and tailored ads based on past activity from this browser, like previous Google searches. We also use cookies and data to tailor the experience to be age-appropriate, if relevant.
Select “More options” to see additional information, including details about managing your privacy settings. You can also visit g.co/privacytools at any time.
Reject all
Accept all
More options
Privacy Policy
Terms of Service",https://news.google.com/rss/articles/CBMivwFBVV95cUxNVE1aNjFJeWpscU0ySW1EdktudXA1OEdLdVdmemp1bmgyR2plWEZIMGQxZEp5T1c2QjRrc2RheWhORVJLMnlWdnBfaEhnd0l1N1RSUkZYa0U4TlA4bm9IVDlPTUhaR3RucVExbmhwZjQzR0t1Qk9oX3YwbnRUT1FmT2Y4cm1VUDBhay1NdWhEemJYSnhGM3lncVBSR2JtbmVoSm04TnZCRll5dG9GYVJ0VmNVcXlCdVF4dXhaMk5Ncw?oc=5
2024-11-11,AAPL,Apple,Apple Stock Investors Are Excited About Its Prospects Following New Product Releases - Nasdaq,"EN
Sign in
Before you continue to Google
We use cookies and data to
Deliver and maintain Google services
Track outages and protect against spam, fraud, and abuse
Measure audience engagement and site statistics to understand how our services are used and enhance the quality of those services
If you choose to “Accept all,” we will also use cookies and data to
Develop and improve new services
Deliver and measure the effectiveness of ads
Show personalized content, depending on your settings
Show personalized ads, depending on your settings
If you choose to “Reject all,” we will not use cookies for these additional purposes.
Non-personalized content is influenced by things like the content you’re currently viewing, activity in your active Search session, and your location. Non-personalized ads are influenced by the content you’re currently viewing and your general location. Personalized content and ads can also include more relevant results, recommendations, and tailored ads based on past activity from this browser, like previous Google searches. We also use cookies and data to tailor the experience to be age-appropriate, if relevant.
Select “More options” to see additional information, including details about managing your privacy settings. You can also visit g.co/privacytools at any time.
Reject all
Accept all
More options
Privacy Policy
Terms of Service",https://news.google.com/rss/articles/CBMitwFBVV95cUxNWkRkTExSMlJBYlQtcmttelRhU2ZiZFlZTXgxRHRDSEVNcmpoMTh5NktmcDNkdmFiX2dkeHREWkM2NVlNYjg2RTFfbUI3bDB1QndwODF1b0YwQlVsOGYzVTZKM0MxcnhSYVo1TWdRTmlkc21NZE96OWdndFdIaXo3U2RfaS1ad2RHYlJ4TVJBcWlWRzBlTWMzU3VOME5ZbDMyYm9GMXJSU1IxeTlsbjFlNS1Ud19DRkU?oc=5
2024-11-16,AAPL,Apple,How To Earn $500 A Month From Apple Stock - Yahoo Finance,"EN
Sign in
Before you continue to Google
We use cookies and data to
Deliver and maintain Google services
Track outages and protect against spam, fraud, and abuse
Measure audience engagement and site statistics to understand how our services are used and enhance the quality of those services
If you choose to “Accept all,” we will also use cookies and data to
Develop and improve new services
Deliver and measure the effectiveness of ads
Show personalized content, depending on your settings
Show personalized ads, depending on your settings
If you choose to “Reject all,” we will not use cookies for these additional purposes.
Non-personalized content is influenced by things like the content you’re currently viewing, activity in your active Search session, and your location. Non-personalized ads are influenced by the content you’re currently viewing and your general location. Personalized content and ads can also include more relevant results, recommendations, and tailored ads based on past activity from this browser, like previous Google searches. We also use cookies and data to tailor the experience to be age-appropriate, if relevant.
Select “More options” to see additional information, including details about managing your privacy settings. You can also visit g.co/privacytools at any time.
Reject all
Accept all
More options
Privacy Policy
Terms of Service",https://news.google.com/rss/articles/CBMifEFVX3lxTE9XOUlDVWRsWElNTkJuV2RySWVYYUhVekJVNzdRUEkzaVZHek05eF9YWFhtVHVlLVh3SU9vN2ctMjJkT0dVUmxsUkhtOXJCZ0xGQk0taXRDaUd2WXZoY3pYUE96dmY1UDg4enNJaXhacExsZUpJOTNaOHVoVUQ?oc=5
2024-11-04,AAPL,Apple,Apple Stock Could Have Stumbled After Buffett's Sales. Here's Why It Hasn't. - Barron's,"EN
Sign in
Before you continue to Google
We use cookies and data to
Deliver and maintain Google services
Track outages and protect against spam, fraud, and abuse
Measure audience engagement and site statistics to understand how our services are used and enhance the quality of those services
If you choose to “Accept all,” we will also use cookies and data to
Develop and improve new services
Deliver and measure the effectiveness of ads
Show personalized content, depending on your settings
Show personalized ads, depending on your settings
If you choose to “Reject all,” we will not use cookies for these additional purposes.
Non-personalized content is influenced by things like the content you’re currently viewing, activity in your active Search session, and your location. Non-personalized ads are influenced by the content you’re currently viewing and your general location. Personalized content and ads can also include more relevant results, recommendations, and tailored ads based on past activity from this browser, like previous Google searches. We also use cookies and data to tailor the experience to be age-appropriate, if relevant.
Select “More options” to see additional information, including details about managing your privacy settings. You can also visit g.co/privacytools at any time.
Reject all
Accept all
More options
Privacy Policy
Terms of Service",https://news.google.com/rss/articles/CBMiiwFBVV95cUxOdDg0X2s5MkppSEhtT0ZNZmFpRjB3cGp6cF9mQjU0WFdIN1phb3dmbjBjOG9CRTRsaWViYVpsaERZTzh1bm5fNXI0VU9xSXlIYk9UUjRDUEpqTUl0V2Q3TVk2NEpWdldCZmlNVXh5aTBkN0NpX3lCeWd2a2RrVkFYMjc2YlozUzdTdmhr?oc=5
2024-11-19,AAPL,Apple,Apple shares the most popular podcasts of 2024 - Apple,"EN
Sign in
Before you continue to Google
We use cookies and data to
Deliver and maintain Google services
Track outages and protect against spam, fraud, and abuse
Measure audience engagement and site statistics to understand how our services are used and enhance the quality of those services
If you choose to “Accept all,” we will also use cookies and data to
Develop and improve new services
Deliver and measure the effectiveness of ads
Show personalized content, depending on your settings
Show personalized ads, depending on your settings
If you choose to “Reject all,” we will not use cookies for these additional purposes.
Non-personalized content is influenced by things like the content you’re currently viewing, activity in your active Search session, and your location. Non-personalized ads are influenced by the content you’re currently viewing and your general location. Personalized content and ads can also include more relevant results, recommendations, and tailored ads based on past activity from this browser, like previous Google searches. We also use cookies and data to tailor the experience to be age-appropriate, if relevant.
Select “More options” to see additional information, including details about managing your privacy settings. You can also visit g.co/privacytools at any time.
Reject all
Accept all
More options
Privacy Policy
Terms of Service",https://news.google.com/rss/articles/CBMijwFBVV95cUxPak5jRUNCX25fTUlaejNuMDNGank2WmpmdzFiWXBOZjRQZW1MbjZWYnh1TGxMbVRaTjVPZkx6QlUzd2drMnVLS21RekJndXpjU2M1Y3F6RGJvcm1aTWZqVXd6Y2g3V1dUamtTSVBYV19fLVlVU0dUd2FXRm5DQ3RfSlhSWkp0U1lacXJldmpwbw?oc=5
2024-11-13,AAPL,Apple,"Smart Home Devices Could Boost Apple Stock, Analyst Says - Investor's Business Daily","EN
Sign in
Before you continue to Google
We use cookies and data to
Deliver and maintain Google services
Track outages and protect against spam, fraud, and abuse
Measure audience engagement and site statistics to understand how our services are used and enhance the quality of those services
If you choose to “Accept all,” we will also use cookies and data to
Develop and improve new services
Deliver and measure the effectiveness of ads
Show personalized content, depending on your settings
Show personalized ads, depending on your settings
If you choose to “Reject all,” we will not use cookies for these additional purposes.
Non-personalized content is influenced by things like the content you’re currently viewing, activity in your active Search session, and your location. Non-personalized ads are influenced by the content you’re currently viewing and your general location. Personalized content and ads can also include more relevant results, recommendations, and tailored ads based on past activity from this browser, like previous Google searches. We also use cookies and data to tailor the experience to be age-appropriate, if relevant.
Select “More options” to see additional information, including details about managing your privacy settings. You can also visit g.co/privacytools at any time.
Reject all
Accept all
More options
Privacy Policy
Terms of Service",https://news.google.com/rss/articles/CBMiiAFBVV95cUxNeGdMdjhRdjM4aTdLTFo3aXpFT21ZRWl6bE9sQW90NTAwMTAxWW9kRWRSSWh0NnBiZEppWElPazZCdGVadnY3NmxMWVJ1UVlnWFJ2NE9aZ2d3T0EzWXIydHhEellfb3VWV09hVDM2eExmVjdWOHVNYjJxNDUyV0EzcnhPTUk0TmZ2?oc=5
2024-10-30,AAPL,Apple,What Are Wall Street Analysts' Target Price for Apple Stock? - Nasdaq,"EN
Sign in
Before you continue to Google
We use cookies and data to
Deliver and maintain Google services
Track outages and protect against spam, fraud, and abuse
Measure audience engagement and site statistics to understand how our services are used and enhance the quality of those services
If you choose to “Accept all,” we will also use cookies and data to
Develop and improve new services
Deliver and measure the effectiveness of ads
Show personalized content, depending on your settings
Show personalized ads, depending on your settings
If you choose to “Reject all,” we will not use cookies for these additional purposes.
Non-personalized content is influenced by things like the content you’re currently viewing, activity in your active Search session, and your location. Non-personalized ads are influenced by the content you’re currently viewing and your general location. Personalized content and ads can also include more relevant results, recommendations, and tailored ads based on past activity from this browser, like previous Google searches. We also use cookies and data to tailor the experience to be age-appropriate, if relevant.
Select “More options” to see additional information, including details about managing your privacy settings. You can also visit g.co/privacytools at any time.
Reject all
Accept all
More options
Privacy Policy
Terms of Service",https://news.google.com/rss/articles/CBMijwFBVV95cUxNeDJHNEFxRFVaOTNxN1J1TDU2bWFYM0R1Tkp3aXhxMTBOUERNS1VVbENJV3FRLWJhcWxnbEV2OUhnU0tKSk1IX2RkM21ESmlRc2F2ZEdraGoxQVhYWFo2SHVJeUNUMGtlbFM2a2lQbWZCSDJCVlpDZldIOFpIa1lOTG5fQldKRzRSRm1sNGQ1SQ?oc=5
2024-10-27,AAPL,Apple,Warren Buffett Has Dumped a Lot of Apple Stock Recently. Should Investors Follow His Lead? - Yahoo Finance,"EN
Sign in
Before you continue to Google
We use cookies and data to
Deliver and maintain Google services
Track outages and protect against spam, fraud, and abuse
Measure audience engagement and site statistics to understand how our services are used and enhance the quality of those services
If you choose to “Accept all,” we will also use cookies and data to
Develop and improve new services
Deliver and measure the effectiveness of ads
Show personalized content, depending on your settings
Show personalized ads, depending on your settings
If you choose to “Reject all,” we will not use cookies for these additional purposes.
Non-personalized content is influenced by things like the content you’re currently viewing, activity in your active Search session, and your location. Non-personalized ads are influenced by the content you’re currently viewing and your general location. Personalized content and ads can also include more relevant results, recommendations, and tailored ads based on past activity from this browser, like previous Google searches. We also use cookies and data to tailor the experience to be age-appropriate, if relevant.
Select “More options” to see additional information, including details about managing your privacy settings. You can also visit g.co/privacytools at any time.
Reject all
Accept all
More options
Privacy Policy
Terms of Service",https://news.google.com/rss/articles/CBMigwFBVV95cUxPMDRCZGJXUk9BbERuUHNYblBPVjFOTXlZMHItQl9fTVJzOHc5Zm5jeUE0RGctVFg3QVcyQzM5NXhwby0weDNCeUdaU2piSmRmVE5KZmprUnFMTDBQdEhFeDZMcU5vQ0ZReFBUMTYzOVdMWEg0S1Rsdk1OTy1LQkxqelYyMA?oc=5
2024-11-25,AAPL,Apple,Is Apple Stock a Good Buy This Holiday Season? Experts Explain - Yahoo Finance,"EN
Sign in
Before you continue to Google
We use cookies and data to
Deliver and maintain Google services
Track outages and protect against spam, fraud, and abuse
Measure audience engagement and site statistics to understand how our services are used and enhance the quality of those services
If you choose to “Accept all,” we will also use cookies and data to
Develop and improve new services
Deliver and measure the effectiveness of ads
Show personalized content, depending on your settings
Show personalized ads, depending on your settings
If you choose to “Reject all,” we will not use cookies for these additional purposes.
Non-personalized content is influenced by things like the content you’re currently viewing, activity in your active Search session, and your location. Non-personalized ads are influenced by the content you’re currently viewing and your general location. Personalized content and ads can also include more relevant results, recommendations, and tailored ads based on past activity from this browser, like previous Google searches. We also use cookies and data to tailor the experience to be age-appropriate, if relevant.
Select “More options” to see additional information, including details about managing your privacy settings. You can also visit g.co/privacytools at any time.
Reject all
Accept all
More options
Privacy Policy
Terms of Service",https://news.google.com/rss/articles/CBMif0FVX3lxTE1TZHdadnFSZTNjem1HTEl0QjdmRXgwS0p2bUNaeHZwMnVYeG9nWThMcXVoQWRVOFMtVnFzUTVvcnpsZWxYRzQwczdjdmxBaDhOMXlmWTB4N2owWFp4YnRCZ0loZERISnpvZmNMYVA4bXEwWGVuS2RGV3pacUFERXc?oc=5
2024-11-04,AAPL,Apple,Berkshire Hathaway is dumping Apple stock and building its cash stockpile to record highs because Warren Buffett believes the government will raise capital gains taxes soon - Yahoo Finance,"EN
Sign in
Before you continue to Google
We use cookies and data to
Deliver and maintain Google services
Track outages and protect against spam, fraud, and abuse
Measure audience engagement and site statistics to understand how our services are used and enhance the quality of those services
If you choose to “Accept all,” we will also use cookies and data to
Develop and improve new services
Deliver and measure the effectiveness of ads
Show personalized content, depending on your settings
Show personalized ads, depending on your settings
If you choose to “Reject all,” we will not use cookies for these additional purposes.
Non-personalized content is influenced by things like the content you’re currently viewing, activity in your active Search session, and your location. Non-personalized ads are influenced by the content you’re currently viewing and your general location. Personalized content and ads can also include more relevant results, recommendations, and tailored ads based on past activity from this browser, like previous Google searches. We also use cookies and data to tailor the experience to be age-appropriate, if relevant.
Select “More options” to see additional information, including details about managing your privacy settings. You can also visit g.co/privacytools at any time.
Reject all
Accept all
More options
Privacy Policy
Terms of Service",https://news.google.com/rss/articles/CBMijAFBVV95cUxNX1ZVVWhkdmhPSmZJR0RBZVFxUmxGNEM2X0pnbFpVZkJDQU9vUWttdGo1WUR3WlhGSldXNVNaUk9HSzgybkpwb29BdTZrUjBMX0txRkRVYXNqWVAtblNhRzlDMUVGWnhoLUVYbU83c2ZRZ3ZnTzBPSzBncTlLV0stYmRRM1JTYmlvejZfTA?oc=5
2024-11-01,AAPL,Apple,Apple stock under pressure after earnings: What you need to know - Yahoo Finance,"EN
Sign in
Before you continue to Google
We use cookies and data to
Deliver and maintain Google services
Track outages and protect against spam, fraud, and abuse
Measure audience engagement and site statistics to understand how our services are used and enhance the quality of those services
If you choose to “Accept all,” we will also use cookies and data to
Develop and improve new services
Deliver and measure the effectiveness of ads
Show personalized content, depending on your settings
Show personalized ads, depending on your settings
If you choose to “Reject all,” we will not use cookies for these additional purposes.
Non-personalized content is influenced by things like the content you’re currently viewing, activity in your active Search session, and your location. Non-personalized ads are influenced by the content you’re currently viewing and your general location. Personalized content and ads can also include more relevant results, recommendations, and tailored ads based on past activity from this browser, like previous Google searches. We also use cookies and data to tailor the experience to be age-appropriate, if relevant.
Select “More options” to see additional information, including details about managing your privacy settings. You can also visit g.co/privacytools at any time.
Reject all
Accept all
More options
Privacy Policy
Terms of Service",https://news.google.com/rss/articles/CBMiigFBVV95cUxOMUZUTDNFYW9leTF0SGhudWZKTmxDZ3JOMVdOcEdWRkZVVThYMk81c2lxUkVDdm9lZWJFM3BldzF4RUdXelYyWnlaUFc4blZrbE5DSVN1RzRrak5YdFpreUhEY3VOQzNhX3BoeVBfU3RiZ1ZPaUtBRFY4ZGk4UU5lOEdReGoxMXlSWHc?oc=5
2024-11-25,AAPL,Apple,Here is Why Warren Buffett Sold AAPL Stock - Yahoo Finance,"EN
Sign in
Before you continue to Google
We use cookies and data to
Deliver and maintain Google services
Track outages and protect against spam, fraud, and abuse
Measure audience engagement and site statistics to understand how our services are used and enhance the quality of those services
If you choose to “Accept all,” we will also use cookies and data to
Develop and improve new services
Deliver and measure the effectiveness of ads
Show personalized content, depending on your settings
Show personalized ads, depending on your settings
If you choose to “Reject all,” we will not use cookies for these additional purposes.
Non-personalized content is influenced by things like the content you’re currently viewing, activity in your active Search session, and your location. Non-personalized ads are influenced by the content you’re currently viewing and your general location. Personalized content and ads can also include more relevant results, recommendations, and tailored ads based on past activity from this browser, like previous Google searches. We also use cookies and data to tailor the experience to be age-appropriate, if relevant.
Select “More options” to see additional information, including details about managing your privacy settings. You can also visit g.co/privacytools at any time.
Reject all
Accept all
More options
Privacy Policy
Terms of Service",https://news.google.com/rss/articles/CBMif0FVX3lxTE1URkVjS1V1VXJYQ1p0YkNVY1p4Ync5TW04VXBHSmtjdGU5eTBUV0RVU2dqczVmTnUwbE9mTlNOd3JXM1AwQS1SUUE3dkUzemdyc01sb2llTWhuY2pjbFRkM3ZaM0hJdnZVSnI1VXdWLW1YNGpZNEQzMHB4QngxYm8?oc=5
2024-11-04,AAPL,Apple,Apple Stock Slips in Premarket as Investors Fret About Weak Sales Guidance - Barron's,"EN
Sign in
Before you continue to Google
We use cookies and data to
Deliver and maintain Google services
Track outages and protect against spam, fraud, and abuse
Measure audience engagement and site statistics to understand how our services are used and enhance the quality of those services
If you choose to “Accept all,” we will also use cookies and data to
Develop and improve new services
Deliver and measure the effectiveness of ads
Show personalized content, depending on your settings
Show personalized ads, depending on your settings
If you choose to “Reject all,” we will not use cookies for these additional purposes.
Non-personalized content is influenced by things like the content you’re currently viewing, activity in your active Search session, and your location. Non-personalized ads are influenced by the content you’re currently viewing and your general location. Personalized content and ads can also include more relevant results, recommendations, and tailored ads based on past activity from this browser, like previous Google searches. We also use cookies and data to tailor the experience to be age-appropriate, if relevant.
Select “More options” to see additional information, including details about managing your privacy settings. You can also visit g.co/privacytools at any time.
Reject all
Accept all
More options
Privacy Policy
Terms of Service",https://news.google.com/rss/articles/CBMiiAJBVV95cUxOSmNvMV9IdUV2MnV4N2JYVnNoVEp1bE5wVkdNT2dmR0R2U2VSWGJXNXFmY2ZLN2xjUzhsN3pMVHROLTljTURBU1M2X0FQb2h5U1l3bHNqZTJIemdsUFJoRENYeUlrLW5xU054TnFONExHSWVsRkpTY2RHTjB1Y08xUm9NMVFxMFVvSjBBRFotUXRickFYYjhTV0dPWnczc1pOQWFDVDJDN3pMZm0xMGJ5cU9lWVN0c0FnVGRNaTY5eC1IUlZscERyZVVKMUdWdFNDSVEyYXFLYmxnZUJnMTdNUnBFSEJrcURtdk1URTZoakNCRHlYaW84MUhSbDV5TGEzSWVMTUZyXzQ?oc=5
2024-11-26,AAPL,Apple,"NFL legend Rob Gronkowski’s best-ever investment: $69,000 worth of Apple stock he bought on advice from his contractor - Fortune","EN
Sign in
Before you continue to Google
We use cookies and data to
Deliver and maintain Google services
Track outages and protect against spam, fraud, and abuse
Measure audience engagement and site statistics to understand how our services are used and enhance the quality of those services
If you choose to “Accept all,” we will also use cookies and data to
Develop and improve new services
Deliver and measure the effectiveness of ads
Show personalized content, depending on your settings
Show personalized ads, depending on your settings
If you choose to “Reject all,” we will not use cookies for these additional purposes.
Non-personalized content is influenced by things like the content you’re currently viewing, activity in your active Search session, and your location. Non-personalized ads are influenced by the content you’re currently viewing and your general location. Personalized content and ads can also include more relevant results, recommendations, and tailored ads based on past activity from this browser, like previous Google searches. We also use cookies and data to tailor the experience to be age-appropriate, if relevant.
Select “More options” to see additional information, including details about managing your privacy settings. You can also visit g.co/privacytools at any time.
Reject all
Accept all
More options
Privacy Policy
Terms of Service",https://news.google.com/rss/articles/CBMid0FVX3lxTE1wdDFRZEJXdl9MdXk1Y0VSVXNsaVJBUjd0R3hJWEtZYy1OdkJPZWVGTTExaFd3STBLU2tZcGJHbGdVNlhvYl9KTVI4ZXZRT2JWeVQxTG40UUswWGhFMFUzcDV1NEZOdnZ0VFQ2QVdTblNuSGE3UFgw?oc=5
2024-12-02,AAPL,Apple,1 Wall Street Analyst Thinks Apple Stock Is Going to $273. Is It a Buy? - Yahoo Finance,"EN
Sign in
Before you continue to Google
We use cookies and data to
Deliver and maintain Google services
Track outages and protect against spam, fraud, and abuse
Measure audience engagement and site statistics to understand how our services are used and enhance the quality of those services
If you choose to “Accept all,” we will also use cookies and data to
Develop and improve new services
Deliver and measure the effectiveness of ads
Show personalized content, depending on your settings
Show personalized ads, depending on your settings
If you choose to “Reject all,” we will not use cookies for these additional purposes.
Non-personalized content is influenced by things like the content you’re currently viewing, activity in your active Search session, and your location. Non-personalized ads are influenced by the content you’re currently viewing and your general location. Personalized content and ads can also include more relevant results, recommendations, and tailored ads based on past activity from this browser, like previous Google searches. We also use cookies and data to tailor the experience to be age-appropriate, if relevant.
Select “More options” to see additional information, including details about managing your privacy settings. You can also visit g.co/privacytools at any time.
Reject all
Accept all
More options
Privacy Policy
Terms of Service",https://news.google.com/rss/articles/CBMif0FVX3lxTE9LT2JDVTRqMlVMRVpMSDRpOXVhVEVLTXliOG5DRkhzM0tfN1QwU200LTdDQlZseUFpX2lrTDVNRmpqb3FZa3pFU1p2OTU5dGhrREUtcHFCRHlfdTZiV05ZWnhXVk5TZ0pRVjF6X3JYUk9JX2FIVEtjVXJQOFV3ZjA?oc=5
2024-12-23,AAPL,Apple,Apple Seen Having Strong Holiday Sales. Stock Hits Record High. - Investor's Business Daily,"EN
Sign in
Before you continue to Google
We use cookies and data to
Deliver and maintain Google services
Track outages and protect against spam, fraud, and abuse
Measure audience engagement and site statistics to understand how our services are used and enhance the quality of those services
If you choose to “Accept all,” we will also use cookies and data to
Develop and improve new services
Deliver and measure the effectiveness of ads
Show personalized content, depending on your settings
Show personalized ads, depending on your settings
If you choose to “Reject all,” we will not use cookies for these additional purposes.
Non-personalized content is influenced by things like the content you’re currently viewing, activity in your active Search session, and your location. Non-personalized ads are influenced by the content you’re currently viewing and your general location. Personalized content and ads can also include more relevant results, recommendations, and tailored ads based on past activity from this browser, like previous Google searches. We also use cookies and data to tailor the experience to be age-appropriate, if relevant.
Select “More options” to see additional information, including details about managing your privacy settings. You can also visit g.co/privacytools at any time.
Reject all
Accept all
More options
Privacy Policy
Terms of Service",https://news.google.com/rss/articles/CBMikAFBVV95cUxNTWdDdmpwRmVVMVZ3ZFZCamhTVGJDbXJSY2xwR21iQVVoZ21pR19BbUNHNS1NT2FvYXczaTRvS2ozZm9vQ2RJUkJ5ZDFhM0t0WG9ZYmFHUk45N2NyTU5UbUpldGdRMXZEdmQtVFdrN2xES1dFWTBCdzZQQWtUc1ItNDdEYnhra2RZQmlKR2xXTGU?oc=5
2024-12-26,AAPL,Apple,Apple Stock Hits All-Time High Thursday as Analyst Sees 'Golden Era of Growth' With AI - Investopedia,"EN
Sign in
Before you continue to Google
We use cookies and data to
Deliver and maintain Google services
Track outages and protect against spam, fraud, and abuse
Measure audience engagement and site statistics to understand how our services are used and enhance the quality of those services
If you choose to “Accept all,” we will also use cookies and data to
Develop and improve new services
Deliver and measure the effectiveness of ads
Show personalized content, depending on your settings
Show personalized ads, depending on your settings
If you choose to “Reject all,” we will not use cookies for these additional purposes.
Non-personalized content is influenced by things like the content you’re currently viewing, activity in your active Search session, and your location. Non-personalized ads are influenced by the content you’re currently viewing and your general location. Personalized content and ads can also include more relevant results, recommendations, and tailored ads based on past activity from this browser, like previous Google searches. We also use cookies and data to tailor the experience to be age-appropriate, if relevant.
Select “More options” to see additional information, including details about managing your privacy settings. You can also visit g.co/privacytools at any time.
Reject all
Accept all
More options
Privacy Policy
Terms of Service",https://news.google.com/rss/articles/CBMivgFBVV95cUxPWjIzOHk1S1dpdTZMcDdsektHaWYtOTZ5andIM1JPM3V6TXlScFlSVThHTGhIZ3NZaGxpT2UzOWk2MEh3bUd3SmpsdW1oRzFNUDF3N0JJYzkzMEJob3hVSlROaEFpcGlRVk1sNHYwQi1MeXBoQjRUSUhJMnAwbmViSk9KSkpIdFJZcnRjYlAtT0pSM2ZjMXFPcXR5aXdCSzFMMS1PZS05ZXc0SndRcTg1R3poV3h1Z1czTEYtRElR?oc=5
2024-11-28,AAPL,Apple,"Rob Gronkowski scored big with a $69,000 bet on Apple stock—how his strategy mirrors Warren Buffett's - NBC4 Los Angeles","EN
Sign in
Before you continue to Google
We use cookies and data to
Deliver and maintain Google services
Track outages and protect against spam, fraud, and abuse
Measure audience engagement and site statistics to understand how our services are used and enhance the quality of those services
If you choose to “Accept all,” we will also use cookies and data to
Develop and improve new services
Deliver and measure the effectiveness of ads
Show personalized content, depending on your settings
Show personalized ads, depending on your settings
If you choose to “Reject all,” we will not use cookies for these additional purposes.
Non-personalized content is influenced by things like the content you’re currently viewing, activity in your active Search session, and your location. Non-personalized ads are influenced by the content you’re currently viewing and your general location. Personalized content and ads can also include more relevant results, recommendations, and tailored ads based on past activity from this browser, like previous Google searches. We also use cookies and data to tailor the experience to be age-appropriate, if relevant.
Select “More options” to see additional information, including details about managing your privacy settings. You can also visit g.co/privacytools at any time.
Reject all
Accept all
More options
Privacy Policy
Terms of Service",https://news.google.com/rss/articles/CBMinAJBVV95cUxOZGJoNFF1QnpKZm1kaWFQeE95bXByR1R3eFd4M1gzcGJXRVlXMlBvWDNFOTY4QWJ5WEFVOHZ5WnB6WkpvVGotV3dxT19RNnFHanZxRHVjV3JFdzFEVnhZUHpCXzB1QVhhek5vYnlvMFFOTGphSkhXMk9DVFlLTHMzOUhjNG9rbEIxbEVVaHBhSzhzdWN1SzFTR0hXMXJwOVZOd0Y2Wl9ETURZaTR2WnJfN2lxLTNnZkJjXzlPWkctZG1YUDdJaXpwWWVWRjljMmk5eDdnTmRzV0FYNS1USXV6dmJSbFJpeTBLR2VhMGRsb21FelhDRk55Z29ZV1J6d3lHLTd4bWdvN2hZWnNYd3ZJbjY3ZWVSb2s3UDBWT9IBpAJBVV95cUxQRFZ3VWRRNWZ5Vm8wLTR0M00xYnFyUVd6ckxwWmU1ZHN0OGIwMldBazR1REFJb1p1ZzdXY01RVU9XVzVLd0Y5Y08xaVkwRUk0MENCZUtoVFExR0dPZzIxUUNjNENjMTV5QUV3d3piWm9FTFlSUGVuVmh0QlNtMV9LZHdvXzB2aHlKWld4TERiZHJnZWV1SW1DX1JVVWlxTHZQVzBKQkJDT3dnYjVJTUlPOEc5WVFNV2ZncEZOT0k2SGIwSWhyRDU2ZlBnMnRjcWY2MW9GMW5GWVJldVVhSzBIUU5JU1RPdjZxUnZaWDBhdzVHMWNNYV9jV0lPeTlsVFA0VlQ1R09WRFVLUnlNS1Z4UDRTcVVNZlh5VWNfNkNnQ0xjTTYx?oc=5
2024-12-03,AAPL,Apple,Apple Stock Keeps Climbing. This Analyst Says Skepticism Is Overdone. - Barron's,"EN
Sign in
Before you continue to Google
We use cookies and data to
Deliver and maintain Google services
Track outages and protect against spam, fraud, and abuse
Measure audience engagement and site statistics to understand how our services are used and enhance the quality of those services
If you choose to “Accept all,” we will also use cookies and data to
Develop and improve new services
Deliver and measure the effectiveness of ads
Show personalized content, depending on your settings
Show personalized ads, depending on your settings
If you choose to “Reject all,” we will not use cookies for these additional purposes.
Non-personalized content is influenced by things like the content you’re currently viewing, activity in your active Search session, and your location. Non-personalized ads are influenced by the content you’re currently viewing and your general location. Personalized content and ads can also include more relevant results, recommendations, and tailored ads based on past activity from this browser, like previous Google searches. We also use cookies and data to tailor the experience to be age-appropriate, if relevant.
Select “More options” to see additional information, including details about managing your privacy settings. You can also visit g.co/privacytools at any time.
Reject all
Accept all
More options
Privacy Policy
Terms of Service",https://news.google.com/rss/articles/CBMigwFBVV95cUxQeWVDTUVMYWd2VWhGWXNRU2RkU2hoekJhYTFSYnlHdXJOOHZLMmhPbnlYZUxhMHBIWkFtOU5tZzlxZGlRZUVfWUQySlF6N0lXYm1nYXpTZ2NyLXlPVjd5SHJMMnJkMHczU2dzWnVHYmxxVlcwN19adUVLeFdXZ19SaGV4NA?oc=5
2024-12-08,AAPL,Apple,"If You Invested in Apple Stock Last Holiday Season, Here’s How Much It Would Be Worth in 2024 - Nasdaq","EN
Sign in
Before you continue to Google
We use cookies and data to
Deliver and maintain Google services
Track outages and protect against spam, fraud, and abuse
Measure audience engagement and site statistics to understand how our services are used and enhance the quality of those services
If you choose to “Accept all,” we will also use cookies and data to
Develop and improve new services
Deliver and measure the effectiveness of ads
Show personalized content, depending on your settings
Show personalized ads, depending on your settings
If you choose to “Reject all,” we will not use cookies for these additional purposes.
Non-personalized content is influenced by things like the content you’re currently viewing, activity in your active Search session, and your location. Non-personalized ads are influenced by the content you’re currently viewing and your general location. Personalized content and ads can also include more relevant results, recommendations, and tailored ads based on past activity from this browser, like previous Google searches. We also use cookies and data to tailor the experience to be age-appropriate, if relevant.
Select “More options” to see additional information, including details about managing your privacy settings. You can also visit g.co/privacytools at any time.
Reject all
Accept all
More options
Privacy Policy
Terms of Service",https://news.google.com/rss/articles/CBMiuAFBVV95cUxQOXBkb3ZDV0Z1UXNXNUtVYUNieHp0cG1nT3dIN3BrUUNKQmJlck5CQXdRR3kwcTcyVXcwbVh0cXpOeFpBZDFLLXM5UExNRm9vWmVpbVFKRHhnTXFLWUpZQ1plSWx0TGMxZ0c1OS1sUkNNcHZfa3ZCczY5VWMzN19aTnZJdDdhZWREajR3clNEQm1nYktJSlIySEdUcGVSR0ZVcUY0TU9zWER1Wk1FLXlvZUtaS3FkRzhP?oc=5
2024-12-17,AAPL,Apple,Apple stock surges to a new record high - CNBC,"EN
Sign in
Before you continue to Google
We use cookies and data to
Deliver and maintain Google services
Track outages and protect against spam, fraud, and abuse
Measure audience engagement and site statistics to understand how our services are used and enhance the quality of those services
If you choose to “Accept all,” we will also use cookies and data to
Develop and improve new services
Deliver and measure the effectiveness of ads
Show personalized content, depending on your settings
Show personalized ads, depending on your settings
If you choose to “Reject all,” we will not use cookies for these additional purposes.
Non-personalized content is influenced by things like the content you’re currently viewing, activity in your active Search session, and your location. Non-personalized ads are influenced by the content you’re currently viewing and your general location. Personalized content and ads can also include more relevant results, recommendations, and tailored ads based on past activity from this browser, like previous Google searches. We also use cookies and data to tailor the experience to be age-appropriate, if relevant.
Select “More options” to see additional information, including details about managing your privacy settings. You can also visit g.co/privacytools at any time.
Reject all
Accept all
More options
Privacy Policy
Terms of Service",https://news.google.com/rss/articles/CBMiigFBVV95cUxNSHNWRTFXQ3oyX0xoWUljNlBCb0o2YWlDcGo3aHoxY21RRl9uaGlSVGdQeE5ic3Q0TjV0OGt4a0duNzNXQjhzMHU1Z3BDbTZReGIzVUpzU19CRmtVV20zaUFCZHpqY0hFaHdISnpXNGNQWGxxODg5elA2bTdXNDI1cDFmOVBOTUhGX0E?oc=5
2024-12-13,AAPL,Apple,Analyst who correctly said Apple stock would rally updates outlook - TheStreet,"EN
Sign in
Before you continue to Google
We use cookies and data to
Deliver and maintain Google services
Track outages and protect against spam, fraud, and abuse
Measure audience engagement and site statistics to understand how our services are used and enhance the quality of those services
If you choose to “Accept all,” we will also use cookies and data to
Develop and improve new services
Deliver and measure the effectiveness of ads
Show personalized content, depending on your settings
Show personalized ads, depending on your settings
If you choose to “Reject all,” we will not use cookies for these additional purposes.
Non-personalized content is influenced by things like the content you’re currently viewing, activity in your active Search session, and your location. Non-personalized ads are influenced by the content you’re currently viewing and your general location. Personalized content and ads can also include more relevant results, recommendations, and tailored ads based on past activity from this browser, like previous Google searches. We also use cookies and data to tailor the experience to be age-appropriate, if relevant.
Select “More options” to see additional information, including details about managing your privacy settings. You can also visit g.co/privacytools at any time.
Reject all
Accept all
More options
Privacy Policy
Terms of Service",https://news.google.com/rss/articles/CBMirgFBVV95cUxNZlZ1OUgwM0dpMTNfQ3YtTEZ0bjlVZ01WLUZhc1Z0ek1pQndyQ05IS1diUWNsUlJEYmZjV3M1Rlp2amlUbGdRaENveHN2MXlwTW9xWjRPN3ctS0J5ZVM1bWhpNkZuNktIUlc4Mnkzdy1hbVFzOFhJeURORTlEWlJibGYtUXZlNG9xVENOblJlTnpaa2JvS3lqcThtc0VlcUs5R2FPWHVFTmVJMG1yMEE?oc=5
2024-12-23,AAPL,Apple,Where Will Apple Stock Be in 1 Year? - The Motley Fool,"EN
Sign in
Before you continue to Google
We use cookies and data to
Deliver and maintain Google services
Track outages and protect against spam, fraud, and abuse
Measure audience engagement and site statistics to understand how our services are used and enhance the quality of those services
If you choose to “Accept all,” we will also use cookies and data to
Develop and improve new services
Deliver and measure the effectiveness of ads
Show personalized content, depending on your settings
Show personalized ads, depending on your settings
If you choose to “Reject all,” we will not use cookies for these additional purposes.
Non-personalized content is influenced by things like the content you’re currently viewing, activity in your active Search session, and your location. Non-personalized ads are influenced by the content you’re currently viewing and your general location. Personalized content and ads can also include more relevant results, recommendations, and tailored ads based on past activity from this browser, like previous Google searches. We also use cookies and data to tailor the experience to be age-appropriate, if relevant.
Select “More options” to see additional information, including details about managing your privacy settings. You can also visit g.co/privacytools at any time.
Reject all
Accept all
More options
Privacy Policy
Terms of Service",https://news.google.com/rss/articles/CBMihAFBVV95cUxQRS1fcUROeEVZVmJpajdBTFlka003Z0hWT2dSa0JiczJXVnBiQzJFSzJDVGFUaUZ1cHZ6cVJ1VFp6RkVId05YYjlqMFgtMmxiUnd6Q2tTT3RsaloxaEFZV1g0QktsRTZRdWEwQXFsd01BWGtpVVJqbmlTLTJoSHlINEhxNWk?oc=5
2024-12-26,AAPL,Apple,Apple stock touches intraday high after nod of confidence from Wall Street - Yahoo Finance,"EN
Sign in
Before you continue to Google
We use cookies and data to
Deliver and maintain Google services
Track outages and protect against spam, fraud, and abuse
Measure audience engagement and site statistics to understand how our services are used and enhance the quality of those services
If you choose to “Accept all,” we will also use cookies and data to
Develop and improve new services
Deliver and measure the effectiveness of ads
Show personalized content, depending on your settings
Show personalized ads, depending on your settings
If you choose to “Reject all,” we will not use cookies for these additional purposes.
Non-personalized content is influenced by things like the content you’re currently viewing, activity in your active Search session, and your location. Non-personalized ads are influenced by the content you’re currently viewing and your general location. Personalized content and ads can also include more relevant results, recommendations, and tailored ads based on past activity from this browser, like previous Google searches. We also use cookies and data to tailor the experience to be age-appropriate, if relevant.
Select “More options” to see additional information, including details about managing your privacy settings. You can also visit g.co/privacytools at any time.
Reject all
Accept all
More options
Privacy Policy
Terms of Service",https://news.google.com/rss/articles/CBMivAFBVV95cUxPcGxNMlhTQlFudTQtTjNtZG5nYnIxalQ4b2o5WElJakJqZTF1LVViT0lyWmRRX0xmRnRNbG5aWjRuS2ZaUXcxN29sdE4xTDMzSlhiUThJS0Q4ME5nOTFqZ1R1SmhLemdXdlpiaVNKbkpfcFIwcmJ0Yi02eFNZbHlLdUdQd2t3dVp5aVRLdzJkN05KV2t3aFFRd25qWFVyRXVyWDF6eEZwS3c1aTFvRXdFd3JkLUxsN2x6enQxbw?oc=5
2024-12-26,AAPL,Apple,"Apple On Cusp Of 'Golden Era Of Growth,' Analyst Says - Investor's Business Daily","EN
Sign in
Before you continue to Google
We use cookies and data to
Deliver and maintain Google services
Track outages and protect against spam, fraud, and abuse
Measure audience engagement and site statistics to understand how our services are used and enhance the quality of those services
If you choose to “Accept all,” we will also use cookies and data to
Develop and improve new services
Deliver and measure the effectiveness of ads
Show personalized content, depending on your settings
Show personalized ads, depending on your settings
If you choose to “Reject all,” we will not use cookies for these additional purposes.
Non-personalized content is influenced by things like the content you’re currently viewing, activity in your active Search session, and your location. Non-personalized ads are influenced by the content you’re currently viewing and your general location. Personalized content and ads can also include more relevant results, recommendations, and tailored ads based on past activity from this browser, like previous Google searches. We also use cookies and data to tailor the experience to be age-appropriate, if relevant.
Select “More options” to see additional information, including details about managing your privacy settings. You can also visit g.co/privacytools at any time.
Reject all
Accept all
More options
Privacy Policy
Terms of Service",https://news.google.com/rss/articles/CBMiiwFBVV95cUxNZE40OXgwQ3ZzZlZ3N1RzSjNWdUo5NHppTWh2azRNTjg4M3dnckwtVlhucjFCOHo5YVFza3VEcHZreTZHeW42VXdLaDRmX0tQX25oa1dUdkRKN281UDZpM0pJakdiOFhqYUVRZW5jeXpxNXViYVRETGpJTTRNUG8xVVVCUW5EeUdBeFpj?oc=5
2024-12-10,AAPL,Apple,Watch These Apple Price Levels After Stock Set a New Record High - Investopedia,"EN
Sign in
Before you continue to Google
We use cookies and data to
Deliver and maintain Google services
Track outages and protect against spam, fraud, and abuse
Measure audience engagement and site statistics to understand how our services are used and enhance the quality of those services
If you choose to “Accept all,” we will also use cookies and data to
Develop and improve new services
Deliver and measure the effectiveness of ads
Show personalized content, depending on your settings
Show personalized ads, depending on your settings
If you choose to “Reject all,” we will not use cookies for these additional purposes.
Non-personalized content is influenced by things like the content you’re currently viewing, activity in your active Search session, and your location. Non-personalized ads are influenced by the content you’re currently viewing and your general location. Personalized content and ads can also include more relevant results, recommendations, and tailored ads based on past activity from this browser, like previous Google searches. We also use cookies and data to tailor the experience to be age-appropriate, if relevant.
Select “More options” to see additional information, including details about managing your privacy settings. You can also visit g.co/privacytools at any time.
Reject all
Accept all
More options
Privacy Policy
Terms of Service",https://news.google.com/rss/articles/CBMingFBVV95cUxQTGJIYlRLM1RQeFRST09rZUpVcEVYVGNWQUFUbk1wUWRhdEU3SUtoUi04V21UeW5XbmpOSTlTakxkQUVtMWhoaF9UN2hzenh2WllUR2ZSclJvWTA3M3pRa2NoSGluR1BUYW93V1lDT2g1SGF2WjQ0U041alFZQWJ0STBqLVBqTHdxckVhWHAwYzF3ZmFEbnhVNGItV1hJUQ?oc=5
2024-12-16,AAPL,Apple,Apple Stock Has Gained Nearly 30% This Year. What J.P. Morgan Says Happens in 2025. - Barron's,"EN
Sign in
Before you continue to Google
We use cookies and data to
Deliver and maintain Google services
Track outages and protect against spam, fraud, and abuse
Measure audience engagement and site statistics to understand how our services are used and enhance the quality of those services
If you choose to “Accept all,” we will also use cookies and data to
Develop and improve new services
Deliver and measure the effectiveness of ads
Show personalized content, depending on your settings
Show personalized ads, depending on your settings
If you choose to “Reject all,” we will not use cookies for these additional purposes.
Non-personalized content is influenced by things like the content you’re currently viewing, activity in your active Search session, and your location. Non-personalized ads are influenced by the content you’re currently viewing and your general location. Personalized content and ads can also include more relevant results, recommendations, and tailored ads based on past activity from this browser, like previous Google searches. We also use cookies and data to tailor the experience to be age-appropriate, if relevant.
Select “More options” to see additional information, including details about managing your privacy settings. You can also visit g.co/privacytools at any time.
Reject all
Accept all
More options
Privacy Policy
Terms of Service",https://news.google.com/rss/articles/CBMie0FVX3lxTE5rVTZMclBUbnFWcjN0VDViOTZlX1ZWc243TW5zYnkxZVhtZzVreV9HLXgtNm56SEg3TTRoZ2Q5QUNLVElOYmpJdTV6c3ZxZG40R2RJX29XU2Z0d0NBeTZCZVFpbFYybHdrNnpEY2FMSDZNamI2OUxFUGxOTQ?oc=5
2024-12-17,AAPL,Apple,Apple stock hits record high as JPMorgan dismisses AI worries - Yahoo Finance,"EN
Sign in
Before you continue to Google
We use cookies and data to
Deliver and maintain Google services
Track outages and protect against spam, fraud, and abuse
Measure audience engagement and site statistics to understand how our services are used and enhance the quality of those services
If you choose to “Accept all,” we will also use cookies and data to
Develop and improve new services
Deliver and measure the effectiveness of ads
Show personalized content, depending on your settings
Show personalized ads, depending on your settings
If you choose to “Reject all,” we will not use cookies for these additional purposes.
Non-personalized content is influenced by things like the content you’re currently viewing, activity in your active Search session, and your location. Non-personalized ads are influenced by the content you’re currently viewing and your general location. Personalized content and ads can also include more relevant results, recommendations, and tailored ads based on past activity from this browser, like previous Google searches. We also use cookies and data to tailor the experience to be age-appropriate, if relevant.
Select “More options” to see additional information, including details about managing your privacy settings. You can also visit g.co/privacytools at any time.
Reject all
Accept all
More options
Privacy Policy
Terms of Service",https://news.google.com/rss/articles/CBMif0FVX3lxTE1vZEFjTVVSNkJ6SndlRHkzeUhLLXhhWlVibGFsLW5rdXZLYVpQWkthdmRWLXhUYkt1WnB3QjJOVGh6UzFXV3cxSTltei0yd0h1MDU4OWI1N1Q5YjYtSFlORXp5eFc1eUJneGtSS09zRmt6ekl4Zjh2enZuUTFKT0k?oc=5
2024-12-11,AAPL,Apple,Apple Stock Hits Record High On Second Wave Of AI Features - Investor's Business Daily,"EN
Sign in
Before you continue to Google
We use cookies and data to
Deliver and maintain Google services
Track outages and protect against spam, fraud, and abuse
Measure audience engagement and site statistics to understand how our services are used and enhance the quality of those services
If you choose to “Accept all,” we will also use cookies and data to
Develop and improve new services
Deliver and measure the effectiveness of ads
Show personalized content, depending on your settings
Show personalized ads, depending on your settings
If you choose to “Reject all,” we will not use cookies for these additional purposes.
Non-personalized content is influenced by things like the content you’re currently viewing, activity in your active Search session, and your location. Non-personalized ads are influenced by the content you’re currently viewing and your general location. Personalized content and ads can also include more relevant results, recommendations, and tailored ads based on past activity from this browser, like previous Google searches. We also use cookies and data to tailor the experience to be age-appropriate, if relevant.
Select “More options” to see additional information, including details about managing your privacy settings. You can also visit g.co/privacytools at any time.
Reject all
Accept all
More options
Privacy Policy
Terms of Service",https://news.google.com/rss/articles/CBMiiwFBVV95cUxQNlZzVlFabDdvRGRqV25UelRkUlVmcVN5dUtob0pWV1hHd1FpYW42aWxPQlJONzlRWnJCZFFQTWpuX0Q4RkNpbUhQb0FYRjlsX0gzVzBpQnFlQzYxX1BrcTE2dGpCdkUtX1pyVUpHTUlmMmJoMHk2cTFCZ0huWUdVS0Y0U0UxeEFkSDA0?oc=5
2024-12-16,AAPL,Apple,Apple Is Modestly Overvalued Despite Potential Margin Pressure and Guru Selling - Yahoo Finance,"EN
Sign in
Before you continue to Google
We use cookies and data to
Deliver and maintain Google services
Track outages and protect against spam, fraud, and abuse
Measure audience engagement and site statistics to understand how our services are used and enhance the quality of those services
If you choose to “Accept all,” we will also use cookies and data to
Develop and improve new services
Deliver and measure the effectiveness of ads
Show personalized content, depending on your settings
Show personalized ads, depending on your settings
If you choose to “Reject all,” we will not use cookies for these additional purposes.
Non-personalized content is influenced by things like the content you’re currently viewing, activity in your active Search session, and your location. Non-personalized ads are influenced by the content you’re currently viewing and your general location. Personalized content and ads can also include more relevant results, recommendations, and tailored ads based on past activity from this browser, like previous Google searches. We also use cookies and data to tailor the experience to be age-appropriate, if relevant.
Select “More options” to see additional information, including details about managing your privacy settings. You can also visit g.co/privacytools at any time.
Reject all
Accept all
More options
Privacy Policy
Terms of Service",https://news.google.com/rss/articles/CBMikwFBVV95cUxPQ0xhcGhlNHVjUTFMQmZoZEx3VFh0RlVTU1Z4UXIyZ29ldU1la1FVeG5LWk5iaE8zWURld05IMm1nbFZfY3NJeDBwdGtnVWtFMEl2TXVrZ0JCUUkxSnplR3NCZXNxM3FTcEJsSHhrckFUR1hGaWtUYjlNUVZNc2VlN0JVLXhoeEx3UTBLc0lsUXExazA?oc=5
2024-12-18,AAPL,Apple,Apple Intelligence Still Not Driving iPhone Sales. AI Upgrade Cycle Yet To Arrive. - Investor's Business Daily,"EN
Sign in
Before you continue to Google
We use cookies and data to
Deliver and maintain Google services
Track outages and protect against spam, fraud, and abuse
Measure audience engagement and site statistics to understand how our services are used and enhance the quality of those services
If you choose to “Accept all,” we will also use cookies and data to
Develop and improve new services
Deliver and measure the effectiveness of ads
Show personalized content, depending on your settings
Show personalized ads, depending on your settings
If you choose to “Reject all,” we will not use cookies for these additional purposes.
Non-personalized content is influenced by things like the content you’re currently viewing, activity in your active Search session, and your location. Non-personalized ads are influenced by the content you’re currently viewing and your general location. Personalized content and ads can also include more relevant results, recommendations, and tailored ads based on past activity from this browser, like previous Google searches. We also use cookies and data to tailor the experience to be age-appropriate, if relevant.
Select “More options” to see additional information, including details about managing your privacy settings. You can also visit g.co/privacytools at any time.
Reject all
Accept all
More options
Privacy Policy
Terms of Service",https://news.google.com/rss/articles/CBMiiAFBVV95cUxOa2xmWktkY25GVkV2bWRfM3BYNGVjSEFlME8yNXlocUcxNFBmOW9GdzR1aFFhVkhZUzJJWTYxUTJiQkM3NHA1Zmo2Qm9GTFhfZDlfQUxVcnNISDE4eUhxTEoyZC1TZ3QzWGs0UGxsMmhITTNocXZ0TlpTdHQ5U0lnSG8wNXlPd0d3?oc=5
2024-12-02,AAPL,Apple,"Apple Is IBD Stock Of The Day As Wall Street Eyes iPhone 16 Demand, AI Software Upgrade - Investor's Business Daily","EN
Sign in
Before you continue to Google
We use cookies and data to
Deliver and maintain Google services
Track outages and protect against spam, fraud, and abuse
Measure audience engagement and site statistics to understand how our services are used and enhance the quality of those services
If you choose to “Accept all,” we will also use cookies and data to
Develop and improve new services
Deliver and measure the effectiveness of ads
Show personalized content, depending on your settings
Show personalized ads, depending on your settings
If you choose to “Reject all,” we will not use cookies for these additional purposes.
Non-personalized content is influenced by things like the content you’re currently viewing, activity in your active Search session, and your location. Non-personalized ads are influenced by the content you’re currently viewing and your general location. Personalized content and ads can also include more relevant results, recommendations, and tailored ads based on past activity from this browser, like previous Google searches. We also use cookies and data to tailor the experience to be age-appropriate, if relevant.
Select “More options” to see additional information, including details about managing your privacy settings. You can also visit g.co/privacytools at any time.
Reject all
Accept all
More options
Privacy Policy
Terms of Service",https://news.google.com/rss/articles/CBMipgFBVV95cUxPR1NSOG91em16MFppQnA2dDZHNmZWMXNESktCQ0drVTAzX1ZVZUg4YXZRa2JQVVVfc2ctWlc5T3ZKZTBhNmZnUlNCYWZfRVh3dG5KRm9KdUN6MEJJZWJRTVhQOGpOM3IzcWFHaHowRTJ6S1RRMjc2ZVh5dmFtOGNxNDROQUVtSWJvRFRUWG5weXEwOFY0T1A2N3dWUGpKUndrU0VsQTd3?oc=5
2024-11-27,AAPL,Apple,How To Earn $500 A Month From Apple Stock - Yahoo Finance,"EN
Sign in
Before you continue to Google
We use cookies and data to
Deliver and maintain Google services
Track outages and protect against spam, fraud, and abuse
Measure audience engagement and site statistics to understand how our services are used and enhance the quality of those services
If you choose to “Accept all,” we will also use cookies and data to
Develop and improve new services
Deliver and measure the effectiveness of ads
Show personalized content, depending on your settings
Show personalized ads, depending on your settings
If you choose to “Reject all,” we will not use cookies for these additional purposes.
Non-personalized content is influenced by things like the content you’re currently viewing, activity in your active Search session, and your location. Non-personalized ads are influenced by the content you’re currently viewing and your general location. Personalized content and ads can also include more relevant results, recommendations, and tailored ads based on past activity from this browser, like previous Google searches. We also use cookies and data to tailor the experience to be age-appropriate, if relevant.
Select “More options” to see additional information, including details about managing your privacy settings. You can also visit g.co/privacytools at any time.
Reject all
Accept all
More options
Privacy Policy
Terms of Service",https://news.google.com/rss/articles/CBMifEFVX3lxTFBldDFINF9URzA5b1JYNThXUVpIaFp0cGJsWUJhdlN2NVZsYkIxNlIxQ1RPZ0dyV0REUmlfR0dObHlCcXViT3I5SGJLdXZjSkltNTRoTlBSTzJJN3hnc1A2aFJpYlYxWXVrQXB3TGxDTmhfV1Y5SDcxUzJTeHE?oc=5
2025-01-21,AAPL,Apple,"Why Apple Stock Got Hit By Downgrades, Price-Target Cuts - Investor's Business Daily","EN
Sign in
Before you continue to Google
We use cookies and data to
Deliver and maintain Google services
Track outages and protect against spam, fraud, and abuse
Measure audience engagement and site statistics to understand how our services are used and enhance the quality of those services
If you choose to “Accept all,” we will also use cookies and data to
Develop and improve new services
Deliver and measure the effectiveness of ads
Show personalized content, depending on your settings
Show personalized ads, depending on your settings
If you choose to “Reject all,” we will not use cookies for these additional purposes.
Non-personalized content is influenced by things like the content you’re currently viewing, activity in your active Search session, and your location. Non-personalized ads are influenced by the content you’re currently viewing and your general location. Personalized content and ads can also include more relevant results, recommendations, and tailored ads based on past activity from this browser, like previous Google searches. We also use cookies and data to tailor the experience to be age-appropriate, if relevant.
Select “More options” to see additional information, including details about managing your privacy settings. You can also visit g.co/privacytools at any time.
Reject all
Accept all
More options
Privacy Policy
Terms of Service",https://news.google.com/rss/articles/CBMinAFBVV95cUxPV2pHZ0RXZWlJODR4Vlp4N3FPT3pfbGpJOG90MVVMbDU2cTFZLTdZUVJ6Q2FYMERQY20zeWtFejgwY0l3STRhcFN4WjhPVllwdlZxSTc4TDlhVk9Uakd3TGs4dHZZWF9Tcms0bjAxOU9VRzhBUU5XaXEtUHB3TktvZy1vbUJTajFoR1U2eHlfQzNEYzR1a0dYbk9hOXI?oc=5
2025-01-20,AAPL,Apple,Should you sell Apple’s stock? This analyst makes the case with 3 reasons. - MarketWatch,"EN
Sign in
Before you continue to Google
We use cookies and data to
Deliver and maintain Google services
Track outages and protect against spam, fraud, and abuse
Measure audience engagement and site statistics to understand how our services are used and enhance the quality of those services
If you choose to “Accept all,” we will also use cookies and data to
Develop and improve new services
Deliver and measure the effectiveness of ads
Show personalized content, depending on your settings
Show personalized ads, depending on your settings
If you choose to “Reject all,” we will not use cookies for these additional purposes.
Non-personalized content is influenced by things like the content you’re currently viewing, activity in your active Search session, and your location. Non-personalized ads are influenced by the content you’re currently viewing and your general location. Personalized content and ads can also include more relevant results, recommendations, and tailored ads based on past activity from this browser, like previous Google searches. We also use cookies and data to tailor the experience to be age-appropriate, if relevant.
Select “More options” to see additional information, including details about managing your privacy settings. You can also visit g.co/privacytools at any time.
Reject all
Accept all
More options
Privacy Policy
Terms of Service",https://news.google.com/rss/articles/CBMitAFBVV95cUxPWDVZeUx6WWs1Tno0b2hLRjlvajZlbnltdWh0MFNuaDE4LWJVMFNSNEx4ZWlZQjFhNmRWVmlaVC1DTHJNR3FaRG00MDJHYjV6eFhiam95QXV5YU1nTFU2dFdvSGlKSVl3dXVLOXVRRHE1Qmk1cDk0ZURrUVJxSzhWZ1RmdVJ6TVBHZUFJVVdZYUpqdFZ1WFVTVDU4akdIeHpRYk8wVklJb2V3b01CSS1JeVFTZk0?oc=5
2024-12-26,AAPL,Apple,Apple stock touches intraday high after nod of confidence from Wall Street - Yahoo Finance,"EN
Sign in
Before you continue to Google
We use cookies and data to
Deliver and maintain Google services
Track outages and protect against spam, fraud, and abuse
Measure audience engagement and site statistics to understand how our services are used and enhance the quality of those services
If you choose to “Accept all,” we will also use cookies and data to
Develop and improve new services
Deliver and measure the effectiveness of ads
Show personalized content, depending on your settings
Show personalized ads, depending on your settings
If you choose to “Reject all,” we will not use cookies for these additional purposes.
Non-personalized content is influenced by things like the content you’re currently viewing, activity in your active Search session, and your location. Non-personalized ads are influenced by the content you’re currently viewing and your general location. Personalized content and ads can also include more relevant results, recommendations, and tailored ads based on past activity from this browser, like previous Google searches. We also use cookies and data to tailor the experience to be age-appropriate, if relevant.
Select “More options” to see additional information, including details about managing your privacy settings. You can also visit g.co/privacytools at any time.
Reject all
Accept all
More options
Privacy Policy
Terms of Service",https://news.google.com/rss/articles/CBMivAFBVV95cUxPcGxNMlhTQlFudTQtTjNtZG5nYnIxalQ4b2o5WElJakJqZTF1LVViT0lyWmRRX0xmRnRNbG5aWjRuS2ZaUXcxN29sdE4xTDMzSlhiUThJS0Q4ME5nOTFqZ1R1SmhLemdXdlpiaVNKbkpfcFIwcmJ0Yi02eFNZbHlLdUdQd2t3dVp5aVRLdzJkN05KV2t3aFFRd25qWFVyRXVyWDF6eEZwS3c1aTFvRXdFd3JkLUxsN2x6enQxbw?oc=5
2024-12-26,AAPL,Apple,Apple Stock Hits All-Time High Thursday as Analyst Sees 'Golden Era of Growth' With AI - Investopedia,"EN
Sign in
Before you continue to Google
We use cookies and data to
Deliver and maintain Google services
Track outages and protect against spam, fraud, and abuse
Measure audience engagement and site statistics to understand how our services are used and enhance the quality of those services
If you choose to “Accept all,” we will also use cookies and data to
Develop and improve new services
Deliver and measure the effectiveness of ads
Show personalized content, depending on your settings
Show personalized ads, depending on your settings
If you choose to “Reject all,” we will not use cookies for these additional purposes.
Non-personalized content is influenced by things like the content you’re currently viewing, activity in your active Search session, and your location. Non-personalized ads are influenced by the content you’re currently viewing and your general location. Personalized content and ads can also include more relevant results, recommendations, and tailored ads based on past activity from this browser, like previous Google searches. We also use cookies and data to tailor the experience to be age-appropriate, if relevant.
Select “More options” to see additional information, including details about managing your privacy settings. You can also visit g.co/privacytools at any time.
Reject all
Accept all
More options
Privacy Policy
Terms of Service",https://news.google.com/rss/articles/CBMivgFBVV95cUxPWjIzOHk1S1dpdTZMcDdsektHaWYtOTZ5andIM1JPM3V6TXlScFlSVThHTGhIZ3NZaGxpT2UzOWk2MEh3bUd3SmpsdW1oRzFNUDF3N0JJYzkzMEJob3hVSlROaEFpcGlRVk1sNHYwQi1MeXBoQjRUSUhJMnAwbmViSk9KSkpIdFJZcnRjYlAtT0pSM2ZjMXFPcXR5aXdCSzFMMS1PZS05ZXc0SndRcTg1R3poV3h1Z1czTEYtRElR?oc=5
2025-01-22,AAPL,Apple,Apple Stock Is Sliding. It Might Just Be the Beginning. - Barron's,"EN
Sign in
Before you continue to Google
We use cookies and data to
Deliver and maintain Google services
Track outages and protect against spam, fraud, and abuse
Measure audience engagement and site statistics to understand how our services are used and enhance the quality of those services
If you choose to “Accept all,” we will also use cookies and data to
Develop and improve new services
Deliver and measure the effectiveness of ads
Show personalized content, depending on your settings
Show personalized ads, depending on your settings
If you choose to “Reject all,” we will not use cookies for these additional purposes.
Non-personalized content is influenced by things like the content you’re currently viewing, activity in your active Search session, and your location. Non-personalized ads are influenced by the content you’re currently viewing and your general location. Personalized content and ads can also include more relevant results, recommendations, and tailored ads based on past activity from this browser, like previous Google searches. We also use cookies and data to tailor the experience to be age-appropriate, if relevant.
Select “More options” to see additional information, including details about managing your privacy settings. You can also visit g.co/privacytools at any time.
Reject all
Accept all
More options
Privacy Policy
Terms of Service",https://news.google.com/rss/articles/CBMidkFVX3lxTE82MF9BcmlncnlHN01OQkhUbHM1QzZsel9pZ3hwSnkyUk05VVZabHBaNlNfUEttNmROTDRWYkJBeVJTdGJvVTNOdTNUTVJZQ1FtRGVPc0VyWGZibTR5NjdCUXpDSW4yRk42SWwzdGltX0NaVkl3d0E?oc=5
2025-01-07,AAPL,Apple,Why Apple stock just got a rare downgrade to 'sell' - markets.businessinsider.com,"EN
Sign in
Before you continue to Google
We use cookies and data to
Deliver and maintain Google services
Track outages and protect against spam, fraud, and abuse
Measure audience engagement and site statistics to understand how our services are used and enhance the quality of those services
If you choose to “Accept all,” we will also use cookies and data to
Develop and improve new services
Deliver and measure the effectiveness of ads
Show personalized content, depending on your settings
Show personalized ads, depending on your settings
If you choose to “Reject all,” we will not use cookies for these additional purposes.
Non-personalized content is influenced by things like the content you’re currently viewing, activity in your active Search session, and your location. Non-personalized ads are influenced by the content you’re currently viewing and your general location. Personalized content and ads can also include more relevant results, recommendations, and tailored ads based on past activity from this browser, like previous Google searches. We also use cookies and data to tailor the experience to be age-appropriate, if relevant.
Select “More options” to see additional information, including details about managing your privacy settings. You can also visit g.co/privacytools at any time.
Reject all
Accept all
More options
Privacy Policy
Terms of Service",https://news.google.com/rss/articles/CBMiwAFBVV95cUxNd3BzcjNTNGdOWEFFcjd1ZldVSUl5ZjNTeDJrOURrcElwMGoxMTRIbzViS3lmVE1BSEROUzFfQzVvZnJQLThXYlBrSHZxYTJhdk1ZZVROZU9xSGRkbnNVNVNVenhaMUVlRUpIR2tSblB1TVJ5N2pNNy1TYzREX1dwOWpJdW5NNEFzRGo1ckZXQ1dLZ2N1MUdGRFhpdXlHeDJ0dEVaSHMyVGcxb3BIVDJaTzV4dVljLWxrTUxWNkFaTjU?oc=5
2025-01-06,AAPL,Apple,Analyst revamps Apple stock price target on iPhone sales - TheStreet,"EN
Sign in
Before you continue to Google
We use cookies and data to
Deliver and maintain Google services
Track outages and protect against spam, fraud, and abuse
Measure audience engagement and site statistics to understand how our services are used and enhance the quality of those services
If you choose to “Accept all,” we will also use cookies and data to
Develop and improve new services
Deliver and measure the effectiveness of ads
Show personalized content, depending on your settings
Show personalized ads, depending on your settings
If you choose to “Reject all,” we will not use cookies for these additional purposes.
Non-personalized content is influenced by things like the content you’re currently viewing, activity in your active Search session, and your location. Non-personalized ads are influenced by the content you’re currently viewing and your general location. Personalized content and ads can also include more relevant results, recommendations, and tailored ads based on past activity from this browser, like previous Google searches. We also use cookies and data to tailor the experience to be age-appropriate, if relevant.
Select “More options” to see additional information, including details about managing your privacy settings. You can also visit g.co/privacytools at any time.
Reject all
Accept all
More options
Privacy Policy
Terms of Service",https://news.google.com/rss/articles/CBMiogFBVV95cUxNX2VqOWxzT1YxUEtITjlPTHo2SENYQUd0VWlwelNxUUpPM2l4QWpDZnpxRlNqZVFMTUhpOTV2YUZORHdSelVSWlBtQ1hIZlBzWjA3VEdPNVhjMmQybmUzMFBDc1VFclJQcWxWY29JVHc5VkkzbXYtVzI5S1E2OXpNV0RUSWJZY2RMcjhYT0J3T1ZoZWk4ajZtN2tvejN4NnQ4OHc?oc=5
2025-01-21,AAPL,Apple,Why Apple Stock Is Down 4% Today - WSJ,"EN
Sign in
Before you continue to Google
We use cookies and data to
Deliver and maintain Google services
Track outages and protect against spam, fraud, and abuse
Measure audience engagement and site statistics to understand how our services are used and enhance the quality of those services
If you choose to “Accept all,” we will also use cookies and data to
Develop and improve new services
Deliver and measure the effectiveness of ads
Show personalized content, depending on your settings
Show personalized ads, depending on your settings
If you choose to “Reject all,” we will not use cookies for these additional purposes.
Non-personalized content is influenced by things like the content you’re currently viewing, activity in your active Search session, and your location. Non-personalized ads are influenced by the content you’re currently viewing and your general location. Personalized content and ads can also include more relevant results, recommendations, and tailored ads based on past activity from this browser, like previous Google searches. We also use cookies and data to tailor the experience to be age-appropriate, if relevant.
Select “More options” to see additional information, including details about managing your privacy settings. You can also visit g.co/privacytools at any time.
Reject all
Accept all
More options
Privacy Policy
Terms of Service",https://news.google.com/rss/articles/CBMi_gFBVV95cUxPeWxJT2I5aGZMUFBrUk9zNGRZTUdvU0FVWkJObkJqVGVSSjhzZ0hZbWVLakQ3bExQWFluMVNCRkJ0TEl2aDBoMWdzdWoxb2FncmUxOXA1UXBfcFVoTWx2X2lxSlRlUlZXamtLZmVVYWNWblJFbTh5RG1LenJFaEdhWEZDSzZrVFlfRWNXSjk4THFURFBDWDdINFhxNERZX3JRalpUTjRwdFVkeWhIeXRHVFFHaFhSMl9CRDdZLWdPWlJ0M3BQOVZ1RTdXYlFoMEltQWQ2SXNDbUtab19QWDV3X0F0ME1Zb3R1T2F5eEdsRndyLUNiSFlDTGF6SmNqdw?oc=5
2025-01-21,AAPL,Apple,"Apple stock hit with 2 downgrades on weak iPhone sales, AI outlook - Yahoo Finance","EN
Sign in
Before you continue to Google
We use cookies and data to
Deliver and maintain Google services
Track outages and protect against spam, fraud, and abuse
Measure audience engagement and site statistics to understand how our services are used and enhance the quality of those services
If you choose to “Accept all,” we will also use cookies and data to
Develop and improve new services
Deliver and measure the effectiveness of ads
Show personalized content, depending on your settings
Show personalized ads, depending on your settings
If you choose to “Reject all,” we will not use cookies for these additional purposes.
Non-personalized content is influenced by things like the content you’re currently viewing, activity in your active Search session, and your location. Non-personalized ads are influenced by the content you’re currently viewing and your general location. Personalized content and ads can also include more relevant results, recommendations, and tailored ads based on past activity from this browser, like previous Google searches. We also use cookies and data to tailor the experience to be age-appropriate, if relevant.
Select “More options” to see additional information, including details about managing your privacy settings. You can also visit g.co/privacytools at any time.
Reject all
Accept all
More options
Privacy Policy
Terms of Service",https://news.google.com/rss/articles/CBMisAFBVV95cUxOcFJqMkRKWWVsMlMzUk9SbmdXY2dYVXFYd2hrLU9kLVlnRTYtYy1sbGxHZTA5T2J4QXp6c1JJOWV2djJLSTBKVllrVXF4M2lsZnVCaEREcnpIV3dzdlBNbnNrbUhVd3Ezc0ZPd1o2ajROUXZPVHYxbW5iQjJSUDNZd1NxYWsxd3hZOXM0NTR6eFJDUUhjV1dzdmxGSmtpMG05Qk9qN1FHa0hZLWh2S09IbQ?oc=5
2025-01-17,AAPL,Apple,Watch These Apple Price Levels After Stock Suffers Biggest One-Day Drop Since August - Investopedia,"EN
Sign in
Before you continue to Google
We use cookies and data to
Deliver and maintain Google services
Track outages and protect against spam, fraud, and abuse
Measure audience engagement and site statistics to understand how our services are used and enhance the quality of those services
If you choose to “Accept all,” we will also use cookies and data to
Develop and improve new services
Deliver and measure the effectiveness of ads
Show personalized content, depending on your settings
Show personalized ads, depending on your settings
If you choose to “Reject all,” we will not use cookies for these additional purposes.
Non-personalized content is influenced by things like the content you’re currently viewing, activity in your active Search session, and your location. Non-personalized ads are influenced by the content you’re currently viewing and your general location. Personalized content and ads can also include more relevant results, recommendations, and tailored ads based on past activity from this browser, like previous Google searches. We also use cookies and data to tailor the experience to be age-appropriate, if relevant.
Select “More options” to see additional information, including details about managing your privacy settings. You can also visit g.co/privacytools at any time.
Reject all
Accept all
More options
Privacy Policy
Terms of Service",https://news.google.com/rss/articles/CBMisgFBVV95cUxOSVB1VGpTbmxpRkJrSG5ycGhvbERKaHlWdi0xYU1GVFJQSk1zQ1ZGOVRCbWxISmNPQVQtZVVYZW54YWc4NFBPQmIxa29FNTMyTW10dHlhNUhTU0NkVFI4bkF4bTQtQlZkWFhkSk1qRTQxUnVhaTNtVzFNUl91VklqU0s3TE1CXzliekNBRXVpWVRNLV9ONjZZRGFZb0lIaDE5ZDNaQXEwaHdHeDdJZUdIdVV3?oc=5
2025-01-07,AAPL,Apple,"Apple Stock Downgraded To Sell On Google, China, Consumer AI Demand - Investor's Business Daily","EN
Sign in
Before you continue to Google
We use cookies and data to
Deliver and maintain Google services
Track outages and protect against spam, fraud, and abuse
Measure audience engagement and site statistics to understand how our services are used and enhance the quality of those services
If you choose to “Accept all,” we will also use cookies and data to
Develop and improve new services
Deliver and measure the effectiveness of ads
Show personalized content, depending on your settings
Show personalized ads, depending on your settings
If you choose to “Reject all,” we will not use cookies for these additional purposes.
Non-personalized content is influenced by things like the content you’re currently viewing, activity in your active Search session, and your location. Non-personalized ads are influenced by the content you’re currently viewing and your general location. Personalized content and ads can also include more relevant results, recommendations, and tailored ads based on past activity from this browser, like previous Google searches. We also use cookies and data to tailor the experience to be age-appropriate, if relevant.
Select “More options” to see additional information, including details about managing your privacy settings. You can also visit g.co/privacytools at any time.
Reject all
Accept all
More options
Privacy Policy
Terms of Service",https://news.google.com/rss/articles/CBMiqwFBVV95cUxQQkN2MWpQMWFjcGl2WFRTeTZkWURuUWJ5NlBzeVJKNlh6OGhYMmNCbmp6ZjByZ19NLXpVMG1Qd0dKT001Nk9RMTZXdjNwbURVd01pWFlwREEzbUZhU3I5ZnEwUmduX2V1Y0xZVnplX09GSWxsdkIxR0ZoeTluaW44MldWZURvbW5fUURQeklNdW1neGFHRmREUzU5aGpESTZjUGI0UUwtYW9FVkk?oc=5
2025-01-21,AAPL,Apple,Apple Stock Just Got Downgraded. Why This Analyst Is Worried. - Barron's,"EN
Sign in
Before you continue to Google
We use cookies and data to
Deliver and maintain Google services
Track outages and protect against spam, fraud, and abuse
Measure audience engagement and site statistics to understand how our services are used and enhance the quality of those services
If you choose to “Accept all,” we will also use cookies and data to
Develop and improve new services
Deliver and measure the effectiveness of ads
Show personalized content, depending on your settings
Show personalized ads, depending on your settings
If you choose to “Reject all,” we will not use cookies for these additional purposes.
Non-personalized content is influenced by things like the content you’re currently viewing, activity in your active Search session, and your location. Non-personalized ads are influenced by the content you’re currently viewing and your general location. Personalized content and ads can also include more relevant results, recommendations, and tailored ads based on past activity from this browser, like previous Google searches. We also use cookies and data to tailor the experience to be age-appropriate, if relevant.
Select “More options” to see additional information, including details about managing your privacy settings. You can also visit g.co/privacytools at any time.
Reject all
Accept all
More options
Privacy Policy
Terms of Service",https://news.google.com/rss/articles/CBMieEFVX3lxTE00NUtjSE9sUldKY0dSUjEwdWNiX2QwZE1BRF9VWWZ3VEhtakV6RE9la3gyQ0F0Q2xvZmhsZ1VRMkJYbEV2SnhDUUlkc3BUUXJHLXFzcExmLVhCdThoZDJTX212VEw0TFJHeC13TkFfQ09pY1VFRms1Mg?oc=5
2025-01-14,AAPL,Apple,Analyst revisits Apple stock price target ahead of Q1 earnings update - TheStreet,"EN
Sign in
Before you continue to Google
We use cookies and data to
Deliver and maintain Google services
Track outages and protect against spam, fraud, and abuse
Measure audience engagement and site statistics to understand how our services are used and enhance the quality of those services
If you choose to “Accept all,” we will also use cookies and data to
Develop and improve new services
Deliver and measure the effectiveness of ads
Show personalized content, depending on your settings
Show personalized ads, depending on your settings
If you choose to “Reject all,” we will not use cookies for these additional purposes.
Non-personalized content is influenced by things like the content you’re currently viewing, activity in your active Search session, and your location. Non-personalized ads are influenced by the content you’re currently viewing and your general location. Personalized content and ads can also include more relevant results, recommendations, and tailored ads based on past activity from this browser, like previous Google searches. We also use cookies and data to tailor the experience to be age-appropriate, if relevant.
Select “More options” to see additional information, including details about managing your privacy settings. You can also visit g.co/privacytools at any time.
Reject all
Accept all
More options
Privacy Policy
Terms of Service",https://news.google.com/rss/articles/CBMiqgFBVV95cUxQSEU4eUNEenl2VU1IV1BxblkxQ0dpLVJhVlQ4Y2dHSmF0ZENyQmRBYkRFMlpPWmlubmtlWFBSNHBhVnNmNEkyQ1BLTkhyQmNEeVQxOWxDZmluQm15bEZPM0sxZ2M5dkM1YnNqOFF0aVYxdldGWmlubVZIUnVNN05oRk0zSVBwZkxQQnFHNzhUMFV1N0NhYV94ci1mcXdyMXVtd0pFVU5hWHY3dw?oc=5
2025-01-21,AAPL,Apple,Apple Stock Falls as Jefferies Downgrades; JPM Lowers Price Target - Investopedia,"EN
Sign in
Before you continue to Google
We use cookies and data to
Deliver and maintain Google services
Track outages and protect against spam, fraud, and abuse
Measure audience engagement and site statistics to understand how our services are used and enhance the quality of those services
If you choose to “Accept all,” we will also use cookies and data to
Develop and improve new services
Deliver and measure the effectiveness of ads
Show personalized content, depending on your settings
Show personalized ads, depending on your settings
If you choose to “Reject all,” we will not use cookies for these additional purposes.
Non-personalized content is influenced by things like the content you’re currently viewing, activity in your active Search session, and your location. Non-personalized ads are influenced by the content you’re currently viewing and your general location. Personalized content and ads can also include more relevant results, recommendations, and tailored ads based on past activity from this browser, like previous Google searches. We also use cookies and data to tailor the experience to be age-appropriate, if relevant.
Select “More options” to see additional information, including details about managing your privacy settings. You can also visit g.co/privacytools at any time.
Reject all
Accept all
More options
Privacy Policy
Terms of Service",https://news.google.com/rss/articles/CBMiugFBVV95cUxPQVlsTlgydXdsMWl1X19jNExYa0xRSHVjUTBRdVNibDZvZEVjTExSVEs3UDdjaU5Xc3VfQUdhZFlZNFp4V3l1ek80aXoxVUtqSU0wZDJTdnVfMU1zZi1CRkNZMVhXTlhwVWF4NTE5LVhmZWdBa2EwaFZpaWtKNTV0bnRhcUU2S3JRZ0ZqeDhPRUlLS2ZtcXFLX3ZsN3ZKUGMyYTJXdm1lMHpFa01fYjh0T0Jfb0IzZHlmMEE?oc=5
2025-01-21,AAPL,Apple,"Apple Stock Plummets 4.3%: Downgrade, China Setback, and AI Struggles Shake Confidence - Yahoo Finance","EN
Sign in
Before you continue to Google
We use cookies and data to
Deliver and maintain Google services
Track outages and protect against spam, fraud, and abuse
Measure audience engagement and site statistics to understand how our services are used and enhance the quality of those services
If you choose to “Accept all,” we will also use cookies and data to
Develop and improve new services
Deliver and measure the effectiveness of ads
Show personalized content, depending on your settings
Show personalized ads, depending on your settings
If you choose to “Reject all,” we will not use cookies for these additional purposes.
Non-personalized content is influenced by things like the content you’re currently viewing, activity in your active Search session, and your location. Non-personalized ads are influenced by the content you’re currently viewing and your general location. Personalized content and ads can also include more relevant results, recommendations, and tailored ads based on past activity from this browser, like previous Google searches. We also use cookies and data to tailor the experience to be age-appropriate, if relevant.
Select “More options” to see additional information, including details about managing your privacy settings. You can also visit g.co/privacytools at any time.
Reject all
Accept all
More options
Privacy Policy
Terms of Service",https://news.google.com/rss/articles/CBMiekFVX3lxTE01d3NGckxBemJQMUFKYmdkMjNmcm9uU1lpYzVXaXM3Z19aWGMxbmk1d01lVlRhdVVULVBsVXNLaWJDMFhZbUxFU1lVb3lkNUtVdVF5aWdzMDJpX19ZSjIza2VZRmpEVVcwUDlTN21MTkJGdUR6dU5sNFln?oc=5
2025-01-17,AAPL,Apple,Apple Stock Bounces Back. Why Earnings Could Help Its Recent Slump. - Barron's,"EN
Sign in
Before you continue to Google
We use cookies and data to
Deliver and maintain Google services
Track outages and protect against spam, fraud, and abuse
Measure audience engagement and site statistics to understand how our services are used and enhance the quality of those services
If you choose to “Accept all,” we will also use cookies and data to
Develop and improve new services
Deliver and measure the effectiveness of ads
Show personalized content, depending on your settings
Show personalized ads, depending on your settings
If you choose to “Reject all,” we will not use cookies for these additional purposes.
Non-personalized content is influenced by things like the content you’re currently viewing, activity in your active Search session, and your location. Non-personalized ads are influenced by the content you’re currently viewing and your general location. Personalized content and ads can also include more relevant results, recommendations, and tailored ads based on past activity from this browser, like previous Google searches. We also use cookies and data to tailor the experience to be age-appropriate, if relevant.
Select “More options” to see additional information, including details about managing your privacy settings. You can also visit g.co/privacytools at any time.
Reject all
Accept all
More options
Privacy Policy
Terms of Service",https://news.google.com/rss/articles/CBMiiAFBVV95cUxNckZxV1hOWU1CSEUyeHdRWWxfUktLbWxUSVJiRGU2dG9lRi16QWNKQnhqd0NtRl9neVhlZUpWZmowakdmOGRZbVd3cHpuNFBCNU44OHNrRUFweUdWTFdDaWZQblBkandBc2xNQ2RnTXlsOUVzQkw1U1J0WHBmMXdDNE5zM09rSXZR?oc=5
2025-01-21,AAPL,Apple,Apple Stock Downgraded by Loop Capital and Jefferies Amid Concerns on Growth Prospects - Yahoo Finance,"EN
Sign in
Before you continue to Google
We use cookies and data to
Deliver and maintain Google services
Track outages and protect against spam, fraud, and abuse
Measure audience engagement and site statistics to understand how our services are used and enhance the quality of those services
If you choose to “Accept all,” we will also use cookies and data to
Develop and improve new services
Deliver and measure the effectiveness of ads
Show personalized content, depending on your settings
Show personalized ads, depending on your settings
If you choose to “Reject all,” we will not use cookies for these additional purposes.
Non-personalized content is influenced by things like the content you’re currently viewing, activity in your active Search session, and your location. Non-personalized ads are influenced by the content you’re currently viewing and your general location. Personalized content and ads can also include more relevant results, recommendations, and tailored ads based on past activity from this browser, like previous Google searches. We also use cookies and data to tailor the experience to be age-appropriate, if relevant.
Select “More options” to see additional information, including details about managing your privacy settings. You can also visit g.co/privacytools at any time.
Reject all
Accept all
More options
Privacy Policy
Terms of Service",https://news.google.com/rss/articles/CBMiiAFBVV95cUxQWFliQmFEWFBJc2MzN0MxVzFWSDNIRGY2NEN2SFdUWnNUeG5nOWUzQjltZFBmc3d6UGNGeTZ0ZWxTTzE3R3dOWjFnWFQwR2dLMktfMEZyNDBYNUpUMFdSVktvSDY2VTBTVWNyUkpWSG93aVlSQXhtWk5ERHc1czZlcFhTc1ZEQmcz?oc=5
2025-01-24,AAPL,Apple,Apple Stock Is Having a Rough January. Why This Analyst Kept His Buy Rating. - Barron's,"EN
Sign in
Before you continue to Google
We use cookies and data to
Deliver and maintain Google services
Track outages and protect against spam, fraud, and abuse
Measure audience engagement and site statistics to understand how our services are used and enhance the quality of those services
If you choose to “Accept all,” we will also use cookies and data to
Develop and improve new services
Deliver and measure the effectiveness of ads
Show personalized content, depending on your settings
Show personalized ads, depending on your settings
If you choose to “Reject all,” we will not use cookies for these additional purposes.
Non-personalized content is influenced by things like the content you’re currently viewing, activity in your active Search session, and your location. Non-personalized ads are influenced by the content you’re currently viewing and your general location. Personalized content and ads can also include more relevant results, recommendations, and tailored ads based on past activity from this browser, like previous Google searches. We also use cookies and data to tailor the experience to be age-appropriate, if relevant.
Select “More options” to see additional information, including details about managing your privacy settings. You can also visit g.co/privacytools at any time.
Reject all
Accept all
More options
Privacy Policy
Terms of Service",https://news.google.com/rss/articles/CBMidEFVX3lxTE1KOTZVMmFCSElfWkNlcnFUMHBEbER1WWpjZEJpWVdnV1prT2dfQXZZSDhKc0NuLVJYZFlIcDVGS2hmYmRKSERfeTJ2R21qVlBabFJkdjRiOHRQU1B1VVhlYmwzZkFkWmwzellPY0JJZlY0Z0hk?oc=5
2025-01-17,AAPL,Apple,"If You Invested $10,000 In Apple Stock 10 Years Ago, How Much Would You Have Now? - Yahoo Finance","EN
Sign in
Before you continue to Google
We use cookies and data to
Deliver and maintain Google services
Track outages and protect against spam, fraud, and abuse
Measure audience engagement and site statistics to understand how our services are used and enhance the quality of those services
If you choose to “Accept all,” we will also use cookies and data to
Develop and improve new services
Deliver and measure the effectiveness of ads
Show personalized content, depending on your settings
Show personalized ads, depending on your settings
If you choose to “Reject all,” we will not use cookies for these additional purposes.
Non-personalized content is influenced by things like the content you’re currently viewing, activity in your active Search session, and your location. Non-personalized ads are influenced by the content you’re currently viewing and your general location. Personalized content and ads can also include more relevant results, recommendations, and tailored ads based on past activity from this browser, like previous Google searches. We also use cookies and data to tailor the experience to be age-appropriate, if relevant.
Select “More options” to see additional information, including details about managing your privacy settings. You can also visit g.co/privacytools at any time.
Reject all
Accept all
More options
Privacy Policy
Terms of Service",https://news.google.com/rss/articles/CBMifkFVX3lxTFBNcHRWWXhsRWducjlkNzdlWXAwcDZIaW5wSlpOZ0x2dVQ0YVRsdHQ3MjNfeE45cmllXzBIRkRyTF9yTnZIZk5Pd2wtc2dRczZscUp3WmplWFdvWWxhaGtpYkkxWnpaeUl2M00wdC1YQTIwaGF0cWlpTDJRQWMxZw?oc=5
2025-01-05,AAPL,Apple,Is Apple Inc. (NASDAQ:AAPL) the Hottest Large-Cap Stock Right Now? - Yahoo Finance,"EN
Sign in
Before you continue to Google
We use cookies and data to
Deliver and maintain Google services
Track outages and protect against spam, fraud, and abuse
Measure audience engagement and site statistics to understand how our services are used and enhance the quality of those services
If you choose to “Accept all,” we will also use cookies and data to
Develop and improve new services
Deliver and measure the effectiveness of ads
Show personalized content, depending on your settings
Show personalized ads, depending on your settings
If you choose to “Reject all,” we will not use cookies for these additional purposes.
Non-personalized content is influenced by things like the content you’re currently viewing, activity in your active Search session, and your location. Non-personalized ads are influenced by the content you’re currently viewing and your general location. Personalized content and ads can also include more relevant results, recommendations, and tailored ads based on past activity from this browser, like previous Google searches. We also use cookies and data to tailor the experience to be age-appropriate, if relevant.
Select “More options” to see additional information, including details about managing your privacy settings. You can also visit g.co/privacytools at any time.
Reject all
Accept all
More options
Privacy Policy
Terms of Service",https://news.google.com/rss/articles/CBMigAFBVV95cUxNbnBJZi12TzRIX3pJejdUVDZNUkladjh5MkhLeklBWGdEOE85Uk9RS3hWRzZORXdSdXVEYkV4VzZ6TXZWMEt3QXZOTUZQakg4Z2w4WmRUWnhxUTZwQU5pLThZaDh0c29xWDl3aVdNVWFiNU9PcnM2czZIaXAxSlVUMw?oc=5
2025-02-03,AAPL,Apple,Why Apple (AAPL) Stock Is Trading Lower Today - Yahoo Finance,"EN
Sign in
Before you continue to Google
We use cookies and data to
Deliver and maintain Google services
Track outages and protect against spam, fraud, and abuse
Measure audience engagement and site statistics to understand how our services are used and enhance the quality of those services
If you choose to “Accept all,” we will also use cookies and data to
Develop and improve new services
Deliver and measure the effectiveness of ads
Show personalized content, depending on your settings
Show personalized ads, depending on your settings
If you choose to “Reject all,” we will not use cookies for these additional purposes.
Non-personalized content is influenced by things like the content you’re currently viewing, activity in your active Search session, and your location. Non-personalized ads are influenced by the content you’re currently viewing and your general location. Personalized content and ads can also include more relevant results, recommendations, and tailored ads based on past activity from this browser, like previous Google searches. We also use cookies and data to tailor the experience to be age-appropriate, if relevant.
Select “More options” to see additional information, including details about managing your privacy settings. You can also visit g.co/privacytools at any time.
Reject all
Accept all
More options
Privacy Policy
Terms of Service",https://news.google.com/rss/articles/CBMif0FVX3lxTE1pQlFNWVNLTHExT09TcHlDMUxxSFlzcS0zZVI2cjRxbWdVZG5selBGZklyY000SG5uU2Z2Umk3blZ5eUl6QjAtT3JUSE9TaXFrc2lrT3ZqQjB0cVlhSU1lWEFWSjR5SWU4U1BZMXE4VW9IYzEtaHRvLU1PZXpsMkE?oc=5
2025-02-06,AAPL,Apple,"After Earnings, Is Apple Stock a Buy, a Sell, or Fairly Valued? - Morningstar","EN
Sign in
Before you continue to Google
We use cookies and data to
Deliver and maintain Google services
Track outages and protect against spam, fraud, and abuse
Measure audience engagement and site statistics to understand how our services are used and enhance the quality of those services
If you choose to “Accept all,” we will also use cookies and data to
Develop and improve new services
Deliver and measure the effectiveness of ads
Show personalized content, depending on your settings
Show personalized ads, depending on your settings
If you choose to “Reject all,” we will not use cookies for these additional purposes.
Non-personalized content is influenced by things like the content you’re currently viewing, activity in your active Search session, and your location. Non-personalized ads are influenced by the content you’re currently viewing and your general location. Personalized content and ads can also include more relevant results, recommendations, and tailored ads based on past activity from this browser, like previous Google searches. We also use cookies and data to tailor the experience to be age-appropriate, if relevant.
Select “More options” to see additional information, including details about managing your privacy settings. You can also visit g.co/privacytools at any time.
Reject all
Accept all
More options
Privacy Policy
Terms of Service",https://news.google.com/rss/articles/CBMilwFBVV95cUxPUUZKOWhVSmRrTzdvLTVrN0Nxc0xXVmpibmtTWHVkT2w0V1hOcjJJUkk4Uklab0dIQV9IWThPMEp5ZEVXUnVCRjlZQkZWUUtwVVJXRzhLVjhzanMxbDFTdnYtS05iLThTRzJlTEdlUGozWm1ibG4xNmllYVJ3S0dhcjdVQXhUcmdiM01kNzZROG80ZXZtQlI0?oc=5
2025-01-31,AAPL,Apple,Apple Stock Price Levels to Watch After Earnings Report as iPhone Upgrades in Focus - Investopedia,"EN
Sign in
Before you continue to Google
We use cookies and data to
Deliver and maintain Google services
Track outages and protect against spam, fraud, and abuse
Measure audience engagement and site statistics to understand how our services are used and enhance the quality of those services
If you choose to “Accept all,” we will also use cookies and data to
Develop and improve new services
Deliver and measure the effectiveness of ads
Show personalized content, depending on your settings
Show personalized ads, depending on your settings
If you choose to “Reject all,” we will not use cookies for these additional purposes.
Non-personalized content is influenced by things like the content you’re currently viewing, activity in your active Search session, and your location. Non-personalized ads are influenced by the content you’re currently viewing and your general location. Personalized content and ads can also include more relevant results, recommendations, and tailored ads based on past activity from this browser, like previous Google searches. We also use cookies and data to tailor the experience to be age-appropriate, if relevant.
Select “More options” to see additional information, including details about managing your privacy settings. You can also visit g.co/privacytools at any time.
Reject all
Accept all
More options
Privacy Policy
Terms of Service",https://news.google.com/rss/articles/CBMivAFBVV95cUxPdGhaM3VBMXpDanZxcHJ6aEFPc0QzVFhzbVFrUFEtdGZ1bkptVXlSWnZ1NzBmdEtJOHE1TEJqMllCMWY3Q1B0MzEzNGtTWktoc09USTBGb1Zad1VlTFgxRjFYSXRvRTNXZ18yb18ybnhJb0s4U3ltZ1JlbGFBLVNZSkdtN1lSWHFaTnMxUEcyN3c1S25hUnh4Q1I5bVZiU2JzY1laNC1PUjNmRmFZSXNPak93dTkyem1GWnNPcA?oc=5
2025-02-04,AAPL,Apple,Where Will Apple Stock Be in 3 Years? - Nasdaq,"EN
Sign in
Before you continue to Google
We use cookies and data to
Deliver and maintain Google services
Track outages and protect against spam, fraud, and abuse
Measure audience engagement and site statistics to understand how our services are used and enhance the quality of those services
If you choose to “Accept all,” we will also use cookies and data to
Develop and improve new services
Deliver and measure the effectiveness of ads
Show personalized content, depending on your settings
Show personalized ads, depending on your settings
If you choose to “Reject all,” we will not use cookies for these additional purposes.
Non-personalized content is influenced by things like the content you’re currently viewing, activity in your active Search session, and your location. Non-personalized ads are influenced by the content you’re currently viewing and your general location. Personalized content and ads can also include more relevant results, recommendations, and tailored ads based on past activity from this browser, like previous Google searches. We also use cookies and data to tailor the experience to be age-appropriate, if relevant.
Select “More options” to see additional information, including details about managing your privacy settings. You can also visit g.co/privacytools at any time.
Reject all
Accept all
More options
Privacy Policy
Terms of Service",https://news.google.com/rss/articles/CBMidkFVX3lxTFAwQmdvaWd6ZFpLWkl3d3pIUTBVdTVETmZ5WnlZQzJTSnpXbU5qY1B3WkItRl92WURXQVRuMm41bVRwOUsxLWhXMHh3SFNqeVdwZURLS3ZIaGxEbkRDWGgtRUxYSEE3UjNReERORG5PQmpOdjhMVVE?oc=5
2025-02-17,AAPL,Apple,Should You Buy Apple Stock Before Tim Cook Reveals “Newest Family Member”? - Trefis,"EN
Sign in
Before you continue to Google
We use cookies and data to
Deliver and maintain Google services
Track outages and protect against spam, fraud, and abuse
Measure audience engagement and site statistics to understand how our services are used and enhance the quality of those services
If you choose to “Accept all,” we will also use cookies and data to
Develop and improve new services
Deliver and measure the effectiveness of ads
Show personalized content, depending on your settings
Show personalized ads, depending on your settings
If you choose to “Reject all,” we will not use cookies for these additional purposes.
Non-personalized content is influenced by things like the content you’re currently viewing, activity in your active Search session, and your location. Non-personalized ads are influenced by the content you’re currently viewing and your general location. Personalized content and ads can also include more relevant results, recommendations, and tailored ads based on past activity from this browser, like previous Google searches. We also use cookies and data to tailor the experience to be age-appropriate, if relevant.
Select “More options” to see additional information, including details about managing your privacy settings. You can also visit g.co/privacytools at any time.
Reject all
Accept all
More options
Privacy Policy
Terms of Service",https://news.google.com/rss/articles/CBMizAFBVV95cUxPdzZXZUZ2dGZRUUdkOEtfT3J3V0dpNDFsYnFhTGxfdGtSa1B2a2xpNE15eVI2VElnOHQzcFRDLWpfeHJuRmhGTDJQc2V1bGlpdnhDVVVyYk84NHJjdnMwR3JONUlKUmc0YUhaUEZlS25CMWg3aGZfbnBmNG15S0JxNDNleGVJaXBTY1hVMUk0dVhrOFFuNjljR2swcjNySkZRdzQ5cjlUNnY5Y0JOdVFSTGVrY1Q1RU5yWWhMQTBmZ0xUdGNlOGxHM0wxZUs?oc=5
2025-02-19,AAPL,Apple,Apple Introduces New Low-Cost iPhone To Boost Sales - Investor's Business Daily,"EN
Sign in
Before you continue to Google
We use cookies and data to
Deliver and maintain Google services
Track outages and protect against spam, fraud, and abuse
Measure audience engagement and site statistics to understand how our services are used and enhance the quality of those services
If you choose to “Accept all,” we will also use cookies and data to
Develop and improve new services
Deliver and measure the effectiveness of ads
Show personalized content, depending on your settings
Show personalized ads, depending on your settings
If you choose to “Reject all,” we will not use cookies for these additional purposes.
Non-personalized content is influenced by things like the content you’re currently viewing, activity in your active Search session, and your location. Non-personalized ads are influenced by the content you’re currently viewing and your general location. Personalized content and ads can also include more relevant results, recommendations, and tailored ads based on past activity from this browser, like previous Google searches. We also use cookies and data to tailor the experience to be age-appropriate, if relevant.
Select “More options” to see additional information, including details about managing your privacy settings. You can also visit g.co/privacytools at any time.
Reject all
Accept all
More options
Privacy Policy
Terms of Service",https://news.google.com/rss/articles/CBMiiAFBVV95cUxOTWp4cEVveGhkMElDYkdCOHNyUEpXSFNuZHB6S3ljMHQ2NUxxTGEyckpDMlpJdGUyZUJ3VFB5YldUeGZYQl9vWVRSMjdiX2c1aHlzYlVwNE96b3haUk8wMDRjZ01CUHR4TTU5dlFLZGQ5SVB2RHllTEZoLXc1dURCRnNQMWRQcGt6?oc=5
2025-01-31,AAPL,Apple,"Stock Market News, Jan. 31, 2025: Dow Falls; Apple Stock Slips After Earnings - WSJ","EN
Sign in
Before you continue to Google
We use cookies and data to
Deliver and maintain Google services
Track outages and protect against spam, fraud, and abuse
Measure audience engagement and site statistics to understand how our services are used and enhance the quality of those services
If you choose to “Accept all,” we will also use cookies and data to
Develop and improve new services
Deliver and measure the effectiveness of ads
Show personalized content, depending on your settings
Show personalized ads, depending on your settings
If you choose to “Reject all,” we will not use cookies for these additional purposes.
Non-personalized content is influenced by things like the content you’re currently viewing, activity in your active Search session, and your location. Non-personalized ads are influenced by the content you’re currently viewing and your general location. Personalized content and ads can also include more relevant results, recommendations, and tailored ads based on past activity from this browser, like previous Google searches. We also use cookies and data to tailor the experience to be age-appropriate, if relevant.
Select “More options” to see additional information, including details about managing your privacy settings. You can also visit g.co/privacytools at any time.
Reject all
Accept all
More options
Privacy Policy
Terms of Service",https://news.google.com/rss/articles/CBMiiAFBVV95cUxOZG82Q20yYmJEYnJaM2RTSWhSVlV4T3NZXzVkVmF0aTBVMnkzQUhNR3J5bVQ2Vlh6V1cwWXVWZmVYdWJ3ODdJbmZtUGFla0xvUGxETVN0N1oycjRWOXBycElGTXNTaDZxVFlVTkVtNnFFVVdGTGZHV0owZ3d5VGhHdTVTMGZQUHF2?oc=5
2025-02-11,AAPL,Apple,Why Apple (AAPL) Stock Is Trading Up Today - Yahoo Finance,"EN
Sign in
Before you continue to Google
We use cookies and data to
Deliver and maintain Google services
Track outages and protect against spam, fraud, and abuse
Measure audience engagement and site statistics to understand how our services are used and enhance the quality of those services
If you choose to “Accept all,” we will also use cookies and data to
Develop and improve new services
Deliver and measure the effectiveness of ads
Show personalized content, depending on your settings
Show personalized ads, depending on your settings
If you choose to “Reject all,” we will not use cookies for these additional purposes.
Non-personalized content is influenced by things like the content you’re currently viewing, activity in your active Search session, and your location. Non-personalized ads are influenced by the content you’re currently viewing and your general location. Personalized content and ads can also include more relevant results, recommendations, and tailored ads based on past activity from this browser, like previous Google searches. We also use cookies and data to tailor the experience to be age-appropriate, if relevant.
Select “More options” to see additional information, including details about managing your privacy settings. You can also visit g.co/privacytools at any time.
Reject all
Accept all
More options
Privacy Policy
Terms of Service",https://news.google.com/rss/articles/CBMif0FVX3lxTE1qbUgyay0zT20zMjBVODVKMGZfY1dMOW1HTzNrNDRJa3p2azh2Q3FGWEloblFmZXRBNnNMc1N4aTloSXNudWRJTWVHODdLU3NnUzUybTdMNVJhU2NjTUFHVF9LTUFPaEF4bFBXUlF4ME1XNzJUdEF4M0JnejhRRkU?oc=5
2025-02-14,AAPL,Apple,What Analysts Think of Apple Stock Ahead of Wednesday’s Product Launch - Investopedia,"EN
Sign in
Before you continue to Google
We use cookies and data to
Deliver and maintain Google services
Track outages and protect against spam, fraud, and abuse
Measure audience engagement and site statistics to understand how our services are used and enhance the quality of those services
If you choose to “Accept all,” we will also use cookies and data to
Develop and improve new services
Deliver and measure the effectiveness of ads
Show personalized content, depending on your settings
Show personalized ads, depending on your settings
If you choose to “Reject all,” we will not use cookies for these additional purposes.
Non-personalized content is influenced by things like the content you’re currently viewing, activity in your active Search session, and your location. Non-personalized ads are influenced by the content you’re currently viewing and your general location. Personalized content and ads can also include more relevant results, recommendations, and tailored ads based on past activity from this browser, like previous Google searches. We also use cookies and data to tailor the experience to be age-appropriate, if relevant.
Select “More options” to see additional information, including details about managing your privacy settings. You can also visit g.co/privacytools at any time.
Reject all
Accept all
More options
Privacy Policy
Terms of Service",https://news.google.com/rss/articles/CBMiqgFBVV95cUxNbFA5bmpZY1E4OWhQY0V2RS1NZW5oVE5FMjluYlVFUlFFRkhwcllSRjQtNmpGUHpWUW1DSG12UnRXMHFvUWo2dTRoeUo5aXZjNHFuczZaWG5GMUVrdjhBWk4wcUEtd2wzZWdaSjVFSlM2ZUhGaUpqSV9YNXptSmVPX0ZYNkVkS3RXX01tRmREOFFpSGVFT05HeGF0OGZKU1IxVDluUGltWHlXQQ?oc=5
2025-01-31,AAPL,Apple,Are Wall Street Analysts Bullish on Apple Stock? - Nasdaq,"EN
Sign in
Before you continue to Google
We use cookies and data to
Deliver and maintain Google services
Track outages and protect against spam, fraud, and abuse
Measure audience engagement and site statistics to understand how our services are used and enhance the quality of those services
If you choose to “Accept all,” we will also use cookies and data to
Develop and improve new services
Deliver and measure the effectiveness of ads
Show personalized content, depending on your settings
Show personalized ads, depending on your settings
If you choose to “Reject all,” we will not use cookies for these additional purposes.
Non-personalized content is influenced by things like the content you’re currently viewing, activity in your active Search session, and your location. Non-personalized ads are influenced by the content you’re currently viewing and your general location. Personalized content and ads can also include more relevant results, recommendations, and tailored ads based on past activity from this browser, like previous Google searches. We also use cookies and data to tailor the experience to be age-appropriate, if relevant.
Select “More options” to see additional information, including details about managing your privacy settings. You can also visit g.co/privacytools at any time.
Reject all
Accept all
More options
Privacy Policy
Terms of Service",https://news.google.com/rss/articles/CBMiggFBVV95cUxNaGUxWXgzaW1LaGdranRhd0oxcENyRC1NMFZWRDhjc0twVmdoV0RqT2hXUGtzSDZsNG9iRzlzWkJNSGFDblNvcGxIVmdGa0RxaGhkZXlRTUFUbHE4dm4tanI2SGgyYk54QTR1by1wTGtoZXBiWW15dGhsRkNka0FtREdn?oc=5
2025-02-24,AAPL,Apple,Apple: $500 Billion US Investment Is a Tariff-Avoiding Ploy That We Expect to Succeed - Morningstar,"EN
Sign in
Before you continue to Google
We use cookies and data to
Deliver and maintain Google services
Track outages and protect against spam, fraud, and abuse
Measure audience engagement and site statistics to understand how our services are used and enhance the quality of those services
If you choose to “Accept all,” we will also use cookies and data to
Develop and improve new services
Deliver and measure the effectiveness of ads
Show personalized content, depending on your settings
Show personalized ads, depending on your settings
If you choose to “Reject all,” we will not use cookies for these additional purposes.
Non-personalized content is influenced by things like the content you’re currently viewing, activity in your active Search session, and your location. Non-personalized ads are influenced by the content you’re currently viewing and your general location. Personalized content and ads can also include more relevant results, recommendations, and tailored ads based on past activity from this browser, like previous Google searches. We also use cookies and data to tailor the experience to be age-appropriate, if relevant.
Select “More options” to see additional information, including details about managing your privacy settings. You can also visit g.co/privacytools at any time.
Reject all
Accept all
More options
Privacy Policy
Terms of Service",https://news.google.com/rss/articles/CBMiswFBVV95cUxOdlRzTmZHT0hpODgwcHpBd19DcC1hQlVyeE1qV2w3ZkVST2ZobkxvSnB4MWQzQjNBUEEwS014TWpZWU41TW9CbmhSeVJac3FaZEN1Ri04elljSjdkeHFWTnBuWThfRmplWU9oT3F2b1NwOXpKYzV0ai1Ic3pTUU9sNl9zel9rWmVoMHFiaHhWT3BMMzBVeE1jOVlIZGI1NGhwWlpaU2hvU3RrQkZlVlpOSDdMMA?oc=5
2025-01-30,AAPL,Apple,"Apple Beats Earnings Target On Services Lift, But iPhone Sales Decline - Investor's Business Daily","EN
Sign in
Before you continue to Google
We use cookies and data to
Deliver and maintain Google services
Track outages and protect against spam, fraud, and abuse
Measure audience engagement and site statistics to understand how our services are used and enhance the quality of those services
If you choose to “Accept all,” we will also use cookies and data to
Develop and improve new services
Deliver and measure the effectiveness of ads
Show personalized content, depending on your settings
Show personalized ads, depending on your settings
If you choose to “Reject all,” we will not use cookies for these additional purposes.
Non-personalized content is influenced by things like the content you’re currently viewing, activity in your active Search session, and your location. Non-personalized ads are influenced by the content you’re currently viewing and your general location. Personalized content and ads can also include more relevant results, recommendations, and tailored ads based on past activity from this browser, like previous Google searches. We also use cookies and data to tailor the experience to be age-appropriate, if relevant.
Select “More options” to see additional information, including details about managing your privacy settings. You can also visit g.co/privacytools at any time.
Reject all
Accept all
More options
Privacy Policy
Terms of Service",https://news.google.com/rss/articles/CBMiiwFBVV95cUxOZWNkUUl3ZUhPcDNwaEhuakExZGxselNGMHlqRUlUNWlCLXFMTHQ4V0tjNk9KSmVpcHg4Q21yLTF0c2h2cllRVlpfME0tdFdKYm4zaUVSWG1penZRUkNXU0JJbjhiaDBnLUp1NkN5cDJmcG9qOG94d0dCRmhOYWZUZWFzTXdiU2hXNFRF?oc=5
2025-02-19,AAPL,Apple,"Can Apple Stock Reach $1,000? - Yahoo Finance","EN
Sign in
Before you continue to Google
We use cookies and data to
Deliver and maintain Google services
Track outages and protect against spam, fraud, and abuse
Measure audience engagement and site statistics to understand how our services are used and enhance the quality of those services
If you choose to “Accept all,” we will also use cookies and data to
Develop and improve new services
Deliver and measure the effectiveness of ads
Show personalized content, depending on your settings
Show personalized ads, depending on your settings
If you choose to “Reject all,” we will not use cookies for these additional purposes.
Non-personalized content is influenced by things like the content you’re currently viewing, activity in your active Search session, and your location. Non-personalized ads are influenced by the content you’re currently viewing and your general location. Personalized content and ads can also include more relevant results, recommendations, and tailored ads based on past activity from this browser, like previous Google searches. We also use cookies and data to tailor the experience to be age-appropriate, if relevant.
Select “More options” to see additional information, including details about managing your privacy settings. You can also visit g.co/privacytools at any time.
Reject all
Accept all
More options
Privacy Policy
Terms of Service",https://news.google.com/rss/articles/CBMieEFVX3lxTFB6NWh2NXlHbTVxWjdQUTR1ZG9abWlQdDZBaWhmMUVheDd5dy0ySFZRV1hSNm9DR194dlRDRFY4OEtfMk1MWmFYR2ZBeU52emhqSlA5ZktkZW00LVI2cW5HX1V0S2JMTm9ScC1SMVNaY1Nocy1pZHkxZg?oc=5
2025-01-28,AAPL,Apple,Apple Stock Avoided the DeepSeek Selloff—Watch These Key Price Levels - Investopedia,"EN
Sign in
Before you continue to Google
We use cookies and data to
Deliver and maintain Google services
Track outages and protect against spam, fraud, and abuse
Measure audience engagement and site statistics to understand how our services are used and enhance the quality of those services
If you choose to “Accept all,” we will also use cookies and data to
Develop and improve new services
Deliver and measure the effectiveness of ads
Show personalized content, depending on your settings
Show personalized ads, depending on your settings
If you choose to “Reject all,” we will not use cookies for these additional purposes.
Non-personalized content is influenced by things like the content you’re currently viewing, activity in your active Search session, and your location. Non-personalized ads are influenced by the content you’re currently viewing and your general location. Personalized content and ads can also include more relevant results, recommendations, and tailored ads based on past activity from this browser, like previous Google searches. We also use cookies and data to tailor the experience to be age-appropriate, if relevant.
Select “More options” to see additional information, including details about managing your privacy settings. You can also visit g.co/privacytools at any time.
Reject all
Accept all
More options
Privacy Policy
Terms of Service",https://news.google.com/rss/articles/CBMiqgFBVV95cUxQYy1IelZjYl9ubDEtUWwtTnRoWHphcGRNYV9OQy0waVVhR2ZLSUF1anF2bDlaUGo2WGR4Tml0MGtXZmVjQXlJU2dtVHg3ZTRQVXVEZWZzNTYxa1A4SUcyOW9zcXdrcGhINkJRcTV2cnlYOEl1S3JJNFVBY2pfcERXeGQyUHh5c0dNWkpxVDBET0ItUUpwZmZpQzd4eWZuY3dSNy03NWdRcEh6QQ?oc=5
2025-02-08,AAPL,Apple,Experts Predict How High Apple Stock Could Go in 2025 - Nasdaq,"EN
Sign in
Before you continue to Google
We use cookies and data to
Deliver and maintain Google services
Track outages and protect against spam, fraud, and abuse
Measure audience engagement and site statistics to understand how our services are used and enhance the quality of those services
If you choose to “Accept all,” we will also use cookies and data to
Develop and improve new services
Deliver and measure the effectiveness of ads
Show personalized content, depending on your settings
Show personalized ads, depending on your settings
If you choose to “Reject all,” we will not use cookies for these additional purposes.
Non-personalized content is influenced by things like the content you’re currently viewing, activity in your active Search session, and your location. Non-personalized ads are influenced by the content you’re currently viewing and your general location. Personalized content and ads can also include more relevant results, recommendations, and tailored ads based on past activity from this browser, like previous Google searches. We also use cookies and data to tailor the experience to be age-appropriate, if relevant.
Select “More options” to see additional information, including details about managing your privacy settings. You can also visit g.co/privacytools at any time.
Reject all
Accept all
More options
Privacy Policy
Terms of Service",https://news.google.com/rss/articles/CBMiigFBVV95cUxOOHg3X2dSdjVTT0NNSE1yVlVJRlAtNmkxcDdEa3VUU2JWbGF6UXhLNlpwMVFpUllIS3c2RVJfTWMzeEFkQWo2VFBxQ2RIVzRxSjZ2bFBvQzZneHl4WmtBQllKSEJMdjZydmZ1d2NaVHJ2U2NBLUktZHZDM0QtQUtIb01rdHRjZ1FldWc?oc=5
2025-01-31,AAPL,Apple,Apple Earnings: iPhone Slowdown is Playing Out - Morningstar,"EN
Sign in
Before you continue to Google
We use cookies and data to
Deliver and maintain Google services
Track outages and protect against spam, fraud, and abuse
Measure audience engagement and site statistics to understand how our services are used and enhance the quality of those services
If you choose to “Accept all,” we will also use cookies and data to
Develop and improve new services
Deliver and measure the effectiveness of ads
Show personalized content, depending on your settings
Show personalized ads, depending on your settings
If you choose to “Reject all,” we will not use cookies for these additional purposes.
Non-personalized content is influenced by things like the content you’re currently viewing, activity in your active Search session, and your location. Non-personalized ads are influenced by the content you’re currently viewing and your general location. Personalized content and ads can also include more relevant results, recommendations, and tailored ads based on past activity from this browser, like previous Google searches. We also use cookies and data to tailor the experience to be age-appropriate, if relevant.
Select “More options” to see additional information, including details about managing your privacy settings. You can also visit g.co/privacytools at any time.
Reject all
Accept all
More options
Privacy Policy
Terms of Service",https://news.google.com/rss/articles/CBMihwFBVV95cUxNb0RoLS1XRTh4Z3N1cW9Nd0dfdWt2NFU5M0xVdmpqb2phWkRpY0V2YnRCOFJFREROSFIyOW9ET1RhaVlrNFNSRGhxd0ZMa2JHS3lOZHpWUTl6Y2swM1h0RWxxVUlFd1R1eVBWTnAyQjQ0LVEzS0FHVGplbllaV19zRy1UNGd3UTQ?oc=5
2025-02-13,AAPL,Apple,Apple’s Stock-Market Performance Is Increasingly Made in China - Yahoo Finance,"EN
Sign in
Before you continue to Google
We use cookies and data to
Deliver and maintain Google services
Track outages and protect against spam, fraud, and abuse
Measure audience engagement and site statistics to understand how our services are used and enhance the quality of those services
If you choose to “Accept all,” we will also use cookies and data to
Develop and improve new services
Deliver and measure the effectiveness of ads
Show personalized content, depending on your settings
Show personalized ads, depending on your settings
If you choose to “Reject all,” we will not use cookies for these additional purposes.
Non-personalized content is influenced by things like the content you’re currently viewing, activity in your active Search session, and your location. Non-personalized ads are influenced by the content you’re currently viewing and your general location. Personalized content and ads can also include more relevant results, recommendations, and tailored ads based on past activity from this browser, like previous Google searches. We also use cookies and data to tailor the experience to be age-appropriate, if relevant.
Select “More options” to see additional information, including details about managing your privacy settings. You can also visit g.co/privacytools at any time.
Reject all
Accept all
More options
Privacy Policy
Terms of Service",https://news.google.com/rss/articles/CBMikwFBVV95cUxQZ243bDQ4MnBVTVc3OTQ0a3kxT2U1a25VdWlpUGc5NXI4b0pJc09XZWxNbnJ5QzNXc1c2OExiZjhma0JZd3JhNllpaDAwdmMyS2tQTjJFdnRETmJ3UU5EMTdGcnJTa29WY0VhQnFVS0x4U0t0dFVHRmV0SGRJWWE3TWMtYmhpWW04blVjbVVYWXdFWWc?oc=5
2025-02-19,AAPL,Apple,Apple Stock's Premium Valuation Puts Investors at Risk - Yahoo Finance,"EN
Sign in
Before you continue to Google
We use cookies and data to
Deliver and maintain Google services
Track outages and protect against spam, fraud, and abuse
Measure audience engagement and site statistics to understand how our services are used and enhance the quality of those services
If you choose to “Accept all,” we will also use cookies and data to
Develop and improve new services
Deliver and measure the effectiveness of ads
Show personalized content, depending on your settings
Show personalized ads, depending on your settings
If you choose to “Reject all,” we will not use cookies for these additional purposes.
Non-personalized content is influenced by things like the content you’re currently viewing, activity in your active Search session, and your location. Non-personalized ads are influenced by the content you’re currently viewing and your general location. Personalized content and ads can also include more relevant results, recommendations, and tailored ads based on past activity from this browser, like previous Google searches. We also use cookies and data to tailor the experience to be age-appropriate, if relevant.
Select “More options” to see additional information, including details about managing your privacy settings. You can also visit g.co/privacytools at any time.
Reject all
Accept all
More options
Privacy Policy
Terms of Service",https://news.google.com/rss/articles/CBMiiAFBVV95cUxOVm9KWlQyN1NCeXVlYktGRWFyTzg0dGNacXlzbnVHOWdyWFp1d0cwMmVBZmtzT2s1SnQwNkNCX1FaU0dGeUZhR2Z6R0l4cDNmbUlpS2d4alhFanBQc0Q4ZHhfRTFNXzQtYm5kdTJwcG9zdVcwZ2NFSUdFd0pnazBndDhNR1hJVWFS?oc=5
2025-02-12,AAPL,Apple,Apple (AAPL) Stock: Recent News and Rating Change - Yahoo Finance,"EN
Sign in
Before you continue to Google
We use cookies and data to
Deliver and maintain Google services
Track outages and protect against spam, fraud, and abuse
Measure audience engagement and site statistics to understand how our services are used and enhance the quality of those services
If you choose to “Accept all,” we will also use cookies and data to
Develop and improve new services
Deliver and measure the effectiveness of ads
Show personalized content, depending on your settings
Show personalized ads, depending on your settings
If you choose to “Reject all,” we will not use cookies for these additional purposes.
Non-personalized content is influenced by things like the content you’re currently viewing, activity in your active Search session, and your location. Non-personalized ads are influenced by the content you’re currently viewing and your general location. Personalized content and ads can also include more relevant results, recommendations, and tailored ads based on past activity from this browser, like previous Google searches. We also use cookies and data to tailor the experience to be age-appropriate, if relevant.
Select “More options” to see additional information, including details about managing your privacy settings. You can also visit g.co/privacytools at any time.
Reject all
Accept all
More options
Privacy Policy
Terms of Service",https://news.google.com/rss/articles/CBMif0FVX3lxTFBiLXM0Z0R2OTREWWhRZ0RJbG11bzAzYURWTjZvVUQ2dVZzZ3FxRHJrT00zSFowcTdtcW0wSVZ0akREcVZ2aWptMHc3VEU2cXhNZ1NycUNPNEEwdGZPd2s3R193UGVVYWNOMGFWQWZaWWZhTnFhZTBneVJmQnNZZWc?oc=5
2025-02-03,AAPL,Apple,Should Investors Buy the Post Earnings Dip in Apple Stock? - Nasdaq,"EN
Sign in
Before you continue to Google
We use cookies and data to
Deliver and maintain Google services
Track outages and protect against spam, fraud, and abuse
Measure audience engagement and site statistics to understand how our services are used and enhance the quality of those services
If you choose to “Accept all,” we will also use cookies and data to
Develop and improve new services
Deliver and measure the effectiveness of ads
Show personalized content, depending on your settings
Show personalized ads, depending on your settings
If you choose to “Reject all,” we will not use cookies for these additional purposes.
Non-personalized content is influenced by things like the content you’re currently viewing, activity in your active Search session, and your location. Non-personalized ads are influenced by the content you’re currently viewing and your general location. Personalized content and ads can also include more relevant results, recommendations, and tailored ads based on past activity from this browser, like previous Google searches. We also use cookies and data to tailor the experience to be age-appropriate, if relevant.
Select “More options” to see additional information, including details about managing your privacy settings. You can also visit g.co/privacytools at any time.
Reject all
Accept all
More options
Privacy Policy
Terms of Service",https://news.google.com/rss/articles/CBMiigFBVV95cUxQZDVrQVNzX3FJX2RqZjU0US11QzVwS2VJRUpHLU5zakU1Y1U5amVSUFhkdDY5Tnh5UHc0S05CNDJsNFdyVkpiWXFETkNUaVBMM0JDNWliVGRlRnJkQTJhVVpPa01UU1FubmtBTU9nakxoQ3AwelE3M2J2ZTRQUm8wVS1CNVQ4V3k0Nnc?oc=5
2025-03-13,AAPL,Apple,Apple Stock Bulls Are Losing Confidence In iPhone Upgrade Cycle - Investor's Business Daily,"EN
Sign in
Before you continue to Google
We use cookies and data to
Deliver and maintain Google services
Track outages and protect against spam, fraud, and abuse
Measure audience engagement and site statistics to understand how our services are used and enhance the quality of those services
If you choose to “Accept all,” we will also use cookies and data to
Develop and improve new services
Deliver and measure the effectiveness of ads
Show personalized content, depending on your settings
Show personalized ads, depending on your settings
If you choose to “Reject all,” we will not use cookies for these additional purposes.
Non-personalized content is influenced by things like the content you’re currently viewing, activity in your active Search session, and your location. Non-personalized ads are influenced by the content you’re currently viewing and your general location. Personalized content and ads can also include more relevant results, recommendations, and tailored ads based on past activity from this browser, like previous Google searches. We also use cookies and data to tailor the experience to be age-appropriate, if relevant.
Select “More options” to see additional information, including details about managing your privacy settings. You can also visit g.co/privacytools at any time.
Reject all
Accept all
More options
Privacy Policy
Terms of Service",https://news.google.com/rss/articles/CBMioAFBVV95cUxQSGtjQkdYd2pMQWtVX1BiRElqbnMzVzExb3E2bVpKQ3B2ZDdOeVZieVJTY3BRZTBDSWZ5NF9fQ19yaml6TGpISS10R2dwMXJwRjdiNDcwRWZTeFNtRVd5RVNmd0RkS0hfOVZlLUVUcllTM0h1azBtcFVpWHFlZHRSMDBOLUhqWU9KaXFmY1R4Zi02aWdkR2o2cWdSTDROdlJZ?oc=5
2025-03-18,AAPL,Apple,Apple stock rout shaves nearly $700 billion from market cap since record close - Yahoo Finance,"EN
Sign in
Before you continue to Google
We use cookies and data to
Deliver and maintain Google services
Track outages and protect against spam, fraud, and abuse
Measure audience engagement and site statistics to understand how our services are used and enhance the quality of those services
If you choose to “Accept all,” we will also use cookies and data to
Develop and improve new services
Deliver and measure the effectiveness of ads
Show personalized content, depending on your settings
Show personalized ads, depending on your settings
If you choose to “Reject all,” we will not use cookies for these additional purposes.
Non-personalized content is influenced by things like the content you’re currently viewing, activity in your active Search session, and your location. Non-personalized ads are influenced by the content you’re currently viewing and your general location. Personalized content and ads can also include more relevant results, recommendations, and tailored ads based on past activity from this browser, like previous Google searches. We also use cookies and data to tailor the experience to be age-appropriate, if relevant.
Select “More options” to see additional information, including details about managing your privacy settings. You can also visit g.co/privacytools at any time.
Reject all
Accept all
More options
Privacy Policy
Terms of Service",https://news.google.com/rss/articles/CBMiwAFBVV95cUxNbEpzMlJvSGZfU0VuTkJfNGhxYnNmeEFsRUxqejJIcjIwc1gwcXZUNm5jbTE0MUNRVlZjbW5YMGZFTV9wOFN1ckdHSUxJcng3Z0NDdGRRbndocmFJa08zTDItM0lJbzZERk1rdWxyanc3U0w5LW94V0J5LVE0eXNBbzViU18wZFR5STVmT2xWU2NKLWlfaE5ibFlSa3lBU2tkNXZtdUllNmFBZmtRSGJvQnJ5djRwajRZRUVDWmR4VDI?oc=5
2025-03-10,AAPL,Apple,Apple’s stock sees worst day since 2022. Here are 2 major worries for investors. - MarketWatch,"EN
Sign in
Before you continue to Google
We use cookies and data to
Deliver and maintain Google services
Track outages and protect against spam, fraud, and abuse
Measure audience engagement and site statistics to understand how our services are used and enhance the quality of those services
If you choose to “Accept all,” we will also use cookies and data to
Develop and improve new services
Deliver and measure the effectiveness of ads
Show personalized content, depending on your settings
Show personalized ads, depending on your settings
If you choose to “Reject all,” we will not use cookies for these additional purposes.
Non-personalized content is influenced by things like the content you’re currently viewing, activity in your active Search session, and your location. Non-personalized ads are influenced by the content you’re currently viewing and your general location. Personalized content and ads can also include more relevant results, recommendations, and tailored ads based on past activity from this browser, like previous Google searches. We also use cookies and data to tailor the experience to be age-appropriate, if relevant.
Select “More options” to see additional information, including details about managing your privacy settings. You can also visit g.co/privacytools at any time.
Reject all
Accept all
More options
Privacy Policy
Terms of Service",https://news.google.com/rss/articles/CBMiuwFBVV95cUxOOWpIRFhMWHhjRlZmYWRtMnFucEo4a1BsekxaNEdQb2o0aGFJOVg4aFA2bk9meS16TzdpeWUwWjlnMWlNSVVfNUFiQ3A3WnNCaXpWNEw3UXlLcWs0MjVQek15a1BJOXdhQ1JKXzhtSHB4TWxwa1lqVXdaQ2NYQWdJcEdoWlc3UzFqaHNEVkxjbFRKVGhFMV9meFFNUnRraWVuV1h4SEJ5Ry1tNW55VlRLWmdrOGdfUzF2Y3Zz?oc=5
2025-03-12,AAPL,Apple,Watch These Apple Stock Price Levels as Sell-Off Continues - Investopedia,"EN
Sign in
Before you continue to Google
We use cookies and data to
Deliver and maintain Google services
Track outages and protect against spam, fraud, and abuse
Measure audience engagement and site statistics to understand how our services are used and enhance the quality of those services
If you choose to “Accept all,” we will also use cookies and data to
Develop and improve new services
Deliver and measure the effectiveness of ads
Show personalized content, depending on your settings
Show personalized ads, depending on your settings
If you choose to “Reject all,” we will not use cookies for these additional purposes.
Non-personalized content is influenced by things like the content you’re currently viewing, activity in your active Search session, and your location. Non-personalized ads are influenced by the content you’re currently viewing and your general location. Personalized content and ads can also include more relevant results, recommendations, and tailored ads based on past activity from this browser, like previous Google searches. We also use cookies and data to tailor the experience to be age-appropriate, if relevant.
Select “More options” to see additional information, including details about managing your privacy settings. You can also visit g.co/privacytools at any time.
Reject all
Accept all
More options
Privacy Policy
Terms of Service",https://news.google.com/rss/articles/CBMiowFBVV95cUxPcjFYR0tLNm12cmxwb0JNYWNXaTBkdV81MkZnMV9YcmtaWTk4RmJHVEZlLW92X3VHOUpsVEZlN0s5WGRveUw0SDJwR0VmMDUyLV9vWlFuZ2dNWFhFTFVBbVRPRXpsN2NjUmstbDExU3JnbkE1YUFJMlhxN2pYZWFHWTVzc01UMHQzai1DN19FNFZ2WGJ4UWhaVFViYm5wUzQwaFhN?oc=5
2025-03-19,AAPL,Apple,"‘Bears Beware,’ Says Daniel Ives About Apple Stock - markets.businessinsider.com","EN
Sign in
Before you continue to Google
We use cookies and data to
Deliver and maintain Google services
Track outages and protect against spam, fraud, and abuse
Measure audience engagement and site statistics to understand how our services are used and enhance the quality of those services
If you choose to “Accept all,” we will also use cookies and data to
Develop and improve new services
Deliver and measure the effectiveness of ads
Show personalized content, depending on your settings
Show personalized ads, depending on your settings
If you choose to “Reject all,” we will not use cookies for these additional purposes.
Non-personalized content is influenced by things like the content you’re currently viewing, activity in your active Search session, and your location. Non-personalized ads are influenced by the content you’re currently viewing and your general location. Personalized content and ads can also include more relevant results, recommendations, and tailored ads based on past activity from this browser, like previous Google searches. We also use cookies and data to tailor the experience to be age-appropriate, if relevant.
Select “More options” to see additional information, including details about managing your privacy settings. You can also visit g.co/privacytools at any time.
Reject all
Accept all
More options
Privacy Policy
Terms of Service",https://news.google.com/rss/articles/CBMiqgFBVV95cUxObG1fUEFZTnRaSnU3TGZHMU04N0Y4SFdOdzFaT2ZwclcwNENReHFLOWhDcnhLVG9ic1FzU3dWbjNuRFYyS0lYV1VjNFhDc2NDWDA4aU1DXzdFdXc4aElQUlFoOG41eTVlMV9ZMnM2SjRpT2d1TnlraldadEM5dmlyUFpIRzFFenJWaTZvMmd4Y2ZnbE41U2c1X1BVMEd5NDVPb2dFbTduX2hVZw?oc=5
2025-03-17,AAPL,Apple,Apple AI Delay May Be an Opportunity for the Stock. Here’s Why. - Barron's,"EN
Sign in
Before you continue to Google
We use cookies and data to
Deliver and maintain Google services
Track outages and protect against spam, fraud, and abuse
Measure audience engagement and site statistics to understand how our services are used and enhance the quality of those services
If you choose to “Accept all,” we will also use cookies and data to
Develop and improve new services
Deliver and measure the effectiveness of ads
Show personalized content, depending on your settings
Show personalized ads, depending on your settings
If you choose to “Reject all,” we will not use cookies for these additional purposes.
Non-personalized content is influenced by things like the content you’re currently viewing, activity in your active Search session, and your location. Non-personalized ads are influenced by the content you’re currently viewing and your general location. Personalized content and ads can also include more relevant results, recommendations, and tailored ads based on past activity from this browser, like previous Google searches. We also use cookies and data to tailor the experience to be age-appropriate, if relevant.
Select “More options” to see additional information, including details about managing your privacy settings. You can also visit g.co/privacytools at any time.
Reject all
Accept all
More options
Privacy Policy
Terms of Service",https://news.google.com/rss/articles/CBMieEFVX3lxTE13TlpiX2N6U1d5WlNKWXlGY09PanZMVEljeTJ2bTlEcC1lSXdEUVBIVkx4RnBjX3NYaHVUMllXeUlLVmlWdDFMdGdtVmRmNFB2UkNTSEpHM0ptWllMd1k3WjNFQ2hONF8wYmVIVDVlLVI4TllfbjZkNg?oc=5
2025-03-16,AAPL,Apple,Where Will Apple Stock Be In 5 Years? - Forbes,"EN
Sign in
Before you continue to Google
We use cookies and data to
Deliver and maintain Google services
Track outages and protect against spam, fraud, and abuse
Measure audience engagement and site statistics to understand how our services are used and enhance the quality of those services
If you choose to “Accept all,” we will also use cookies and data to
Develop and improve new services
Deliver and measure the effectiveness of ads
Show personalized content, depending on your settings
Show personalized ads, depending on your settings
If you choose to “Reject all,” we will not use cookies for these additional purposes.
Non-personalized content is influenced by things like the content you’re currently viewing, activity in your active Search session, and your location. Non-personalized ads are influenced by the content you’re currently viewing and your general location. Personalized content and ads can also include more relevant results, recommendations, and tailored ads based on past activity from this browser, like previous Google searches. We also use cookies and data to tailor the experience to be age-appropriate, if relevant.
Select “More options” to see additional information, including details about managing your privacy settings. You can also visit g.co/privacytools at any time.
Reject all
Accept all
More options
Privacy Policy
Terms of Service",https://news.google.com/rss/articles/CBMilwFBVV95cUxPcXhXOVZqQTZ2YUhDYXozd21nOG5qWV9NU0tsNE5STS13RUtVY2gwOXUwV2lWWFhkNnhsOGllRWx1Z0w1MDBOSFRtLXBhUkcyVzZtekJpbjR2VFhQZE5udDFBOHp5Yy1DUUtIMDZmUFVINWxLU3o4OXVaeFNGUWRGWmw4T1RnaDRzU1lyYnZmejVnSTY5cUFR?oc=5
2025-03-07,AAPL,Apple,Will Trump Tariffs Take Apple Stock To $160? - Trefis,"EN
Sign in
Before you continue to Google
We use cookies and data to
Deliver and maintain Google services
Track outages and protect against spam, fraud, and abuse
Measure audience engagement and site statistics to understand how our services are used and enhance the quality of those services
If you choose to “Accept all,” we will also use cookies and data to
Develop and improve new services
Deliver and measure the effectiveness of ads
Show personalized content, depending on your settings
Show personalized ads, depending on your settings
If you choose to “Reject all,” we will not use cookies for these additional purposes.
Non-personalized content is influenced by things like the content you’re currently viewing, activity in your active Search session, and your location. Non-personalized ads are influenced by the content you’re currently viewing and your general location. Personalized content and ads can also include more relevant results, recommendations, and tailored ads based on past activity from this browser, like previous Google searches. We also use cookies and data to tailor the experience to be age-appropriate, if relevant.
Select “More options” to see additional information, including details about managing your privacy settings. You can also visit g.co/privacytools at any time.
Reject all
Accept all
More options
Privacy Policy
Terms of Service",https://news.google.com/rss/articles/CBMipgFBVV95cUxNR3lQM3FXbjAwNm9vdW90Yk5kSDc0QlpnaHVZQWMxV1RKdFZ6VHNhQlkxY1duSVRody1YVndQaEl3RU1KQVNKRkpxN1hFVkd5SS1DV3lrN0ExdTlIWVZqR21RdHNSem5oVVk5WGh5YUZCZGNXRS1aQmp1c1dSeExtSHBsYV9UQVhfdy1DdnBPQTN2Z1A0WHJqQVlIOFpPOUgtWl9xLUN3?oc=5
2025-03-10,AAPL,Apple,Surprising iPhone problem sends Apple stock reeling - TheStreet,"EN
Sign in
Before you continue to Google
We use cookies and data to
Deliver and maintain Google services
Track outages and protect against spam, fraud, and abuse
Measure audience engagement and site statistics to understand how our services are used and enhance the quality of those services
If you choose to “Accept all,” we will also use cookies and data to
Develop and improve new services
Deliver and measure the effectiveness of ads
Show personalized content, depending on your settings
Show personalized ads, depending on your settings
If you choose to “Reject all,” we will not use cookies for these additional purposes.
Non-personalized content is influenced by things like the content you’re currently viewing, activity in your active Search session, and your location. Non-personalized ads are influenced by the content you’re currently viewing and your general location. Personalized content and ads can also include more relevant results, recommendations, and tailored ads based on past activity from this browser, like previous Google searches. We also use cookies and data to tailor the experience to be age-appropriate, if relevant.
Select “More options” to see additional information, including details about managing your privacy settings. You can also visit g.co/privacytools at any time.
Reject all
Accept all
More options
Privacy Policy
Terms of Service",https://news.google.com/rss/articles/CBMikAFBVV95cUxOVm5HS0ZkNFBLV21uaHJpZTkzR01Ta3dQNFp1cWJHWEVoeTBTVTUzdmRTWFhEVHYtamNBVDBCUGtIeEdHY1Z1LUFzTDVkY2h5dm9mYTZsek5jWms3N3diOXVCRDBvMGRJalg0RXhrRWF0aHgzdkJ4RGtfUml6cFpKOFlTbmlzR3FnT09xX3lwTDU?oc=5
2025-03-18,AAPL,Apple,Why Apple Stock Could Be Stuck in the Penalty Box: Heard on the Street - WSJ,"EN
Sign in
Before you continue to Google
We use cookies and data to
Deliver and maintain Google services
Track outages and protect against spam, fraud, and abuse
Measure audience engagement and site statistics to understand how our services are used and enhance the quality of those services
If you choose to “Accept all,” we will also use cookies and data to
Develop and improve new services
Deliver and measure the effectiveness of ads
Show personalized content, depending on your settings
Show personalized ads, depending on your settings
If you choose to “Reject all,” we will not use cookies for these additional purposes.
Non-personalized content is influenced by things like the content you’re currently viewing, activity in your active Search session, and your location. Non-personalized ads are influenced by the content you’re currently viewing and your general location. Personalized content and ads can also include more relevant results, recommendations, and tailored ads based on past activity from this browser, like previous Google searches. We also use cookies and data to tailor the experience to be age-appropriate, if relevant.
Select “More options” to see additional information, including details about managing your privacy settings. You can also visit g.co/privacytools at any time.
Reject all
Accept all
More options
Privacy Policy
Terms of Service",https://news.google.com/rss/articles/CBMihgJBVV95cUxNOFhFaEw0VmRIMW0wbjBHU2l2LWxKOFcxc1JseWRvMmZldmJsTkFRWXk1ek1Sb2MwM1dibGZ1VkZoQWJJVXhuSVFPd0ZiSHdVTDRicnRWc1A1T0R4Y1NuOEVSaERLczZUalFBMFB6Y3JHM215anR2LUxvR2pxc2lVcS1EYzdQTnByVFZVZWVaVWszNVlCQzdWUDE0ZzF2OHpveWcxSFVLcTB6aFI5S1QtZ0hXWTdCcFRDNm03MnltZE5WMlRGbWRSYnV6STVQLXAwbnYySHZITEFKYlJQVzQyVDJHSXU3elpkRFVWOTVIS3pNQ3Exb0kwZERQZUZ5ZWwzVGlTNzR3?oc=5
2025-03-13,AAPL,Apple,Apple Stock: Why It's Now A Screaming Buy (NASDAQ:AAPL) - Seeking Alpha,"EN
Sign in
Before you continue to Google
We use cookies and data to
Deliver and maintain Google services
Track outages and protect against spam, fraud, and abuse
Measure audience engagement and site statistics to understand how our services are used and enhance the quality of those services
If you choose to “Accept all,” we will also use cookies and data to
Develop and improve new services
Deliver and measure the effectiveness of ads
Show personalized content, depending on your settings
Show personalized ads, depending on your settings
If you choose to “Reject all,” we will not use cookies for these additional purposes.
Non-personalized content is influenced by things like the content you’re currently viewing, activity in your active Search session, and your location. Non-personalized ads are influenced by the content you’re currently viewing and your general location. Personalized content and ads can also include more relevant results, recommendations, and tailored ads based on past activity from this browser, like previous Google searches. We also use cookies and data to tailor the experience to be age-appropriate, if relevant.
Select “More options” to see additional information, including details about managing your privacy settings. You can also visit g.co/privacytools at any time.
Reject all
Accept all
More options
Privacy Policy
Terms of Service",https://news.google.com/rss/articles/CBMihwFBVV95cUxPTkdNeTVXR2FxSkdpcWVibFZvbEpPQW5BU3VmY3NwV3dLaWlIZHF1VlllMjBVWFl2Mko0Q2ZfZFZhOHdVNXlwcC1rVG53SGRlV3FJUWFfSXJ3b044LVZBXzBJXzMwbWRNSnNwaWMzWmxYbEdDODJmemNnQXppZ3llZklIMlBHOUU?oc=5
2025-03-12,AAPL,Apple,Apple Stock Gets Price-Target Cut From Morgan Stanley - Investor's Business Daily,"EN
Sign in
Before you continue to Google
We use cookies and data to
Deliver and maintain Google services
Track outages and protect against spam, fraud, and abuse
Measure audience engagement and site statistics to understand how our services are used and enhance the quality of those services
If you choose to “Accept all,” we will also use cookies and data to
Develop and improve new services
Deliver and measure the effectiveness of ads
Show personalized content, depending on your settings
Show personalized ads, depending on your settings
If you choose to “Reject all,” we will not use cookies for these additional purposes.
Non-personalized content is influenced by things like the content you’re currently viewing, activity in your active Search session, and your location. Non-personalized ads are influenced by the content you’re currently viewing and your general location. Personalized content and ads can also include more relevant results, recommendations, and tailored ads based on past activity from this browser, like previous Google searches. We also use cookies and data to tailor the experience to be age-appropriate, if relevant.
Select “More options” to see additional information, including details about managing your privacy settings. You can also visit g.co/privacytools at any time.
Reject all
Accept all
More options
Privacy Policy
Terms of Service",https://news.google.com/rss/articles/CBMijwFBVV95cUxOb2xHSmd5NUpZUmlZNXFHZkhmVlNhU3NuX0NJdUZGOXppbmx3LWZNNDdwUWpZYnNQRHNRb2gzUFdRVzBVdVRNRnJMSThsSkJ5YXZlVTFaLUh2bTJXcmhmRGcwYXlsTzJRTFBuSXlvbHZRWXJtNUpWWXAtSXJkM0ZPWXFuSm42WTRJdjlTdUx2bw?oc=5
2025-03-10,AAPL,Apple,Apple Stock Plummets 5% Despite Flood of New Product Launches - Yahoo Finance,"EN
Sign in
Before you continue to Google
We use cookies and data to
Deliver and maintain Google services
Track outages and protect against spam, fraud, and abuse
Measure audience engagement and site statistics to understand how our services are used and enhance the quality of those services
If you choose to “Accept all,” we will also use cookies and data to
Develop and improve new services
Deliver and measure the effectiveness of ads
Show personalized content, depending on your settings
Show personalized ads, depending on your settings
If you choose to “Reject all,” we will not use cookies for these additional purposes.
Non-personalized content is influenced by things like the content you’re currently viewing, activity in your active Search session, and your location. Non-personalized ads are influenced by the content you’re currently viewing and your general location. Personalized content and ads can also include more relevant results, recommendations, and tailored ads based on past activity from this browser, like previous Google searches. We also use cookies and data to tailor the experience to be age-appropriate, if relevant.
Select “More options” to see additional information, including details about managing your privacy settings. You can also visit g.co/privacytools at any time.
Reject all
Accept all
More options
Privacy Policy
Terms of Service",https://news.google.com/rss/articles/CBMiggFBVV95cUxNTWl5a1VjLXM1a3NualY3UmNkbnBldTE5S2ZCdHRRR1pEM2p1alFUeUZpb3NiVFBoak9rSGktUHE2NUNGbUtDUmtUV2RwQ2RRMmlvb0ZrRFpfVkNEcUlfTV91bW9YcnB2VmkxR3FCSl9wOWFXQnVJT05mQUNjUU9KQnB3?oc=5
2025-03-12,AAPL,Apple,"Tech Rally Fails to Lift Apple Stock Amid Concerns About Tariffs, Delayed Siri AI Features - Investopedia","EN
Sign in
Before you continue to Google
We use cookies and data to
Deliver and maintain Google services
Track outages and protect against spam, fraud, and abuse
Measure audience engagement and site statistics to understand how our services are used and enhance the quality of those services
If you choose to “Accept all,” we will also use cookies and data to
Develop and improve new services
Deliver and measure the effectiveness of ads
Show personalized content, depending on your settings
Show personalized ads, depending on your settings
If you choose to “Reject all,” we will not use cookies for these additional purposes.
Non-personalized content is influenced by things like the content you’re currently viewing, activity in your active Search session, and your location. Non-personalized ads are influenced by the content you’re currently viewing and your general location. Personalized content and ads can also include more relevant results, recommendations, and tailored ads based on past activity from this browser, like previous Google searches. We also use cookies and data to tailor the experience to be age-appropriate, if relevant.
Select “More options” to see additional information, including details about managing your privacy settings. You can also visit g.co/privacytools at any time.
Reject all
Accept all
More options
Privacy Policy
Terms of Service",https://news.google.com/rss/articles/CBMixgFBVV95cUxPN3ZQeWFDVVdNb3NISkFsTEdvTF9oYlBQS3pJWE1CRDVYaUFuV0ZjWUlxclRab2NXNjFFa1hGZFpHbEwzX29oMUs2RnZyQm5HVTNxaFQyemt0N3JiTTVzQjVXc3dJbnhZbDZfMllKUXFOVDdvRVBtY1VSX0VNWlF2MmNpcmhrTnFEdWlWMUhnLUd1R1ZyVTZ5a1M0dUh6dUNjSDZrbUlrMHdyOEg2Z3FiYzNlYkFURUhUNjc0Q2ZLVjlFWjVSYnc?oc=5
2025-03-24,AAPL,Apple,Analysts revisit Apple stock price targets as Cook courts Beijing - TheStreet,"EN
Sign in
Before you continue to Google
We use cookies and data to
Deliver and maintain Google services
Track outages and protect against spam, fraud, and abuse
Measure audience engagement and site statistics to understand how our services are used and enhance the quality of those services
If you choose to “Accept all,” we will also use cookies and data to
Develop and improve new services
Deliver and measure the effectiveness of ads
Show personalized content, depending on your settings
Show personalized ads, depending on your settings
If you choose to “Reject all,” we will not use cookies for these additional purposes.
Non-personalized content is influenced by things like the content you’re currently viewing, activity in your active Search session, and your location. Non-personalized ads are influenced by the content you’re currently viewing and your general location. Personalized content and ads can also include more relevant results, recommendations, and tailored ads based on past activity from this browser, like previous Google searches. We also use cookies and data to tailor the experience to be age-appropriate, if relevant.
Select “More options” to see additional information, including details about managing your privacy settings. You can also visit g.co/privacytools at any time.
Reject all
Accept all
More options
Privacy Policy
Terms of Service",https://news.google.com/rss/articles/CBMiowFBVV95cUxPU0FMX0dTbW5jN3dDN0FKV1M3T3QxY3ZydFMtVnJSLWhTejN2WWJtM1d0SmZXQ1lYcDhsbDBOU1hFZmdadVhkaUtvVmM2dUhSR1R3MjMtdWoyU1pzZ2M5YURaUDIyUElaOWZDcDgtVVhyMDBpbHZHWENZMXhmTWpvR2lHdkhQcGJaWThCT2JZY0c4M3YzRTFrWnEtQTZyaXZlNkdF?oc=5
2025-03-08,AAPL,Apple,Apple Stock To Fall 30%? - Forbes,"EN
Sign in
Before you continue to Google
We use cookies and data to
Deliver and maintain Google services
Track outages and protect against spam, fraud, and abuse
Measure audience engagement and site statistics to understand how our services are used and enhance the quality of those services
If you choose to “Accept all,” we will also use cookies and data to
Develop and improve new services
Deliver and measure the effectiveness of ads
Show personalized content, depending on your settings
Show personalized ads, depending on your settings
If you choose to “Reject all,” we will not use cookies for these additional purposes.
Non-personalized content is influenced by things like the content you’re currently viewing, activity in your active Search session, and your location. Non-personalized ads are influenced by the content you’re currently viewing and your general location. Personalized content and ads can also include more relevant results, recommendations, and tailored ads based on past activity from this browser, like previous Google searches. We also use cookies and data to tailor the experience to be age-appropriate, if relevant.
Select “More options” to see additional information, including details about managing your privacy settings. You can also visit g.co/privacytools at any time.
Reject all
Accept all
More options
Privacy Policy
Terms of Service",https://news.google.com/rss/articles/CBMiiAFBVV95cUxPYWtzVHh3OVhkQjktN1NHbC1TNU9IblJrYllrNllvcktYMUJDXzJ4bU9BajFkNXlsQjVnYWlYYVJLQy1RNkktRFFSeWJ0aWxYeTFyWHNLNnhFZHVJTkNpWkMzSGpsRTY1ckZXSEdGNUwxR3hXdGNmR1pFNzZLTXhkMHJrSFNLamtu?oc=5
2025-03-10,AAPL,Apple,Apple Stock Sinks As Siri AI Upgrade Delay Likely To Hurt iPhone Sales - Investor's Business Daily,"EN
Sign in
Before you continue to Google
We use cookies and data to
Deliver and maintain Google services
Track outages and protect against spam, fraud, and abuse
Measure audience engagement and site statistics to understand how our services are used and enhance the quality of those services
If you choose to “Accept all,” we will also use cookies and data to
Develop and improve new services
Deliver and measure the effectiveness of ads
Show personalized content, depending on your settings
Show personalized ads, depending on your settings
If you choose to “Reject all,” we will not use cookies for these additional purposes.
Non-personalized content is influenced by things like the content you’re currently viewing, activity in your active Search session, and your location. Non-personalized ads are influenced by the content you’re currently viewing and your general location. Personalized content and ads can also include more relevant results, recommendations, and tailored ads based on past activity from this browser, like previous Google searches. We also use cookies and data to tailor the experience to be age-appropriate, if relevant.
Select “More options” to see additional information, including details about managing your privacy settings. You can also visit g.co/privacytools at any time.
Reject all
Accept all
More options
Privacy Policy
Terms of Service",https://news.google.com/rss/articles/CBMiigFBVV95cUxOUEtkRUppY1hFMFo2SEpqc08tZHF0Q3BOa0QtRk9jZlcyVjVIWW9PY3UxdGRudTF3bnNDbDZvYTFWYV9uRGtPTFQyQjJwVjdMc05Lc0k2bHp2SDJpcmtxWG9WQ19ESE1BMFJpSDJLV3BTczlmeElyMEtfOWdQOXVSMzNrM3ZJdndCMHc?oc=5
2025-03-12,AAPL,Apple,Top analyst overhauls Apple stock price target amid key iPhone challenge - TheStreet,"EN
Sign in
Before you continue to Google
We use cookies and data to
Deliver and maintain Google services
Track outages and protect against spam, fraud, and abuse
Measure audience engagement and site statistics to understand how our services are used and enhance the quality of those services
If you choose to “Accept all,” we will also use cookies and data to
Develop and improve new services
Deliver and measure the effectiveness of ads
Show personalized content, depending on your settings
Show personalized ads, depending on your settings
If you choose to “Reject all,” we will not use cookies for these additional purposes.
Non-personalized content is influenced by things like the content you’re currently viewing, activity in your active Search session, and your location. Non-personalized ads are influenced by the content you’re currently viewing and your general location. Personalized content and ads can also include more relevant results, recommendations, and tailored ads based on past activity from this browser, like previous Google searches. We also use cookies and data to tailor the experience to be age-appropriate, if relevant.
Select “More options” to see additional information, including details about managing your privacy settings. You can also visit g.co/privacytools at any time.
Reject all
Accept all
More options
Privacy Policy
Terms of Service",https://news.google.com/rss/articles/CBMirAFBVV95cUxORDhtMy14ZkFiY1pLcDgwampXZ21fTkRIRU5IalZXWkpWamFxNmFNQlBSTmVlV1lOX29UWXUyTHBXR2pUeU85YS1qWUJsY3RnTzJLd1BOTkVUYzFjYjd0bXh6a1hTTWY3cDQ2cVpXbVB1WF9QOG1neXdPYWk2aE5sUkZRQVlmZmdUVlFGRlFlc1AxbDBkdnJvVjdXd1ROenBFcjNOd05Tc0RMTThL?oc=5
2025-03-25,AAPL,Apple,Apple Joins AI Data Center Race After Siri Mess - Investor's Business Daily,"EN
Sign in
Before you continue to Google
We use cookies and data to
Deliver and maintain Google services
Track outages and protect against spam, fraud, and abuse
Measure audience engagement and site statistics to understand how our services are used and enhance the quality of those services
If you choose to “Accept all,” we will also use cookies and data to
Develop and improve new services
Deliver and measure the effectiveness of ads
Show personalized content, depending on your settings
Show personalized ads, depending on your settings
If you choose to “Reject all,” we will not use cookies for these additional purposes.
Non-personalized content is influenced by things like the content you’re currently viewing, activity in your active Search session, and your location. Non-personalized ads are influenced by the content you’re currently viewing and your general location. Personalized content and ads can also include more relevant results, recommendations, and tailored ads based on past activity from this browser, like previous Google searches. We also use cookies and data to tailor the experience to be age-appropriate, if relevant.
Select “More options” to see additional information, including details about managing your privacy settings. You can also visit g.co/privacytools at any time.
Reject all
Accept all
More options
Privacy Policy
Terms of Service",https://news.google.com/rss/articles/CBMijwFBVV95cUxPN18yLUxXX3lJYnFBbG1IZDhQa1NJdGFKdnk5T3lKUnNvbEtOOVZ0NmVOcnUwQk1iOGRZR3VvMk9zSlIzNEZYVkNleWdQdjQ0QUpabVVha0dwWjQwOXEzWlBYRVZoVkRJaGdwdEhDWDFfTTdCUng0ejRNczdSQm9SRXUxVGdLRFV1RVRjUUNlbw?oc=5
2025-03-08,AAPL,Apple,Could Apple Be a Millionaire-Maker Stock? - Yahoo Finance,"EN
Sign in
Before you continue to Google
We use cookies and data to
Deliver and maintain Google services
Track outages and protect against spam, fraud, and abuse
Measure audience engagement and site statistics to understand how our services are used and enhance the quality of those services
If you choose to “Accept all,” we will also use cookies and data to
Develop and improve new services
Deliver and measure the effectiveness of ads
Show personalized content, depending on your settings
Show personalized ads, depending on your settings
If you choose to “Reject all,” we will not use cookies for these additional purposes.
Non-personalized content is influenced by things like the content you’re currently viewing, activity in your active Search session, and your location. Non-personalized ads are influenced by the content you’re currently viewing and your general location. Personalized content and ads can also include more relevant results, recommendations, and tailored ads based on past activity from this browser, like previous Google searches. We also use cookies and data to tailor the experience to be age-appropriate, if relevant.
Select “More options” to see additional information, including details about managing your privacy settings. You can also visit g.co/privacytools at any time.
Reject all
Accept all
More options
Privacy Policy
Terms of Service",https://news.google.com/rss/articles/CBMiiAFBVV95cUxOY29adzhxTUNKeGxxQmRla2JhM3Q5VmxaWjB2VVFCT01Xc0Uycno1Q1ltUlhqUHM3akEza2J1YlNrdGN3QlhzaGRGbUR4Y1VSSlBkLW04VDNkYzhsbnlKV0FoMGE5dGF2Um5yam9KdXB0aHNVYnVKQmRkeEdzUzdvek9JWnYzdHpB?oc=5
2025-04-14,AAPL,Apple,Surprising China news sends Apple stock surging - TheStreet,"EN
Sign in
Before you continue to Google
We use cookies and data to
Deliver and maintain Google services
Track outages and protect against spam, fraud, and abuse
Measure audience engagement and site statistics to understand how our services are used and enhance the quality of those services
If you choose to “Accept all,” we will also use cookies and data to
Develop and improve new services
Deliver and measure the effectiveness of ads
Show personalized content, depending on your settings
Show personalized ads, depending on your settings
If you choose to “Reject all,” we will not use cookies for these additional purposes.
Non-personalized content is influenced by things like the content you’re currently viewing, activity in your active Search session, and your location. Non-personalized ads are influenced by the content you’re currently viewing and your general location. Personalized content and ads can also include more relevant results, recommendations, and tailored ads based on past activity from this browser, like previous Google searches. We also use cookies and data to tailor the experience to be age-appropriate, if relevant.
Select “More options” to see additional information, including details about managing your privacy settings. You can also visit g.co/privacytools at any time.
Reject all
Accept all
More options
Privacy Policy
Terms of Service",https://news.google.com/rss/articles/CBMiiwFBVV95cUxNZDFWYno2MGNBc3VUbEFCdVp0aGdKYWFNSXY4ckdHRWdzX2lfSjVtT3VvUnJtWDNYVlpaMzhwR1FpdU5Xek1RdGpEQ2FWMEVNYWpqbjFDdm1QRHd0QTlaRUI2NFRkdkZpT2xtSjJCSzFFZldYUElLQkhJdE1qdGpIcXFVMFl0Ql9JUGZB?oc=5
2025-04-14,AAPL,Apple,Apple Stock Rises On Limited Tariff Relief. Uncertainty Remains. - Investor's Business Daily,"EN
Sign in
Before you continue to Google
We use cookies and data to
Deliver and maintain Google services
Track outages and protect against spam, fraud, and abuse
Measure audience engagement and site statistics to understand how our services are used and enhance the quality of those services
If you choose to “Accept all,” we will also use cookies and data to
Develop and improve new services
Deliver and measure the effectiveness of ads
Show personalized content, depending on your settings
Show personalized ads, depending on your settings
If you choose to “Reject all,” we will not use cookies for these additional purposes.
Non-personalized content is influenced by things like the content you’re currently viewing, activity in your active Search session, and your location. Non-personalized ads are influenced by the content you’re currently viewing and your general location. Personalized content and ads can also include more relevant results, recommendations, and tailored ads based on past activity from this browser, like previous Google searches. We also use cookies and data to tailor the experience to be age-appropriate, if relevant.
Select “More options” to see additional information, including details about managing your privacy settings. You can also visit g.co/privacytools at any time.
Reject all
Accept all
More options
Privacy Policy
Terms of Service",https://news.google.com/rss/articles/CBMiggFBVV95cUxOa3JpZEhOcUtEaWU5Wjd6aXNkMDFVNmd4YWRjU2F6WktpNWpZVEJmNEpiQ0FkMkxPTmlEZk1YaU1OYmdIS0RxVFN3NWw1UzBnYTAwRTdIcnd5QnVoQ3NXMVdHQkFmNTJpNFNSOU9NU2VWM2FPNzE0aS1IVlBuRDluNUFn?oc=5
2025-04-15,AAPL,Apple,Apple Stock Dropped 30% From Its High. History Says This Will Happen Next. - The Motley Fool,"EN
Sign in
Before you continue to Google
We use cookies and data to
Deliver and maintain Google services
Track outages and protect against spam, fraud, and abuse
Measure audience engagement and site statistics to understand how our services are used and enhance the quality of those services
If you choose to “Accept all,” we will also use cookies and data to
Develop and improve new services
Deliver and measure the effectiveness of ads
Show personalized content, depending on your settings
Show personalized ads, depending on your settings
If you choose to “Reject all,” we will not use cookies for these additional purposes.
Non-personalized content is influenced by things like the content you’re currently viewing, activity in your active Search session, and your location. Non-personalized ads are influenced by the content you’re currently viewing and your general location. Personalized content and ads can also include more relevant results, recommendations, and tailored ads based on past activity from this browser, like previous Google searches. We also use cookies and data to tailor the experience to be age-appropriate, if relevant.
Select “More options” to see additional information, including details about managing your privacy settings. You can also visit g.co/privacytools at any time.
Reject all
Accept all
More options
Privacy Policy
Terms of Service",https://news.google.com/rss/articles/CBMilwFBVV95cUxOTEQyYlFES1dDOUFfTUVpOTB5WHlTYjF4SGFLaHMwUnlYdElFaVJfQm9XMmRUajFIbnp1UjA1a05kZExhQWNtVVBOSEY0VWNCZkxHWm1acGRweGhqQ0JQenA0Q2VoWDBEV0cyOExjdktqTTdyZ1JMbnAtOUVZdkE0bkM2OGw4aXNPREhxMEVaTXU4b2tCRzBB?oc=5
2025-04-24,AAPL,Apple,An Apple Bull Trimmed Its Price Target on the Stock Today. Here's Why. - Investopedia,"EN
Sign in
Before you continue to Google
We use cookies and data to
Deliver and maintain Google services
Track outages and protect against spam, fraud, and abuse
Measure audience engagement and site statistics to understand how our services are used and enhance the quality of those services
If you choose to “Accept all,” we will also use cookies and data to
Develop and improve new services
Deliver and measure the effectiveness of ads
Show personalized content, depending on your settings
Show personalized ads, depending on your settings
If you choose to “Reject all,” we will not use cookies for these additional purposes.
Non-personalized content is influenced by things like the content you’re currently viewing, activity in your active Search session, and your location. Non-personalized ads are influenced by the content you’re currently viewing and your general location. Personalized content and ads can also include more relevant results, recommendations, and tailored ads based on past activity from this browser, like previous Google searches. We also use cookies and data to tailor the experience to be age-appropriate, if relevant.
Select “More options” to see additional information, including details about managing your privacy settings. You can also visit g.co/privacytools at any time.
Reject all
Accept all
More options
Privacy Policy
Terms of Service",https://news.google.com/rss/articles/CBMiqgFBVV95cUxNenU5dUMxU0RTUVZPZjZqWkcwSWxiLW15SThENkNwOFJqSjJuQ2x1elUxaTdtMTNrMGxLSE43c29tLWV5cW9TNmR5T2FfOWFDMk8tVFU2UkNlcks5cmI1ZUZveUs0QkxBbVhOdlowZVZXWlMxUVoxZzcteG1kQnRicWJwZXNVZU1TdnRCd3VLUERuNW5aeFFzOWN1c2I2MTJZamVyY3RvZHdPUQ?oc=5
2025-04-03,AAPL,Apple,"Apple Plunges 9%, Leading a Tech Sell-Off - The New York Times","EN
Sign in
Before you continue to Google
We use cookies and data to
Deliver and maintain Google services
Track outages and protect against spam, fraud, and abuse
Measure audience engagement and site statistics to understand how our services are used and enhance the quality of those services
If you choose to “Accept all,” we will also use cookies and data to
Develop and improve new services
Deliver and measure the effectiveness of ads
Show personalized content, depending on your settings
Show personalized ads, depending on your settings
If you choose to “Reject all,” we will not use cookies for these additional purposes.
Non-personalized content is influenced by things like the content you’re currently viewing, activity in your active Search session, and your location. Non-personalized ads are influenced by the content you’re currently viewing and your general location. Personalized content and ads can also include more relevant results, recommendations, and tailored ads based on past activity from this browser, like previous Google searches. We also use cookies and data to tailor the experience to be age-appropriate, if relevant.
Select “More options” to see additional information, including details about managing your privacy settings. You can also visit g.co/privacytools at any time.
Reject all
Accept all
More options
Privacy Policy
Terms of Service",https://news.google.com/rss/articles/CBMiiAFBVV95cUxOMEZWME1Va0lBV2ZKN3kyeUJfU1VlY01HWmVCLXoxYVRyMGxVQ3ZVUVVTQm1Cc01YOWp6YW5scUZVNkMxZjZEckVPWFp6U1RUQ01vWkVmMWI4S0kxY1F5UkxiZGJ6Y0l3ZVZUR2Yxd1Q4ZzgyOWNNd3RJYzFmUWF6WVIyelFZRDJw?oc=5
2025-04-22,AAPL,Apple,"Sell Apple stock before it sinks another 30%, analyst says - qz.com","EN
Sign in
Before you continue to Google
We use cookies and data to
Deliver and maintain Google services
Track outages and protect against spam, fraud, and abuse
Measure audience engagement and site statistics to understand how our services are used and enhance the quality of those services
If you choose to “Accept all,” we will also use cookies and data to
Develop and improve new services
Deliver and measure the effectiveness of ads
Show personalized content, depending on your settings
Show personalized ads, depending on your settings
If you choose to “Reject all,” we will not use cookies for these additional purposes.
Non-personalized content is influenced by things like the content you’re currently viewing, activity in your active Search session, and your location. Non-personalized ads are influenced by the content you’re currently viewing and your general location. Personalized content and ads can also include more relevant results, recommendations, and tailored ads based on past activity from this browser, like previous Google searches. We also use cookies and data to tailor the experience to be age-appropriate, if relevant.
Select “More options” to see additional information, including details about managing your privacy settings. You can also visit g.co/privacytools at any time.
Reject all
Accept all
More options
Privacy Policy
Terms of Service",https://news.google.com/rss/articles/CBMie0FVX3lxTFB6bk1yMW50OUlLT0tGY2o4Wkpxc190RlNXNVVFMW40dWhNNjBtQmRpTHlFX1JPcnFfYnQ1LTEyTEgyREU0MHRMLUhMbWtjWlpYRE5QRHFMXzFpOUhqa1ZmQVZ2OUNQRnZyNVFJNVdNeGtPOHJVNGlpSWlIZw?oc=5
2025-04-03,AAPL,Apple,Apple has its biggest stock drop in five years because of Trump’s tariffs - The Verge,"EN
Sign in
Before you continue to Google
We use cookies and data to
Deliver and maintain Google services
Track outages and protect against spam, fraud, and abuse
Measure audience engagement and site statistics to understand how our services are used and enhance the quality of those services
If you choose to “Accept all,” we will also use cookies and data to
Develop and improve new services
Deliver and measure the effectiveness of ads
Show personalized content, depending on your settings
Show personalized ads, depending on your settings
If you choose to “Reject all,” we will not use cookies for these additional purposes.
Non-personalized content is influenced by things like the content you’re currently viewing, activity in your active Search session, and your location. Non-personalized ads are influenced by the content you’re currently viewing and your general location. Personalized content and ads can also include more relevant results, recommendations, and tailored ads based on past activity from this browser, like previous Google searches. We also use cookies and data to tailor the experience to be age-appropriate, if relevant.
Select “More options” to see additional information, including details about managing your privacy settings. You can also visit g.co/privacytools at any time.
Reject all
Accept all
More options
Privacy Policy
Terms of Service",https://news.google.com/rss/articles/CBMib0FVX3lxTE9CZDV3S0t2U25hc05MNkxDV0owTWZaSUhVWGxzczBSc2dvQ1dnR3FMNEFCcmhKazRncXBGeng4N3NHaUFTX3BsY2hEX3hBNElIdGZEckoxZWo1TGpoX1pMXzNQZ3FRSk1ZTV9INmlVRQ?oc=5
2025-04-14,AAPL,Apple,Apple leads tech stocks higher on Trump's temporary tech tariff reprieve - Yahoo Finance,"EN
Sign in
Before you continue to Google
We use cookies and data to
Deliver and maintain Google services
Track outages and protect against spam, fraud, and abuse
Measure audience engagement and site statistics to understand how our services are used and enhance the quality of those services
If you choose to “Accept all,” we will also use cookies and data to
Develop and improve new services
Deliver and measure the effectiveness of ads
Show personalized content, depending on your settings
Show personalized ads, depending on your settings
If you choose to “Reject all,” we will not use cookies for these additional purposes.
Non-personalized content is influenced by things like the content you’re currently viewing, activity in your active Search session, and your location. Non-personalized ads are influenced by the content you’re currently viewing and your general location. Personalized content and ads can also include more relevant results, recommendations, and tailored ads based on past activity from this browser, like previous Google searches. We also use cookies and data to tailor the experience to be age-appropriate, if relevant.
Select “More options” to see additional information, including details about managing your privacy settings. You can also visit g.co/privacytools at any time.
Reject all
Accept all
More options
Privacy Policy
Terms of Service",https://news.google.com/rss/articles/CBMiuAFBVV95cUxOSjJET09xNFlkdUdUWEpCVnhHWk9qOWFQQ2VjM1lkcnZTY3ZUellsdGxjMjUzenZMeWNqNU80NUk2SG16T1J4ZW5fTGJEMEpla0hFVzZiX3dfQTdOaFFIUHlOUWxvXzdrV1FjZ0w3eUE3ZnNHV3Q1NXNOUFFWYURRMWxzUG9Yel9QSl84SGpZWl9Db1lSdklJT2cyLXZnZzJZNUYtUUp3LVdJaE1GeUlQMEFMeUVCOUJx?oc=5
2025-04-22,AAPL,Apple,Sell Apple Stock Before Earnings? - Forbes,"EN
Sign in
Before you continue to Google
We use cookies and data to
Deliver and maintain Google services
Track outages and protect against spam, fraud, and abuse
Measure audience engagement and site statistics to understand how our services are used and enhance the quality of those services
If you choose to “Accept all,” we will also use cookies and data to
Develop and improve new services
Deliver and measure the effectiveness of ads
Show personalized content, depending on your settings
Show personalized ads, depending on your settings
If you choose to “Reject all,” we will not use cookies for these additional purposes.
Non-personalized content is influenced by things like the content you’re currently viewing, activity in your active Search session, and your location. Non-personalized ads are influenced by the content you’re currently viewing and your general location. Personalized content and ads can also include more relevant results, recommendations, and tailored ads based on past activity from this browser, like previous Google searches. We also use cookies and data to tailor the experience to be age-appropriate, if relevant.
Select “More options” to see additional information, including details about managing your privacy settings. You can also visit g.co/privacytools at any time.
Reject all
Accept all
More options
Privacy Policy
Terms of Service",https://news.google.com/rss/articles/CBMilgFBVV95cUxNQm13cGszMTUtMGFjY3UyR0hNekE4NWJ4b0xRVDM2a2ZnQmJyMVkzcUxfVlZmUXYzRjNUblRTZm1WRTJYZTJPZnJxbDcyVW8yV01aamRYbGRpbFBETjkyc2ZOdk50cXRxMFh2djYtZ3lOM2RkOVg5ZVRUMXpZTk5wNl9SaFVXWnJfWGprS3pmVEw0ZG9Sdnc?oc=5
2025-04-07,AAPL,Apple,"Apple’s stock is the latest to see a ‘death cross,’ and it won’t be the last - MarketWatch","EN
Sign in
Before you continue to Google
We use cookies and data to
Deliver and maintain Google services
Track outages and protect against spam, fraud, and abuse
Measure audience engagement and site statistics to understand how our services are used and enhance the quality of those services
If you choose to “Accept all,” we will also use cookies and data to
Develop and improve new services
Deliver and measure the effectiveness of ads
Show personalized content, depending on your settings
Show personalized ads, depending on your settings
If you choose to “Reject all,” we will not use cookies for these additional purposes.
Non-personalized content is influenced by things like the content you’re currently viewing, activity in your active Search session, and your location. Non-personalized ads are influenced by the content you’re currently viewing and your general location. Personalized content and ads can also include more relevant results, recommendations, and tailored ads based on past activity from this browser, like previous Google searches. We also use cookies and data to tailor the experience to be age-appropriate, if relevant.
Select “More options” to see additional information, including details about managing your privacy settings. You can also visit g.co/privacytools at any time.
Reject all
Accept all
More options
Privacy Policy
Terms of Service",https://news.google.com/rss/articles/CBMitAFBVV95cUxPNHktRC1SR2M0WTUwa2x6VGdSSEpGb2NhLXU1LTlRMXlwVEgzakVhT2NBeTlHajBqZVF1UE1MQ04wU0o0NmFESVhqTUJRMzJSYkE4M0xRdWRJUGFvRmxBXzcwcmo1NHJta0dWbW5VMzhSdW53bzRhVmJ1ZFlTWmlkVUVidDliTVFOMHJuZnN0Y0poN1RRZk5wNjBrVGhuc1BId2JXa2tJcDMxNGVlSi1jQWQ4WlU?oc=5
2025-04-21,AAPL,Apple,"Apple shares to tumble nearly 30% as earnings take tariff hit, Moffett Nathanson predicts - CNBC","EN
Sign in
Before you continue to Google
We use cookies and data to
Deliver and maintain Google services
Track outages and protect against spam, fraud, and abuse
Measure audience engagement and site statistics to understand how our services are used and enhance the quality of those services
If you choose to “Accept all,” we will also use cookies and data to
Develop and improve new services
Deliver and measure the effectiveness of ads
Show personalized content, depending on your settings
Show personalized ads, depending on your settings
If you choose to “Reject all,” we will not use cookies for these additional purposes.
Non-personalized content is influenced by things like the content you’re currently viewing, activity in your active Search session, and your location. Non-personalized ads are influenced by the content you’re currently viewing and your general location. Personalized content and ads can also include more relevant results, recommendations, and tailored ads based on past activity from this browser, like previous Google searches. We also use cookies and data to tailor the experience to be age-appropriate, if relevant.
Select “More options” to see additional information, including details about managing your privacy settings. You can also visit g.co/privacytools at any time.
Reject all
Accept all
More options
Privacy Policy
Terms of Service",https://news.google.com/rss/articles/CBMisAFBVV95cUxQdldnQl9ZWlh6VENaQjhpUWtoTkg5Y2t6RURRcGhvcXNmZnN2Z1pyNlNxaDlqLUpTZUdzLWp3X041MDBvUUxMN2wwRFh1SlJFTUZlUF9ud1d1QlNqczYtSVJ3V0ZiNXVBcGtMX2U2dUg3a2NqTkFiQTZoNUlEZ1VkWU11b1dPdWp0YjVFZldlLTUtSjhyeFJwRHRaWko3aEExQ1Qya053MThiZ1lWaGZfdQ?oc=5
2025-04-14,AAPL,Apple,Apple Stock Surges on Tariffs News. But Wall Street Still Has Some Concerns. - Barron's,"EN
Sign in
Before you continue to Google
We use cookies and data to
Deliver and maintain Google services
Track outages and protect against spam, fraud, and abuse
Measure audience engagement and site statistics to understand how our services are used and enhance the quality of those services
If you choose to “Accept all,” we will also use cookies and data to
Develop and improve new services
Deliver and measure the effectiveness of ads
Show personalized content, depending on your settings
Show personalized ads, depending on your settings
If you choose to “Reject all,” we will not use cookies for these additional purposes.
Non-personalized content is influenced by things like the content you’re currently viewing, activity in your active Search session, and your location. Non-personalized ads are influenced by the content you’re currently viewing and your general location. Personalized content and ads can also include more relevant results, recommendations, and tailored ads based on past activity from this browser, like previous Google searches. We also use cookies and data to tailor the experience to be age-appropriate, if relevant.
Select “More options” to see additional information, including details about managing your privacy settings. You can also visit g.co/privacytools at any time.
Reject all
Accept all
More options
Privacy Policy
Terms of Service",https://news.google.com/rss/articles/CBMif0FVX3lxTE5JMjZtSi1yNnJ3Q3NSMGUzWXFTR2JSR1U2bE9ZSjlTbmMzQkE5OE82MllfSnZmOTNWcWVlVVAybEtpLTFUa2ZTa1VCSVdTNlh4QWQzNV9MM2RTZXJ6V1hUdENwekVleUZNOU5PMDJ2RXZGV1dXQk1EYkZucUg1enc?oc=5
2025-04-22,AAPL,Apple,Survey Shows Pent-Up Demand For New Apple iPhones - Investor's Business Daily,"EN
Sign in
Before you continue to Google
We use cookies and data to
Deliver and maintain Google services
Track outages and protect against spam, fraud, and abuse
Measure audience engagement and site statistics to understand how our services are used and enhance the quality of those services
If you choose to “Accept all,” we will also use cookies and data to
Develop and improve new services
Deliver and measure the effectiveness of ads
Show personalized content, depending on your settings
Show personalized ads, depending on your settings
If you choose to “Reject all,” we will not use cookies for these additional purposes.
Non-personalized content is influenced by things like the content you’re currently viewing, activity in your active Search session, and your location. Non-personalized ads are influenced by the content you’re currently viewing and your general location. Personalized content and ads can also include more relevant results, recommendations, and tailored ads based on past activity from this browser, like previous Google searches. We also use cookies and data to tailor the experience to be age-appropriate, if relevant.
Select “More options” to see additional information, including details about managing your privacy settings. You can also visit g.co/privacytools at any time.
Reject all
Accept all
More options
Privacy Policy
Terms of Service",https://news.google.com/rss/articles/CBMikwFBVV95cUxPOUUxLVlQLUJ0ZFpkMThUaElWTTg4dF9EYUxFWk9TWThFMTBtWTJ3T0swRjJOOTlRcmI2NEs0RUVQM2l1aUhSVjdkOUtORmQ0MzV1V0sxRm1yWVBpZFY0OFozNzB6VkhrM2Z4UHluR2s1RDdlZVFlcWk5VUlDYkUyNDdEMUZDNHpqUzFocVVzSVpqRVU?oc=5
2025-04-17,AAPL,Apple,Is Apple Stock a Buy Now? - The Motley Fool,"EN
Sign in
Before you continue to Google
We use cookies and data to
Deliver and maintain Google services
Track outages and protect against spam, fraud, and abuse
Measure audience engagement and site statistics to understand how our services are used and enhance the quality of those services
If you choose to “Accept all,” we will also use cookies and data to
Develop and improve new services
Deliver and measure the effectiveness of ads
Show personalized content, depending on your settings
Show personalized ads, depending on your settings
If you choose to “Reject all,” we will not use cookies for these additional purposes.
Non-personalized content is influenced by things like the content you’re currently viewing, activity in your active Search session, and your location. Non-personalized ads are influenced by the content you’re currently viewing and your general location. Personalized content and ads can also include more relevant results, recommendations, and tailored ads based on past activity from this browser, like previous Google searches. We also use cookies and data to tailor the experience to be age-appropriate, if relevant.
Select “More options” to see additional information, including details about managing your privacy settings. You can also visit g.co/privacytools at any time.
Reject all
Accept all
More options
Privacy Policy
Terms of Service",https://news.google.com/rss/articles/CBMidkFVX3lxTE52a3RfWmdlVHhiQUtIQUxkMDR2NW5kZy05UDI3RWhYWFQwQzlBa1I0cFJ0TlNtMC1haV80Uzc3b3F6UExKam9YeGxqakYwR193cTVBQjdRNnh1MW9EdktPUjY3MVVwV0tWUTB6Z3ozeVVtaVdPT0E?oc=5
2025-04-14,AAPL,Apple,Analysts revisit Apple stock price target as Trump offers tariff relief - TheStreet,"EN
Sign in
Before you continue to Google
We use cookies and data to
Deliver and maintain Google services
Track outages and protect against spam, fraud, and abuse
Measure audience engagement and site statistics to understand how our services are used and enhance the quality of those services
If you choose to “Accept all,” we will also use cookies and data to
Develop and improve new services
Deliver and measure the effectiveness of ads
Show personalized content, depending on your settings
Show personalized ads, depending on your settings
If you choose to “Reject all,” we will not use cookies for these additional purposes.
Non-personalized content is influenced by things like the content you’re currently viewing, activity in your active Search session, and your location. Non-personalized ads are influenced by the content you’re currently viewing and your general location. Personalized content and ads can also include more relevant results, recommendations, and tailored ads based on past activity from this browser, like previous Google searches. We also use cookies and data to tailor the experience to be age-appropriate, if relevant.
Select “More options” to see additional information, including details about managing your privacy settings. You can also visit g.co/privacytools at any time.
Reject all
Accept all
More options
Privacy Policy
Terms of Service",https://news.google.com/rss/articles/CBMiqwFBVV95cUxNNndoWFdvQnhDeWRGcGpwOEM4TTBfQ3pnQURoRG51OGJIY3BROURXdG5JV3FOdGFIRURkYmpqNkRITFdzbW1kX0pTU0hiVzR1UVlWakgyRGNrLTBlcG1JWm01TGx1NHFHSUFzTjg4WWh5b0tQVjN1NWlKcFU3NmUzV21yX3gzOG83cEJpZkYxNlNmU1REWFZJX0hmMF84U0wxa2ZFNWtVMHBxTDQ?oc=5
2025-04-23,AAPL,Apple,Is Apple Inc. (AAPL) the Best Stock to Buy and Hold for 20 Years? - Yahoo Finance,"EN
Sign in
Before you continue to Google
We use cookies and data to
Deliver and maintain Google services
Track outages and protect against spam, fraud, and abuse
Measure audience engagement and site statistics to understand how our services are used and enhance the quality of those services
If you choose to “Accept all,” we will also use cookies and data to
Develop and improve new services
Deliver and measure the effectiveness of ads
Show personalized content, depending on your settings
Show personalized ads, depending on your settings
If you choose to “Reject all,” we will not use cookies for these additional purposes.
Non-personalized content is influenced by things like the content you’re currently viewing, activity in your active Search session, and your location. Non-personalized ads are influenced by the content you’re currently viewing and your general location. Personalized content and ads can also include more relevant results, recommendations, and tailored ads based on past activity from this browser, like previous Google searches. We also use cookies and data to tailor the experience to be age-appropriate, if relevant.
Select “More options” to see additional information, including details about managing your privacy settings. You can also visit g.co/privacytools at any time.
Reject all
Accept all
More options
Privacy Policy
Terms of Service",https://news.google.com/rss/articles/CBMie0FVX3lxTFBNd2NpU3pkamdFVm1kMURMNV9meGxXbmFSX1phTHV2Qk5sbVA1RFJLRXJjZHBOVW9tU2g3eFBySXI5cFo1dVBvMUlPMGtOSGdKcm5UNHZHRlVfSDJzTkhUS2lHaEVVTnM4c05qYkYwUWhHZnYxN2wzTm5IZw?oc=5
2025-04-04,AAPL,Apple,"Before buying Apple’s stock, know that chances of a tariff exemption are slim - MarketWatch","EN
Sign in
Before you continue to Google
We use cookies and data to
Deliver and maintain Google services
Track outages and protect against spam, fraud, and abuse
Measure audience engagement and site statistics to understand how our services are used and enhance the quality of those services
If you choose to “Accept all,” we will also use cookies and data to
Develop and improve new services
Deliver and measure the effectiveness of ads
Show personalized content, depending on your settings
Show personalized ads, depending on your settings
If you choose to “Reject all,” we will not use cookies for these additional purposes.
Non-personalized content is influenced by things like the content you’re currently viewing, activity in your active Search session, and your location. Non-personalized ads are influenced by the content you’re currently viewing and your general location. Personalized content and ads can also include more relevant results, recommendations, and tailored ads based on past activity from this browser, like previous Google searches. We also use cookies and data to tailor the experience to be age-appropriate, if relevant.
Select “More options” to see additional information, including details about managing your privacy settings. You can also visit g.co/privacytools at any time.
Reject all
Accept all
More options
Privacy Policy
Terms of Service",https://news.google.com/rss/articles/CBMiugFBVV95cUxOVUlMLXBVaWdJY0QwbnloYzJ1OXFFa2VpTEQwY1oyZ1RKN2s2OEVGVTlXZWxjWmtLRnpRQV96SW9Gb0Z5bWZiRXZSLWRqcURiRUpHb2hYdnAwQzVqYTA5LVpHV1JqMGhOYTJsT2FPU1pRZ0h0MnZfNDNkZmpaNTl6YmNoVXVYbTRia1NvTUpRTWdZYUYzSldGMWw2UjVQSEVCblRfNUloVXVqamdYQTZ0ZWc2a3dLWnFFQ1E?oc=5
2025-04-04,AAPL,Apple,"Trump Tariffs Take Down Apple, PC, Consumer Electronics Stocks - Investor's Business Daily","EN
Sign in
Before you continue to Google
We use cookies and data to
Deliver and maintain Google services
Track outages and protect against spam, fraud, and abuse
Measure audience engagement and site statistics to understand how our services are used and enhance the quality of those services
If you choose to “Accept all,” we will also use cookies and data to
Develop and improve new services
Deliver and measure the effectiveness of ads
Show personalized content, depending on your settings
Show personalized ads, depending on your settings
If you choose to “Reject all,” we will not use cookies for these additional purposes.
Non-personalized content is influenced by things like the content you’re currently viewing, activity in your active Search session, and your location. Non-personalized ads are influenced by the content you’re currently viewing and your general location. Personalized content and ads can also include more relevant results, recommendations, and tailored ads based on past activity from this browser, like previous Google searches. We also use cookies and data to tailor the experience to be age-appropriate, if relevant.
Select “More options” to see additional information, including details about managing your privacy settings. You can also visit g.co/privacytools at any time.
Reject all
Accept all
More options
Privacy Policy
Terms of Service",https://news.google.com/rss/articles/CBMiiwFBVV95cUxPWmxwclJsSVFFR2daLVpfcjFEM0czaW01SXNMdW9waUp1elBIMGhINTFPNTB1VUxYY2tYWFZJaElOYmNoZm9WSUdwUERVN0YxLVRIVkg3dTBkNFdKcFN6bHl3VjFFb3h4TU0zRDVTYW94a29nNHFwN0ZCSE9mSHFPb1RzeERFcWozT0gw?oc=5
2025-04-13,AAPL,Apple,Apple Stock's 27% Crash: Here's Where I Predict It Will Trade Next - The Motley Fool,"EN
Sign in
Before you continue to Google
We use cookies and data to
Deliver and maintain Google services
Track outages and protect against spam, fraud, and abuse
Measure audience engagement and site statistics to understand how our services are used and enhance the quality of those services
If you choose to “Accept all,” we will also use cookies and data to
Develop and improve new services
Deliver and measure the effectiveness of ads
Show personalized content, depending on your settings
Show personalized ads, depending on your settings
If you choose to “Reject all,” we will not use cookies for these additional purposes.
Non-personalized content is influenced by things like the content you’re currently viewing, activity in your active Search session, and your location. Non-personalized ads are influenced by the content you’re currently viewing and your general location. Personalized content and ads can also include more relevant results, recommendations, and tailored ads based on past activity from this browser, like previous Google searches. We also use cookies and data to tailor the experience to be age-appropriate, if relevant.
Select “More options” to see additional information, including details about managing your privacy settings. You can also visit g.co/privacytools at any time.
Reject all
Accept all
More options
Privacy Policy
Terms of Service",https://news.google.com/rss/articles/CBMimAFBVV95cUxPWFBTOVd3N20tOU0wNXAwMnlCYllfbW84VGhTNWdqZTUyWGFlNzRHbE1ucmZKUUtjU09sUGk3N3Vra2I0X0Z4NUxyQlhnSEJhRFZNNmIyYUkyS1BfRUIzTk53V3BMcWRiNTRJY2dCOGtkRDk1TWZOOGNqUVZnYTIwUGJvVFJoMWpHSW1MMGkzb3JYWU9mZTJJMQ?oc=5
2025-04-11,AAPL,Apple,Apple Tariff Exemption Odds Increasing As China Levies Kick In - Investor's Business Daily,"EN
Sign in
Before you continue to Google
We use cookies and data to
Deliver and maintain Google services
Track outages and protect against spam, fraud, and abuse
Measure audience engagement and site statistics to understand how our services are used and enhance the quality of those services
If you choose to “Accept all,” we will also use cookies and data to
Develop and improve new services
Deliver and measure the effectiveness of ads
Show personalized content, depending on your settings
Show personalized ads, depending on your settings
If you choose to “Reject all,” we will not use cookies for these additional purposes.
Non-personalized content is influenced by things like the content you’re currently viewing, activity in your active Search session, and your location. Non-personalized ads are influenced by the content you’re currently viewing and your general location. Personalized content and ads can also include more relevant results, recommendations, and tailored ads based on past activity from this browser, like previous Google searches. We also use cookies and data to tailor the experience to be age-appropriate, if relevant.
Select “More options” to see additional information, including details about managing your privacy settings. You can also visit g.co/privacytools at any time.
Reject all
Accept all
More options
Privacy Policy
Terms of Service",https://news.google.com/rss/articles/CBMikAFBVV95cUxPY3hMbUxjZm1Wakw2LTlXcEt5UEZHU3BFOEJwcXpONUFsTFVhRUNEemZvblptQlY0Ymp3R0hzM3J5WW1uemE4X3pMeG5DWVFuQ2h2ak1ESzFmbWZoN055WXVvSnFON0xVYWNZLVFnRGtmbW1sTVQtMUl3NHo2SnBRWmJKT2thNFBBdmpqRVQ3M3k?oc=5
2025-04-25,AAPL,Apple,"Going Into Earnings, Is Apple Stock a Buy, a Sell, or Fairly Valued? - Morningstar","EN
Sign in
Before you continue to Google
We use cookies and data to
Deliver and maintain Google services
Track outages and protect against spam, fraud, and abuse
Measure audience engagement and site statistics to understand how our services are used and enhance the quality of those services
If you choose to “Accept all,” we will also use cookies and data to
Develop and improve new services
Deliver and measure the effectiveness of ads
Show personalized content, depending on your settings
Show personalized ads, depending on your settings
If you choose to “Reject all,” we will not use cookies for these additional purposes.
Non-personalized content is influenced by things like the content you’re currently viewing, activity in your active Search session, and your location. Non-personalized ads are influenced by the content you’re currently viewing and your general location. Personalized content and ads can also include more relevant results, recommendations, and tailored ads based on past activity from this browser, like previous Google searches. We also use cookies and data to tailor the experience to be age-appropriate, if relevant.
Select “More options” to see additional information, including details about managing your privacy settings. You can also visit g.co/privacytools at any time.
Reject all
Accept all
More options
Privacy Policy
Terms of Service",https://news.google.com/rss/articles/CBMingFBVV95cUxQR0tXeW9Wa1d1OHJ1YVp5UGhSMV92dTUwQ0lGX1pabjRHZWNCVC10Q1NMakkzVS02eXhjempZZWFQS1dwMnJHUnlFcFFUZHU5MHh1dFpkVFEtWXRFQWcxX1FJamNrdkdkS19Gd1ZzWGg4WERsZW9xUnhmRXlSRl9Hd19yXzJCa2JSMXBOZ0lvck9vLVgxTjdnVWhQZV9WZw?oc=5
2025-04-25,AAPL,Apple,Bank of America unveils shocking Apple stock target before earnings - TheStreet,"EN
Sign in
Before you continue to Google
We use cookies and data to
Deliver and maintain Google services
Track outages and protect against spam, fraud, and abuse
Measure audience engagement and site statistics to understand how our services are used and enhance the quality of those services
If you choose to “Accept all,” we will also use cookies and data to
Develop and improve new services
Deliver and measure the effectiveness of ads
Show personalized content, depending on your settings
Show personalized ads, depending on your settings
If you choose to “Reject all,” we will not use cookies for these additional purposes.
Non-personalized content is influenced by things like the content you’re currently viewing, activity in your active Search session, and your location. Non-personalized ads are influenced by the content you’re currently viewing and your general location. Personalized content and ads can also include more relevant results, recommendations, and tailored ads based on past activity from this browser, like previous Google searches. We also use cookies and data to tailor the experience to be age-appropriate, if relevant.
Select “More options” to see additional information, including details about managing your privacy settings. You can also visit g.co/privacytools at any time.
Reject all
Accept all
More options
Privacy Policy
Terms of Service",https://news.google.com/rss/articles/CBMipgFBVV95cUxQeXlCUmUzY21LNEh1TWdERjRkX3VEcGZ3bk5zMFI5OHVJOXQyUnZKY2d5MWphMlFhT2IwbWFSSlJXYTJSQk1tUXhTLWtURm14SzBXc3piejc5Vlc4dVRvWkVqWXRkel9xSi04blNmZ1d1Mi1UTEt0NTBNTVpjVzRoY3R3Qnd2NV9TR1RnZDE4X0treXQtQkpUOXZPTmQtRVZ6Z1NzN0p3?oc=5
2025-04-25,AAPL,Apple,Tariff Concerns Loom Over Apple Earnings Report - Investor's Business Daily,"EN
Sign in
Before you continue to Google
We use cookies and data to
Deliver and maintain Google services
Track outages and protect against spam, fraud, and abuse
Measure audience engagement and site statistics to understand how our services are used and enhance the quality of those services
If you choose to “Accept all,” we will also use cookies and data to
Develop and improve new services
Deliver and measure the effectiveness of ads
Show personalized content, depending on your settings
Show personalized ads, depending on your settings
If you choose to “Reject all,” we will not use cookies for these additional purposes.
Non-personalized content is influenced by things like the content you’re currently viewing, activity in your active Search session, and your location. Non-personalized ads are influenced by the content you’re currently viewing and your general location. Personalized content and ads can also include more relevant results, recommendations, and tailored ads based on past activity from this browser, like previous Google searches. We also use cookies and data to tailor the experience to be age-appropriate, if relevant.
Select “More options” to see additional information, including details about managing your privacy settings. You can also visit g.co/privacytools at any time.
Reject all
Accept all
More options
Privacy Policy
Terms of Service",https://news.google.com/rss/articles/CBMinwFBVV95cUxQdEFoYmxmeHhuQjhkcXVCampKZ0QyM19sdVZUNWxZTTFIUnlGbmJHamdOazEzaFlQTFdmT25OVzc2WUh3N3A5Rm9aSmJBV0U5U1hkanBJVS0yWlZGX0RYNzlJOElELVk5ZUZqdldTb0RYclAtc3J3X3NwNGpBSHZpU3JTSVZzR3VQeEx6WnlrZDhqamNiaDBQM2YwOTBwSUE?oc=5
2025-04-29,AAPL,Apple,Apple Gets a Price Target Raise Ahead of Earnings - Barron's,"EN
Sign in
Before you continue to Google
We use cookies and data to
Deliver and maintain Google services
Track outages and protect against spam, fraud, and abuse
Measure audience engagement and site statistics to understand how our services are used and enhance the quality of those services
If you choose to “Accept all,” we will also use cookies and data to
Develop and improve new services
Deliver and measure the effectiveness of ads
Show personalized content, depending on your settings
Show personalized ads, depending on your settings
If you choose to “Reject all,” we will not use cookies for these additional purposes.
Non-personalized content is influenced by things like the content you’re currently viewing, activity in your active Search session, and your location. Non-personalized ads are influenced by the content you’re currently viewing and your general location. Personalized content and ads can also include more relevant results, recommendations, and tailored ads based on past activity from this browser, like previous Google searches. We also use cookies and data to tailor the experience to be age-appropriate, if relevant.
Select “More options” to see additional information, including details about managing your privacy settings. You can also visit g.co/privacytools at any time.
Reject all
Accept all
More options
Privacy Policy
Terms of Service",https://news.google.com/rss/articles/CBMijwFBVV95cUxQcnBqQmdDSVRNZ251SVNwNWEwdnV3UUQtNWFBbGJIUjNUZnNsa3Vjb29KMlNEVlBET1NTdklKUWdFTHpVRVMxOEpTSklhUkl2Nk9rUkQ4RE8wa3pzbkpLQzBGMkR1QlFkckJaOXE3amhscHZuYW5ERllfWFNDMjZwbTNyY2w2R3k0SVBrN2c5SQ?oc=5
2025-04-28,AAPL,Apple,Apple to report second quarter earnings as tariff uncertainty clouds Big Tech outlook - Yahoo Finance,"EN
Sign in
Before you continue to Google
We use cookies and data to
Deliver and maintain Google services
Track outages and protect against spam, fraud, and abuse
Measure audience engagement and site statistics to understand how our services are used and enhance the quality of those services
If you choose to “Accept all,” we will also use cookies and data to
Develop and improve new services
Deliver and measure the effectiveness of ads
Show personalized content, depending on your settings
Show personalized ads, depending on your settings
If you choose to “Reject all,” we will not use cookies for these additional purposes.
Non-personalized content is influenced by things like the content you’re currently viewing, activity in your active Search session, and your location. Non-personalized ads are influenced by the content you’re currently viewing and your general location. Personalized content and ads can also include more relevant results, recommendations, and tailored ads based on past activity from this browser, like previous Google searches. We also use cookies and data to tailor the experience to be age-appropriate, if relevant.
Select “More options” to see additional information, including details about managing your privacy settings. You can also visit g.co/privacytools at any time.
Reject all
Accept all
More options
Privacy Policy
Terms of Service",https://news.google.com/rss/articles/CBMiywFBVV95cUxQR1lvM2dOb3dzeUQxc192d2tyWmc4UFpGM3JUVnJ2aDhob2FxRF94UGJxcXRENWcxTXppdTlULXVWRFlCNlJuWWllQXZVekRZbmtHNmpkOHpjTk04REVQX29IZE1fYXJEU05XUzA1RnpsdW0yeVoyYXdQSkJzVE5lNEp3SlVBQWpTa2JlaF8zWnpkN19vTDdlUnY3X0drQThweXB0YjVOVFduRWcwTlpnMzl1TFB2alFTZVB0R1QxYXl4aWZqODR3eXRpVQ?oc=5
2025-04-28,AAPL,Apple,What Analysts Think of Apple Stock Ahead of Earnings - Investopedia,"EN
Sign in
Before you continue to Google
We use cookies and data to
Deliver and maintain Google services
Track outages and protect against spam, fraud, and abuse
Measure audience engagement and site statistics to understand how our services are used and enhance the quality of those services
If you choose to “Accept all,” we will also use cookies and data to
Develop and improve new services
Deliver and measure the effectiveness of ads
Show personalized content, depending on your settings
Show personalized ads, depending on your settings
If you choose to “Reject all,” we will not use cookies for these additional purposes.
Non-personalized content is influenced by things like the content you’re currently viewing, activity in your active Search session, and your location. Non-personalized ads are influenced by the content you’re currently viewing and your general location. Personalized content and ads can also include more relevant results, recommendations, and tailored ads based on past activity from this browser, like previous Google searches. We also use cookies and data to tailor the experience to be age-appropriate, if relevant.
Select “More options” to see additional information, including details about managing your privacy settings. You can also visit g.co/privacytools at any time.
Reject all
Accept all
More options
Privacy Policy
Terms of Service",https://news.google.com/rss/articles/CBMiqwFBVV95cUxPR096WUNKd1RXblNRLXB1VmlZelRBcGY2LVZ6RGh4VC1nVUExZHppUWR2djQ1aXR4WENabm1lQS1TdmdOVEZ1dGw4eEhRenVoSXdUcm1GTHQtWjh1OXZocnppWWlGUXliZUVHVDBEM1Fia2FIMWIwQW4wd3Nha2lBTS1lc0Vsa1QwS1I4X0FSZXNyREY1RnczbUIwd2szNlNwM2xyakFjdF9nOFU?oc=5
2025-04-29,AAPL,Apple,"3 Reasons To Keep an Eye on Apple’s Stock, According to Experts - AOL.com","EN
Sign in
Before you continue to Google
We use cookies and data to
Deliver and maintain Google services
Track outages and protect against spam, fraud, and abuse
Measure audience engagement and site statistics to understand how our services are used and enhance the quality of those services
If you choose to “Accept all,” we will also use cookies and data to
Develop and improve new services
Deliver and measure the effectiveness of ads
Show personalized content, depending on your settings
Show personalized ads, depending on your settings
If you choose to “Reject all,” we will not use cookies for these additional purposes.
Non-personalized content is influenced by things like the content you’re currently viewing, activity in your active Search session, and your location. Non-personalized ads are influenced by the content you’re currently viewing and your general location. Personalized content and ads can also include more relevant results, recommendations, and tailored ads based on past activity from this browser, like previous Google searches. We also use cookies and data to tailor the experience to be age-appropriate, if relevant.
Select “More options” to see additional information, including details about managing your privacy settings. You can also visit g.co/privacytools at any time.
Reject all
Accept all
More options
Privacy Policy
Terms of Service",https://news.google.com/rss/articles/CBMia0FVX3lxTE1kcWlLX1l6ZERRSEJzTElybGdlLV9wODQteTBOTFQ2bWQ5SmNXaDg5N0xHV1hweWd1QzdTQzdWc3lIWWtqcDU3bHVCQ1hjNGs0bm1VeFVhdF90cDQ2QWJEcTNiUkFIcVFTNmk4?oc=5
2025-04-28,AAPL,Apple,Apple Stock Earnings Preview: Things To Consider Before The Next Report - Forbes,"EN
Sign in
Before you continue to Google
We use cookies and data to
Deliver and maintain Google services
Track outages and protect against spam, fraud, and abuse
Measure audience engagement and site statistics to understand how our services are used and enhance the quality of those services
If you choose to “Accept all,” we will also use cookies and data to
Develop and improve new services
Deliver and measure the effectiveness of ads
Show personalized content, depending on your settings
Show personalized ads, depending on your settings
If you choose to “Reject all,” we will not use cookies for these additional purposes.
Non-personalized content is influenced by things like the content you’re currently viewing, activity in your active Search session, and your location. Non-personalized ads are influenced by the content you’re currently viewing and your general location. Personalized content and ads can also include more relevant results, recommendations, and tailored ads based on past activity from this browser, like previous Google searches. We also use cookies and data to tailor the experience to be age-appropriate, if relevant.
Select “More options” to see additional information, including details about managing your privacy settings. You can also visit g.co/privacytools at any time.
Reject all
Accept all
More options
Privacy Policy
Terms of Service",https://news.google.com/rss/articles/CBMimwFBVV95cUxQSzdwMThvaDFUTE5pR1pZdllRRUJLYnhDdllDbEdXWkNhcUVEcEtzOEppRk9TTGFiUDJON3FlbjB6ejB4SUx0QVpkV0VldVpvVFo1UUFMeUNuT1E4cl9YOXVRbjNlR3VzcmF4RkkxMzNZYXhDejkwSVdVREdfWVRtbk5kbzk1RHZTR19fRHpoWEotSno3eFBnY0tNQQ?oc=5
2025-04-30,AAPL,Apple,"As Apple reports earnings, here’s why $200 is a key stock price to watch - MarketWatch","EN
Sign in
Before you continue to Google
We use cookies and data to
Deliver and maintain Google services
Track outages and protect against spam, fraud, and abuse
Measure audience engagement and site statistics to understand how our services are used and enhance the quality of those services
If you choose to “Accept all,” we will also use cookies and data to
Develop and improve new services
Deliver and measure the effectiveness of ads
Show personalized content, depending on your settings
Show personalized ads, depending on your settings
If you choose to “Reject all,” we will not use cookies for these additional purposes.
Non-personalized content is influenced by things like the content you’re currently viewing, activity in your active Search session, and your location. Non-personalized ads are influenced by the content you’re currently viewing and your general location. Personalized content and ads can also include more relevant results, recommendations, and tailored ads based on past activity from this browser, like previous Google searches. We also use cookies and data to tailor the experience to be age-appropriate, if relevant.
Select “More options” to see additional information, including details about managing your privacy settings. You can also visit g.co/privacytools at any time.
Reject all
Accept all
More options
Privacy Policy
Terms of Service",https://news.google.com/rss/articles/CBMisgFBVV95cUxPb093SWMxaEtwNlU4OW93czZ0SnFrOVpDdnl3bXpZdWo3MWc0dlZFX3hzNjBhQW1KZnV1MWZ3ZXo1U3dNTmV3emx5WF9ORzdXOVJCUUlkeDNVNU1fZTduODRBaXVHQkNyN1JuYzJ2N000TUNCVXQ2NVhuYm9lWlV4WVNJRkw1T09lSkkxamFaVFB2dlNTNWtMcXU1NS11bU5WbGh1YS1JaUdKQVNGUjUyMTNR?oc=5
2025-04-29,AAPL,Apple,Apple Stock (AAPL) Catches an Upgrade Heading into Earnings - TipRanks,"EN
Sign in
Before you continue to Google
We use cookies and data to
Deliver and maintain Google services
Track outages and protect against spam, fraud, and abuse
Measure audience engagement and site statistics to understand how our services are used and enhance the quality of those services
If you choose to “Accept all,” we will also use cookies and data to
Develop and improve new services
Deliver and measure the effectiveness of ads
Show personalized content, depending on your settings
Show personalized ads, depending on your settings
If you choose to “Reject all,” we will not use cookies for these additional purposes.
Non-personalized content is influenced by things like the content you’re currently viewing, activity in your active Search session, and your location. Non-personalized ads are influenced by the content you’re currently viewing and your general location. Personalized content and ads can also include more relevant results, recommendations, and tailored ads based on past activity from this browser, like previous Google searches. We also use cookies and data to tailor the experience to be age-appropriate, if relevant.
Select “More options” to see additional information, including details about managing your privacy settings. You can also visit g.co/privacytools at any time.
Reject all
Accept all
More options
Privacy Policy
Terms of Service",https://news.google.com/rss/articles/CBMikAFBVV95cUxNUkVXU0dKZWhLUHhGeFRCajFUR0x3REdTM2pUUWxWY3h5ZFg2VEUtZDNCRVh4YlBEYzZUVkRiSXFnMTJkSVA4S0swaEprZ0gtZUtBb0FKeGRrRUM5OFRJM3FIZngySDR6MHltRFRFZk9BUzhzLTk2NUxIWlplUXJ6cTRfaV9xNXNEeTFNbHA4cXQ?oc=5
2025-04-29,AAPL,Apple,"Dear Apple Stock Fans, Mark Your Calendars For May 1 - Barchart.com","EN
Sign in
Before you continue to Google
We use cookies and data to
Deliver and maintain Google services
Track outages and protect against spam, fraud, and abuse
Measure audience engagement and site statistics to understand how our services are used and enhance the quality of those services
If you choose to “Accept all,” we will also use cookies and data to
Develop and improve new services
Deliver and measure the effectiveness of ads
Show personalized content, depending on your settings
Show personalized ads, depending on your settings
If you choose to “Reject all,” we will not use cookies for these additional purposes.
Non-personalized content is influenced by things like the content you’re currently viewing, activity in your active Search session, and your location. Non-personalized ads are influenced by the content you’re currently viewing and your general location. Personalized content and ads can also include more relevant results, recommendations, and tailored ads based on past activity from this browser, like previous Google searches. We also use cookies and data to tailor the experience to be age-appropriate, if relevant.
Select “More options” to see additional information, including details about managing your privacy settings. You can also visit g.co/privacytools at any time.
Reject all
Accept all
More options
Privacy Policy
Terms of Service",https://news.google.com/rss/articles/CBMinAFBVV95cUxOc2c1YkRBRjg5Y3J6VTllajU0U3hUWUg4bld5RFo1X0lYc1pCUXZuQ1dKSTV5X3RJQlpUbGx4WDYzUmgzYlBoaW5Mc1FGOGVPR19waUpyLTEwb3g2SHdKRlpQRjdjTUtLTm9KcmUyLWZ2NWJJWHhFaU1Oc01RTFY3OFB6bDJNanBzYmFrZzYxODlSTUg4dlNpMHZzS1I?oc=5
2025-04-30,AAPL,Apple,Apple Stock Gets Price-Target Cuts On Tariff Headwinds - Investor's Business Daily,"EN
Sign in
Before you continue to Google
We use cookies and data to
Deliver and maintain Google services
Track outages and protect against spam, fraud, and abuse
Measure audience engagement and site statistics to understand how our services are used and enhance the quality of those services
If you choose to “Accept all,” we will also use cookies and data to
Develop and improve new services
Deliver and measure the effectiveness of ads
Show personalized content, depending on your settings
Show personalized ads, depending on your settings
If you choose to “Reject all,” we will not use cookies for these additional purposes.
Non-personalized content is influenced by things like the content you’re currently viewing, activity in your active Search session, and your location. Non-personalized ads are influenced by the content you’re currently viewing and your general location. Personalized content and ads can also include more relevant results, recommendations, and tailored ads based on past activity from this browser, like previous Google searches. We also use cookies and data to tailor the experience to be age-appropriate, if relevant.
Select “More options” to see additional information, including details about managing your privacy settings. You can also visit g.co/privacytools at any time.
Reject all
Accept all
More options
Privacy Policy
Terms of Service",https://news.google.com/rss/articles/CBMikwFBVV95cUxPdkxtVE15TVphVU9MQ1V1dndob0QwNXRXUDJjVlYyTGdjeWQ1Zm1RSmZPdXBTdXgycUVZNWhHR2xKLUQyMmJEZDBHbjhyNHhlR2ttdDFkSVhRX21ScmNjaDZWQXhXYVg2OTZyOG5sSWM5bGpCRG81dGtieU8zbVJQUHJQSDdrOEc3MHg3VUpnQ1RZcG8?oc=5
2025-04-28,AAPL,Apple,Watch These Apple Stock Price Levels Ahead of This Week's Earnings Report - Investopedia,"EN
Sign in
Before you continue to Google
We use cookies and data to
Deliver and maintain Google services
Track outages and protect against spam, fraud, and abuse
Measure audience engagement and site statistics to understand how our services are used and enhance the quality of those services
If you choose to “Accept all,” we will also use cookies and data to
Develop and improve new services
Deliver and measure the effectiveness of ads
Show personalized content, depending on your settings
Show personalized ads, depending on your settings
If you choose to “Reject all,” we will not use cookies for these additional purposes.
Non-personalized content is influenced by things like the content you’re currently viewing, activity in your active Search session, and your location. Non-personalized ads are influenced by the content you’re currently viewing and your general location. Personalized content and ads can also include more relevant results, recommendations, and tailored ads based on past activity from this browser, like previous Google searches. We also use cookies and data to tailor the experience to be age-appropriate, if relevant.
Select “More options” to see additional information, including details about managing your privacy settings. You can also visit g.co/privacytools at any time.
Reject all
Accept all
More options
Privacy Policy
Terms of Service",https://news.google.com/rss/articles/CBMirgFBVV95cUxNRTNRYVNOaksxUEdnM0dZVU13VmFGNDRnSWx2LXpNUHphQnJ2VnFkd3dlS0JtYzUtUTlyWmtnazlaRGREbTBfRlppRXZWOGs1RXR3WnZhejNQNFFXOE9rQlJ5UEdFMGw2WmI3NFpmd21xcnBFOEx3VkJrd1BmTDd6cVgybHJ5cXFNLXJZbzVBV1NETldfMFdnMzg1Z19VVjc2SmZydzFidE1Bd21vaXc?oc=5
2025-04-30,AAPL,Apple,Analyst reboots Apple stock price target ahead of earnings - TheStreet,"EN
Sign in
Before you continue to Google
We use cookies and data to
Deliver and maintain Google services
Track outages and protect against spam, fraud, and abuse
Measure audience engagement and site statistics to understand how our services are used and enhance the quality of those services
If you choose to “Accept all,” we will also use cookies and data to
Develop and improve new services
Deliver and measure the effectiveness of ads
Show personalized content, depending on your settings
Show personalized ads, depending on your settings
If you choose to “Reject all,” we will not use cookies for these additional purposes.
Non-personalized content is influenced by things like the content you’re currently viewing, activity in your active Search session, and your location. Non-personalized ads are influenced by the content you’re currently viewing and your general location. Personalized content and ads can also include more relevant results, recommendations, and tailored ads based on past activity from this browser, like previous Google searches. We also use cookies and data to tailor the experience to be age-appropriate, if relevant.
Select “More options” to see additional information, including details about managing your privacy settings. You can also visit g.co/privacytools at any time.
Reject all
Accept all
More options
Privacy Policy
Terms of Service",https://news.google.com/rss/articles/CBMiowFBVV95cUxNcUI3Vmk2QmRJMFBoOE5xUXgxeVpXWkRhUVlhX3JkT1ZCbktJekxUVXZJVVU2UXQxbjZmYWt3WFhxc3QyaWdzZDdqckdlUUd5OGViaWJnczBsU3JKSnBfRzhGLTJ0ZHBFem5QT1hlLWZXUEtlaE5ZSlN3T01EODhhaDNkQmJKTURPNERISkxNUGZ6dFJWZWFWSzF3bEVjdG5GWGVJ?oc=5
2025-04-27,AAPL,Apple,"Apple, Microsoft, Meta, Coke, and Many More Stocks to Watch This Week - Barron's","EN
Sign in
Before you continue to Google
We use cookies and data to
Deliver and maintain Google services
Track outages and protect against spam, fraud, and abuse
Measure audience engagement and site statistics to understand how our services are used and enhance the quality of those services
If you choose to “Accept all,” we will also use cookies and data to
Develop and improve new services
Deliver and measure the effectiveness of ads
Show personalized content, depending on your settings
Show personalized ads, depending on your settings
If you choose to “Reject all,” we will not use cookies for these additional purposes.
Non-personalized content is influenced by things like the content you’re currently viewing, activity in your active Search session, and your location. Non-personalized ads are influenced by the content you’re currently viewing and your general location. Personalized content and ads can also include more relevant results, recommendations, and tailored ads based on past activity from this browser, like previous Google searches. We also use cookies and data to tailor the experience to be age-appropriate, if relevant.
Select “More options” to see additional information, including details about managing your privacy settings. You can also visit g.co/privacytools at any time.
Reject all
Accept all
More options
Privacy Policy
Terms of Service",https://news.google.com/rss/articles/CBMiiwFBVV95cUxONnJkTWtHWXRyMG5CT0xVMU1XWk1CWVlnM2U3M1cyVk94QWlxVHl2dFpTWVFadWgxYmw4RmlJdzM2UWxTa0xnTUttcTU5Y2tpSjEyRl9lbjRacDBiVFpINlZqLVA2UmNBd0hlSHJRdUo0VWJFM05tQ1JMaDRNSGdxZDBhazFaWHZueDNr?oc=5
2025-04-27,AAPL,Apple,Jim Cramer Says Apple Inc. (AAPL) Just ‘Doesn’t Grow As Fast As We’d Like’ - Yahoo Finance,"EN
Sign in
Before you continue to Google
We use cookies and data to
Deliver and maintain Google services
Track outages and protect against spam, fraud, and abuse
Measure audience engagement and site statistics to understand how our services are used and enhance the quality of those services
If you choose to “Accept all,” we will also use cookies and data to
Develop and improve new services
Deliver and measure the effectiveness of ads
Show personalized content, depending on your settings
Show personalized ads, depending on your settings
If you choose to “Reject all,” we will not use cookies for these additional purposes.
Non-personalized content is influenced by things like the content you’re currently viewing, activity in your active Search session, and your location. Non-personalized ads are influenced by the content you’re currently viewing and your general location. Personalized content and ads can also include more relevant results, recommendations, and tailored ads based on past activity from this browser, like previous Google searches. We also use cookies and data to tailor the experience to be age-appropriate, if relevant.
Select “More options” to see additional information, including details about managing your privacy settings. You can also visit g.co/privacytools at any time.
Reject all
Accept all
More options
Privacy Policy
Terms of Service",https://news.google.com/rss/articles/CBMie0FVX3lxTE5Kdld1LVFtUnQxUjZ4UEx3M2NjSWZURkl2Tkl6dURpMGMzZ0xEN0VWbWVaN3gweFNTbkUwQ2trSndVWXZIbUxmYkpHNkgyVmtPeGpfc3BSRFMzZ2FwOTVlU29pRDBJNW1NNXhHTnRhMXZIdjJHOTdfZ3VZRQ?oc=5
2025-04-29,AAPL,Apple,Apple Stock (AAPL) Sours Despite Ramping Up Indian iPhone Production to Beat Trump’s Tariffs - TipRanks,"EN
Sign in
Before you continue to Google
We use cookies and data to
Deliver and maintain Google services
Track outages and protect against spam, fraud, and abuse
Measure audience engagement and site statistics to understand how our services are used and enhance the quality of those services
If you choose to “Accept all,” we will also use cookies and data to
Develop and improve new services
Deliver and measure the effectiveness of ads
Show personalized content, depending on your settings
Show personalized ads, depending on your settings
If you choose to “Reject all,” we will not use cookies for these additional purposes.
Non-personalized content is influenced by things like the content you’re currently viewing, activity in your active Search session, and your location. Non-personalized ads are influenced by the content you’re currently viewing and your general location. Personalized content and ads can also include more relevant results, recommendations, and tailored ads based on past activity from this browser, like previous Google searches. We also use cookies and data to tailor the experience to be age-appropriate, if relevant.
Select “More options” to see additional information, including details about managing your privacy settings. You can also visit g.co/privacytools at any time.
Reject all
Accept all
More options
Privacy Policy
Terms of Service",https://news.google.com/rss/articles/CBMiuwFBVV95cUxPZlVGS0pHQldNYW5nanVDNGxqbGVyRjB4aXllOXhPcWc3TktzLWJaUnlXUnFSeHlXeWdXQUNXOGlzYnlNUWtfanpySVNvQlVZa0RpYWxidUR1QjFoWGxQSHd6M1VMZUFHLWptc25SNDZJemZtcjhVaU9iZVVDNXN4QTVtSlJaN0JyVnc1V1l2TzFpNFAtSWJ3MUpLTE9GcVJiS09MSDBvZGltRDhZWkFzbmxNVmxza3JXRW5j?oc=5
2025-04-29,AAPL,Apple,"Magnificent Seven Stocks Watch: Nvidia, Tesla Sell Off - Investor's Business Daily","EN
Sign in
Before you continue to Google
We use cookies and data to
Deliver and maintain Google services
Track outages and protect against spam, fraud, and abuse
Measure audience engagement and site statistics to understand how our services are used and enhance the quality of those services
If you choose to “Accept all,” we will also use cookies and data to
Develop and improve new services
Deliver and measure the effectiveness of ads
Show personalized content, depending on your settings
Show personalized ads, depending on your settings
If you choose to “Reject all,” we will not use cookies for these additional purposes.
Non-personalized content is influenced by things like the content you’re currently viewing, activity in your active Search session, and your location. Non-personalized ads are influenced by the content you’re currently viewing and your general location. Personalized content and ads can also include more relevant results, recommendations, and tailored ads based on past activity from this browser, like previous Google searches. We also use cookies and data to tailor the experience to be age-appropriate, if relevant.
Select “More options” to see additional information, including details about managing your privacy settings. You can also visit g.co/privacytools at any time.
Reject all
Accept all
More options
Privacy Policy
Terms of Service",https://news.google.com/rss/articles/CBMie0FVX3lxTFB6UE0zMU96cW1vdmN1cE1RQjd4RzlqbFVycEk2VlVNRFY3aDFmU1E2eGYyQi1XV09zTEF3SnFaZVMtMWJiV3VzVmtrSy1KNXZZYUctTXgxOFNJRkFRaFJiUkZHSjBaNHM1SU5iTmpFQ0NvYUlVeXIzaUF2aw?oc=5
2025-04-26,AAPL,Apple,"Nvidia stock slides, Apple gets a warning, and Tesla short-sellers cash in: Markets news roundup - qz.com","EN
Sign in
Before you continue to Google
We use cookies and data to
Deliver and maintain Google services
Track outages and protect against spam, fraud, and abuse
Measure audience engagement and site statistics to understand how our services are used and enhance the quality of those services
If you choose to “Accept all,” we will also use cookies and data to
Develop and improve new services
Deliver and measure the effectiveness of ads
Show personalized content, depending on your settings
Show personalized ads, depending on your settings
If you choose to “Reject all,” we will not use cookies for these additional purposes.
Non-personalized content is influenced by things like the content you’re currently viewing, activity in your active Search session, and your location. Non-personalized ads are influenced by the content you’re currently viewing and your general location. Personalized content and ads can also include more relevant results, recommendations, and tailored ads based on past activity from this browser, like previous Google searches. We also use cookies and data to tailor the experience to be age-appropriate, if relevant.
Select “More options” to see additional information, including details about managing your privacy settings. You can also visit g.co/privacytools at any time.
Reject all
Accept all
More options
Privacy Policy
Terms of Service",https://news.google.com/rss/articles/CBMidEFVX3lxTE1rR1JTTmdMTl9EUlFQMnNhTmdPdTB6dGNTdHZrR3ZtaVFVdjlwWV9PY1YwdmJCR04zV3p5Z2xqSnZKcnM1RTUwdk40OGMwSzAydkpmQ1pFQ1FMUWhoZkpnLUxic19hZEpqZ2lWUUp3NU9rSHZq?oc=5
2025-04-27,AAPL,Apple,"If You Invested $10K In Apple Stock 10 Years Ago, How Much Would You Have Now? - Yahoo","EN
Sign in
Before you continue to Google
We use cookies and data to
Deliver and maintain Google services
Track outages and protect against spam, fraud, and abuse
Measure audience engagement and site statistics to understand how our services are used and enhance the quality of those services
If you choose to “Accept all,” we will also use cookies and data to
Develop and improve new services
Deliver and measure the effectiveness of ads
Show personalized content, depending on your settings
Show personalized ads, depending on your settings
If you choose to “Reject all,” we will not use cookies for these additional purposes.
Non-personalized content is influenced by things like the content you’re currently viewing, activity in your active Search session, and your location. Non-personalized ads are influenced by the content you’re currently viewing and your general location. Personalized content and ads can also include more relevant results, recommendations, and tailored ads based on past activity from this browser, like previous Google searches. We also use cookies and data to tailor the experience to be age-appropriate, if relevant.
Select “More options” to see additional information, including details about managing your privacy settings. You can also visit g.co/privacytools at any time.
Reject all
Accept all
More options
Privacy Policy
Terms of Service",https://news.google.com/rss/articles/CBMiggFBVV95cUxOT0tDZzJUcXFmUWJoTTE3aERPbnJiZDJmbGwyNzM0eHU3WGlFd0xuMTlfOEo5eDhTRkxNVVFfRDRjMEU5bmlHa0J4eV9Pa0tqVjBJR1c5X3czN0FWTThSa2VkelZDcXRHZFdPM3VBdXpTNkt4U1hWeU5Na0VCVUFscFp3?oc=5
2024-01-29,MSFT,Microsoft,Investors see Microsoft's stock market value leaving Apple behind - Reuters,"EN
Sign in
Before you continue to Google
We use cookies and data to
Deliver and maintain Google services
Track outages and protect against spam, fraud, and abuse
Measure audience engagement and site statistics to understand how our services are used and enhance the quality of those services
If you choose to “Accept all,” we will also use cookies and data to
Develop and improve new services
Deliver and measure the effectiveness of ads
Show personalized content, depending on your settings
Show personalized ads, depending on your settings
If you choose to “Reject all,” we will not use cookies for these additional purposes.
Non-personalized content is influenced by things like the content you’re currently viewing, activity in your active Search session, and your location. Non-personalized ads are influenced by the content you’re currently viewing and your general location. Personalized content and ads can also include more relevant results, recommendations, and tailored ads based on past activity from this browser, like previous Google searches. We also use cookies and data to tailor the experience to be age-appropriate, if relevant.
Select “More options” to see additional information, including details about managing your privacy settings. You can also visit g.co/privacytools at any time.
Reject all
Accept all
More options
Privacy Policy
Terms of Service",https://news.google.com/rss/articles/CBMisAFBVV95cUxQUHAtUTZXcXNudExvMWU4OFNZZno5c0VWX25XdWhiNFg0Y200aDVsbXJPVlRRVjVibEdRVUhfeWxsZUtEajl2cEM5RU1Lb2NNZkNlYkJkWXVTMldqblhHOWxWYzdiQldVYV9QZ3ZhY2M4T0dLbjd1WEVXQ1NpZWpWWE13cmFWUUJKcURPbXI4ZGJ5bWQ1NE53cWRPUTBYa0stVWlzWVJCUEs4VHFrb1VBYg?oc=5
2024-01-16,MSFT,Microsoft,Microsoft's Share Price Surged 10-Fold Under Satya Nadella - Statista,"EN
Sign in
Before you continue to Google
We use cookies and data to
Deliver and maintain Google services
Track outages and protect against spam, fraud, and abuse
Measure audience engagement and site statistics to understand how our services are used and enhance the quality of those services
If you choose to “Accept all,” we will also use cookies and data to
Develop and improve new services
Deliver and measure the effectiveness of ads
Show personalized content, depending on your settings
Show personalized ads, depending on your settings
If you choose to “Reject all,” we will not use cookies for these additional purposes.
Non-personalized content is influenced by things like the content you’re currently viewing, activity in your active Search session, and your location. Non-personalized ads are influenced by the content you’re currently viewing and your general location. Personalized content and ads can also include more relevant results, recommendations, and tailored ads based on past activity from this browser, like previous Google searches. We also use cookies and data to tailor the experience to be age-appropriate, if relevant.
Select “More options” to see additional information, including details about managing your privacy settings. You can also visit g.co/privacytools at any time.
Reject all
Accept all
More options
Privacy Policy
Terms of Service",https://news.google.com/rss/articles/CBMihgFBVV95cUxOSDdKc1JJcS1VTW45VmJTMDNCZTM5UmJiVUx1Y2RrVXNnMGRPTkJmV01tUXhOZG9vZFZkMFp4VWFOZ29LSEZDRHMwVDNJUmNYWTBiVWFNblBNcHQyMGl4eWZleHJSSE02T0Uzd2VSS201UUwwZlhtRkVkZkhqeUJuNnNhc1VpZ9IBiwFBVV95cUxPeUpoSlpvNjlDY3JuQ2p2TTR3cTdfRVM4MnNPei1NNVFiQWRrQ2RZeUF3X0gxUGJ5dTV1Nl9Nb2RZZXFmQUdGcDV3V0RlcmhldmFENjV2UGlXblRyVzhEOWtIQXhQMDlaZGNUVlBRM21EemFsMW51Q1dYRnJtajNvdzlBUHdMZy1jYkhZ?oc=5
2024-01-19,MSFT,Microsoft,Stock-Split Watch: Is Microsoft Next? - Yahoo Finance,"EN
Sign in
Before you continue to Google
We use cookies and data to
Deliver and maintain Google services
Track outages and protect against spam, fraud, and abuse
Measure audience engagement and site statistics to understand how our services are used and enhance the quality of those services
If you choose to “Accept all,” we will also use cookies and data to
Develop and improve new services
Deliver and measure the effectiveness of ads
Show personalized content, depending on your settings
Show personalized ads, depending on your settings
If you choose to “Reject all,” we will not use cookies for these additional purposes.
Non-personalized content is influenced by things like the content you’re currently viewing, activity in your active Search session, and your location. Non-personalized ads are influenced by the content you’re currently viewing and your general location. Personalized content and ads can also include more relevant results, recommendations, and tailored ads based on past activity from this browser, like previous Google searches. We also use cookies and data to tailor the experience to be age-appropriate, if relevant.
Select “More options” to see additional information, including details about managing your privacy settings. You can also visit g.co/privacytools at any time.
Reject all
Accept all
More options
Privacy Policy
Terms of Service",https://news.google.com/rss/articles/CBMihAFBVV95cUxOTS1acmFUTEc5ZExDTEpJeHdWcG0xZXcxakFOa3lNQ250T3RFWmdmVjdyU0JMOE1scHBYUXowbXNRenpBclI4SWRIdGxHWmNuZ2JRSldtb20yWGRJNHJxYVVZN0dKMXU2R3Q3X0w4azl3Y1ZfczZ6N2gxVGgyaFNvOGpZWGw?oc=5
2024-01-09,MSFT,Microsoft,Why Microsoft Stock Rallied 57% in 2023 - Nasdaq,"EN
Sign in
Before you continue to Google
We use cookies and data to
Deliver and maintain Google services
Track outages and protect against spam, fraud, and abuse
Measure audience engagement and site statistics to understand how our services are used and enhance the quality of those services
If you choose to “Accept all,” we will also use cookies and data to
Develop and improve new services
Deliver and measure the effectiveness of ads
Show personalized content, depending on your settings
Show personalized ads, depending on your settings
If you choose to “Reject all,” we will not use cookies for these additional purposes.
Non-personalized content is influenced by things like the content you’re currently viewing, activity in your active Search session, and your location. Non-personalized ads are influenced by the content you’re currently viewing and your general location. Personalized content and ads can also include more relevant results, recommendations, and tailored ads based on past activity from this browser, like previous Google searches. We also use cookies and data to tailor the experience to be age-appropriate, if relevant.
Select “More options” to see additional information, including details about managing your privacy settings. You can also visit g.co/privacytools at any time.
Reject all
Accept all
More options
Privacy Policy
Terms of Service",https://news.google.com/rss/articles/CBMiekFVX3lxTE9UbmlyMm0wd0dRNjRmZkJJbkhKakVlcWtVbXdERmhiT3NCTE92NzVxYXc2djIySnZteF9QNW40V2RjRF8yLU1HYjRiVGx2TGhHOEhDbl9hQlB5aS1WQ3ZUSTVrOWZTMzhVWUQ5NnBhQ1cxYk9NVXV0bmVR?oc=5
2024-01-12,MSFT,Microsoft,Why Microsoft’s stock is a better investment than Apple’s - MarketWatch,"EN
Sign in
Before you continue to Google
We use cookies and data to
Deliver and maintain Google services
Track outages and protect against spam, fraud, and abuse
Measure audience engagement and site statistics to understand how our services are used and enhance the quality of those services
If you choose to “Accept all,” we will also use cookies and data to
Develop and improve new services
Deliver and measure the effectiveness of ads
Show personalized content, depending on your settings
Show personalized ads, depending on your settings
If you choose to “Reject all,” we will not use cookies for these additional purposes.
Non-personalized content is influenced by things like the content you’re currently viewing, activity in your active Search session, and your location. Non-personalized ads are influenced by the content you’re currently viewing and your general location. Personalized content and ads can also include more relevant results, recommendations, and tailored ads based on past activity from this browser, like previous Google searches. We also use cookies and data to tailor the experience to be age-appropriate, if relevant.
Select “More options” to see additional information, including details about managing your privacy settings. You can also visit g.co/privacytools at any time.
Reject all
Accept all
More options
Privacy Policy
Terms of Service",https://news.google.com/rss/articles/CBMingFBVV95cUxPMThQUW1hWHMzYU1EeEc4TzhNcDU4Vk1EMksyZUFaY0d2a1NySjBCaEZoQjg5Tkdha2FGUUV5aXA2dmttMnY0WGVTenpVUUE2Y1cxdXFvYWFLaHhFOEtmZUtZQU8tSWl3TWtQT1V2bkFFYXNZNXNabWxjbndvRy04NjJhVG4tVHBtTklJZGdtWVRrNnJ3eU9iRXBYSEtRQQ?oc=5
2024-01-30,MSFT,Microsoft,Wall Street punishes Alphabet and Microsoft despite earnings beats after stocks hit record - CNBC,"EN
Sign in
Before you continue to Google
We use cookies and data to
Deliver and maintain Google services
Track outages and protect against spam, fraud, and abuse
Measure audience engagement and site statistics to understand how our services are used and enhance the quality of those services
If you choose to “Accept all,” we will also use cookies and data to
Develop and improve new services
Deliver and measure the effectiveness of ads
Show personalized content, depending on your settings
Show personalized ads, depending on your settings
If you choose to “Reject all,” we will not use cookies for these additional purposes.
Non-personalized content is influenced by things like the content you’re currently viewing, activity in your active Search session, and your location. Non-personalized ads are influenced by the content you’re currently viewing and your general location. Personalized content and ads can also include more relevant results, recommendations, and tailored ads based on past activity from this browser, like previous Google searches. We also use cookies and data to tailor the experience to be age-appropriate, if relevant.
Select “More options” to see additional information, including details about managing your privacy settings. You can also visit g.co/privacytools at any time.
Reject all
Accept all
More options
Privacy Policy
Terms of Service",https://news.google.com/rss/articles/CBMipwFBVV95cUxNakdabkdpai02S3YyM0NWWG9HSXlIai1UQnJac3l3TlJqSkRjbFYtal9XSGxjX3E2c0ctZ0FITFBOVXFScW9VaElIMDJ3d0VXLU0tV1dFNkk3NlNELXVWZ2V4U1BzY1JSRUJoT01yVG16SzZfOXZXZXhxVE9UM0ZnSjQ4VHAwaXdSN1hvTXhtbFJKZVBtZVpETG5ZWUhUS0FWdXhRRk9OVdIBrAFBVV95cUxOQWZiVGk2WmxfckhLVXVUNnh4VVpuZ3Y3UTRkYWxUdjE0VUJfaFZXZG9ROXBUUDhmaTFuNUJ3VzVaN3A3bVcxa3RXcnFfU2FNcWFGS0NabVdhMXBtRkRlcWppbjYzUXdHMllhNC1ER2FfcUI4U2hkNnQyOG8wU0p2VWw3Tzg1LWlVVGxFNWRhZEk5V3R3R1pJem1CTWNZRm1EWVR4Z05xZ1hJZWxi?oc=5
2024-01-25,MSFT,Microsoft,Microsoft Cuts 9% Of Gaming Staff After Activision Blizzard Purchase - Investor's Business Daily,"EN
Sign in
Before you continue to Google
We use cookies and data to
Deliver and maintain Google services
Track outages and protect against spam, fraud, and abuse
Measure audience engagement and site statistics to understand how our services are used and enhance the quality of those services
If you choose to “Accept all,” we will also use cookies and data to
Develop and improve new services
Deliver and measure the effectiveness of ads
Show personalized content, depending on your settings
Show personalized ads, depending on your settings
If you choose to “Reject all,” we will not use cookies for these additional purposes.
Non-personalized content is influenced by things like the content you’re currently viewing, activity in your active Search session, and your location. Non-personalized ads are influenced by the content you’re currently viewing and your general location. Personalized content and ads can also include more relevant results, recommendations, and tailored ads based on past activity from this browser, like previous Google searches. We also use cookies and data to tailor the experience to be age-appropriate, if relevant.
Select “More options” to see additional information, including details about managing your privacy settings. You can also visit g.co/privacytools at any time.
Reject all
Accept all
More options
Privacy Policy
Terms of Service",https://news.google.com/rss/articles/CBMilAFBVV95cUxQbFl5Wlg5NkdsNGxSeWhLS3ktWHhJT0JpUi1YOGxWX1VTZXZITEZfN2t3aTJERERSV2NVbFUteE5OVk5NNTItU3U3cDhVZnBEZXR3QXJ0Q3lJdnlxTi11Q1V3ZTFRbWF6OWZ4RGpaeHJpYkJCd2ZaU0Nvel8zNHhsbVhEV2Y4T0NfS2p3NHY2R0tLVmZZ?oc=5
2024-01-17,MSFT,Microsoft,Apple Stock vs. Microsoft Stock: Which Is Better? - TheStreet,"EN
Sign in
Before you continue to Google
We use cookies and data to
Deliver and maintain Google services
Track outages and protect against spam, fraud, and abuse
Measure audience engagement and site statistics to understand how our services are used and enhance the quality of those services
If you choose to “Accept all,” we will also use cookies and data to
Develop and improve new services
Deliver and measure the effectiveness of ads
Show personalized content, depending on your settings
Show personalized ads, depending on your settings
If you choose to “Reject all,” we will not use cookies for these additional purposes.
Non-personalized content is influenced by things like the content you’re currently viewing, activity in your active Search session, and your location. Non-personalized ads are influenced by the content you’re currently viewing and your general location. Personalized content and ads can also include more relevant results, recommendations, and tailored ads based on past activity from this browser, like previous Google searches. We also use cookies and data to tailor the experience to be age-appropriate, if relevant.
Select “More options” to see additional information, including details about managing your privacy settings. You can also visit g.co/privacytools at any time.
Reject all
Accept all
More options
Privacy Policy
Terms of Service",https://news.google.com/rss/articles/CBMijAFBVV95cUxNY19uaTdqelQweXFTanN1dm5kTlNyWk9qWFZBQ3AtZmI2bl84MnNpUWp3bm5SbW00Vm8zYlJuVXpUX0ZqMWVSMGFJellJS3hGNGlqWlRxZE0wdm1GZG9TVUR1eXpOWEgyVl9CejVVNDQ1MU0yTFdTNng2ODRHZ0FDZVlSM0MydmFLQlNiVQ?oc=5
2024-01-29,MSFT,Microsoft,"Microsoft Hits an All-Time High, But It's Still Some Way From Becoming the Most Important Stock in the Dow Jones Industrial Average - The Motley Fool","EN
Sign in
Before you continue to Google
We use cookies and data to
Deliver and maintain Google services
Track outages and protect against spam, fraud, and abuse
Measure audience engagement and site statistics to understand how our services are used and enhance the quality of those services
If you choose to “Accept all,” we will also use cookies and data to
Develop and improve new services
Deliver and measure the effectiveness of ads
Show personalized content, depending on your settings
Show personalized ads, depending on your settings
If you choose to “Reject all,” we will not use cookies for these additional purposes.
Non-personalized content is influenced by things like the content you’re currently viewing, activity in your active Search session, and your location. Non-personalized ads are influenced by the content you’re currently viewing and your general location. Personalized content and ads can also include more relevant results, recommendations, and tailored ads based on past activity from this browser, like previous Google searches. We also use cookies and data to tailor the experience to be age-appropriate, if relevant.
Select “More options” to see additional information, including details about managing your privacy settings. You can also visit g.co/privacytools at any time.
Reject all
Accept all
More options
Privacy Policy
Terms of Service",https://news.google.com/rss/articles/CBMilwFBVV95cUxQZnRxcjRrbGw2Mzg4aEt2UjF1bEFlZ29UUS1acWo5Vm9ERVVvLWlYMXYzM042MjlRb2xRTHdfOW5LaGNBcGVmZDE2VEU3QUpSdDZkQVU2SmFMdE5Fd0NiRkpDVktydEZGMU5Xa1hWaW9YOUdoSVhKdWI4b1RUQ1B5VmI5SklheGEtNmpjWTFuVU5LUFhaX2hR?oc=5
2024-01-24,MSFT,Microsoft,Microsoft market capitalization hits $3 trillion as CEO Satya Nadella crowns tenure - Fortune,"EN
Sign in
Before you continue to Google
We use cookies and data to
Deliver and maintain Google services
Track outages and protect against spam, fraud, and abuse
Measure audience engagement and site statistics to understand how our services are used and enhance the quality of those services
If you choose to “Accept all,” we will also use cookies and data to
Develop and improve new services
Deliver and measure the effectiveness of ads
Show personalized content, depending on your settings
Show personalized ads, depending on your settings
If you choose to “Reject all,” we will not use cookies for these additional purposes.
Non-personalized content is influenced by things like the content you’re currently viewing, activity in your active Search session, and your location. Non-personalized ads are influenced by the content you’re currently viewing and your general location. Personalized content and ads can also include more relevant results, recommendations, and tailored ads based on past activity from this browser, like previous Google searches. We also use cookies and data to tailor the experience to be age-appropriate, if relevant.
Select “More options” to see additional information, including details about managing your privacy settings. You can also visit g.co/privacytools at any time.
Reject all
Accept all
More options
Privacy Policy
Terms of Service",https://news.google.com/rss/articles/CBMiqgFBVV95cUxNWi10T2w5N1hpQk8wSDJwQUJyUW0wMlNfYnRKTFlUN2VVOExGM19veUVLN2RZYU9ZTHhyS2NreExUTTB3eWwtR291QW5OZ3FNZU5JRlpTLVpGejAzbTVtQ2hzeG5kSXNqZ0hEMmxNZGVCYTNVR2pPTWEzOUt5NE1ETWFydGMzUi1Bb1ZMdldLaWpOV2c5TTdmbldLc0o2eFdMR3BuU25NRlh0UQ?oc=5
2024-01-30,MSFT,Microsoft,What You Need To Know Ahead of Microsoft's Earnings on Tuesday - Investopedia,"EN
Sign in
Before you continue to Google
We use cookies and data to
Deliver and maintain Google services
Track outages and protect against spam, fraud, and abuse
Measure audience engagement and site statistics to understand how our services are used and enhance the quality of those services
If you choose to “Accept all,” we will also use cookies and data to
Develop and improve new services
Deliver and measure the effectiveness of ads
Show personalized content, depending on your settings
Show personalized ads, depending on your settings
If you choose to “Reject all,” we will not use cookies for these additional purposes.
Non-personalized content is influenced by things like the content you’re currently viewing, activity in your active Search session, and your location. Non-personalized ads are influenced by the content you’re currently viewing and your general location. Personalized content and ads can also include more relevant results, recommendations, and tailored ads based on past activity from this browser, like previous Google searches. We also use cookies and data to tailor the experience to be age-appropriate, if relevant.
Select “More options” to see additional information, including details about managing your privacy settings. You can also visit g.co/privacytools at any time.
Reject all
Accept all
More options
Privacy Policy
Terms of Service",https://news.google.com/rss/articles/CBMilAFBVV95cUxQN0YyVnBaODRWMXpXMlNIREJhZmtFT21IRUE3V1BPNE96cFFHTDBDRVEwMFl1ejRaUXhXRkJkeTRWWWphNUlnRmdfUnQzNXRZbDA3Qnp4bURCdk9QOVhmbnFyVTBXcDJTNTdWZzZHWkNMS3AtYUJ2SmV4MWJCNWNoX0FRVWdvMFd6VUowVVhlcWgyLTJH?oc=5
2024-01-19,MSFT,Microsoft,"Microsoft (MSFT) Stock Price Prediction in 2030: Bull, Base & Bear Forecasts - 24/7 Wall St.","EN
Sign in
Before you continue to Google
We use cookies and data to
Deliver and maintain Google services
Track outages and protect against spam, fraud, and abuse
Measure audience engagement and site statistics to understand how our services are used and enhance the quality of those services
If you choose to “Accept all,” we will also use cookies and data to
Develop and improve new services
Deliver and measure the effectiveness of ads
Show personalized content, depending on your settings
Show personalized ads, depending on your settings
If you choose to “Reject all,” we will not use cookies for these additional purposes.
Non-personalized content is influenced by things like the content you’re currently viewing, activity in your active Search session, and your location. Non-personalized ads are influenced by the content you’re currently viewing and your general location. Personalized content and ads can also include more relevant results, recommendations, and tailored ads based on past activity from this browser, like previous Google searches. We also use cookies and data to tailor the experience to be age-appropriate, if relevant.
Select “More options” to see additional information, including details about managing your privacy settings. You can also visit g.co/privacytools at any time.
Reject all
Accept all
More options
Privacy Policy
Terms of Service",https://news.google.com/rss/articles/CBMitAFBVV95cUxQZGJPRTByamFFYjYyRmdkMWlSTXVZM2xNVUU5a2x2NUFkS3ZtZE5jZTJFeFVlNjJ5RVpKVE5VVm1hMkhfVVQ4UmlnMG9BNU90M2c1RzZ4M1hTU3FBNWxhcXFnU2MyMzJIWEM4THh5RDFtTWNqNTBRMXc5eHY1LWhGcjhUQTJFc2pqS0htakpqSDJIRTRRaHk3TnNFdnN4VDlmVi01bHNGTTZJOWtPQlhaRVlyazg?oc=5
2024-01-31,MSFT,Microsoft,"Investors punish Microsoft, Alphabet as AI returns fall short of lofty expectations - Reuters","EN
Sign in
Before you continue to Google
We use cookies and data to
Deliver and maintain Google services
Track outages and protect against spam, fraud, and abuse
Measure audience engagement and site statistics to understand how our services are used and enhance the quality of those services
If you choose to “Accept all,” we will also use cookies and data to
Develop and improve new services
Deliver and measure the effectiveness of ads
Show personalized content, depending on your settings
Show personalized ads, depending on your settings
If you choose to “Reject all,” we will not use cookies for these additional purposes.
Non-personalized content is influenced by things like the content you’re currently viewing, activity in your active Search session, and your location. Non-personalized ads are influenced by the content you’re currently viewing and your general location. Personalized content and ads can also include more relevant results, recommendations, and tailored ads based on past activity from this browser, like previous Google searches. We also use cookies and data to tailor the experience to be age-appropriate, if relevant.
Select “More options” to see additional information, including details about managing your privacy settings. You can also visit g.co/privacytools at any time.
Reject all
Accept all
More options
Privacy Policy
Terms of Service",https://news.google.com/rss/articles/CBMiwAFBVV95cUxOeXBIVWp0bzZkOHRsTzhTM3ZmZjdYN2E0Y3RDbnBCbmxPaXByVU9RNnU2YzJ0XzV0SjFKTll0MkhMbGpyckxBdnNMeFljQlJnQVpGeDd6VWJ0dUtXNTh5THZjSmpVSzY3bG9iZXVLYjVJX3AwU3FkNHdVb3huNjBHU2NyZEZYdzFaZFNkbmdKYXRBeGhCZWtfX2R2NGFPUGJCUzdBS1BsVkNKN2VNZjlLNUgwMkJUQ3FDaExJbWFTMnI?oc=5
2024-01-14,MSFT,Microsoft,Stock-Split Watch: 3 Red-Hot Tech Stocks That Could Split Their Shares in 2024 - Nasdaq,"EN
Sign in
Before you continue to Google
We use cookies and data to
Deliver and maintain Google services
Track outages and protect against spam, fraud, and abuse
Measure audience engagement and site statistics to understand how our services are used and enhance the quality of those services
If you choose to “Accept all,” we will also use cookies and data to
Develop and improve new services
Deliver and measure the effectiveness of ads
Show personalized content, depending on your settings
Show personalized ads, depending on your settings
If you choose to “Reject all,” we will not use cookies for these additional purposes.
Non-personalized content is influenced by things like the content you’re currently viewing, activity in your active Search session, and your location. Non-personalized ads are influenced by the content you’re currently viewing and your general location. Personalized content and ads can also include more relevant results, recommendations, and tailored ads based on past activity from this browser, like previous Google searches. We also use cookies and data to tailor the experience to be age-appropriate, if relevant.
Select “More options” to see additional information, including details about managing your privacy settings. You can also visit g.co/privacytools at any time.
Reject all
Accept all
More options
Privacy Policy
Terms of Service",https://news.google.com/rss/articles/CBMisgFBVV95cUxNcEN3Ymluc3ZhZGVDdHY0RlN0Ym1WZmF1WVo1d1ZWcE9BLU5UOUw1b3FKbm9renY5bUNpdFNqVk5SMzNOLVZUMGZvQ1RwQWw2VkdmY3dBTUxUdnAxLXRqcGUyX0U4SzVsX3RnWVZ1dGhkSHdibTBabGs2c2VNS1RQWkQ1V3lrMUFvUEJsY2RYZmo0NWlZWUhvSTZhblZQOWE4UjdiV0g4VUtXeHNJcFNtUVVR?oc=5
2024-01-03,MSFT,Microsoft,"If You Invested $10,000 in Microsoft When Satya Nadella Became CEO, This Is How Much You Would Have Today - The Motley Fool","EN
Sign in
Before you continue to Google
We use cookies and data to
Deliver and maintain Google services
Track outages and protect against spam, fraud, and abuse
Measure audience engagement and site statistics to understand how our services are used and enhance the quality of those services
If you choose to “Accept all,” we will also use cookies and data to
Develop and improve new services
Deliver and measure the effectiveness of ads
Show personalized content, depending on your settings
Show personalized ads, depending on your settings
If you choose to “Reject all,” we will not use cookies for these additional purposes.
Non-personalized content is influenced by things like the content you’re currently viewing, activity in your active Search session, and your location. Non-personalized ads are influenced by the content you’re currently viewing and your general location. Personalized content and ads can also include more relevant results, recommendations, and tailored ads based on past activity from this browser, like previous Google searches. We also use cookies and data to tailor the experience to be age-appropriate, if relevant.
Select “More options” to see additional information, including details about managing your privacy settings. You can also visit g.co/privacytools at any time.
Reject all
Accept all
More options
Privacy Policy
Terms of Service",https://news.google.com/rss/articles/CBMimAFBVV95cUxNNV9mUTljX2tWWkxaYW1RTW1BSXVta1FyWVpxR2FpWFVYMkotbHZ5V0NWMC1kdFpDRzUxcEswR0pBTEhwajlpMUZkSUdDQmdwRFU1bjc5YlRHcnZnc1d2LVFIZGpmVGJ1ZDg5b1hCbmE2Q0lMY240LXJrRWlkY09rVGJBM3BSM3FZZGFhMnRKVlViVzRSNVZCdQ?oc=5
2024-01-05,MSFT,Microsoft,Can Microsoft Stock (NASDAQ:MSFT) Stay Magnificent Through 2024? - Yahoo Finance,"EN
Sign in
Before you continue to Google
We use cookies and data to
Deliver and maintain Google services
Track outages and protect against spam, fraud, and abuse
Measure audience engagement and site statistics to understand how our services are used and enhance the quality of those services
If you choose to “Accept all,” we will also use cookies and data to
Develop and improve new services
Deliver and measure the effectiveness of ads
Show personalized content, depending on your settings
Show personalized ads, depending on your settings
If you choose to “Reject all,” we will not use cookies for these additional purposes.
Non-personalized content is influenced by things like the content you’re currently viewing, activity in your active Search session, and your location. Non-personalized ads are influenced by the content you’re currently viewing and your general location. Personalized content and ads can also include more relevant results, recommendations, and tailored ads based on past activity from this browser, like previous Google searches. We also use cookies and data to tailor the experience to be age-appropriate, if relevant.
Select “More options” to see additional information, including details about managing your privacy settings. You can also visit g.co/privacytools at any time.
Reject all
Accept all
More options
Privacy Policy
Terms of Service",https://news.google.com/rss/articles/CBMihAFBVV95cUxNeGdHMTlFRlN5UmxuLVZFUllUY0U4RFl2c29qSVBoZWZnRlJlWXdmY1ZYdW5YTW5QYnpMSVNBV3BRdTZMMThZd015cUtVSDdORktBRnpGLWcyWVBGSTNRWHpoU091YUNaUEhTaGdfSXA0dmtrV1RBZGliSVY2VzFLLVdjXzU?oc=5
2024-01-29,MSFT,Microsoft,Microsoft set for AI-powered revenue surge as stock pulls ahead - Reuters,"EN
Sign in
Before you continue to Google
We use cookies and data to
Deliver and maintain Google services
Track outages and protect against spam, fraud, and abuse
Measure audience engagement and site statistics to understand how our services are used and enhance the quality of those services
If you choose to “Accept all,” we will also use cookies and data to
Develop and improve new services
Deliver and measure the effectiveness of ads
Show personalized content, depending on your settings
Show personalized ads, depending on your settings
If you choose to “Reject all,” we will not use cookies for these additional purposes.
Non-personalized content is influenced by things like the content you’re currently viewing, activity in your active Search session, and your location. Non-personalized ads are influenced by the content you’re currently viewing and your general location. Personalized content and ads can also include more relevant results, recommendations, and tailored ads based on past activity from this browser, like previous Google searches. We also use cookies and data to tailor the experience to be age-appropriate, if relevant.
Select “More options” to see additional information, including details about managing your privacy settings. You can also visit g.co/privacytools at any time.
Reject all
Accept all
More options
Privacy Policy
Terms of Service",https://news.google.com/rss/articles/CBMipgFBVV95cUxOZ0xIS2xLN3BRZUFxVFlwS0hKcWoybkI1Ui04ODZSanQtdElQUWZ5QlV5cG1rYnp5Wm5NWlUtdGJ5b1RXazROTmxwNkh5OHlVam54Y0ZUTERRbDZKYmRBb2tCSFRVS0VHTm5VMFJjUjNWalNsUklRSk1RTDBHVlo5bUV3MThSZV9uZ0dBaVhKYS01TGxwNFEyUkl3RVQ4TTFxSWh6elRn?oc=5
2024-01-17,MSFT,Microsoft,Better AI Stock: Microsoft vs. Amazon - The Motley Fool,"EN
Sign in
Before you continue to Google
We use cookies and data to
Deliver and maintain Google services
Track outages and protect against spam, fraud, and abuse
Measure audience engagement and site statistics to understand how our services are used and enhance the quality of those services
If you choose to “Accept all,” we will also use cookies and data to
Develop and improve new services
Deliver and measure the effectiveness of ads
Show personalized content, depending on your settings
Show personalized ads, depending on your settings
If you choose to “Reject all,” we will not use cookies for these additional purposes.
Non-personalized content is influenced by things like the content you’re currently viewing, activity in your active Search session, and your location. Non-personalized ads are influenced by the content you’re currently viewing and your general location. Personalized content and ads can also include more relevant results, recommendations, and tailored ads based on past activity from this browser, like previous Google searches. We also use cookies and data to tailor the experience to be age-appropriate, if relevant.
Select “More options” to see additional information, including details about managing your privacy settings. You can also visit g.co/privacytools at any time.
Reject all
Accept all
More options
Privacy Policy
Terms of Service",https://news.google.com/rss/articles/CBMihAFBVV95cUxQZ09QVk5fZUxJQ1M5Q1hHM2dEcWV1cGxLOVgyNTAwWDNKWEFQUDRwSUpUN19jSFd1OUZNYUtSR3diVGVaeHJQNmw4Z3FHVzlNZVljdEk4SG12anpGMTl0bFZfeXNkVDdzVXZxUGMyZG8tX1liaVd5NVFVU25vNU1ZRl9rS0U?oc=5
2024-01-24,MSFT,Microsoft,"Microsoft hits $3 trillion market value, second to Apple - Reuters","EN
Sign in
Before you continue to Google
We use cookies and data to
Deliver and maintain Google services
Track outages and protect against spam, fraud, and abuse
Measure audience engagement and site statistics to understand how our services are used and enhance the quality of those services
If you choose to “Accept all,” we will also use cookies and data to
Develop and improve new services
Deliver and measure the effectiveness of ads
Show personalized content, depending on your settings
Show personalized ads, depending on your settings
If you choose to “Reject all,” we will not use cookies for these additional purposes.
Non-personalized content is influenced by things like the content you’re currently viewing, activity in your active Search session, and your location. Non-personalized ads are influenced by the content you’re currently viewing and your general location. Personalized content and ads can also include more relevant results, recommendations, and tailored ads based on past activity from this browser, like previous Google searches. We also use cookies and data to tailor the experience to be age-appropriate, if relevant.
Select “More options” to see additional information, including details about managing your privacy settings. You can also visit g.co/privacytools at any time.
Reject all
Accept all
More options
Privacy Policy
Terms of Service",https://news.google.com/rss/articles/CBMijgFBVV95cUxPRENEd2o0UG5NdnhCWEFSMTNIX1JqYnV1SEQwa3BDYzlpMURCNFV1OHBVVndiaUhEUlZ2QXF4NW4tdkF2T21uUUh1dXNaRTBnTjdzSTluZmZ5SUhmb2dnYmJBbmtBM3VJNHRuQVVCbmtLWGUwa29jVlByMXlidkZxOWNsbGZnVHloRm5JZEJB?oc=5
2024-01-11,MSFT,Microsoft,Microsoft briefly overtakes Apple as world's most valuable company - Reuters,"EN
Sign in
Before you continue to Google
We use cookies and data to
Deliver and maintain Google services
Track outages and protect against spam, fraud, and abuse
Measure audience engagement and site statistics to understand how our services are used and enhance the quality of those services
If you choose to “Accept all,” we will also use cookies and data to
Develop and improve new services
Deliver and measure the effectiveness of ads
Show personalized content, depending on your settings
Show personalized ads, depending on your settings
If you choose to “Reject all,” we will not use cookies for these additional purposes.
Non-personalized content is influenced by things like the content you’re currently viewing, activity in your active Search session, and your location. Non-personalized ads are influenced by the content you’re currently viewing and your general location. Personalized content and ads can also include more relevant results, recommendations, and tailored ads based on past activity from this browser, like previous Google searches. We also use cookies and data to tailor the experience to be age-appropriate, if relevant.
Select “More options” to see additional information, including details about managing your privacy settings. You can also visit g.co/privacytools at any time.
Reject all
Accept all
More options
Privacy Policy
Terms of Service",https://news.google.com/rss/articles/CBMiowFBVV95cUxQQlo0Sk1FLUg3LVphMUFmVU9MTVBGMF94NHJMTUxvMnp2a3RNX0t2SUNPc3NhT1NNV0RBTDAzVC1ZNk54UHBwaEtNYmkxUjliSEc2OVdpNlR1YzdINHVkNVJXMFZ2UndMdG1wMVZWYUxPMFZ4V0NwTjZ0U01BdkQ4S3pLQTdWTnY2bGZHR28yVm43dFRnY0pLN0lfRXJYOV9qd2xv?oc=5
2024-02-05,MSFT,Microsoft,"After Earnings and a Big Rally, Is Microsoft Stock a Buy, a Sell, or Fairly Valued? - Morningstar","EN
Sign in
Before you continue to Google
We use cookies and data to
Deliver and maintain Google services
Track outages and protect against spam, fraud, and abuse
Measure audience engagement and site statistics to understand how our services are used and enhance the quality of those services
If you choose to “Accept all,” we will also use cookies and data to
Develop and improve new services
Deliver and measure the effectiveness of ads
Show personalized content, depending on your settings
Show personalized ads, depending on your settings
If you choose to “Reject all,” we will not use cookies for these additional purposes.
Non-personalized content is influenced by things like the content you’re currently viewing, activity in your active Search session, and your location. Non-personalized ads are influenced by the content you’re currently viewing and your general location. Personalized content and ads can also include more relevant results, recommendations, and tailored ads based on past activity from this browser, like previous Google searches. We also use cookies and data to tailor the experience to be age-appropriate, if relevant.
Select “More options” to see additional information, including details about managing your privacy settings. You can also visit g.co/privacytools at any time.
Reject all
Accept all
More options
Privacy Policy
Terms of Service",https://news.google.com/rss/articles/CBMipwFBVV95cUxNaXFSWmwwRGlFWHFpSmpENXdWRUJ5SHRSVDhmYnFfUHgtSnI3ZVRQZV9aZFhYaW9lQTZBdTZRV3d4Y09TNDhxcW93TE9JREtRUTNUdV9rci1WbU9hanFEaDN5UDR1emhGSHQ1TUpJWDRGZHVhQmRrWlJRVUltX2VNX1ZFZWhSNzZacnQ5Tlc4OXBfbWxZYlE0aURtXzZaa3NRWnJHdlB5Zw?oc=5
2024-02-06,MSFT,Microsoft,How To Earn $500 Per Month From Microsoft Stock - Yahoo Finance,"EN
Sign in
Before you continue to Google
We use cookies and data to
Deliver and maintain Google services
Track outages and protect against spam, fraud, and abuse
Measure audience engagement and site statistics to understand how our services are used and enhance the quality of those services
If you choose to “Accept all,” we will also use cookies and data to
Develop and improve new services
Deliver and measure the effectiveness of ads
Show personalized content, depending on your settings
Show personalized ads, depending on your settings
If you choose to “Reject all,” we will not use cookies for these additional purposes.
Non-personalized content is influenced by things like the content you’re currently viewing, activity in your active Search session, and your location. Non-personalized ads are influenced by the content you’re currently viewing and your general location. Personalized content and ads can also include more relevant results, recommendations, and tailored ads based on past activity from this browser, like previous Google searches. We also use cookies and data to tailor the experience to be age-appropriate, if relevant.
Select “More options” to see additional information, including details about managing your privacy settings. You can also visit g.co/privacytools at any time.
Reject all
Accept all
More options
Privacy Policy
Terms of Service",https://news.google.com/rss/articles/CBMif0FVX3lxTE51YWJZbThKaGZtdEVZbHRub0ZQR0JULU9PenRmSFhvc0tqSXhvVkRGWldTYnducEIxeEV6cUhDMjN5LTZqaF9LbW95MzgtOXdoNDFqZHl0QnMxN0VfejQzWDQ4RTkwNGMzM2NLdDRqU1E3LXZKZFpkQm9ialFCRmM?oc=5
2024-02-10,MSFT,Microsoft,Where Will Microsoft Stock Be in 3 Years? - The Motley Fool,"EN
Sign in
Before you continue to Google
We use cookies and data to
Deliver and maintain Google services
Track outages and protect against spam, fraud, and abuse
Measure audience engagement and site statistics to understand how our services are used and enhance the quality of those services
If you choose to “Accept all,” we will also use cookies and data to
Develop and improve new services
Deliver and measure the effectiveness of ads
Show personalized content, depending on your settings
Show personalized ads, depending on your settings
If you choose to “Reject all,” we will not use cookies for these additional purposes.
Non-personalized content is influenced by things like the content you’re currently viewing, activity in your active Search session, and your location. Non-personalized ads are influenced by the content you’re currently viewing and your general location. Personalized content and ads can also include more relevant results, recommendations, and tailored ads based on past activity from this browser, like previous Google searches. We also use cookies and data to tailor the experience to be age-appropriate, if relevant.
Select “More options” to see additional information, including details about managing your privacy settings. You can also visit g.co/privacytools at any time.
Reject all
Accept all
More options
Privacy Policy
Terms of Service",https://news.google.com/rss/articles/CBMiiwFBVV95cUxPcUdFX0Y2RVZhRHNxS1ltWDZrOXhVNUgyTWxPdHN3TUpBM1NrTUZDV3IwTWhhanNJT0lmdXZHdEMwTFVUVUtaOVZSTHZicmF5T2tuSGZVTk8zZHlxUWozR2oyd2xhNkNzN21TRzdaY2JkQWNjdWhiQ21fZ2YxVUJLVDcwcHF4Y19XcXdz?oc=5
2024-02-05,MSFT,Microsoft,"Up Nearly 70% Since The Beginning Of 2023, Where Is Microsoft Stock Headed? - Forbes","EN
Sign in
Before you continue to Google
We use cookies and data to
Deliver and maintain Google services
Track outages and protect against spam, fraud, and abuse
Measure audience engagement and site statistics to understand how our services are used and enhance the quality of those services
If you choose to “Accept all,” we will also use cookies and data to
Develop and improve new services
Deliver and measure the effectiveness of ads
Show personalized content, depending on your settings
Show personalized ads, depending on your settings
If you choose to “Reject all,” we will not use cookies for these additional purposes.
Non-personalized content is influenced by things like the content you’re currently viewing, activity in your active Search session, and your location. Non-personalized ads are influenced by the content you’re currently viewing and your general location. Personalized content and ads can also include more relevant results, recommendations, and tailored ads based on past activity from this browser, like previous Google searches. We also use cookies and data to tailor the experience to be age-appropriate, if relevant.
Select “More options” to see additional information, including details about managing your privacy settings. You can also visit g.co/privacytools at any time.
Reject all
Accept all
More options
Privacy Policy
Terms of Service",https://news.google.com/rss/articles/CBMiywFBVV95cUxPQ1ZmMHlUbnc0QTdWM2N1M3pZcC11WlNCZ3lvYTctUUx2OHMxZnZIM1lvUEhVZm45Wmxfd2lqNUxtTjdPdkRjT1ktT1FRSFQwcUR4SnBsOXU2cU1hSnUtQ3ZuTG1mNXpJQjJ1WlJ6R2dJRGRSZHEyU1ZHa2JNc2w2Z3kyYlVIeWpudHc5YUFmM3FwbHljVjBMRUJDems3dXk4d0lVTFNaanpIU1o2NHcyc08xMkxsa3FGSFdJaWF6UTBQTzlhRnRwb0hXZw?oc=5
2024-01-31,MSFT,Microsoft,"Investors punish Microsoft, Alphabet as AI returns fall short of lofty expectations - Reuters","EN
Sign in
Before you continue to Google
We use cookies and data to
Deliver and maintain Google services
Track outages and protect against spam, fraud, and abuse
Measure audience engagement and site statistics to understand how our services are used and enhance the quality of those services
If you choose to “Accept all,” we will also use cookies and data to
Develop and improve new services
Deliver and measure the effectiveness of ads
Show personalized content, depending on your settings
Show personalized ads, depending on your settings
If you choose to “Reject all,” we will not use cookies for these additional purposes.
Non-personalized content is influenced by things like the content you’re currently viewing, activity in your active Search session, and your location. Non-personalized ads are influenced by the content you’re currently viewing and your general location. Personalized content and ads can also include more relevant results, recommendations, and tailored ads based on past activity from this browser, like previous Google searches. We also use cookies and data to tailor the experience to be age-appropriate, if relevant.
Select “More options” to see additional information, including details about managing your privacy settings. You can also visit g.co/privacytools at any time.
Reject all
Accept all
More options
Privacy Policy
Terms of Service",https://news.google.com/rss/articles/CBMiwAFBVV95cUxOeXBIVWp0bzZkOHRsTzhTM3ZmZjdYN2E0Y3RDbnBCbmxPaXByVU9RNnU2YzJ0XzV0SjFKTll0MkhMbGpyckxBdnNMeFljQlJnQVpGeDd6VWJ0dUtXNTh5THZjSmpVSzY3bG9iZXVLYjVJX3AwU3FkNHdVb3huNjBHU2NyZEZYdzFaZFNkbmdKYXRBeGhCZWtfX2R2NGFPUGJCUzdBS1BsVkNKN2VNZjlLNUgwMkJUQ3FDaExJbWFTMnI?oc=5
2024-02-05,MSFT,Microsoft,Is Microsoft Stock a Buy? - Nasdaq,"EN
Sign in
Before you continue to Google
We use cookies and data to
Deliver and maintain Google services
Track outages and protect against spam, fraud, and abuse
Measure audience engagement and site statistics to understand how our services are used and enhance the quality of those services
If you choose to “Accept all,” we will also use cookies and data to
Develop and improve new services
Deliver and measure the effectiveness of ads
Show personalized content, depending on your settings
Show personalized ads, depending on your settings
If you choose to “Reject all,” we will not use cookies for these additional purposes.
Non-personalized content is influenced by things like the content you’re currently viewing, activity in your active Search session, and your location. Non-personalized ads are influenced by the content you’re currently viewing and your general location. Personalized content and ads can also include more relevant results, recommendations, and tailored ads based on past activity from this browser, like previous Google searches. We also use cookies and data to tailor the experience to be age-appropriate, if relevant.
Select “More options” to see additional information, including details about managing your privacy settings. You can also visit g.co/privacytools at any time.
Reject all
Accept all
More options
Privacy Policy
Terms of Service",https://news.google.com/rss/articles/CBMiakFVX3lxTE44LW93TEI2NWRLTUpvVzVTekZoOEZPWC1HcDVhNTVuREVrYkwxWUludjhZNlh2bWRWNGdZUklyeVIyTlJFRkkzbDd4S01xcTBzLUJQbXVCR1B2ajE3QWhiQkZvUzFuRVlXclE?oc=5
2024-02-21,MSFT,Microsoft,Microsoft Stock 2024 Outlook - 3 Strong Catalysts For Growth (NASDAQ:MSFT) - Seeking Alpha,"EN
Sign in
Before you continue to Google
We use cookies and data to
Deliver and maintain Google services
Track outages and protect against spam, fraud, and abuse
Measure audience engagement and site statistics to understand how our services are used and enhance the quality of those services
If you choose to “Accept all,” we will also use cookies and data to
Develop and improve new services
Deliver and measure the effectiveness of ads
Show personalized content, depending on your settings
Show personalized ads, depending on your settings
If you choose to “Reject all,” we will not use cookies for these additional purposes.
Non-personalized content is influenced by things like the content you’re currently viewing, activity in your active Search session, and your location. Non-personalized ads are influenced by the content you’re currently viewing and your general location. Personalized content and ads can also include more relevant results, recommendations, and tailored ads based on past activity from this browser, like previous Google searches. We also use cookies and data to tailor the experience to be age-appropriate, if relevant.
Select “More options” to see additional information, including details about managing your privacy settings. You can also visit g.co/privacytools at any time.
Reject all
Accept all
More options
Privacy Policy
Terms of Service",https://news.google.com/rss/articles/CBMimAFBVV95cUxQUUgyZEFuX0V0dkU1d2x2RWhtS0gxWEJNVVFrMW1BU3d1dzhYRWV6clZKbmlBZ1p5NkkwRkVHdjlWQU5pN1M4M1FzTUlFTDFzOWtqMlg4eEVaV2kwMkJxV25GRnBEUms1U0p3MUh1YTQ0MWtfM2ZaOWNMRzR2NUV1Nm9nVVJKXzJUSlItSmoxRElKc1pmeTRXYQ?oc=5
2024-02-13,MSFT,Microsoft,AI Stocks Pull Back After Steep Climb. Microsoft Copilot Reviews Are Mixed. - Investor's Business Daily,"EN
Sign in
Before you continue to Google
We use cookies and data to
Deliver and maintain Google services
Track outages and protect against spam, fraud, and abuse
Measure audience engagement and site statistics to understand how our services are used and enhance the quality of those services
If you choose to “Accept all,” we will also use cookies and data to
Develop and improve new services
Deliver and measure the effectiveness of ads
Show personalized content, depending on your settings
Show personalized ads, depending on your settings
If you choose to “Reject all,” we will not use cookies for these additional purposes.
Non-personalized content is influenced by things like the content you’re currently viewing, activity in your active Search session, and your location. Non-personalized ads are influenced by the content you’re currently viewing and your general location. Personalized content and ads can also include more relevant results, recommendations, and tailored ads based on past activity from this browser, like previous Google searches. We also use cookies and data to tailor the experience to be age-appropriate, if relevant.
Select “More options” to see additional information, including details about managing your privacy settings. You can also visit g.co/privacytools at any time.
Reject all
Accept all
More options
Privacy Policy
Terms of Service",https://news.google.com/rss/articles/CBMisgFBVV95cUxOSW1lSElUT1F0R3g5S1M1WEJPNk5TbFVEWWRUTDFsaFlxVHNub1lvWEtfd3M5cVl4S3dwelhGYkJUY3ozYWhBOTZvb0dzZVNjV2ZQdjkzSmFLVzYwX1hVbDRGMjB3ZXRpTUc5VXVJVnMxclZxNVB3bGJJVVl1RnN4a2JvS2xWNHVsRHB5S0VCeVR6S0JCbktSU09FSWp0eFBPQTJrVXk5eklNOWgzUDUyT2RR?oc=5
2024-02-07,MSFT,Microsoft,Microsoft Stock (NASDAQ:MSFT): The Long-Term Bull Case Has Been Reaffirmed - TipRanks,"EN
Sign in
Before you continue to Google
We use cookies and data to
Deliver and maintain Google services
Track outages and protect against spam, fraud, and abuse
Measure audience engagement and site statistics to understand how our services are used and enhance the quality of those services
If you choose to “Accept all,” we will also use cookies and data to
Develop and improve new services
Deliver and measure the effectiveness of ads
Show personalized content, depending on your settings
Show personalized ads, depending on your settings
If you choose to “Reject all,” we will not use cookies for these additional purposes.
Non-personalized content is influenced by things like the content you’re currently viewing, activity in your active Search session, and your location. Non-personalized ads are influenced by the content you’re currently viewing and your general location. Personalized content and ads can also include more relevant results, recommendations, and tailored ads based on past activity from this browser, like previous Google searches. We also use cookies and data to tailor the experience to be age-appropriate, if relevant.
Select “More options” to see additional information, including details about managing your privacy settings. You can also visit g.co/privacytools at any time.
Reject all
Accept all
More options
Privacy Policy
Terms of Service",https://news.google.com/rss/articles/CBMirAFBVV95cUxNeXlCNDh4OFRrU2M2a0FLaGlHOGc2aTdzWW5JV1k0NFJ2Y1dnZ1ZxcWFjX3VhRDlxcjM0Uk9WNUphUWVTRHVVd1Y2dExnemo5VWtRbWdfSWo4NF9pdy1UdUFJMlhkUkQwSHF5UFIzMzhWMXppZ21lUWtIVFJEaTZlZnZLcVVXbGt1Z1h3Q0h4Sk1DS2JPendmTWZTMUlwd0RmQ2VEYVlnSlU0cjFH?oc=5
2024-02-18,MSFT,Microsoft,Stock-Split Watch: Is Microsoft Next? - The Motley Fool,"EN
Sign in
Before you continue to Google
We use cookies and data to
Deliver and maintain Google services
Track outages and protect against spam, fraud, and abuse
Measure audience engagement and site statistics to understand how our services are used and enhance the quality of those services
If you choose to “Accept all,” we will also use cookies and data to
Develop and improve new services
Deliver and measure the effectiveness of ads
Show personalized content, depending on your settings
Show personalized ads, depending on your settings
If you choose to “Reject all,” we will not use cookies for these additional purposes.
Non-personalized content is influenced by things like the content you’re currently viewing, activity in your active Search session, and your location. Non-personalized ads are influenced by the content you’re currently viewing and your general location. Personalized content and ads can also include more relevant results, recommendations, and tailored ads based on past activity from this browser, like previous Google searches. We also use cookies and data to tailor the experience to be age-appropriate, if relevant.
Select “More options” to see additional information, including details about managing your privacy settings. You can also visit g.co/privacytools at any time.
Reject all
Accept all
More options
Privacy Policy
Terms of Service",https://news.google.com/rss/articles/CBMihAFBVV95cUxQYXA4VHFJc213VHY0UndiYXB1RTlRZ25FOElMM0pkc1ZRMFlSY1dtWDhadDFPZ0dHQzk5dVVhcnlXZFVCdFRGTEk5djNtbHh2RE5vT2FBUnRzOU01TUJ3aUtacnJrZDNIbmVPekExWVU4UE84Z3JNSDhHVVNFRmN2a21xc0Q?oc=5
2024-02-06,MSFT,Microsoft,"If You Invested $5,000 in Microsoft Stock in 2014, This Is How Much You'd Have Today - Yahoo Finance","EN
Sign in
Before you continue to Google
We use cookies and data to
Deliver and maintain Google services
Track outages and protect against spam, fraud, and abuse
Measure audience engagement and site statistics to understand how our services are used and enhance the quality of those services
If you choose to “Accept all,” we will also use cookies and data to
Develop and improve new services
Deliver and measure the effectiveness of ads
Show personalized content, depending on your settings
Show personalized ads, depending on your settings
If you choose to “Reject all,” we will not use cookies for these additional purposes.
Non-personalized content is influenced by things like the content you’re currently viewing, activity in your active Search session, and your location. Non-personalized ads are influenced by the content you’re currently viewing and your general location. Personalized content and ads can also include more relevant results, recommendations, and tailored ads based on past activity from this browser, like previous Google searches. We also use cookies and data to tailor the experience to be age-appropriate, if relevant.
Select “More options” to see additional information, including details about managing your privacy settings. You can also visit g.co/privacytools at any time.
Reject all
Accept all
More options
Privacy Policy
Terms of Service",https://news.google.com/rss/articles/CBMiggFBVV95cUxPU0x1MS1aS2Z3SGJkQlJrYmlEZUhrMVg5YUdpWEthVE5tQ1dSeVA2LXRzZ2VqbjVaSk9BTjRIVGROSW5sbHlFODRELW5uRGxqdmZZUTM5dklNdnpsdl9XM1FIaWpWUFJlM1d3MEJQOXlvN3BheVRRbzZxUng0OUQ3ZDdB?oc=5
2024-02-01,MSFT,Microsoft,Amazon Earnings On Deck. Can AWS Match Growth From Microsoft And Google? - Investor's Business Daily,"EN
Sign in
Before you continue to Google
We use cookies and data to
Deliver and maintain Google services
Track outages and protect against spam, fraud, and abuse
Measure audience engagement and site statistics to understand how our services are used and enhance the quality of those services
If you choose to “Accept all,” we will also use cookies and data to
Develop and improve new services
Deliver and measure the effectiveness of ads
Show personalized content, depending on your settings
Show personalized ads, depending on your settings
If you choose to “Reject all,” we will not use cookies for these additional purposes.
Non-personalized content is influenced by things like the content you’re currently viewing, activity in your active Search session, and your location. Non-personalized ads are influenced by the content you’re currently viewing and your general location. Personalized content and ads can also include more relevant results, recommendations, and tailored ads based on past activity from this browser, like previous Google searches. We also use cookies and data to tailor the experience to be age-appropriate, if relevant.
Select “More options” to see additional information, including details about managing your privacy settings. You can also visit g.co/privacytools at any time.
Reject all
Accept all
More options
Privacy Policy
Terms of Service",https://news.google.com/rss/articles/CBMirAFBVV95cUxQU1JETGdIdnlfYnJwWXpTZWNMZVRGbjhKYzEzV3JsU1BSeFp0SThvUjZEWGZHYTk5U00zeG81WUh5a2MtME5PWEJudFkzaDhzemlWUUtfU3lseHd2Yi1PMUxXeE9naEdieWNaQ3lzaVlTN0t3aDd1OThybTlFYVdEUVlCbEpBdkQ2NXZBN3FVWHhUNzA0YTd0NnNPQW5NT1J5MG12V0tocVZlZGtD?oc=5
2024-02-22,MSFT,Microsoft,Top Analyst Mark Moerdler Pounds the Table on Microsoft Stock - TipRanks,"EN
Sign in
Before you continue to Google
We use cookies and data to
Deliver and maintain Google services
Track outages and protect against spam, fraud, and abuse
Measure audience engagement and site statistics to understand how our services are used and enhance the quality of those services
If you choose to “Accept all,” we will also use cookies and data to
Develop and improve new services
Deliver and measure the effectiveness of ads
Show personalized content, depending on your settings
Show personalized ads, depending on your settings
If you choose to “Reject all,” we will not use cookies for these additional purposes.
Non-personalized content is influenced by things like the content you’re currently viewing, activity in your active Search session, and your location. Non-personalized ads are influenced by the content you’re currently viewing and your general location. Personalized content and ads can also include more relevant results, recommendations, and tailored ads based on past activity from this browser, like previous Google searches. We also use cookies and data to tailor the experience to be age-appropriate, if relevant.
Select “More options” to see additional information, including details about managing your privacy settings. You can also visit g.co/privacytools at any time.
Reject all
Accept all
More options
Privacy Policy
Terms of Service",https://news.google.com/rss/articles/CBMilgFBVV95cUxPaWNNU0luZ0hSM2Vud0hFSENGdkhZdE5fX0VvdjJ6X21uMGhiSWlwZlpGRlphUzlSYnVPdUdUMUlLSEJlWGRfRGNpWjlPMnlhbDhLLWM4cmNFZjRDR2RpbnMzQldhU2ZleTVwXzBaMFhzTVltc3U5Sy1nZDNhT252SEdsNmd0TXk0cXl0eXd1MmhSSGlaaGc?oc=5
2024-02-06,MSFT,Microsoft,Better Tech Stock: IBM vs. Microsoft - The Motley Fool,"EN
Sign in
Before you continue to Google
We use cookies and data to
Deliver and maintain Google services
Track outages and protect against spam, fraud, and abuse
Measure audience engagement and site statistics to understand how our services are used and enhance the quality of those services
If you choose to “Accept all,” we will also use cookies and data to
Develop and improve new services
Deliver and measure the effectiveness of ads
Show personalized content, depending on your settings
Show personalized ads, depending on your settings
If you choose to “Reject all,” we will not use cookies for these additional purposes.
Non-personalized content is influenced by things like the content you’re currently viewing, activity in your active Search session, and your location. Non-personalized ads are influenced by the content you’re currently viewing and your general location. Personalized content and ads can also include more relevant results, recommendations, and tailored ads based on past activity from this browser, like previous Google searches. We also use cookies and data to tailor the experience to be age-appropriate, if relevant.
Select “More options” to see additional information, including details about managing your privacy settings. You can also visit g.co/privacytools at any time.
Reject all
Accept all
More options
Privacy Policy
Terms of Service",https://news.google.com/rss/articles/CBMigwFBVV95cUxPZVVnczlBWkVsVWpGN0lqOWY4d1F6TGowTTlVQms3a0psN0M2bzhLX3RsUDBWejNXWkxzV1RmM2JuSlRSek82d2lXX2NNc2lVU2ZtdXBWV1pweWNHcjhMeWpXN18taXRNaWVxNHdpRDZTUmlmU2NsWklvcFhkTmFxQjlkdw?oc=5
2024-02-22,MSFT,Microsoft,Reasons to Invest in Microsoft Corporation (MSFT) - Yahoo Finance,"EN
Sign in
Before you continue to Google
We use cookies and data to
Deliver and maintain Google services
Track outages and protect against spam, fraud, and abuse
Measure audience engagement and site statistics to understand how our services are used and enhance the quality of those services
If you choose to “Accept all,” we will also use cookies and data to
Develop and improve new services
Deliver and measure the effectiveness of ads
Show personalized content, depending on your settings
Show personalized ads, depending on your settings
If you choose to “Reject all,” we will not use cookies for these additional purposes.
Non-personalized content is influenced by things like the content you’re currently viewing, activity in your active Search session, and your location. Non-personalized ads are influenced by the content you’re currently viewing and your general location. Personalized content and ads can also include more relevant results, recommendations, and tailored ads based on past activity from this browser, like previous Google searches. We also use cookies and data to tailor the experience to be age-appropriate, if relevant.
Select “More options” to see additional information, including details about managing your privacy settings. You can also visit g.co/privacytools at any time.
Reject all
Accept all
More options
Privacy Policy
Terms of Service",https://news.google.com/rss/articles/CBMikAFBVV95cUxObGVHNUlWd1J5a2V1cWx0a0xlMUdJbDBtdF9LRnFCSVRyNVFGVWl3YXRHS3hjNUtwS0RRLS1DQ1FOUHNWdDJaR2tnZGRwM05WV3VFektpQ3cxOU9NSXRtUndmd0dLZVJXX1pkM3J0cV9wdlg3RWNwM2FYZFNlWGpWQjBNQkRtSU5hNTdnVV83d0o?oc=5
2024-02-05,MSFT,Microsoft,QLYS Stock: Qualys Stock Plunges As Analyst Predicts End To Microsoft Partnership - Investor's Business Daily,"EN
Sign in
Before you continue to Google
We use cookies and data to
Deliver and maintain Google services
Track outages and protect against spam, fraud, and abuse
Measure audience engagement and site statistics to understand how our services are used and enhance the quality of those services
If you choose to “Accept all,” we will also use cookies and data to
Develop and improve new services
Deliver and measure the effectiveness of ads
Show personalized content, depending on your settings
Show personalized ads, depending on your settings
If you choose to “Reject all,” we will not use cookies for these additional purposes.
Non-personalized content is influenced by things like the content you’re currently viewing, activity in your active Search session, and your location. Non-personalized ads are influenced by the content you’re currently viewing and your general location. Personalized content and ads can also include more relevant results, recommendations, and tailored ads based on past activity from this browser, like previous Google searches. We also use cookies and data to tailor the experience to be age-appropriate, if relevant.
Select “More options” to see additional information, including details about managing your privacy settings. You can also visit g.co/privacytools at any time.
Reject all
Accept all
More options
Privacy Policy
Terms of Service",https://news.google.com/rss/articles/CBMiwgFBVV95cUxQV1k1bXBfQUNzMDRyYVQyeXdlTVlxUExqcmsyRFJLdDZiQ0JVdGlwOFkxVUY2cXRQaFNrUHhGOVVKS0s1RjV6ZnVMU3hWODZWTldoeFczMGhxWTBSZ3Nkd0tMU1oxVmU0VlNxSjlXb3hnYUZzeW4xR09QcXZPZjRKaUUxNTNLeWd6Y3dhbXNCUWl0TDNnLUlWTUFvdjBsLW5vc0dwa1BkQ3MzSmpDLUs1cUFaNzBFVTBlbUo3V0NJanl5UQ?oc=5
2024-02-04,MSFT,Microsoft,Microsoft vs. Google: Which Is the Better AI Stock to Buy Now - The Motley Fool,"EN
Sign in
Before you continue to Google
We use cookies and data to
Deliver and maintain Google services
Track outages and protect against spam, fraud, and abuse
Measure audience engagement and site statistics to understand how our services are used and enhance the quality of those services
If you choose to “Accept all,” we will also use cookies and data to
Develop and improve new services
Deliver and measure the effectiveness of ads
Show personalized content, depending on your settings
Show personalized ads, depending on your settings
If you choose to “Reject all,” we will not use cookies for these additional purposes.
Non-personalized content is influenced by things like the content you’re currently viewing, activity in your active Search session, and your location. Non-personalized ads are influenced by the content you’re currently viewing and your general location. Personalized content and ads can also include more relevant results, recommendations, and tailored ads based on past activity from this browser, like previous Google searches. We also use cookies and data to tailor the experience to be age-appropriate, if relevant.
Select “More options” to see additional information, including details about managing your privacy settings. You can also visit g.co/privacytools at any time.
Reject all
Accept all
More options
Privacy Policy
Terms of Service",https://news.google.com/rss/articles/CBMikgFBVV95cUxPU0tPbmNfai12ZEh3M2hjdUpTUlN3ZnBoMW5fQ3BJWVFNbHhvc253WmRNUml6eWJrR0RRcnJKYUpiVlA5ZkFOdlBWUmdrN3hmME5PLXZncy11MjZBcVA3MkJrN0pxd1Z5WWI0TDNRaDhzVVNPdmk5R09rVUFuNDRnRm95UHAxZmlwUXAtd1hRX1BLZw?oc=5
2024-01-31,MSFT,Microsoft,"Microsoft beats Q2 earnings on AI, cloud strength - Yahoo Finance","EN
Sign in
Before you continue to Google
We use cookies and data to
Deliver and maintain Google services
Track outages and protect against spam, fraud, and abuse
Measure audience engagement and site statistics to understand how our services are used and enhance the quality of those services
If you choose to “Accept all,” we will also use cookies and data to
Develop and improve new services
Deliver and measure the effectiveness of ads
Show personalized content, depending on your settings
Show personalized ads, depending on your settings
If you choose to “Reject all,” we will not use cookies for these additional purposes.
Non-personalized content is influenced by things like the content you’re currently viewing, activity in your active Search session, and your location. Non-personalized ads are influenced by the content you’re currently viewing and your general location. Personalized content and ads can also include more relevant results, recommendations, and tailored ads based on past activity from this browser, like previous Google searches. We also use cookies and data to tailor the experience to be age-appropriate, if relevant.
Select “More options” to see additional information, including details about managing your privacy settings. You can also visit g.co/privacytools at any time.
Reject all
Accept all
More options
Privacy Policy
Terms of Service",https://news.google.com/rss/articles/CBMimgFBVV95cUxOWGlYNlVNRncwRXhzSzE0QUVzMDR1b1Iway03SGpvelcwcThUbXNxaG5XSWQ0aE5uTzV5TjhIU3dPRFBqT1VvQ0Q1dFlCVkw5SzhFc1ZONHZsZk9CaXpsMjM1b3dXemtRQ01IVU9WVlhUcmJVVF81cHhHWWtHSThzQW4ySEl1WWdkWDZzWC1OaERWY05mUGxlRE1n?oc=5
2024-02-29,MSFT,Microsoft,Billionaire Bill Gates Has 82% of His $42 Billion Portfolio in Just 4 Stocks - The Motley Fool,"EN
Sign in
Before you continue to Google
We use cookies and data to
Deliver and maintain Google services
Track outages and protect against spam, fraud, and abuse
Measure audience engagement and site statistics to understand how our services are used and enhance the quality of those services
If you choose to “Accept all,” we will also use cookies and data to
Develop and improve new services
Deliver and measure the effectiveness of ads
Show personalized content, depending on your settings
Show personalized ads, depending on your settings
If you choose to “Reject all,” we will not use cookies for these additional purposes.
Non-personalized content is influenced by things like the content you’re currently viewing, activity in your active Search session, and your location. Non-personalized ads are influenced by the content you’re currently viewing and your general location. Personalized content and ads can also include more relevant results, recommendations, and tailored ads based on past activity from this browser, like previous Google searches. We also use cookies and data to tailor the experience to be age-appropriate, if relevant.
Select “More options” to see additional information, including details about managing your privacy settings. You can also visit g.co/privacytools at any time.
Reject all
Accept all
More options
Privacy Policy
Terms of Service",https://news.google.com/rss/articles/CBMijAFBVV95cUxOTTR0SkdwWXctUWdwZE02YkQ4LTg2QnMzTW4zcHhLVTJ2YVhjY1dhbklRU2tUMUNZMGlWSDZlSUZnSDJzYm9jQkE5ZFBOQmxyVmR4RzdDRHZmenJVRDZnRU9ic21NQms3dFl4RWNCWk0xYzl1QWNjQ2l0aVIwTU81T3ZTZkJ6SmNsZzZIbA?oc=5
2024-02-11,MSFT,Microsoft,"If You Invested $1,000 in Microsoft When It First Declared a Dividend, This Is How Much You'd Have Now - The Motley Fool","EN
Sign in
Before you continue to Google
We use cookies and data to
Deliver and maintain Google services
Track outages and protect against spam, fraud, and abuse
Measure audience engagement and site statistics to understand how our services are used and enhance the quality of those services
If you choose to “Accept all,” we will also use cookies and data to
Develop and improve new services
Deliver and measure the effectiveness of ads
Show personalized content, depending on your settings
Show personalized ads, depending on your settings
If you choose to “Reject all,” we will not use cookies for these additional purposes.
Non-personalized content is influenced by things like the content you’re currently viewing, activity in your active Search session, and your location. Non-personalized ads are influenced by the content you’re currently viewing and your general location. Personalized content and ads can also include more relevant results, recommendations, and tailored ads based on past activity from this browser, like previous Google searches. We also use cookies and data to tailor the experience to be age-appropriate, if relevant.
Select “More options” to see additional information, including details about managing your privacy settings. You can also visit g.co/privacytools at any time.
Reject all
Accept all
More options
Privacy Policy
Terms of Service",https://news.google.com/rss/articles/CBMilwFBVV95cUxPYVF6QnRmWmpOZXR1UWpTWkpiRVFQcGN2Tk9TTTJBVThNWDUyTTZleHdDT2MzOXJMSzdRTDZXVjVkalJ1QnJwcW9ZTlY1Q215eWdJenBOM0M0eEw3TVVaY213WVhhbnZOcUFaSTlKeDRQYUhza3dZX2ZIcWx4VHRJQm1BbTZ1dy1xVnV5b212ajRDN3FxTWVn?oc=5
2024-03-14,MSFT,Microsoft,Microsoft Stock Hits Record High On Security Copilot Launch - Investor's Business Daily,"EN
Sign in
Before you continue to Google
We use cookies and data to
Deliver and maintain Google services
Track outages and protect against spam, fraud, and abuse
Measure audience engagement and site statistics to understand how our services are used and enhance the quality of those services
If you choose to “Accept all,” we will also use cookies and data to
Develop and improve new services
Deliver and measure the effectiveness of ads
Show personalized content, depending on your settings
Show personalized ads, depending on your settings
If you choose to “Reject all,” we will not use cookies for these additional purposes.
Non-personalized content is influenced by things like the content you’re currently viewing, activity in your active Search session, and your location. Non-personalized ads are influenced by the content you’re currently viewing and your general location. Personalized content and ads can also include more relevant results, recommendations, and tailored ads based on past activity from this browser, like previous Google searches. We also use cookies and data to tailor the experience to be age-appropriate, if relevant.
Select “More options” to see additional information, including details about managing your privacy settings. You can also visit g.co/privacytools at any time.
Reject all
Accept all
More options
Privacy Policy
Terms of Service",https://news.google.com/rss/articles/CBMikAFBVV95cUxNMDZFbmpfeWQtOUJidnpTVl9YSXg2dDAyOS1zMUNHcVdZc0swUkp0aE1QLXhpQ2s2aHdkbC1GM1lhTV83ZmJ5Y0lldjF5Sjh3Nk5ickJDdXc5UjBNUUtleUQ3U3FJUFpJY0xLeTBzQUFYZkdOQXRjbVlFVkdNNWJaT1NYa2lpamRYdjczYXNGVmQ?oc=5
2024-03-14,MSFT,Microsoft,"Microsoft stock at record high, JPMorgan reiterates rating - Yahoo Finance","EN
Sign in
Before you continue to Google
We use cookies and data to
Deliver and maintain Google services
Track outages and protect against spam, fraud, and abuse
Measure audience engagement and site statistics to understand how our services are used and enhance the quality of those services
If you choose to “Accept all,” we will also use cookies and data to
Develop and improve new services
Deliver and measure the effectiveness of ads
Show personalized content, depending on your settings
Show personalized ads, depending on your settings
If you choose to “Reject all,” we will not use cookies for these additional purposes.
Non-personalized content is influenced by things like the content you’re currently viewing, activity in your active Search session, and your location. Non-personalized ads are influenced by the content you’re currently viewing and your general location. Personalized content and ads can also include more relevant results, recommendations, and tailored ads based on past activity from this browser, like previous Google searches. We also use cookies and data to tailor the experience to be age-appropriate, if relevant.
Select “More options” to see additional information, including details about managing your privacy settings. You can also visit g.co/privacytools at any time.
Reject all
Accept all
More options
Privacy Policy
Terms of Service",https://news.google.com/rss/articles/CBMiiwFBVV95cUxOSjZOMnhDZ3hSQk8wdGlNblk2YUVzaG4wR3NfNEItUVdTa2h2d1dRU19MOXNkNWo0SktVczMybEttM3ZRVWpfME9LYnNWQjMyRkpOdkdwcEtxSWFiT3B1Qm1fcXZRSWV0c3JOSlNNUm9sU3FSSGRDRVBXMWhQTXdwckhseGFDMHp1N2tB?oc=5
2024-03-22,MSFT,Microsoft,Which Stock Is the Better Investment in 2024: Apple or Microsoft? - Nasdaq,"EN
Sign in
Before you continue to Google
We use cookies and data to
Deliver and maintain Google services
Track outages and protect against spam, fraud, and abuse
Measure audience engagement and site statistics to understand how our services are used and enhance the quality of those services
If you choose to “Accept all,” we will also use cookies and data to
Develop and improve new services
Deliver and measure the effectiveness of ads
Show personalized content, depending on your settings
Show personalized ads, depending on your settings
If you choose to “Reject all,” we will not use cookies for these additional purposes.
Non-personalized content is influenced by things like the content you’re currently viewing, activity in your active Search session, and your location. Non-personalized ads are influenced by the content you’re currently viewing and your general location. Personalized content and ads can also include more relevant results, recommendations, and tailored ads based on past activity from this browser, like previous Google searches. We also use cookies and data to tailor the experience to be age-appropriate, if relevant.
Select “More options” to see additional information, including details about managing your privacy settings. You can also visit g.co/privacytools at any time.
Reject all
Accept all
More options
Privacy Policy
Terms of Service",https://news.google.com/rss/articles/CBMinAFBVV95cUxQN1VOWG5iSFVLeEhUZ3hUajRPdHB1VWk3b01zOXk1UXNPNjJDaXU5UnQya1A1YUVQMlByYmFrYXF2UDBmZUpCUnlUQTUxUzZpQ2FUTjBLQ0N2T0ltSnIxaXZSazAwLUNVUkJpYTFPdnp6MTBkU0Q3M20yaVQtUktUcmJzVzF2MHBJRTZyQWk0Q29Na29HTmk3N3M0UUw?oc=5
2024-03-26,MSFT,Microsoft,"Microsoft stock will surge another 18% over the next year as the company rides AI momentum, Wedbush says - markets.businessinsider.com","EN
Sign in
Before you continue to Google
We use cookies and data to
Deliver and maintain Google services
Track outages and protect against spam, fraud, and abuse
Measure audience engagement and site statistics to understand how our services are used and enhance the quality of those services
If you choose to “Accept all,” we will also use cookies and data to
Develop and improve new services
Deliver and measure the effectiveness of ads
Show personalized content, depending on your settings
Show personalized ads, depending on your settings
If you choose to “Reject all,” we will not use cookies for these additional purposes.
Non-personalized content is influenced by things like the content you’re currently viewing, activity in your active Search session, and your location. Non-personalized ads are influenced by the content you’re currently viewing and your general location. Personalized content and ads can also include more relevant results, recommendations, and tailored ads based on past activity from this browser, like previous Google searches. We also use cookies and data to tailor the experience to be age-appropriate, if relevant.
Select “More options” to see additional information, including details about managing your privacy settings. You can also visit g.co/privacytools at any time.
Reject all
Accept all
More options
Privacy Policy
Terms of Service",https://news.google.com/rss/articles/CBMivgFBVV95cUxNZXlzYzFrU1lSVmp5eVRqeXlqWkFweDdoSFk4ZXB5RGdENDN6c2VzTlNPeDBwdmRPWUtEYno4UXVBSGJUMXRrUkVlc3lyQ3NpU3FBc3lWWTQyalU2M0NZRVNFM2pFSEl5dWtHY19tY2hVMmY2SnpJdmp4d1BZbThfVHdqNkdneGVUdjlNMjkxZENLb2tJNWRaZ19ReVd6OU1uRkpJUUFkbVNBUHhUM0FUQ2JYTTdLU2ZWSmxvZUl3?oc=5
2024-03-12,MSFT,Microsoft,London Stock Exchange Group increases productivity with Windows 365 - Microsoft,"EN
Sign in
Before you continue to Google
We use cookies and data to
Deliver and maintain Google services
Track outages and protect against spam, fraud, and abuse
Measure audience engagement and site statistics to understand how our services are used and enhance the quality of those services
If you choose to “Accept all,” we will also use cookies and data to
Develop and improve new services
Deliver and measure the effectiveness of ads
Show personalized content, depending on your settings
Show personalized ads, depending on your settings
If you choose to “Reject all,” we will not use cookies for these additional purposes.
Non-personalized content is influenced by things like the content you’re currently viewing, activity in your active Search session, and your location. Non-personalized ads are influenced by the content you’re currently viewing and your general location. Personalized content and ads can also include more relevant results, recommendations, and tailored ads based on past activity from this browser, like previous Google searches. We also use cookies and data to tailor the experience to be age-appropriate, if relevant.
Select “More options” to see additional information, including details about managing your privacy settings. You can also visit g.co/privacytools at any time.
Reject all
Accept all
More options
Privacy Policy
Terms of Service",https://news.google.com/rss/articles/CBMilAFBVV95cUxNU2QwOWJ0RlNERkswV09qaWt6Y2xWNnJ1aUY1eXdKQkxISXZEV21MMGh6UEdlZTlHYTE0QzRTakJ5VDUtM21tUU5DeVZUdEdOVFV3a0hxcUhsR19OSnFKNVdXdGE4ZWpWX3JpV0NVamdCb0pCakw3cjBGWUpOVnE4dS1WTi0tbzU5djlnV0oteWlWNnBm?oc=5
2024-03-10,MSFT,Microsoft,Better Artificial Intelligence (AI) Stock: Nvidia vs. Microsoft - The Motley Fool,"EN
Sign in
Before you continue to Google
We use cookies and data to
Deliver and maintain Google services
Track outages and protect against spam, fraud, and abuse
Measure audience engagement and site statistics to understand how our services are used and enhance the quality of those services
If you choose to “Accept all,” we will also use cookies and data to
Develop and improve new services
Deliver and measure the effectiveness of ads
Show personalized content, depending on your settings
Show personalized ads, depending on your settings
If you choose to “Reject all,” we will not use cookies for these additional purposes.
Non-personalized content is influenced by things like the content you’re currently viewing, activity in your active Search session, and your location. Non-personalized ads are influenced by the content you’re currently viewing and your general location. Personalized content and ads can also include more relevant results, recommendations, and tailored ads based on past activity from this browser, like previous Google searches. We also use cookies and data to tailor the experience to be age-appropriate, if relevant.
Select “More options” to see additional information, including details about managing your privacy settings. You can also visit g.co/privacytools at any time.
Reject all
Accept all
More options
Privacy Policy
Terms of Service",https://news.google.com/rss/articles/CBMilwFBVV95cUxPOFY4VFEzSkVvc0hGMktlRDB2aWlOOUVzQ0xHMkQzd0NSU1A0bjhvV1lablNtY3dmYk9SR3JHZlJCX2dIQVNwR1A0cWs5S0tfUWFtSjBuMXVEN0phdHJUaE9vY293T0E3NEhBUzBwbnlvMWl0Qlhjc0R6ZkFOZUpLNHd3MTZiVVBLYVZNd2FOMjJMalFLcFFn?oc=5
2024-03-15,MSFT,Microsoft,"Forget OpenAI, Here's The New AI Start-Up Set To Boost Microsoft Stock - Barchart.com","EN
Sign in
Before you continue to Google
We use cookies and data to
Deliver and maintain Google services
Track outages and protect against spam, fraud, and abuse
Measure audience engagement and site statistics to understand how our services are used and enhance the quality of those services
If you choose to “Accept all,” we will also use cookies and data to
Develop and improve new services
Deliver and measure the effectiveness of ads
Show personalized content, depending on your settings
Show personalized ads, depending on your settings
If you choose to “Reject all,” we will not use cookies for these additional purposes.
Non-personalized content is influenced by things like the content you’re currently viewing, activity in your active Search session, and your location. Non-personalized ads are influenced by the content you’re currently viewing and your general location. Personalized content and ads can also include more relevant results, recommendations, and tailored ads based on past activity from this browser, like previous Google searches. We also use cookies and data to tailor the experience to be age-appropriate, if relevant.
Select “More options” to see additional information, including details about managing your privacy settings. You can also visit g.co/privacytools at any time.
Reject all
Accept all
More options
Privacy Policy
Terms of Service",https://news.google.com/rss/articles/CBMitAFBVV95cUxPZHd5czE3X1pxNXY5eVkzQjI1c05ENXFUR2EtbkpvV0JQNGMzTDNhLUFucDBmM3h4WVJvcUZibW9Hdzk3aXZFNjItTUxyc2IwVDhXUHRHLWRvSF9lTGRHWnoyeE9aa0JvbllVOXJXMEhUSlA3dFZ0TDQ5SEVmbE4xMWlLSGVvcnpORk9XNlZtbzNranRJanJuNkkwc0FNdXdzZ19GejNsMmg1c2JJZG95RGxZb2o?oc=5
2024-03-19,MSFT,Microsoft,Microsoft Hires DeepMind Co-Founder Mustafa Suleyman as CEO of AI Unit - Investopedia,"EN
Sign in
Before you continue to Google
We use cookies and data to
Deliver and maintain Google services
Track outages and protect against spam, fraud, and abuse
Measure audience engagement and site statistics to understand how our services are used and enhance the quality of those services
If you choose to “Accept all,” we will also use cookies and data to
Develop and improve new services
Deliver and measure the effectiveness of ads
Show personalized content, depending on your settings
Show personalized ads, depending on your settings
If you choose to “Reject all,” we will not use cookies for these additional purposes.
Non-personalized content is influenced by things like the content you’re currently viewing, activity in your active Search session, and your location. Non-personalized ads are influenced by the content you’re currently viewing and your general location. Personalized content and ads can also include more relevant results, recommendations, and tailored ads based on past activity from this browser, like previous Google searches. We also use cookies and data to tailor the experience to be age-appropriate, if relevant.
Select “More options” to see additional information, including details about managing your privacy settings. You can also visit g.co/privacytools at any time.
Reject all
Accept all
More options
Privacy Policy
Terms of Service",https://news.google.com/rss/articles/CBMiqwFBVV95cUxNbjBqaFY3TFNBVnJCOEhZSkF3RUphTTk3TEJYNXlxY2R4cmVkQUNSOXJVVExrc0o4WVlaTVN0UlZzank3Z0xkenJ0QUtiMlNnYVl5eWo2OWtrOGVQc3VJSEEwV2h1RHdEQlNWOFlramxBckZHUjNhQWRLcWhZLWRhRlZFZFdlbW10Q1RaVThYVVpXRVpJZzE0bjdfSC1BZFNMbHBybmNfd2lCSzA?oc=5
2024-03-26,MSFT,Microsoft,"Microsoft is already bigger than Apple, but its ‘iPhone moment’ could be coming - MarketWatch","EN
Sign in
Before you continue to Google
We use cookies and data to
Deliver and maintain Google services
Track outages and protect against spam, fraud, and abuse
Measure audience engagement and site statistics to understand how our services are used and enhance the quality of those services
If you choose to “Accept all,” we will also use cookies and data to
Develop and improve new services
Deliver and measure the effectiveness of ads
Show personalized content, depending on your settings
Show personalized ads, depending on your settings
If you choose to “Reject all,” we will not use cookies for these additional purposes.
Non-personalized content is influenced by things like the content you’re currently viewing, activity in your active Search session, and your location. Non-personalized ads are influenced by the content you’re currently viewing and your general location. Personalized content and ads can also include more relevant results, recommendations, and tailored ads based on past activity from this browser, like previous Google searches. We also use cookies and data to tailor the experience to be age-appropriate, if relevant.
Select “More options” to see additional information, including details about managing your privacy settings. You can also visit g.co/privacytools at any time.
Reject all
Accept all
More options
Privacy Policy
Terms of Service",https://news.google.com/rss/articles/CBMiuwFBVV95cUxPUnFpdlN5Y21WNl9ldmRXUUh6anAxaTRzbW51aGZidWpFSGZQSHBCT2JuN25FLWhObkx1YnI4U3VkalI5dzk4STVGZWZkbVNYVmtVVFlNQmQ1MHF3RVl2NEQzcUdpTFd6SVJpVVZOaUxGd09oNFdPdk1RMFBiMlllXzByWTFNc0xiaG84WDJCeFduQ1NFQXFpbWpwNVRzWHVTRENHTFRwQUY4UnJUVUdoOTBlaC1PbVdULW5B?oc=5
2024-03-15,MSFT,Microsoft,Stock Market News: Dow Closes Lower - Barron's,"EN
Sign in
Before you continue to Google
We use cookies and data to
Deliver and maintain Google services
Track outages and protect against spam, fraud, and abuse
Measure audience engagement and site statistics to understand how our services are used and enhance the quality of those services
If you choose to “Accept all,” we will also use cookies and data to
Develop and improve new services
Deliver and measure the effectiveness of ads
Show personalized content, depending on your settings
Show personalized ads, depending on your settings
If you choose to “Reject all,” we will not use cookies for these additional purposes.
Non-personalized content is influenced by things like the content you’re currently viewing, activity in your active Search session, and your location. Non-personalized ads are influenced by the content you’re currently viewing and your general location. Personalized content and ads can also include more relevant results, recommendations, and tailored ads based on past activity from this browser, like previous Google searches. We also use cookies and data to tailor the experience to be age-appropriate, if relevant.
Select “More options” to see additional information, including details about managing your privacy settings. You can also visit g.co/privacytools at any time.
Reject all
Accept all
More options
Privacy Policy
Terms of Service",https://news.google.com/rss/articles/CBMib0FVX3lxTFB2c2xOd2piMU5VNUhzYTA5UFpiRzFIeFZ6cVhqS0FsYV9KNW1ZdXZCaDdhcGNUelRvTHlqa3Zpb1BRRG5MbDhESTBQcTBVRG1EWG5ES29RVFdOdUwxVnQtajM1Y05yNTZQenc0VUVRaw?oc=5
2024-03-09,MSFT,Microsoft,Microsoft (NASDAQ:MSFT) shareholders have earned a 30% CAGR over the last five years - Yahoo Finance,"EN
Sign in
Before you continue to Google
We use cookies and data to
Deliver and maintain Google services
Track outages and protect against spam, fraud, and abuse
Measure audience engagement and site statistics to understand how our services are used and enhance the quality of those services
If you choose to “Accept all,” we will also use cookies and data to
Develop and improve new services
Deliver and measure the effectiveness of ads
Show personalized content, depending on your settings
Show personalized ads, depending on your settings
If you choose to “Reject all,” we will not use cookies for these additional purposes.
Non-personalized content is influenced by things like the content you’re currently viewing, activity in your active Search session, and your location. Non-personalized ads are influenced by the content you’re currently viewing and your general location. Personalized content and ads can also include more relevant results, recommendations, and tailored ads based on past activity from this browser, like previous Google searches. We also use cookies and data to tailor the experience to be age-appropriate, if relevant.
Select “More options” to see additional information, including details about managing your privacy settings. You can also visit g.co/privacytools at any time.
Reject all
Accept all
More options
Privacy Policy
Terms of Service",https://news.google.com/rss/articles/CBMikAFBVV95cUxPTTdYcEh6UDl4bnBja091NlYzTzNXSW1idTBQZXUxSEJUMDlJNVJvaTEzakhYdGRoTnhzUVM0NEVzcGNidGgwMlRGbUhyQ0pXYzVqaGtiTU5JcjY2dll4dURRUTVIMkJKS0NpUUdhMXZ2Ul91em5lU29JWkNPMG45SmFPTGRrbHc2UmZEemt2SUE?oc=5
2024-03-21,MSFT,Microsoft,Futures Rise As Micron Soars; Seven Stocks In Buy Areas - Investor's Business Daily,"EN
Sign in
Before you continue to Google
We use cookies and data to
Deliver and maintain Google services
Track outages and protect against spam, fraud, and abuse
Measure audience engagement and site statistics to understand how our services are used and enhance the quality of those services
If you choose to “Accept all,” we will also use cookies and data to
Develop and improve new services
Deliver and measure the effectiveness of ads
Show personalized content, depending on your settings
Show personalized ads, depending on your settings
If you choose to “Reject all,” we will not use cookies for these additional purposes.
Non-personalized content is influenced by things like the content you’re currently viewing, activity in your active Search session, and your location. Non-personalized ads are influenced by the content you’re currently viewing and your general location. Personalized content and ads can also include more relevant results, recommendations, and tailored ads based on past activity from this browser, like previous Google searches. We also use cookies and data to tailor the experience to be age-appropriate, if relevant.
Select “More options” to see additional information, including details about managing your privacy settings. You can also visit g.co/privacytools at any time.
Reject all
Accept all
More options
Privacy Policy
Terms of Service",https://news.google.com/rss/articles/CBMipwFBVV95cUxOVVU2bEt0U2xPaWY4RlZVQWdUUUYyX3V6UUVSbWZsaGlDdnk1OHpKV3Jycl8tYUY2RmMwdlZ0LXp6cXFvUnY4RWVMUXhyR3EzMVVrU3Z3czN6T21rRlJPNlNVUEx0RWhhQlE5cG9Mbml6eWNUOXFxaGdsbFFpUG5ZN0J2LTVBMjNLM3ZLelNsX09yTkVSelhXbEZ4VnhIVEM2WktLeTNrdw?oc=5
2024-03-29,MSFT,Microsoft,Could Oracle Become the Next Microsoft? - The Motley Fool,"EN
Sign in
Before you continue to Google
We use cookies and data to
Deliver and maintain Google services
Track outages and protect against spam, fraud, and abuse
Measure audience engagement and site statistics to understand how our services are used and enhance the quality of those services
If you choose to “Accept all,” we will also use cookies and data to
Develop and improve new services
Deliver and measure the effectiveness of ads
Show personalized content, depending on your settings
Show personalized ads, depending on your settings
If you choose to “Reject all,” we will not use cookies for these additional purposes.
Non-personalized content is influenced by things like the content you’re currently viewing, activity in your active Search session, and your location. Non-personalized ads are influenced by the content you’re currently viewing and your general location. Personalized content and ads can also include more relevant results, recommendations, and tailored ads based on past activity from this browser, like previous Google searches. We also use cookies and data to tailor the experience to be age-appropriate, if relevant.
Select “More options” to see additional information, including details about managing your privacy settings. You can also visit g.co/privacytools at any time.
Reject all
Accept all
More options
Privacy Policy
Terms of Service",https://news.google.com/rss/articles/CBMiiAFBVV95cUxQblpRV3djam5ydkRlSGNRbmEtTjlGQzdCQnhUV1cxLXFYUXg0NmM3RnZPTFNmM21vN0pBSkVNelE3X0FTYnEyOW5BOEFUOUlHRkpkWnpPeHhqY3NCYkVsZW05dWtCSzdDVnhnS0ZzQlcycjhnS1l1QWhMYTYtSXpDRUc5LTloczc0?oc=5
2024-03-26,MSFT,Microsoft,"1 Unstoppable Stock That Could Join Microsoft, Apple, Nvidia, Alphabet, Amazon, and Meta in the $1 Trillion Club - Nasdaq","EN
Sign in
Before you continue to Google
We use cookies and data to
Deliver and maintain Google services
Track outages and protect against spam, fraud, and abuse
Measure audience engagement and site statistics to understand how our services are used and enhance the quality of those services
If you choose to “Accept all,” we will also use cookies and data to
Develop and improve new services
Deliver and measure the effectiveness of ads
Show personalized content, depending on your settings
Show personalized ads, depending on your settings
If you choose to “Reject all,” we will not use cookies for these additional purposes.
Non-personalized content is influenced by things like the content you’re currently viewing, activity in your active Search session, and your location. Non-personalized ads are influenced by the content you’re currently viewing and your general location. Personalized content and ads can also include more relevant results, recommendations, and tailored ads based on past activity from this browser, like previous Google searches. We also use cookies and data to tailor the experience to be age-appropriate, if relevant.
Select “More options” to see additional information, including details about managing your privacy settings. You can also visit g.co/privacytools at any time.
Reject all
Accept all
More options
Privacy Policy
Terms of Service",https://news.google.com/rss/articles/CBMivwFBVV95cUxPQzEwQjFtX05JcF81NGYzamJfeWFKX3U3MTNWMVFEeHh1VjhKNUpXN3gtdHZIZkpSNGRzRERrMGloYWhsdlZiX2dUNE1VUjlMQlVYYmFfU2FQVkQ5ZDZmOS1EUGlrbFg2dmMyZGc5X0dvclpRcEpuN0ZuMGdWRVJIclFEbGhLYWVadTdJSk0yMkUzcXZfc0JlSXdSRlpsMkx2aHdSVFYteXgwTjBMc1RqOUswTkZEdVFQb3ZSMnZiQQ?oc=5
2024-03-08,MSFT,Microsoft,Which Was the Better Investment 10 Years Ago: Apple or Microsoft? - Yahoo Finance,"EN
Sign in
Before you continue to Google
We use cookies and data to
Deliver and maintain Google services
Track outages and protect against spam, fraud, and abuse
Measure audience engagement and site statistics to understand how our services are used and enhance the quality of those services
If you choose to “Accept all,” we will also use cookies and data to
Develop and improve new services
Deliver and measure the effectiveness of ads
Show personalized content, depending on your settings
Show personalized ads, depending on your settings
If you choose to “Reject all,” we will not use cookies for these additional purposes.
Non-personalized content is influenced by things like the content you’re currently viewing, activity in your active Search session, and your location. Non-personalized ads are influenced by the content you’re currently viewing and your general location. Personalized content and ads can also include more relevant results, recommendations, and tailored ads based on past activity from this browser, like previous Google searches. We also use cookies and data to tailor the experience to be age-appropriate, if relevant.
Select “More options” to see additional information, including details about managing your privacy settings. You can also visit g.co/privacytools at any time.
Reject all
Accept all
More options
Privacy Policy
Terms of Service",https://news.google.com/rss/articles/CBMiggFBVV95cUxNcXIzbjl4THZvSXotSkQ0cF9oYUd5RDVDRko5YlRDNVlwTnF6ZVgwYkZXMF9TYXkycWFfODBhZk1EX2lGXzA5S1ZsQW9jZlhPeDBEOVRnZ3E3SVdaRHNsNFp3TmdtRlFFNC1xRS1JRk93enhnaWVCZHVzdUwtLXNnRlFR?oc=5
2024-03-06,MSFT,Microsoft,"Box Stock Jumps On Earnings Beat, Microsoft AI Collaboration News - Investor's Business Daily","EN
Sign in
Before you continue to Google
We use cookies and data to
Deliver and maintain Google services
Track outages and protect against spam, fraud, and abuse
Measure audience engagement and site statistics to understand how our services are used and enhance the quality of those services
If you choose to “Accept all,” we will also use cookies and data to
Develop and improve new services
Deliver and measure the effectiveness of ads
Show personalized content, depending on your settings
Show personalized ads, depending on your settings
If you choose to “Reject all,” we will not use cookies for these additional purposes.
Non-personalized content is influenced by things like the content you’re currently viewing, activity in your active Search session, and your location. Non-personalized ads are influenced by the content you’re currently viewing and your general location. Personalized content and ads can also include more relevant results, recommendations, and tailored ads based on past activity from this browser, like previous Google searches. We also use cookies and data to tailor the experience to be age-appropriate, if relevant.
Select “More options” to see additional information, including details about managing your privacy settings. You can also visit g.co/privacytools at any time.
Reject all
Accept all
More options
Privacy Policy
Terms of Service",https://news.google.com/rss/articles/CBMimgFBVV95cUxQRE9uczlXZmtvZGVNX2E0cno5b2ZUYi1EaXpOOG1ndTFtanN5M0hnWGZpTDROalpuTWhlb04xLThmVTl2MXpMbllWRkpoYVNQX1NGRGhQTF8xV2RVeGtWVWhBV21MQ1BJZkVLT2Y1cDJqNVV0SGx0LTlwM29kb0R1UEhxTHBhMEVQdGdSLXNWM1NiZEJoSFRIWXNB?oc=5
2024-03-16,MSFT,Microsoft,"Meet the ""Magnificent Seven"" Stock That Pays More Dividends Than Any Other U.S.-Based Company - The Motley Fool","EN
Sign in
Before you continue to Google
We use cookies and data to
Deliver and maintain Google services
Track outages and protect against spam, fraud, and abuse
Measure audience engagement and site statistics to understand how our services are used and enhance the quality of those services
If you choose to “Accept all,” we will also use cookies and data to
Develop and improve new services
Deliver and measure the effectiveness of ads
Show personalized content, depending on your settings
Show personalized ads, depending on your settings
If you choose to “Reject all,” we will not use cookies for these additional purposes.
Non-personalized content is influenced by things like the content you’re currently viewing, activity in your active Search session, and your location. Non-personalized ads are influenced by the content you’re currently viewing and your general location. Personalized content and ads can also include more relevant results, recommendations, and tailored ads based on past activity from this browser, like previous Google searches. We also use cookies and data to tailor the experience to be age-appropriate, if relevant.
Select “More options” to see additional information, including details about managing your privacy settings. You can also visit g.co/privacytools at any time.
Reject all
Accept all
More options
Privacy Policy
Terms of Service",https://news.google.com/rss/articles/CBMijwFBVV95cUxPckdZc05DQ290bTF6MVh2eXVLUF9ldlRSTXdJTDZQYm9VcDRBMjlDdFEtS3hHMEhodGJpcG1oM09OdmkzTHJWMU9vNW9YektiRHd2SllURmhZZjZsaWFhSVVRMERXb1RENFdWaG82MHhWZkpQdzRja3pUTzlPUG80SVZUUTFodVo0MjRsRndOdw?oc=5
2024-03-25,MSFT,Microsoft,Apple is now worth $540 billion less than Microsoft — a Tesla-sized gap - Yahoo Finance,"EN
Sign in
Before you continue to Google
We use cookies and data to
Deliver and maintain Google services
Track outages and protect against spam, fraud, and abuse
Measure audience engagement and site statistics to understand how our services are used and enhance the quality of those services
If you choose to “Accept all,” we will also use cookies and data to
Develop and improve new services
Deliver and measure the effectiveness of ads
Show personalized content, depending on your settings
Show personalized ads, depending on your settings
If you choose to “Reject all,” we will not use cookies for these additional purposes.
Non-personalized content is influenced by things like the content you’re currently viewing, activity in your active Search session, and your location. Non-personalized ads are influenced by the content you’re currently viewing and your general location. Personalized content and ads can also include more relevant results, recommendations, and tailored ads based on past activity from this browser, like previous Google searches. We also use cookies and data to tailor the experience to be age-appropriate, if relevant.
Select “More options” to see additional information, including details about managing your privacy settings. You can also visit g.co/privacytools at any time.
Reject all
Accept all
More options
Privacy Policy
Terms of Service",https://news.google.com/rss/articles/CBMifkFVX3lxTE00SUR2WGVrZUUtQ3JsaVR4Y3phRFlGazFQU20xUVVILVRsZXc3OWo0QzZVOUJVNkdaRnloakw0Rlg5a25lS0ViRk5GdXYzb09LRUZRX1l2RGJTVFVDMnRCV2VvR0lQRy13N3N5Q25sYUlyV0Q1Tm1vSTFlQTFuZw?oc=5
2024-03-11,MSFT,Microsoft,"Forget Nvidia: 2 Members of the ""Magnificent Seven"" Appear Poised to Become Wall Street's Next Stock-Split Stocks - Yahoo Finance","EN
Sign in
Before you continue to Google
We use cookies and data to
Deliver and maintain Google services
Track outages and protect against spam, fraud, and abuse
Measure audience engagement and site statistics to understand how our services are used and enhance the quality of those services
If you choose to “Accept all,” we will also use cookies and data to
Develop and improve new services
Deliver and measure the effectiveness of ads
Show personalized content, depending on your settings
Show personalized ads, depending on your settings
If you choose to “Reject all,” we will not use cookies for these additional purposes.
Non-personalized content is influenced by things like the content you’re currently viewing, activity in your active Search session, and your location. Non-personalized ads are influenced by the content you’re currently viewing and your general location. Personalized content and ads can also include more relevant results, recommendations, and tailored ads based on past activity from this browser, like previous Google searches. We also use cookies and data to tailor the experience to be age-appropriate, if relevant.
Select “More options” to see additional information, including details about managing your privacy settings. You can also visit g.co/privacytools at any time.
Reject all
Accept all
More options
Privacy Policy
Terms of Service",https://news.google.com/rss/articles/CBMiiAFBVV95cUxQcl9UMEFZVXQwc21OUXVnMVoyRTVLcEZOVnRmWHd1enhaRWUwd29ia2pBNWNSRzdzamItNEI1Z1RVT09kVk56dHpWRGZYRUVBS1Fvdkd5WWhmR0h2Ml9fX2dNRE5Za3hoa0ZuLU1lQkxxN0NMTzZxdW4tY0l0Q3NIbzQ4aUpleHMz?oc=5
2024-03-30,MSFT,Microsoft,12 Hot Tech Stocks to Invest in Now - Yahoo Finance,"EN
Sign in
Before you continue to Google
We use cookies and data to
Deliver and maintain Google services
Track outages and protect against spam, fraud, and abuse
Measure audience engagement and site statistics to understand how our services are used and enhance the quality of those services
If you choose to “Accept all,” we will also use cookies and data to
Develop and improve new services
Deliver and measure the effectiveness of ads
Show personalized content, depending on your settings
Show personalized ads, depending on your settings
If you choose to “Reject all,” we will not use cookies for these additional purposes.
Non-personalized content is influenced by things like the content you’re currently viewing, activity in your active Search session, and your location. Non-personalized ads are influenced by the content you’re currently viewing and your general location. Personalized content and ads can also include more relevant results, recommendations, and tailored ads based on past activity from this browser, like previous Google searches. We also use cookies and data to tailor the experience to be age-appropriate, if relevant.
Select “More options” to see additional information, including details about managing your privacy settings. You can also visit g.co/privacytools at any time.
Reject all
Accept all
More options
Privacy Policy
Terms of Service",https://news.google.com/rss/articles/CBMie0FVX3lxTFBqZmRlR3h6aHBlNFMxbi1RZS1JVmZyM3NrVzg3dmkzTEltWG9aajlkWXdVSkx5LVlLN2xJVTZ0ZTVvbGY1dko1WUtRaldaZnBYeWpjOU5CM2xyV2NBTmpjTWF3UzdJVVktM2VmMnFmTE5yYWNkWGx1Qk9nNA?oc=5
2024-04-21,MSFT,Microsoft,"If You'd Invested $10,000 in Microsoft Stock When Satya Nadella Became CEO, This Is How Much You Would Have Today - Nasdaq","EN
Sign in
Before you continue to Google
We use cookies and data to
Deliver and maintain Google services
Track outages and protect against spam, fraud, and abuse
Measure audience engagement and site statistics to understand how our services are used and enhance the quality of those services
If you choose to “Accept all,” we will also use cookies and data to
Develop and improve new services
Deliver and measure the effectiveness of ads
Show personalized content, depending on your settings
Show personalized ads, depending on your settings
If you choose to “Reject all,” we will not use cookies for these additional purposes.
Non-personalized content is influenced by things like the content you’re currently viewing, activity in your active Search session, and your location. Non-personalized ads are influenced by the content you’re currently viewing and your general location. Personalized content and ads can also include more relevant results, recommendations, and tailored ads based on past activity from this browser, like previous Google searches. We also use cookies and data to tailor the experience to be age-appropriate, if relevant.
Select “More options” to see additional information, including details about managing your privacy settings. You can also visit g.co/privacytools at any time.
Reject all
Accept all
More options
Privacy Policy
Terms of Service",https://news.google.com/rss/articles/CBMivgFBVV95cUxPakZNczRQRVhOVVRWd3FWV2FPZTF0dG1aNnJ2TFV1eWlodHVXVWpOUFhNd2VRc0RXQXRvT3VlZ0RWck81ejE4TW5aLTVfc3phdkUzTl9neGU4NTd5WS04bjFRRG9neFBjSFFMblNkZVhreXBrTW9yYzlPVi1fSTctVzBvR2pfSE5oZF80dk42SjZZM3M2VmRwOTBrN21WRHZha1V4T2FPUW9pQjh1YWNjSktrWjN5TU9ka3Y5MTl3?oc=5
2024-04-25,MSFT,Microsoft,"Microsoft Stock Rises After Earnings, Revenue Beat Estimates - WSJ","EN
Sign in
Before you continue to Google
We use cookies and data to
Deliver and maintain Google services
Track outages and protect against spam, fraud, and abuse
Measure audience engagement and site statistics to understand how our services are used and enhance the quality of those services
If you choose to “Accept all,” we will also use cookies and data to
Develop and improve new services
Deliver and measure the effectiveness of ads
Show personalized content, depending on your settings
Show personalized ads, depending on your settings
If you choose to “Reject all,” we will not use cookies for these additional purposes.
Non-personalized content is influenced by things like the content you’re currently viewing, activity in your active Search session, and your location. Non-personalized ads are influenced by the content you’re currently viewing and your general location. Personalized content and ads can also include more relevant results, recommendations, and tailored ads based on past activity from this browser, like previous Google searches. We also use cookies and data to tailor the experience to be age-appropriate, if relevant.
Select “More options” to see additional information, including details about managing your privacy settings. You can also visit g.co/privacytools at any time.
Reject all
Accept all
More options
Privacy Policy
Terms of Service",https://news.google.com/rss/articles/CBMi4AFBVV95cUxOMmktcThXaEk1OXlSX0tMRnRzNGg4a1VfQzYzWnY3R0Z0NjgyNFJfZDZVd0ZVT0JkaVFnTXlRYTliX1Y2ZEU2U0JjUEptQ0duTV9LUUd5Q1ZnSF83VDVMUnBhRjVpTzIxSDRDRHF2dzRIUHltYTMwLWRWQW9INUp0UVdhMGJzQnpob2F1VEQ0Sk1vY09Bcl8wb3IwMEd5aDVGOGpEY2czX3FfMW5wNV85X0EzQnllejF2Nk1RMnlIQ3FHajdYMFhuTUx4MlhsYko1SWZucW56dG9ERTRuVVMzVA?oc=5
2024-04-18,MSFT,Microsoft,"Going Into Earnings, Is Microsoft a Buy, a Sell, or Fairly Valued? - Morningstar","EN
Sign in
Before you continue to Google
We use cookies and data to
Deliver and maintain Google services
Track outages and protect against spam, fraud, and abuse
Measure audience engagement and site statistics to understand how our services are used and enhance the quality of those services
If you choose to “Accept all,” we will also use cookies and data to
Develop and improve new services
Deliver and measure the effectiveness of ads
Show personalized content, depending on your settings
Show personalized ads, depending on your settings
If you choose to “Reject all,” we will not use cookies for these additional purposes.
Non-personalized content is influenced by things like the content you’re currently viewing, activity in your active Search session, and your location. Non-personalized ads are influenced by the content you’re currently viewing and your general location. Personalized content and ads can also include more relevant results, recommendations, and tailored ads based on past activity from this browser, like previous Google searches. We also use cookies and data to tailor the experience to be age-appropriate, if relevant.
Select “More options” to see additional information, including details about managing your privacy settings. You can also visit g.co/privacytools at any time.
Reject all
Accept all
More options
Privacy Policy
Terms of Service",https://news.google.com/rss/articles/CBMimgFBVV95cUxOUUltQkttbHk1d0hGRTJzcG81T2VYemhCdHpxN2FaWkgzZzRlQkZ3WHRVXzFYQVhPMmpGUFllRDlXNmk0dDhNWWpzN3FxMDh4b0NWRzZ3XzlIUFNiNmlXZWQzdi1uNjVmMjJyeEh5R3RyOFQ1djBIeDhJbkJfanpOZldocWdYUEZNb0NqYnVtNEdRdHlwMW9HTmdn?oc=5
2024-04-26,MSFT,Microsoft,Microsoft beats Q3 top and bottom lines on cloud strength - Yahoo Finance,"EN
Sign in
Before you continue to Google
We use cookies and data to
Deliver and maintain Google services
Track outages and protect against spam, fraud, and abuse
Measure audience engagement and site statistics to understand how our services are used and enhance the quality of those services
If you choose to “Accept all,” we will also use cookies and data to
Develop and improve new services
Deliver and measure the effectiveness of ads
Show personalized content, depending on your settings
Show personalized ads, depending on your settings
If you choose to “Reject all,” we will not use cookies for these additional purposes.
Non-personalized content is influenced by things like the content you’re currently viewing, activity in your active Search session, and your location. Non-personalized ads are influenced by the content you’re currently viewing and your general location. Personalized content and ads can also include more relevant results, recommendations, and tailored ads based on past activity from this browser, like previous Google searches. We also use cookies and data to tailor the experience to be age-appropriate, if relevant.
Select “More options” to see additional information, including details about managing your privacy settings. You can also visit g.co/privacytools at any time.
Reject all
Accept all
More options
Privacy Policy
Terms of Service",https://news.google.com/rss/articles/CBMickFVX3lxTE1pTUMzSDJiWHpEWmY5UENGc3VKb3NHNU9XRmJ4SmdUQU5raUJENDI5bVdlb0g3YkxpYmFDcFViaERfOTlfNXZmUjRvaWhyTjFXcVJWZXI5Y2pJR0h6cENiVjRGNWRYUXQzU3VpcHlfWlU3Zw?oc=5
2024-04-29,MSFT,Microsoft,1 Wall Street Analyst Thinks Microsoft Stock Is Going to $500. Is It a Buy Around $400? - The Motley Fool,"EN
Sign in
Before you continue to Google
We use cookies and data to
Deliver and maintain Google services
Track outages and protect against spam, fraud, and abuse
Measure audience engagement and site statistics to understand how our services are used and enhance the quality of those services
If you choose to “Accept all,” we will also use cookies and data to
Develop and improve new services
Deliver and measure the effectiveness of ads
Show personalized content, depending on your settings
Show personalized ads, depending on your settings
If you choose to “Reject all,” we will not use cookies for these additional purposes.
Non-personalized content is influenced by things like the content you’re currently viewing, activity in your active Search session, and your location. Non-personalized ads are influenced by the content you’re currently viewing and your general location. Personalized content and ads can also include more relevant results, recommendations, and tailored ads based on past activity from this browser, like previous Google searches. We also use cookies and data to tailor the experience to be age-appropriate, if relevant.
Select “More options” to see additional information, including details about managing your privacy settings. You can also visit g.co/privacytools at any time.
Reject all
Accept all
More options
Privacy Policy
Terms of Service",https://news.google.com/rss/articles/CBMijwFBVV95cUxNN25NcTc4R09XekxWRWE4NXFnZ0pXY28zNHlMLUs2UlFoS2hGMm9XZWx6di1FVmJ5VjR1MEZuY2stbm90V1hKaVF0NFduMlFUQUZ3NjFETHduSFVMcGhnUEthZGlKOHdvMUxDRWl4YkZHMV9meEs2MUFYMHI5S2ZnVF9MUHBLamZsVUptNjdPWQ?oc=5
2024-04-16,MSFT,Microsoft,Microsoft Stock in Focus Following $1.5B Investment in UAE-Based AI Firm G42 - Investopedia,"EN
Sign in
Before you continue to Google
We use cookies and data to
Deliver and maintain Google services
Track outages and protect against spam, fraud, and abuse
Measure audience engagement and site statistics to understand how our services are used and enhance the quality of those services
If you choose to “Accept all,” we will also use cookies and data to
Develop and improve new services
Deliver and measure the effectiveness of ads
Show personalized content, depending on your settings
Show personalized ads, depending on your settings
If you choose to “Reject all,” we will not use cookies for these additional purposes.
Non-personalized content is influenced by things like the content you’re currently viewing, activity in your active Search session, and your location. Non-personalized ads are influenced by the content you’re currently viewing and your general location. Personalized content and ads can also include more relevant results, recommendations, and tailored ads based on past activity from this browser, like previous Google searches. We also use cookies and data to tailor the experience to be age-appropriate, if relevant.
Select “More options” to see additional information, including details about managing your privacy settings. You can also visit g.co/privacytools at any time.
Reject all
Accept all
More options
Privacy Policy
Terms of Service",https://news.google.com/rss/articles/CBMiqwFBVV95cUxNWWppY1RFVWs0ak5Bay1YSmQweGdjTWtlX3hIZnlTSFlpd0hmbEZySE9xMy1JbXJEcEU5aEJBYnZwZlNnN1VQUjVtRzB5dFFvanR4bE1oVEYwV2dyLTFxbE9aOWZNanBDTWNOc2szQXdwZjBMeDlPMkpoa1pSV2MwWmhYV0xQNzdLV2I4QW8wa1dLb3laT3dLNE1JMDhwcXNXM0UtVkVaXzVScmc?oc=5
2024-04-11,MSFT,Microsoft,"Stocks Fade After PPI Relief; Nvidia, Microsoft Targets Hiked - Investor's Business Daily","EN
Sign in
Before you continue to Google
We use cookies and data to
Deliver and maintain Google services
Track outages and protect against spam, fraud, and abuse
Measure audience engagement and site statistics to understand how our services are used and enhance the quality of those services
If you choose to “Accept all,” we will also use cookies and data to
Develop and improve new services
Deliver and measure the effectiveness of ads
Show personalized content, depending on your settings
Show personalized ads, depending on your settings
If you choose to “Reject all,” we will not use cookies for these additional purposes.
Non-personalized content is influenced by things like the content you’re currently viewing, activity in your active Search session, and your location. Non-personalized ads are influenced by the content you’re currently viewing and your general location. Personalized content and ads can also include more relevant results, recommendations, and tailored ads based on past activity from this browser, like previous Google searches. We also use cookies and data to tailor the experience to be age-appropriate, if relevant.
Select “More options” to see additional information, including details about managing your privacy settings. You can also visit g.co/privacytools at any time.
Reject all
Accept all
More options
Privacy Policy
Terms of Service",https://news.google.com/rss/articles/CBMivwFBVV95cUxOUG5ZT1lhWndKSlluUjcwN0NuZXlRNF9KX1F2eHJwWm5yRHRoVVZmd0JlOUM4SWQ1ZGVTSmZ6V0xMZVpKVjdaaS0tVnFGMEJrS2pUVkpwcGVmVThuRElLQjA3VXAtR1N3d2swd3VnWVlRQ09ELUxPSDN5d3ZULV9CNm9BQzIyVVI0cnVMSjE4d2Jfa2dWaDJNQm5xYWl1RGtGUTJfT3ptX2dLVzhkRnBXaEdjQ3ZwTjFBcEdrT0dSQQ?oc=5
2024-04-25,MSFT,Microsoft,Microsoft earnings: Stock charges higher on strong Azure growth - MarketWatch,"EN
Sign in
Before you continue to Google
We use cookies and data to
Deliver and maintain Google services
Track outages and protect against spam, fraud, and abuse
Measure audience engagement and site statistics to understand how our services are used and enhance the quality of those services
If you choose to “Accept all,” we will also use cookies and data to
Develop and improve new services
Deliver and measure the effectiveness of ads
Show personalized content, depending on your settings
Show personalized ads, depending on your settings
If you choose to “Reject all,” we will not use cookies for these additional purposes.
Non-personalized content is influenced by things like the content you’re currently viewing, activity in your active Search session, and your location. Non-personalized ads are influenced by the content you’re currently viewing and your general location. Personalized content and ads can also include more relevant results, recommendations, and tailored ads based on past activity from this browser, like previous Google searches. We also use cookies and data to tailor the experience to be age-appropriate, if relevant.
Select “More options” to see additional information, including details about managing your privacy settings. You can also visit g.co/privacytools at any time.
Reject all
Accept all
More options
Privacy Policy
Terms of Service",https://news.google.com/rss/articles/CBMikwFBVV95cUxQTVpjdVZYYjh3OUVYUFJhUmlBakhLUjFHZjVGSE1jTVBnRHpFZS1jMkl6YjV1alBJazRISTY3dU55aWl0MTlsTWZiQ3J3eExBYUM1SEM5WU9kdTVGVDFxdHZvNHN5cl85WDF2czVLTUU2NUNHVmZGUXBUMzhXMFE3X2NRX3Y0OTZISDBhenl5ZnRCMW8?oc=5
2024-04-13,MSFT,Microsoft,Microsoft Stock: Decent Buying Opportunity (NASDAQ:MSFT) - Seeking Alpha,"EN
Sign in
Before you continue to Google
We use cookies and data to
Deliver and maintain Google services
Track outages and protect against spam, fraud, and abuse
Measure audience engagement and site statistics to understand how our services are used and enhance the quality of those services
If you choose to “Accept all,” we will also use cookies and data to
Develop and improve new services
Deliver and measure the effectiveness of ads
Show personalized content, depending on your settings
Show personalized ads, depending on your settings
If you choose to “Reject all,” we will not use cookies for these additional purposes.
Non-personalized content is influenced by things like the content you’re currently viewing, activity in your active Search session, and your location. Non-personalized ads are influenced by the content you’re currently viewing and your general location. Personalized content and ads can also include more relevant results, recommendations, and tailored ads based on past activity from this browser, like previous Google searches. We also use cookies and data to tailor the experience to be age-appropriate, if relevant.
Select “More options” to see additional information, including details about managing your privacy settings. You can also visit g.co/privacytools at any time.
Reject all
Accept all
More options
Privacy Policy
Terms of Service",https://news.google.com/rss/articles/CBMiggFBVV95cUxQeEJNcWMwTWoza1F0SGNSLXNtd0U4dWU0TEdPa0R6NmtBZ21LaDI1bnJ4SEZrM1ZoZW9veHJPWG93cDczRjQ0bmR3ay15c0hYUDVWNUZYVzk1QTI1SHZEeWs5RENfQUZkT3U3dWJBekVqRFlOOTZ6U1Z5TzhSWXk3OG13?oc=5
2024-04-26,MSFT,Microsoft,"Alphabet, Microsoft earnings show hefty AI bets are driving growth - Reuters","EN
Sign in
Before you continue to Google
We use cookies and data to
Deliver and maintain Google services
Track outages and protect against spam, fraud, and abuse
Measure audience engagement and site statistics to understand how our services are used and enhance the quality of those services
If you choose to “Accept all,” we will also use cookies and data to
Develop and improve new services
Deliver and measure the effectiveness of ads
Show personalized content, depending on your settings
Show personalized ads, depending on your settings
If you choose to “Reject all,” we will not use cookies for these additional purposes.
Non-personalized content is influenced by things like the content you’re currently viewing, activity in your active Search session, and your location. Non-personalized ads are influenced by the content you’re currently viewing and your general location. Personalized content and ads can also include more relevant results, recommendations, and tailored ads based on past activity from this browser, like previous Google searches. We also use cookies and data to tailor the experience to be age-appropriate, if relevant.
Select “More options” to see additional information, including details about managing your privacy settings. You can also visit g.co/privacytools at any time.
Reject all
Accept all
More options
Privacy Policy
Terms of Service",https://news.google.com/rss/articles/CBMiqwFBVV95cUxNVUNGTWlXNW5jYkxjQmFrRXY2RXg2UHhvbmIwS0t5dGFhRURMLWVEZmpiTzdYcWxCT3Z0c3c4eGRqSFhZSWYzMWI4N0hfUnpnSUFaQ3I2aEFrckJZN1B2QlQ2bGVpbng5Vmk2ZXVYajZIVlNJWjl5MXBIS1NjRDh3LUlqRGhQeUphYXhKTW5PQmJ4aG9jQTlpR2d3SFhuSUdjaDItX2Rpa0daZFU?oc=5
2024-04-25,MSFT,Microsoft,Microsoft beats expectations as quarterly profits rise 20% to nearly $22B - GeekWire,"EN
Sign in
Before you continue to Google
We use cookies and data to
Deliver and maintain Google services
Track outages and protect against spam, fraud, and abuse
Measure audience engagement and site statistics to understand how our services are used and enhance the quality of those services
If you choose to “Accept all,” we will also use cookies and data to
Develop and improve new services
Deliver and measure the effectiveness of ads
Show personalized content, depending on your settings
Show personalized ads, depending on your settings
If you choose to “Reject all,” we will not use cookies for these additional purposes.
Non-personalized content is influenced by things like the content you’re currently viewing, activity in your active Search session, and your location. Non-personalized ads are influenced by the content you’re currently viewing and your general location. Personalized content and ads can also include more relevant results, recommendations, and tailored ads based on past activity from this browser, like previous Google searches. We also use cookies and data to tailor the experience to be age-appropriate, if relevant.
Select “More options” to see additional information, including details about managing your privacy settings. You can also visit g.co/privacytools at any time.
Reject all
Accept all
More options
Privacy Policy
Terms of Service",https://news.google.com/rss/articles/CBMirgFBVV95cUxOOUVudlBLT2hvcGdNdVR3d3RmZ0VOdkZPZ2pFd0NnMzdHakN2eVlRczlSNk93Z1ZqMEV1R25EaUdxT1VtdUMwdlZvMnluWXVvc3ZfY1ZOYkZKUzRzSTJQQ296QXAyVlNLbzNpdHJyRnBxcEt0eFRhZXZ4WC05Wi1HdXNJTmxmWjN6ZE84Tm9wTnpvd2RjU1BvbHVSSnJhVUFfR2dSQVQ0S0xnZVJneWc?oc=5
2024-04-17,MSFT,Microsoft,Here's How Much Upside Analysts Are Predicting for Microsoft Stock - Nasdaq,"EN
Sign in
Before you continue to Google
We use cookies and data to
Deliver and maintain Google services
Track outages and protect against spam, fraud, and abuse
Measure audience engagement and site statistics to understand how our services are used and enhance the quality of those services
If you choose to “Accept all,” we will also use cookies and data to
Develop and improve new services
Deliver and measure the effectiveness of ads
Show personalized content, depending on your settings
Show personalized ads, depending on your settings
If you choose to “Reject all,” we will not use cookies for these additional purposes.
Non-personalized content is influenced by things like the content you’re currently viewing, activity in your active Search session, and your location. Non-personalized ads are influenced by the content you’re currently viewing and your general location. Personalized content and ads can also include more relevant results, recommendations, and tailored ads based on past activity from this browser, like previous Google searches. We also use cookies and data to tailor the experience to be age-appropriate, if relevant.
Select “More options” to see additional information, including details about managing your privacy settings. You can also visit g.co/privacytools at any time.
Reject all
Accept all
More options
Privacy Policy
Terms of Service",https://news.google.com/rss/articles/CBMingFBVV95cUxNeGJQMGNmOTliNlphWWdSN0RINVZ2RThGUGZZbXBFcm9HMEZtbUxlV0UzRWpMNEcydUxNdFB1VUU2clVVdmVDZXBmTlJQYXl2bXE3eXpQR2V4WWtCemQwWG9hM19SMHFPaG96UE5XczloUmpMV2VXMzFkVDhaQjdWeUt5YmJxbnhQMzVFOHIyQXpHaG5xWmFEQ3FCRHJ4QQ?oc=5
2024-04-12,MSFT,Microsoft,Microsoft vs. Google: Which Tech Stock Is the Better Buy for Investors? - Yahoo Finance,"EN
Sign in
Before you continue to Google
We use cookies and data to
Deliver and maintain Google services
Track outages and protect against spam, fraud, and abuse
Measure audience engagement and site statistics to understand how our services are used and enhance the quality of those services
If you choose to “Accept all,” we will also use cookies and data to
Develop and improve new services
Deliver and measure the effectiveness of ads
Show personalized content, depending on your settings
Show personalized ads, depending on your settings
If you choose to “Reject all,” we will not use cookies for these additional purposes.
Non-personalized content is influenced by things like the content you’re currently viewing, activity in your active Search session, and your location. Non-personalized ads are influenced by the content you’re currently viewing and your general location. Personalized content and ads can also include more relevant results, recommendations, and tailored ads based on past activity from this browser, like previous Google searches. We also use cookies and data to tailor the experience to be age-appropriate, if relevant.
Select “More options” to see additional information, including details about managing your privacy settings. You can also visit g.co/privacytools at any time.
Reject all
Accept all
More options
Privacy Policy
Terms of Service",https://news.google.com/rss/articles/CBMiggFBVV95cUxQdTA5dEJ0YXpfWE5DR0U2VnZOOVI5b19KbWZPdEltUmc2b3hrMWVZc3JoVkUxczRpR252UlBmcU85YUYwODE1cHozMFpuWGhlR1lQS1FSNFA2V2YwNmF1Q3ZabHA4em5sSnp1QTZjQV9YVzRhSnVOX1BZY1lweTVuQm53?oc=5
2024-04-03,MSFT,Microsoft,"Quantum Computing Startup, Microsoft Claim Major Advance - Investor's Business Daily","EN
Sign in
Before you continue to Google
We use cookies and data to
Deliver and maintain Google services
Track outages and protect against spam, fraud, and abuse
Measure audience engagement and site statistics to understand how our services are used and enhance the quality of those services
If you choose to “Accept all,” we will also use cookies and data to
Develop and improve new services
Deliver and measure the effectiveness of ads
Show personalized content, depending on your settings
Show personalized ads, depending on your settings
If you choose to “Reject all,” we will not use cookies for these additional purposes.
Non-personalized content is influenced by things like the content you’re currently viewing, activity in your active Search session, and your location. Non-personalized ads are influenced by the content you’re currently viewing and your general location. Personalized content and ads can also include more relevant results, recommendations, and tailored ads based on past activity from this browser, like previous Google searches. We also use cookies and data to tailor the experience to be age-appropriate, if relevant.
Select “More options” to see additional information, including details about managing your privacy settings. You can also visit g.co/privacytools at any time.
Reject all
Accept all
More options
Privacy Policy
Terms of Service",https://news.google.com/rss/articles/CBMitAFBVV95cUxNbGR3ZUdsdmxEbkx2X1dTQ1ZTY0ozaTlaU3g5MEtTTTRDcnJqOEVpb1NSUFF5X3dMdi1LVnNqQmxZdnpBSzdZeXdaQVBWcHlYS2MzZzV4dmk2VDRhbFBSY3FtMXRURktwYXZ4eTNWODFzeEVJSURpdHZpSWdiZWphd0ZhYm8tNGJ1dnRlMjZSTUZEdEpxdExLVk8xRGM3T3c0c1ZELTM0X2VzX1RDQTdfSjJNYkE?oc=5
2024-04-25,MSFT,Microsoft,Microsoft-backed Rubrik's stock jumps 21% in NYSE debut - Reuters,"EN
Sign in
Before you continue to Google
We use cookies and data to
Deliver and maintain Google services
Track outages and protect against spam, fraud, and abuse
Measure audience engagement and site statistics to understand how our services are used and enhance the quality of those services
If you choose to “Accept all,” we will also use cookies and data to
Develop and improve new services
Deliver and measure the effectiveness of ads
Show personalized content, depending on your settings
Show personalized ads, depending on your settings
If you choose to “Reject all,” we will not use cookies for these additional purposes.
Non-personalized content is influenced by things like the content you’re currently viewing, activity in your active Search session, and your location. Non-personalized ads are influenced by the content you’re currently viewing and your general location. Personalized content and ads can also include more relevant results, recommendations, and tailored ads based on past activity from this browser, like previous Google searches. We also use cookies and data to tailor the experience to be age-appropriate, if relevant.
Select “More options” to see additional information, including details about managing your privacy settings. You can also visit g.co/privacytools at any time.
Reject all
Accept all
More options
Privacy Policy
Terms of Service",https://news.google.com/rss/articles/CBMiugFBVV95cUxNbURjeFhNSEtaVDdLNGFtMlZ1cTBoVnd1N3l4OVZxZXRXdHN0QUdSNU1DeUJaMmRTNWRsYVJOdGdOUV9heWctS3NRVnVzLVlLY2pSbmtpVnVDeFRrd2Q0aHR6Qnh3VEIzblhsdk9CRm1lY3VYTG1oWm81Y2NxMWdVTGUxQjh2eGpJOTk3TFBWQ21ZT2Q1NERpa1JoTGJIek9LMFMyY19OX0lzNWMzd0NPTk5wX3ctbVhacWc?oc=5
2024-04-25,MSFT,Microsoft,What You Need To Know Ahead of Microsoft's Earnings Report - Investopedia,"EN
Sign in
Before you continue to Google
We use cookies and data to
Deliver and maintain Google services
Track outages and protect against spam, fraud, and abuse
Measure audience engagement and site statistics to understand how our services are used and enhance the quality of those services
If you choose to “Accept all,” we will also use cookies and data to
Develop and improve new services
Deliver and measure the effectiveness of ads
Show personalized content, depending on your settings
Show personalized ads, depending on your settings
If you choose to “Reject all,” we will not use cookies for these additional purposes.
Non-personalized content is influenced by things like the content you’re currently viewing, activity in your active Search session, and your location. Non-personalized ads are influenced by the content you’re currently viewing and your general location. Personalized content and ads can also include more relevant results, recommendations, and tailored ads based on past activity from this browser, like previous Google searches. We also use cookies and data to tailor the experience to be age-appropriate, if relevant.
Select “More options” to see additional information, including details about managing your privacy settings. You can also visit g.co/privacytools at any time.
Reject all
Accept all
More options
Privacy Policy
Terms of Service",https://news.google.com/rss/articles/CBMif0FVX3lxTE1rU3FFVEphc05GMXh4eVVya1RaaFJaVEtFUE1oM3BzLUNpZ0lUT3l4ZEZGbllLaXdocE93d2sya0N2clRnZkpmVmpmek9fMzFNb3FZX1JLWXpFRHRkTVJvQXhINWMwMXBpRXdOVkJmLW10S3BlYUlya0d1VkVGekE?oc=5
2024-04-02,MSFT,Microsoft,How Much You Would Have Had To Invest In Microsoft 10 Years Ago To Retire Today - Nasdaq,"EN
Sign in
Before you continue to Google
We use cookies and data to
Deliver and maintain Google services
Track outages and protect against spam, fraud, and abuse
Measure audience engagement and site statistics to understand how our services are used and enhance the quality of those services
If you choose to “Accept all,” we will also use cookies and data to
Develop and improve new services
Deliver and measure the effectiveness of ads
Show personalized content, depending on your settings
Show personalized ads, depending on your settings
If you choose to “Reject all,” we will not use cookies for these additional purposes.
Non-personalized content is influenced by things like the content you’re currently viewing, activity in your active Search session, and your location. Non-personalized ads are influenced by the content you’re currently viewing and your general location. Personalized content and ads can also include more relevant results, recommendations, and tailored ads based on past activity from this browser, like previous Google searches. We also use cookies and data to tailor the experience to be age-appropriate, if relevant.
Select “More options” to see additional information, including details about managing your privacy settings. You can also visit g.co/privacytools at any time.
Reject all
Accept all
More options
Privacy Policy
Terms of Service",https://news.google.com/rss/articles/CBMisAFBVV95cUxOTHBFdGxUNi1mZXpZVWpCeUNNWWVVTnlRVjNiSkNNN1FaUzg4MjB4aWdYV204NktnSUNyblVWSTJCS2xGV1pZeC1yOFRvSDBfbjBjNXZMRi1RaTdhN0YxYnBmQWZOMmlBVkkwem1PTm1WdHBNbEtCNmJSWGFldEFCTjU3dTcwS21zek00Ql9DSG5BWkxzOWpaWWFSTE9aTEl3bVg1cHNMRDN0V3JqalhsWA?oc=5
2024-04-04,MSFT,Microsoft,Microsoft's $100 Billion Generative Artificial Intelligence (AI) Splurge Could Send This Stock Soaring - Yahoo Finance,"EN
Sign in
Before you continue to Google
We use cookies and data to
Deliver and maintain Google services
Track outages and protect against spam, fraud, and abuse
Measure audience engagement and site statistics to understand how our services are used and enhance the quality of those services
If you choose to “Accept all,” we will also use cookies and data to
Develop and improve new services
Deliver and measure the effectiveness of ads
Show personalized content, depending on your settings
Show personalized ads, depending on your settings
If you choose to “Reject all,” we will not use cookies for these additional purposes.
Non-personalized content is influenced by things like the content you’re currently viewing, activity in your active Search session, and your location. Non-personalized ads are influenced by the content you’re currently viewing and your general location. Personalized content and ads can also include more relevant results, recommendations, and tailored ads based on past activity from this browser, like previous Google searches. We also use cookies and data to tailor the experience to be age-appropriate, if relevant.
Select “More options” to see additional information, including details about managing your privacy settings. You can also visit g.co/privacytools at any time.
Reject all
Accept all
More options
Privacy Policy
Terms of Service",https://news.google.com/rss/articles/CBMilAFBVV95cUxQM3RCaGlTbXJVUXZqQjQ3V0RBUkt5YkYtMDVuMzEyNzZLTDJ6aFRGT09UVzM4NnJEVE0tT01VNG13WXNLaGJXcTkwdjNWOXFOMnE3YjUxemxkRmJrcVNndkMxYUJva3V5RXJLbl9BbGN4dm1GXzdBdndzWlNnRHNUNlJ3ZUtaWkdfcFFFMG5OVXlzZEEx?oc=5
2024-04-25,MSFT,Microsoft,"Microsoft results top Wall Street targets, driven by AI investment - Reuters","EN
Sign in
Before you continue to Google
We use cookies and data to
Deliver and maintain Google services
Track outages and protect against spam, fraud, and abuse
Measure audience engagement and site statistics to understand how our services are used and enhance the quality of those services
If you choose to “Accept all,” we will also use cookies and data to
Develop and improve new services
Deliver and measure the effectiveness of ads
Show personalized content, depending on your settings
Show personalized ads, depending on your settings
If you choose to “Reject all,” we will not use cookies for these additional purposes.
Non-personalized content is influenced by things like the content you’re currently viewing, activity in your active Search session, and your location. Non-personalized ads are influenced by the content you’re currently viewing and your general location. Personalized content and ads can also include more relevant results, recommendations, and tailored ads based on past activity from this browser, like previous Google searches. We also use cookies and data to tailor the experience to be age-appropriate, if relevant.
Select “More options” to see additional information, including details about managing your privacy settings. You can also visit g.co/privacytools at any time.
Reject all
Accept all
More options
Privacy Policy
Terms of Service",https://news.google.com/rss/articles/CBMilAFBVV95cUxQUkNOUldKTlFmLW1ySVhMbUVrOW82MjhkZE9FZUlBekxaT0FRWHVuRHdHMnIxTHIxUlJpOFFZRktDaG9ZM1dnb0R1OUpjVHNySXowMTdpWFJDemUyLUkzZWpRZUllbXRuM3lvUkY2aDlsaWNSd2FMdFFGS0QzOU11N2lnVEpsXzkxSlRIREFIT0tNREpI?oc=5
2024-04-26,MSFT,Microsoft,Stock market today: Nasdaq surges 2% as Big Tech leads rally after earnings - Yahoo Finance,"EN
Sign in
Before you continue to Google
We use cookies and data to
Deliver and maintain Google services
Track outages and protect against spam, fraud, and abuse
Measure audience engagement and site statistics to understand how our services are used and enhance the quality of those services
If you choose to “Accept all,” we will also use cookies and data to
Develop and improve new services
Deliver and measure the effectiveness of ads
Show personalized content, depending on your settings
Show personalized ads, depending on your settings
If you choose to “Reject all,” we will not use cookies for these additional purposes.
Non-personalized content is influenced by things like the content you’re currently viewing, activity in your active Search session, and your location. Non-personalized ads are influenced by the content you’re currently viewing and your general location. Personalized content and ads can also include more relevant results, recommendations, and tailored ads based on past activity from this browser, like previous Google searches. We also use cookies and data to tailor the experience to be age-appropriate, if relevant.
Select “More options” to see additional information, including details about managing your privacy settings. You can also visit g.co/privacytools at any time.
Reject all
Accept all
More options
Privacy Policy
Terms of Service",https://news.google.com/rss/articles/CBMirwFBVV95cUxNUjZKNDJVNlp2Q3p3MVp5ODZWc1VZc01pbHVXd1M4djJfajhWNkcwYVVHbDI3ZWdqRlFBVHhzal96Z3dwQmV4UWQyTTllYmV6UjdUNm4xQ2FVQTZqb0ZhN1JyRGI3VENiVFBqZ2phSmFUel9vMnE0dFdvM2VQcFQ3MFg0RXFLa2VqTTNwYWFlYzVMcGFBUE5zYjJkVW1QRXlEZW5GNzUzOEY2YVVVS2FR?oc=5
2024-05-01,MSFT,Microsoft,"After Earnings, Is Microsoft Stock a Buy, a Sell, or Fairly Valued? - Morningstar","EN
Sign in
Before you continue to Google
We use cookies and data to
Deliver and maintain Google services
Track outages and protect against spam, fraud, and abuse
Measure audience engagement and site statistics to understand how our services are used and enhance the quality of those services
If you choose to “Accept all,” we will also use cookies and data to
Develop and improve new services
Deliver and measure the effectiveness of ads
Show personalized content, depending on your settings
Show personalized ads, depending on your settings
If you choose to “Reject all,” we will not use cookies for these additional purposes.
Non-personalized content is influenced by things like the content you’re currently viewing, activity in your active Search session, and your location. Non-personalized ads are influenced by the content you’re currently viewing and your general location. Personalized content and ads can also include more relevant results, recommendations, and tailored ads based on past activity from this browser, like previous Google searches. We also use cookies and data to tailor the experience to be age-appropriate, if relevant.
Select “More options” to see additional information, including details about managing your privacy settings. You can also visit g.co/privacytools at any time.
Reject all
Accept all
More options
Privacy Policy
Terms of Service",https://news.google.com/rss/articles/CBMimwFBVV95cUxNYi1HQUtiUm9FRVRHajRUOFc4RVh3eXlvT0xNV2tLUDZ6eTYxQy1ScHVYTldnQjFYUTZrTXA4UDJoTVk1MWJmdWlseExES3NpSWZDMlBYd2dsa1NaSEljbkhqVURobkI4bUxMYXdiZnVJRG1HOXotaE5fbkVsVTV4TkFnMmZpeWJLWjM3ZUt6ak44NG1kS1ozSDU4bw?oc=5
2024-05-22,MSFT,Microsoft,Microsoft Stock (NASDAQ:MSFT) Can Still Rise Despite Sitting at the Top - Yahoo Finance,"EN
Sign in
Before you continue to Google
We use cookies and data to
Deliver and maintain Google services
Track outages and protect against spam, fraud, and abuse
Measure audience engagement and site statistics to understand how our services are used and enhance the quality of those services
If you choose to “Accept all,” we will also use cookies and data to
Develop and improve new services
Deliver and measure the effectiveness of ads
Show personalized content, depending on your settings
Show personalized ads, depending on your settings
If you choose to “Reject all,” we will not use cookies for these additional purposes.
Non-personalized content is influenced by things like the content you’re currently viewing, activity in your active Search session, and your location. Non-personalized ads are influenced by the content you’re currently viewing and your general location. Personalized content and ads can also include more relevant results, recommendations, and tailored ads based on past activity from this browser, like previous Google searches. We also use cookies and data to tailor the experience to be age-appropriate, if relevant.
Select “More options” to see additional information, including details about managing your privacy settings. You can also visit g.co/privacytools at any time.
Reject all
Accept all
More options
Privacy Policy
Terms of Service",https://news.google.com/rss/articles/CBMihgFBVV95cUxNTE5sdmpuU1lsSjhkZnB5RXA5YjdXTG1JdDB6MVEzel83ajJQRkxUTHVKaG85NDJtdTBvZVhad3dlcmZabERFSlNiVjNSeVlwdXY5alJQMmpQckNhLWZ3MHh2UXc4RzVSX1RVSzltSGhaSkdWSVRlR05naWwzSkRGUm55eFNaUQ?oc=5
2024-05-24,MSFT,Microsoft,Microsoft Stock Analysis: MSFT Is Your Ticket to $500 Per Share in 2024 - Nasdaq,"EN
Sign in
Before you continue to Google
We use cookies and data to
Deliver and maintain Google services
Track outages and protect against spam, fraud, and abuse
Measure audience engagement and site statistics to understand how our services are used and enhance the quality of those services
If you choose to “Accept all,” we will also use cookies and data to
Develop and improve new services
Deliver and measure the effectiveness of ads
Show personalized content, depending on your settings
Show personalized ads, depending on your settings
If you choose to “Reject all,” we will not use cookies for these additional purposes.
Non-personalized content is influenced by things like the content you’re currently viewing, activity in your active Search session, and your location. Non-personalized ads are influenced by the content you’re currently viewing and your general location. Personalized content and ads can also include more relevant results, recommendations, and tailored ads based on past activity from this browser, like previous Google searches. We also use cookies and data to tailor the experience to be age-appropriate, if relevant.
Select “More options” to see additional information, including details about managing your privacy settings. You can also visit g.co/privacytools at any time.
Reject all
Accept all
More options
Privacy Policy
Terms of Service",https://news.google.com/rss/articles/CBMipgFBVV95cUxNdm5tdFVUdHQ2MHFCQzZoWldDYVBCYkJyN0dsWmdWVnZMZlRpaDF4VGVuVEtpb0ZnMkxHZDc1b0hwVU1TTm1RTWVSVmhOMVV1aGVxNE5CZy1tOU1palg3R1llTVNMYUJrM3kzaGJVT2FJaTZxQTR0dFJuY3ZSOUZvT1NlTGNwc3B3UzY4VmxpSGU1YVhDcjhTbi1qY2p4MVpHa0RYUkRR?oc=5
2024-05-09,MSFT,Microsoft,3 lessons in financial services AI transformation from the LSEG-Microsoft partnership - Microsoft,"EN
Sign in
Before you continue to Google
We use cookies and data to
Deliver and maintain Google services
Track outages and protect against spam, fraud, and abuse
Measure audience engagement and site statistics to understand how our services are used and enhance the quality of those services
If you choose to “Accept all,” we will also use cookies and data to
Develop and improve new services
Deliver and measure the effectiveness of ads
Show personalized content, depending on your settings
Show personalized ads, depending on your settings
If you choose to “Reject all,” we will not use cookies for these additional purposes.
Non-personalized content is influenced by things like the content you’re currently viewing, activity in your active Search session, and your location. Non-personalized ads are influenced by the content you’re currently viewing and your general location. Personalized content and ads can also include more relevant results, recommendations, and tailored ads based on past activity from this browser, like previous Google searches. We also use cookies and data to tailor the experience to be age-appropriate, if relevant.
Select “More options” to see additional information, including details about managing your privacy settings. You can also visit g.co/privacytools at any time.
Reject all
Accept all
More options
Privacy Policy
Terms of Service",https://news.google.com/rss/articles/CBMi9AFBVV95cUxNY0dINDllZlpHbmlDQzZWekJZbFFxaElzWTJ2c3REV1I3ZnlXRUgzZUFyWVAtMGlLcGVjMEpwN24zQ0hyczlBQzdzalc2YzhBTzZUdzctRURaLWQ3MExTZHhMZ0RhM3NZN2cwbXk0NDE4eUVGYThrcVJOQTBoaU9yN1l4T29zaEFSRXdHV0NPR1gzVndhbDBnVEIxVGhvc3kxMWROMl9FRFRlLVFkdVkzbzVXbURfME1QQ0VacnE0MG5NSzZVWXlnRG4xbUFTVThTNXA4bVZJSUs5RFdEVmZkeFpHR2VwMmJLRjhFbWlqNXBJQ3Ra?oc=5
2024-05-21,MSFT,Microsoft,Microsoft Unveils New AI PC To Challenge Apple's MacBook Air - Investor's Business Daily,"EN
Sign in
Before you continue to Google
We use cookies and data to
Deliver and maintain Google services
Track outages and protect against spam, fraud, and abuse
Measure audience engagement and site statistics to understand how our services are used and enhance the quality of those services
If you choose to “Accept all,” we will also use cookies and data to
Develop and improve new services
Deliver and measure the effectiveness of ads
Show personalized content, depending on your settings
Show personalized ads, depending on your settings
If you choose to “Reject all,” we will not use cookies for these additional purposes.
Non-personalized content is influenced by things like the content you’re currently viewing, activity in your active Search session, and your location. Non-personalized ads are influenced by the content you’re currently viewing and your general location. Personalized content and ads can also include more relevant results, recommendations, and tailored ads based on past activity from this browser, like previous Google searches. We also use cookies and data to tailor the experience to be age-appropriate, if relevant.
Select “More options” to see additional information, including details about managing your privacy settings. You can also visit g.co/privacytools at any time.
Reject all
Accept all
More options
Privacy Policy
Terms of Service",https://news.google.com/rss/articles/CBMijAFBVV95cUxNelg2ZjlBRWNLUmc4cUMxRzdOelJYbTlxUklRcXFzRnRKN1FQVFBLVXRmWHkwWWduZ3M3OEhaNzNwNnhFdU80b0gzUDltajNSRnN5X1lkSE54ZXBjM2daUTVSRmMzSHJKWGx0cExCaTR3VWxlelo4RlFMZkY5VjREaGxKaTJkZG9NUG1hYg?oc=5
2024-05-17,MSFT,Microsoft,"Buy Microsoft Stock, Analysts Say. It Has a ‘Treasure Chest of Gaming Gold.’ - Barron's","EN
Sign in
Before you continue to Google
We use cookies and data to
Deliver and maintain Google services
Track outages and protect against spam, fraud, and abuse
Measure audience engagement and site statistics to understand how our services are used and enhance the quality of those services
If you choose to “Accept all,” we will also use cookies and data to
Develop and improve new services
Deliver and measure the effectiveness of ads
Show personalized content, depending on your settings
Show personalized ads, depending on your settings
If you choose to “Reject all,” we will not use cookies for these additional purposes.
Non-personalized content is influenced by things like the content you’re currently viewing, activity in your active Search session, and your location. Non-personalized ads are influenced by the content you’re currently viewing and your general location. Personalized content and ads can also include more relevant results, recommendations, and tailored ads based on past activity from this browser, like previous Google searches. We also use cookies and data to tailor the experience to be age-appropriate, if relevant.
Select “More options” to see additional information, including details about managing your privacy settings. You can also visit g.co/privacytools at any time.
Reject all
Accept all
More options
Privacy Policy
Terms of Service",https://news.google.com/rss/articles/CBMiiwFBVV95cUxPUkpNUVA4RWlRN1JaZGFpcy1DZ3NjQnI4TVJ1MDFTVGNXVzhUa2pncGtXSXgyeS04STgxQV9IVnJxWDh1bVRxNm5ZMER5QmIzZ0x5bnp5ZDZxN2NBQnd0a0p3QUJCR1M2WlctRGc5UUdlOFAzelptY2N0bGwtRUpJME1sR0hsMEtjQnVj?oc=5
2024-05-02,MSFT,Microsoft,Better AI Stock: Microsoft vs. AMD - The Motley Fool,"EN
Sign in
Before you continue to Google
We use cookies and data to
Deliver and maintain Google services
Track outages and protect against spam, fraud, and abuse
Measure audience engagement and site statistics to understand how our services are used and enhance the quality of those services
If you choose to “Accept all,” we will also use cookies and data to
Develop and improve new services
Deliver and measure the effectiveness of ads
Show personalized content, depending on your settings
Show personalized ads, depending on your settings
If you choose to “Reject all,” we will not use cookies for these additional purposes.
Non-personalized content is influenced by things like the content you’re currently viewing, activity in your active Search session, and your location. Non-personalized ads are influenced by the content you’re currently viewing and your general location. Personalized content and ads can also include more relevant results, recommendations, and tailored ads based on past activity from this browser, like previous Google searches. We also use cookies and data to tailor the experience to be age-appropriate, if relevant.
Select “More options” to see additional information, including details about managing your privacy settings. You can also visit g.co/privacytools at any time.
Reject all
Accept all
More options
Privacy Policy
Terms of Service",https://news.google.com/rss/articles/CBMigAFBVV95cUxQMkFCOU8xVmlhdFdZX19CaGNqT3hLT3BMbHVZd29DMmEwVnJGZlhKYlhLandrZ1paREpTQ3lZbk5heHc0anQ3LVNzTllZX05oRVNrMVJ5bHBmaDZMcjNSUzlGellGdC1fM1FrcEpuTXZwM3RfdFFLZmRHX2FSV1o5Ug?oc=5
2024-05-04,MSFT,Microsoft,How Much Money Does Billionaire Bill Gates Have Invested in Microsoft Stock? - Nasdaq,"EN
Sign in
Before you continue to Google
We use cookies and data to
Deliver and maintain Google services
Track outages and protect against spam, fraud, and abuse
Measure audience engagement and site statistics to understand how our services are used and enhance the quality of those services
If you choose to “Accept all,” we will also use cookies and data to
Develop and improve new services
Deliver and measure the effectiveness of ads
Show personalized content, depending on your settings
Show personalized ads, depending on your settings
If you choose to “Reject all,” we will not use cookies for these additional purposes.
Non-personalized content is influenced by things like the content you’re currently viewing, activity in your active Search session, and your location. Non-personalized ads are influenced by the content you’re currently viewing and your general location. Personalized content and ads can also include more relevant results, recommendations, and tailored ads based on past activity from this browser, like previous Google searches. We also use cookies and data to tailor the experience to be age-appropriate, if relevant.
Select “More options” to see additional information, including details about managing your privacy settings. You can also visit g.co/privacytools at any time.
Reject all
Accept all
More options
Privacy Policy
Terms of Service",https://news.google.com/rss/articles/CBMiqwFBVV95cUxPUS1uUDF6T0hEelJCM3ZKRENXcjV5N2hoZWJ1MmR5VE93NkVUNnoycURsd2hkZFQxMURfelZaZlJ1QUt2U21PVGEyejhVc0FlNGtYcktXZ2hhcF9XVnlNbUh1Nk5kMU1kZlFYNTlGck1rVUZwS2hPRzJRcGhyejg1dERSMEZFcC1pRFlPOTlsc1RMeU40X3VhLUMyZ2dnV2EyZUwtX0xjUGZic28?oc=5
2024-05-02,MSFT,Microsoft,"Possible Stock Splits in 2024: 2 Growth Stocks Up 437% and 541% in 7 Years to Buy Now, According to Wall Street - Yahoo Finance","EN
Sign in
Before you continue to Google
We use cookies and data to
Deliver and maintain Google services
Track outages and protect against spam, fraud, and abuse
Measure audience engagement and site statistics to understand how our services are used and enhance the quality of those services
If you choose to “Accept all,” we will also use cookies and data to
Develop and improve new services
Deliver and measure the effectiveness of ads
Show personalized content, depending on your settings
Show personalized ads, depending on your settings
If you choose to “Reject all,” we will not use cookies for these additional purposes.
Non-personalized content is influenced by things like the content you’re currently viewing, activity in your active Search session, and your location. Non-personalized ads are influenced by the content you’re currently viewing and your general location. Personalized content and ads can also include more relevant results, recommendations, and tailored ads based on past activity from this browser, like previous Google searches. We also use cookies and data to tailor the experience to be age-appropriate, if relevant.
Select “More options” to see additional information, including details about managing your privacy settings. You can also visit g.co/privacytools at any time.
Reject all
Accept all
More options
Privacy Policy
Terms of Service",https://news.google.com/rss/articles/CBMif0FVX3lxTE15YzhPY2VrNUZTRWIyYkpnRWZwalhOb09aOUhqUnl1YjlCMURvQ3daZ0V0bWI3NThJYlNIWlVZekFua1QwM1RYN0tLWE1rWW1zRTkwN1ZONGFzNFd6eF9IXzlpT3dFRHY0alFNT0xKNWkxOUNONGFPRmprVkttUkE?oc=5
2024-05-19,MSFT,Microsoft,"World’s Largest Hedge Fund Bought Apple, Nvidia, Microsoft Stock. It Sold NIO. - Barron's","EN
Sign in
Before you continue to Google
We use cookies and data to
Deliver and maintain Google services
Track outages and protect against spam, fraud, and abuse
Measure audience engagement and site statistics to understand how our services are used and enhance the quality of those services
If you choose to “Accept all,” we will also use cookies and data to
Develop and improve new services
Deliver and measure the effectiveness of ads
Show personalized content, depending on your settings
Show personalized ads, depending on your settings
If you choose to “Reject all,” we will not use cookies for these additional purposes.
Non-personalized content is influenced by things like the content you’re currently viewing, activity in your active Search session, and your location. Non-personalized ads are influenced by the content you’re currently viewing and your general location. Personalized content and ads can also include more relevant results, recommendations, and tailored ads based on past activity from this browser, like previous Google searches. We also use cookies and data to tailor the experience to be age-appropriate, if relevant.
Select “More options” to see additional information, including details about managing your privacy settings. You can also visit g.co/privacytools at any time.
Reject all
Accept all
More options
Privacy Policy
Terms of Service",https://news.google.com/rss/articles/CBMif0FVX3lxTE1DSGwxcThzLXlhTnQ4TGNtTzdZd3lQVnBhdmJyaTVzendyX0RRcmxYSmVOT2g0dTVhWm9LT1BURm9HVlkyS0Y2bFppQkxBMzRxUnFVVVFZSGJmR3FpSDc2WWxnTHRXREFJbEs4QWFobzV5Ukt2cjUyMERFYWs0elU?oc=5
2024-05-09,MSFT,Microsoft,"Google, Microsoft And Meta Take Three Approaches In The Generative AI Battle. Which Is Best? - Investor's Business Daily","EN
Sign in
Before you continue to Google
We use cookies and data to
Deliver and maintain Google services
Track outages and protect against spam, fraud, and abuse
Measure audience engagement and site statistics to understand how our services are used and enhance the quality of those services
If you choose to “Accept all,” we will also use cookies and data to
Develop and improve new services
Deliver and measure the effectiveness of ads
Show personalized content, depending on your settings
Show personalized ads, depending on your settings
If you choose to “Reject all,” we will not use cookies for these additional purposes.
Non-personalized content is influenced by things like the content you’re currently viewing, activity in your active Search session, and your location. Non-personalized ads are influenced by the content you’re currently viewing and your general location. Personalized content and ads can also include more relevant results, recommendations, and tailored ads based on past activity from this browser, like previous Google searches. We also use cookies and data to tailor the experience to be age-appropriate, if relevant.
Select “More options” to see additional information, including details about managing your privacy settings. You can also visit g.co/privacytools at any time.
Reject all
Accept all
More options
Privacy Policy
Terms of Service",https://news.google.com/rss/articles/CBMiigFBVV95cUxQRUNtNm5XRWNFMnhLeXk1S2NqM2RlTUVQWXBfZ0llS1FCLWllUEJQZ21aQXd2ZE9ZMHdobzlBT2QwY0UteGNBMlplbWdtSHBPWkYyZkJOdVM5Tkl1aUtVanNzRjlUWGl3T19jWjFQM0ozZFdSeUV0aHcwbjRzRjU1SlRBMnBmVzVzdUE?oc=5
2024-05-02,MSFT,Microsoft,Microsoft Is Making a Massive $10 Billion Renewable Energy Bet (That Will Pay Big Dividends for This Top Energy Stock) - The Motley Fool,"EN
Sign in
Before you continue to Google
We use cookies and data to
Deliver and maintain Google services
Track outages and protect against spam, fraud, and abuse
Measure audience engagement and site statistics to understand how our services are used and enhance the quality of those services
If you choose to “Accept all,” we will also use cookies and data to
Develop and improve new services
Deliver and measure the effectiveness of ads
Show personalized content, depending on your settings
Show personalized ads, depending on your settings
If you choose to “Reject all,” we will not use cookies for these additional purposes.
Non-personalized content is influenced by things like the content you’re currently viewing, activity in your active Search session, and your location. Non-personalized ads are influenced by the content you’re currently viewing and your general location. Personalized content and ads can also include more relevant results, recommendations, and tailored ads based on past activity from this browser, like previous Google searches. We also use cookies and data to tailor the experience to be age-appropriate, if relevant.
Select “More options” to see additional information, including details about managing your privacy settings. You can also visit g.co/privacytools at any time.
Reject all
Accept all
More options
Privacy Policy
Terms of Service",https://news.google.com/rss/articles/CBMimAFBVV95cUxPdENaYVMxemFrVGlBSEhkdzNTVGdLa0VSN2JCanktaW1ibjBDc0pLMWJscWtYa0tBazB1dVVHWk5Bc3dKMEdCVGpBUW9WOXNtdW95TkxNLWVILWo3UlhRaVpCYkZfTk9sODROc081cXNGVXc2dDhVYjFoU1FqdWNjaWVrTWFsM2d2M190TzE2ZjdTdFpNVFdmTQ?oc=5
2024-05-22,MSFT,Microsoft,3 Reasons You Should Buy Microsoft Stock Like There's No Tomorrow - Nasdaq,"EN
Sign in
Before you continue to Google
We use cookies and data to
Deliver and maintain Google services
Track outages and protect against spam, fraud, and abuse
Measure audience engagement and site statistics to understand how our services are used and enhance the quality of those services
If you choose to “Accept all,” we will also use cookies and data to
Develop and improve new services
Deliver and measure the effectiveness of ads
Show personalized content, depending on your settings
Show personalized ads, depending on your settings
If you choose to “Reject all,” we will not use cookies for these additional purposes.
Non-personalized content is influenced by things like the content you’re currently viewing, activity in your active Search session, and your location. Non-personalized ads are influenced by the content you’re currently viewing and your general location. Personalized content and ads can also include more relevant results, recommendations, and tailored ads based on past activity from this browser, like previous Google searches. We also use cookies and data to tailor the experience to be age-appropriate, if relevant.
Select “More options” to see additional information, including details about managing your privacy settings. You can also visit g.co/privacytools at any time.
Reject all
Accept all
More options
Privacy Policy
Terms of Service",https://news.google.com/rss/articles/CBMisgFBVV95cUxQM0NuczlZY0NoYnFuT21lQzZFMkxLTDFVaDdwaWxUeHVyY1BBZXphb19mNHdWNW5Vbk9VVlR0WUlFR3lRVEpoN3RlQ2w0Wm8tZm5lUUg0aktHS0hoUkFpaHEyRm9aTDVKdmVaUDBMTFJ2VzJvQTV2ejZSYlpSWk1YczhpNVBIYlpDQWRWYlhOb3BIeUw5YWFFT2V3OGtrWWw3U2wzNkYycnNEU3JzMmFjRjV3?oc=5
2024-05-14,MSFT,Microsoft,"With 73% ownership of the shares, Microsoft Corporation (NASDAQ:MSFT) is heavily dominated by institutional owners - Yahoo Finance","EN
Sign in
Before you continue to Google
We use cookies and data to
Deliver and maintain Google services
Track outages and protect against spam, fraud, and abuse
Measure audience engagement and site statistics to understand how our services are used and enhance the quality of those services
If you choose to “Accept all,” we will also use cookies and data to
Develop and improve new services
Deliver and measure the effectiveness of ads
Show personalized content, depending on your settings
Show personalized ads, depending on your settings
If you choose to “Reject all,” we will not use cookies for these additional purposes.
Non-personalized content is influenced by things like the content you’re currently viewing, activity in your active Search session, and your location. Non-personalized ads are influenced by the content you’re currently viewing and your general location. Personalized content and ads can also include more relevant results, recommendations, and tailored ads based on past activity from this browser, like previous Google searches. We also use cookies and data to tailor the experience to be age-appropriate, if relevant.
Select “More options” to see additional information, including details about managing your privacy settings. You can also visit g.co/privacytools at any time.
Reject all
Accept all
More options
Privacy Policy
Terms of Service",https://news.google.com/rss/articles/CBMikAFBVV95cUxQb1E2cE5teGlQMG9kWkhGS3FpcDFXUGtiV0xyblI3TVNnYzZObGRTMEFYdWlmSGMxa2wxUG82V0N6XzhVN01hRTNPTXNfV3Y4aTlZMlBic3ZHVi13REwxZTZCRmUtcDczN24zUjIxbEpMNEszbnppZERLRGYxUXJ0VWRha2R3aGNfRGdfR0Zndjk?oc=5
2024-05-17,MSFT,Microsoft,AMD Stock Rises On Microsoft Plan To Offer AMD AI Processors On Azure - Investor's Business Daily,"EN
Sign in
Before you continue to Google
We use cookies and data to
Deliver and maintain Google services
Track outages and protect against spam, fraud, and abuse
Measure audience engagement and site statistics to understand how our services are used and enhance the quality of those services
If you choose to “Accept all,” we will also use cookies and data to
Develop and improve new services
Deliver and measure the effectiveness of ads
Show personalized content, depending on your settings
Show personalized ads, depending on your settings
If you choose to “Reject all,” we will not use cookies for these additional purposes.
Non-personalized content is influenced by things like the content you’re currently viewing, activity in your active Search session, and your location. Non-personalized ads are influenced by the content you’re currently viewing and your general location. Personalized content and ads can also include more relevant results, recommendations, and tailored ads based on past activity from this browser, like previous Google searches. We also use cookies and data to tailor the experience to be age-appropriate, if relevant.
Select “More options” to see additional information, including details about managing your privacy settings. You can also visit g.co/privacytools at any time.
Reject all
Accept all
More options
Privacy Policy
Terms of Service",https://news.google.com/rss/articles/CBMikwFBVV95cUxPcDNhQVZiVjRUNGMxTzdrdGsyeElWbE5VZTRNSEN1dUVUcWlBODl6YTlldjl1ckFKWmxLdXJhcE5GVEMyMWRLTnVtTmkxeEVfcWt0REIzVTNNdlo3NXBjbkFDbGRuVEFsX3Q5NXZHaC1iNkdYekQ3UExEUUlBVkI2ZTJhczY5Mi1vb0k3MVJOZ1FPVVk?oc=5
2024-05-21,MSFT,Microsoft,"Palo Alto Networks, Coinbase, Microsoft, and Other Tech Stocks in Focus Today - Barron's","EN
Sign in
Before you continue to Google
We use cookies and data to
Deliver and maintain Google services
Track outages and protect against spam, fraud, and abuse
Measure audience engagement and site statistics to understand how our services are used and enhance the quality of those services
If you choose to “Accept all,” we will also use cookies and data to
Develop and improve new services
Deliver and measure the effectiveness of ads
Show personalized content, depending on your settings
Show personalized ads, depending on your settings
If you choose to “Reject all,” we will not use cookies for these additional purposes.
Non-personalized content is influenced by things like the content you’re currently viewing, activity in your active Search session, and your location. Non-personalized ads are influenced by the content you’re currently viewing and your general location. Personalized content and ads can also include more relevant results, recommendations, and tailored ads based on past activity from this browser, like previous Google searches. We also use cookies and data to tailor the experience to be age-appropriate, if relevant.
Select “More options” to see additional information, including details about managing your privacy settings. You can also visit g.co/privacytools at any time.
Reject all
Accept all
More options
Privacy Policy
Terms of Service",https://news.google.com/rss/articles/CBMipwFBVV95cUxPSDN6Wk1UVU4taWJIeEJtYjVTOUxHMEtOeWxZS2R4RzJvZXFCZlVKZnJUR0ZPSUhFejFacjZUcU5DN2Jhc05XYUtuN0hfS1JZZTJFQkdtZEVkVEUzMmItRlBkbGlzWVdiNTVXbU9iWDZBd0lMc3B1OTI1QmxkNnI0Z0t3d0c4TFpyNk5ZQmZyRUhKNUVtTU9ib1QzaVk0ZTI1Rmt3SG5lYw?oc=5
2024-05-26,MSFT,Microsoft,"Could This ""Magnificent Seven"" Stock Become the First $10 Trillion Company by 2035? - The Motley Fool","EN
Sign in
Before you continue to Google
We use cookies and data to
Deliver and maintain Google services
Track outages and protect against spam, fraud, and abuse
Measure audience engagement and site statistics to understand how our services are used and enhance the quality of those services
If you choose to “Accept all,” we will also use cookies and data to
Develop and improve new services
Deliver and measure the effectiveness of ads
Show personalized content, depending on your settings
Show personalized ads, depending on your settings
If you choose to “Reject all,” we will not use cookies for these additional purposes.
Non-personalized content is influenced by things like the content you’re currently viewing, activity in your active Search session, and your location. Non-personalized ads are influenced by the content you’re currently viewing and your general location. Personalized content and ads can also include more relevant results, recommendations, and tailored ads based on past activity from this browser, like previous Google searches. We also use cookies and data to tailor the experience to be age-appropriate, if relevant.
Select “More options” to see additional information, including details about managing your privacy settings. You can also visit g.co/privacytools at any time.
Reject all
Accept all
More options
Privacy Policy
Terms of Service",https://news.google.com/rss/articles/CBMilwFBVV95cUxQMGplaUF4VVFNX3loVWxMa1FjRXgwWUZBUVVwZDR6bTdjbGNNT19QOHBQQy1VMG9YeTlyRzNRTVVuWEtNUHJyQjFvenNzRzZsVnZ2and1ODh3RHRpNndLclI4VUdwdVNPWmhDNUY0RWxRckctLWtmUi1TejF0aWN3UWRrY19SSkFGMjdUUF9VR2ZpRTlCY1Nr?oc=5
2024-05-16,MSFT,Microsoft,"Bill Gates Sells Microsoft, Berkshire Hathaway Shares In Q1: Are These Still Top Positions? - Yahoo Finance","EN
Sign in
Before you continue to Google
We use cookies and data to
Deliver and maintain Google services
Track outages and protect against spam, fraud, and abuse
Measure audience engagement and site statistics to understand how our services are used and enhance the quality of those services
If you choose to “Accept all,” we will also use cookies and data to
Develop and improve new services
Deliver and measure the effectiveness of ads
Show personalized content, depending on your settings
Show personalized ads, depending on your settings
If you choose to “Reject all,” we will not use cookies for these additional purposes.
Non-personalized content is influenced by things like the content you’re currently viewing, activity in your active Search session, and your location. Non-personalized ads are influenced by the content you’re currently viewing and your general location. Personalized content and ads can also include more relevant results, recommendations, and tailored ads based on past activity from this browser, like previous Google searches. We also use cookies and data to tailor the experience to be age-appropriate, if relevant.
Select “More options” to see additional information, including details about managing your privacy settings. You can also visit g.co/privacytools at any time.
Reject all
Accept all
More options
Privacy Policy
Terms of Service",https://news.google.com/rss/articles/CBMiigFBVV95cUxOc0lIVW11MmRVNzhIeDlLd0gxd09xckxjRUFmNm50UzNfT3ItQkdBVnV0QVI5UFFaMW9TQjVqWldWd0FLYVRMY3FOYV9LQTVxNVpWVjdaNlZIaC1VaGwyZVVOci13WjU0S3V5Vi1SY2lwMlJpMDFrMGlJQXlGMXNSY1FuZ2NNRFVQaXc?oc=5
2024-05-21,MSFT,Microsoft,A Look At The Fair Value Of Microsoft Corporation (NASDAQ:MSFT) - Yahoo Finance,"EN
Sign in
Before you continue to Google
We use cookies and data to
Deliver and maintain Google services
Track outages and protect against spam, fraud, and abuse
Measure audience engagement and site statistics to understand how our services are used and enhance the quality of those services
If you choose to “Accept all,” we will also use cookies and data to
Develop and improve new services
Deliver and measure the effectiveness of ads
Show personalized content, depending on your settings
Show personalized ads, depending on your settings
If you choose to “Reject all,” we will not use cookies for these additional purposes.
Non-personalized content is influenced by things like the content you’re currently viewing, activity in your active Search session, and your location. Non-personalized ads are influenced by the content you’re currently viewing and your general location. Personalized content and ads can also include more relevant results, recommendations, and tailored ads based on past activity from this browser, like previous Google searches. We also use cookies and data to tailor the experience to be age-appropriate, if relevant.
Select “More options” to see additional information, including details about managing your privacy settings. You can also visit g.co/privacytools at any time.
Reject all
Accept all
More options
Privacy Policy
Terms of Service",https://news.google.com/rss/articles/CBMiiwFBVV95cUxNeWtWbVpyVHdVbzFmTWxBTmk5anctRjhDaUQ4djJuWUVDRS10LWRQdzIwc2VMY255ZVowRWMyd1lsanhFdzhZNWdOTjlQbnpaYi1BcHd2UXU0ZWs1VGtWZzlkdWw4UEZGY3JGNkdrQmdIY09iVjZCTVVQeGhfa3B6eE03SlVsVWtaQlFF?oc=5
2024-05-20,MSFT,Microsoft,Is Microsoft Corporation (NASDAQ:MSFT) the Best Quality Dividend Stock to Buy According to Reddit? - Yahoo Finance,"EN
Sign in
Before you continue to Google
We use cookies and data to
Deliver and maintain Google services
Track outages and protect against spam, fraud, and abuse
Measure audience engagement and site statistics to understand how our services are used and enhance the quality of those services
If you choose to “Accept all,” we will also use cookies and data to
Develop and improve new services
Deliver and measure the effectiveness of ads
Show personalized content, depending on your settings
Show personalized ads, depending on your settings
If you choose to “Reject all,” we will not use cookies for these additional purposes.
Non-personalized content is influenced by things like the content you’re currently viewing, activity in your active Search session, and your location. Non-personalized ads are influenced by the content you’re currently viewing and your general location. Personalized content and ads can also include more relevant results, recommendations, and tailored ads based on past activity from this browser, like previous Google searches. We also use cookies and data to tailor the experience to be age-appropriate, if relevant.
Select “More options” to see additional information, including details about managing your privacy settings. You can also visit g.co/privacytools at any time.
Reject all
Accept all
More options
Privacy Policy
Terms of Service",https://news.google.com/rss/articles/CBMijAFBVV95cUxNRExrRzc0MFRKTDV3MjRmcFBDM1RnQUxmUWZianI5T3I3b3RQcFozcDRLR2V4S0praVBaQTR4M3dUZGVPaElfTHJ5eFMzVlNGYU91Rmc5RUJLclFHUF9QUFRUQnVSWGwyX01ZQ2xhT1Q0Yy1JNVhWcmVwZ3c1dmM3TEFCUFlhVWJPNW9LRQ?oc=5
2024-06-27,MSFT,Microsoft,Is Microsoft Stock A Buy As Software Giant Promotes AI Advances? - Investor's Business Daily,"EN
Sign in
Before you continue to Google
We use cookies and data to
Deliver and maintain Google services
Track outages and protect against spam, fraud, and abuse
Measure audience engagement and site statistics to understand how our services are used and enhance the quality of those services
If you choose to “Accept all,” we will also use cookies and data to
Develop and improve new services
Deliver and measure the effectiveness of ads
Show personalized content, depending on your settings
Show personalized ads, depending on your settings
If you choose to “Reject all,” we will not use cookies for these additional purposes.
Non-personalized content is influenced by things like the content you’re currently viewing, activity in your active Search session, and your location. Non-personalized ads are influenced by the content you’re currently viewing and your general location. Personalized content and ads can also include more relevant results, recommendations, and tailored ads based on past activity from this browser, like previous Google searches. We also use cookies and data to tailor the experience to be age-appropriate, if relevant.
Select “More options” to see additional information, including details about managing your privacy settings. You can also visit g.co/privacytools at any time.
Reject all
Accept all
More options
Privacy Policy
Terms of Service",https://news.google.com/rss/articles/CBMia0FVX3lxTFBfZWdfOXlVNzNHQ3lHWGQtZWFuQXlRWGpEb1djSXNoVFBEQ2xNOXc5YUNfTF9Fc3Q1bVZ2YmxvS19YbnBRX3RVMFhYYmlOaUZEbHBfOVBEQ2h2ZkV2SFJ0QThFaGhFWWV6cVZJ?oc=5
2024-06-18,MSFT,Microsoft,Nvidia overtakes Microsoft as most valuable stock in the world - Yahoo Finance,"EN
Sign in
Before you continue to Google
We use cookies and data to
Deliver and maintain Google services
Track outages and protect against spam, fraud, and abuse
Measure audience engagement and site statistics to understand how our services are used and enhance the quality of those services
If you choose to “Accept all,” we will also use cookies and data to
Develop and improve new services
Deliver and measure the effectiveness of ads
Show personalized content, depending on your settings
Show personalized ads, depending on your settings
If you choose to “Reject all,” we will not use cookies for these additional purposes.
Non-personalized content is influenced by things like the content you’re currently viewing, activity in your active Search session, and your location. Non-personalized ads are influenced by the content you’re currently viewing and your general location. Personalized content and ads can also include more relevant results, recommendations, and tailored ads based on past activity from this browser, like previous Google searches. We also use cookies and data to tailor the experience to be age-appropriate, if relevant.
Select “More options” to see additional information, including details about managing your privacy settings. You can also visit g.co/privacytools at any time.
Reject all
Accept all
More options
Privacy Policy
Terms of Service",https://news.google.com/rss/articles/CBMirAFBVV95cUxNR0VQR25FT1VYY2daOFJ6QXhCX2ZWeFpHMzhyMUVaZHp0TFJPR3UycmFlOXJmUXdyWnl5NUZtVmttNlpGOC0tSkpIeG5oT1p0S3JucGF4c3FvTlJJdjhIdm9oN085Q3dvLUJjSXlHZVBQUDBUOUpLbG5Xbm1FNjJvQ1N3a3gyaGJsbjBZZ0o3RzNtZFNiZ3JCbzJfNHptRTN2SFh5X01zNW5RMWFF?oc=5
2024-06-18,MSFT,Microsoft,Nvidia eclipses Microsoft as world's most valuable company - Reuters,"EN
Sign in
Before you continue to Google
We use cookies and data to
Deliver and maintain Google services
Track outages and protect against spam, fraud, and abuse
Measure audience engagement and site statistics to understand how our services are used and enhance the quality of those services
If you choose to “Accept all,” we will also use cookies and data to
Develop and improve new services
Deliver and measure the effectiveness of ads
Show personalized content, depending on your settings
Show personalized ads, depending on your settings
If you choose to “Reject all,” we will not use cookies for these additional purposes.
Non-personalized content is influenced by things like the content you’re currently viewing, activity in your active Search session, and your location. Non-personalized ads are influenced by the content you’re currently viewing and your general location. Personalized content and ads can also include more relevant results, recommendations, and tailored ads based on past activity from this browser, like previous Google searches. We also use cookies and data to tailor the experience to be age-appropriate, if relevant.
Select “More options” to see additional information, including details about managing your privacy settings. You can also visit g.co/privacytools at any time.
Reject all
Accept all
More options
Privacy Policy
Terms of Service",https://news.google.com/rss/articles/CBMilAFBVV95cUxPSHIzTmtvLW41TmZwU0xQM013OVIxNlFoVkFpeHNZbzVKZzQ0RFV1UkgyUHBHRzZrcWdCel9hMjlfVkZnQ1VQZllWdDhNUGV4cGhzOFpKOTJBNS13RlpvN0s1VDFvZnhYTkQwYzJMSlNBbE5SU3NUM1NXR3N2NzYwcnZ3Mk9WTVJ5b3dEbWszcWtDZ1hP?oc=5
2024-06-06,MSFT,Microsoft,Microsoft AI Startup Deal Investigated by FTC: What To Know - Kiplinger,"EN
Sign in
Before you continue to Google
We use cookies and data to
Deliver and maintain Google services
Track outages and protect against spam, fraud, and abuse
Measure audience engagement and site statistics to understand how our services are used and enhance the quality of those services
If you choose to “Accept all,” we will also use cookies and data to
Develop and improve new services
Deliver and measure the effectiveness of ads
Show personalized content, depending on your settings
Show personalized ads, depending on your settings
If you choose to “Reject all,” we will not use cookies for these additional purposes.
Non-personalized content is influenced by things like the content you’re currently viewing, activity in your active Search session, and your location. Non-personalized ads are influenced by the content you’re currently viewing and your general location. Personalized content and ads can also include more relevant results, recommendations, and tailored ads based on past activity from this browser, like previous Google searches. We also use cookies and data to tailor the experience to be age-appropriate, if relevant.
Select “More options” to see additional information, including details about managing your privacy settings. You can also visit g.co/privacytools at any time.
Reject all
Accept all
More options
Privacy Policy
Terms of Service",https://news.google.com/rss/articles/CBMiowFBVV95cUxNS1ZSckJTRmVyYTBEVHJCamhraDVlZjh2S2dNemJoYmE1S2dmdkxFaXVvY0Z0ME1RRDZhM28ySS01cy1sMV9QVk1iSmtjOVNjUEw0Qy1BX0Z3M1FXa3BoaU02MzZ3RlhYNDZFQU90WTdEa0xSWm5GX0dUandqQjQyZE5Td1I5SXZveGZWVHdZMGM0eHozMWw3bWJSZlJIMlYzTEFB?oc=5
2024-06-12,MSFT,Microsoft,"Oracle Stock Jumps to Record High on Microsoft, OpenAI, and Google Deals - Investopedia","EN
Sign in
Before you continue to Google
We use cookies and data to
Deliver and maintain Google services
Track outages and protect against spam, fraud, and abuse
Measure audience engagement and site statistics to understand how our services are used and enhance the quality of those services
If you choose to “Accept all,” we will also use cookies and data to
Develop and improve new services
Deliver and measure the effectiveness of ads
Show personalized content, depending on your settings
Show personalized ads, depending on your settings
If you choose to “Reject all,” we will not use cookies for these additional purposes.
Non-personalized content is influenced by things like the content you’re currently viewing, activity in your active Search session, and your location. Non-personalized ads are influenced by the content you’re currently viewing and your general location. Personalized content and ads can also include more relevant results, recommendations, and tailored ads based on past activity from this browser, like previous Google searches. We also use cookies and data to tailor the experience to be age-appropriate, if relevant.
Select “More options” to see additional information, including details about managing your privacy settings. You can also visit g.co/privacytools at any time.
Reject all
Accept all
More options
Privacy Policy
Terms of Service",https://news.google.com/rss/articles/CBMiqwFBVV95cUxPS3lUS091NEdGRnk4QmpVaVpabFNhWThBTURsNk1LMEtFWHhJa2gxWW5kWHB1RUVJRmF1R2xqR21xamVZNFY0U1FPRjhycWFpcXFaWEN3UWQtRm1nTDBIQkFFRFNMblVOSzMyOEdSUm5ZWndQY3VwdkhvYkRJekE0YWhFNC16OGpzZml5eGRLY0hsQThNTDNUVFFtNGowcjZSWGJyTDFLbVAtRTQ?oc=5
2024-06-15,MSFT,Microsoft,Analyst reboots Microsoft stock price target on AI integration - TheStreet,"EN
Sign in
Before you continue to Google
We use cookies and data to
Deliver and maintain Google services
Track outages and protect against spam, fraud, and abuse
Measure audience engagement and site statistics to understand how our services are used and enhance the quality of those services
If you choose to “Accept all,” we will also use cookies and data to
Develop and improve new services
Deliver and measure the effectiveness of ads
Show personalized content, depending on your settings
Show personalized ads, depending on your settings
If you choose to “Reject all,” we will not use cookies for these additional purposes.
Non-personalized content is influenced by things like the content you’re currently viewing, activity in your active Search session, and your location. Non-personalized ads are influenced by the content you’re currently viewing and your general location. Personalized content and ads can also include more relevant results, recommendations, and tailored ads based on past activity from this browser, like previous Google searches. We also use cookies and data to tailor the experience to be age-appropriate, if relevant.
Select “More options” to see additional information, including details about managing your privacy settings. You can also visit g.co/privacytools at any time.
Reject all
Accept all
More options
Privacy Policy
Terms of Service",https://news.google.com/rss/articles/CBMioAFBVV95cUxPUVJKWkpNbFp3b3ozSGF0SkxKNkpIdE5YUHFMQUZfZlotYWRrbFJOMDlKYVNpeHowYjJqRmF1YTFOUEhwTXNLWDdPRVJFNFFnNE9iTUZYOFhZQW1MTHNpNXFQSk0tRWFxQWRQVUQtazFkc2otU2NJbFEtWVp6dVRjcFFMWktabFZlWDQ1QUM1aDNQR0xxRm9OdnM1N3lpZnJI?oc=5
2024-06-20,MSFT,Microsoft,Microsoft back as most valuable listed company as Nvidia slips - BBC,"EN
Sign in
Before you continue to Google
We use cookies and data to
Deliver and maintain Google services
Track outages and protect against spam, fraud, and abuse
Measure audience engagement and site statistics to understand how our services are used and enhance the quality of those services
If you choose to “Accept all,” we will also use cookies and data to
Develop and improve new services
Deliver and measure the effectiveness of ads
Show personalized content, depending on your settings
Show personalized ads, depending on your settings
If you choose to “Reject all,” we will not use cookies for these additional purposes.
Non-personalized content is influenced by things like the content you’re currently viewing, activity in your active Search session, and your location. Non-personalized ads are influenced by the content you’re currently viewing and your general location. Personalized content and ads can also include more relevant results, recommendations, and tailored ads based on past activity from this browser, like previous Google searches. We also use cookies and data to tailor the experience to be age-appropriate, if relevant.
Select “More options” to see additional information, including details about managing your privacy settings. You can also visit g.co/privacytools at any time.
Reject all
Accept all
More options
Privacy Policy
Terms of Service",https://news.google.com/rss/articles/CBMiWkFVX3lxTE5NVXdObDU2eTl0MV9SMF9NR0xTanFCeDhpMnhGbWd6UFlWVTlpc2NfWll5ZFpTV3BDWVRtR2stWDRkQ1FvRXdRd3lwZ2tOZlUzVVJkbW1hb1hvd9IBX0FVX3lxTE5tWVRoRldaVXNELWNKR2lteVV5NGdXLWYxeUJXeGQ4QkdMTGk1V05DdU9JT2ZTQlJ6MGNrNG5WT0tRdzk3WFlPeHFNbUNqTEpPS3JfMGRkeVZRUTg2THFZ?oc=5
2024-06-16,MSFT,Microsoft,Stock Splits Ahead? 3 AI Stocks Poised to Split After Nvidia - The Motley Fool,"EN
Sign in
Before you continue to Google
We use cookies and data to
Deliver and maintain Google services
Track outages and protect against spam, fraud, and abuse
Measure audience engagement and site statistics to understand how our services are used and enhance the quality of those services
If you choose to “Accept all,” we will also use cookies and data to
Develop and improve new services
Deliver and measure the effectiveness of ads
Show personalized content, depending on your settings
Show personalized ads, depending on your settings
If you choose to “Reject all,” we will not use cookies for these additional purposes.
Non-personalized content is influenced by things like the content you’re currently viewing, activity in your active Search session, and your location. Non-personalized ads are influenced by the content you’re currently viewing and your general location. Personalized content and ads can also include more relevant results, recommendations, and tailored ads based on past activity from this browser, like previous Google searches. We also use cookies and data to tailor the experience to be age-appropriate, if relevant.
Select “More options” to see additional information, including details about managing your privacy settings. You can also visit g.co/privacytools at any time.
Reject all
Accept all
More options
Privacy Policy
Terms of Service",https://news.google.com/rss/articles/CBMimAFBVV95cUxPYUNvY0VOMVNmaGVJWkZ1NlY2eVJtNjBGVUF3Qm5DRS1YazdYQ2RHbXhCZHV6NlNHeGZxWVJseFFzbXExNnB0eXFRNU5Eb0ZzN1ZUQjI1MVJuWE1WVi1KM1JNYmdxcEZ5dGUxYk45ai1yRjVibkU5WTIzWVpad1gwNDFCOHJlaXVIVWNrSGxwNjMtQ3BlVmJUMA?oc=5
2024-06-06,MSFT,Microsoft,"Nvidia, Microsoft and Apple Are Bigger Than China’s Stock Market - Bloomberg.com","EN
Sign in
Before you continue to Google
We use cookies and data to
Deliver and maintain Google services
Track outages and protect against spam, fraud, and abuse
Measure audience engagement and site statistics to understand how our services are used and enhance the quality of those services
If you choose to “Accept all,” we will also use cookies and data to
Develop and improve new services
Deliver and measure the effectiveness of ads
Show personalized content, depending on your settings
Show personalized ads, depending on your settings
If you choose to “Reject all,” we will not use cookies for these additional purposes.
Non-personalized content is influenced by things like the content you’re currently viewing, activity in your active Search session, and your location. Non-personalized ads are influenced by the content you’re currently viewing and your general location. Personalized content and ads can also include more relevant results, recommendations, and tailored ads based on past activity from this browser, like previous Google searches. We also use cookies and data to tailor the experience to be age-appropriate, if relevant.
Select “More options” to see additional information, including details about managing your privacy settings. You can also visit g.co/privacytools at any time.
Reject all
Accept all
More options
Privacy Policy
Terms of Service",https://news.google.com/rss/articles/CBMitAFBVV95cUxOeHF0SXU3emVnZDdkbkJDRXRCT25uVml4M3dCZFEtdnRvc3UtUjU0UnFsQTUyYVpvRGFqMkZsc2lnVks0enl5RS1TYzlLNWp3d1RTOUNnMlJEZlQ2cmtRaGRNX3lFTDVjelZlRF9qaFhTcGZBQTg2Nnh4emFmT1RHa2FLRlJWcWY4WHY5MEh4UFlxb2JHeDEycF9pN0NuanpvcC1qSkJSUUhfMVYwYVVYc195ZGg?oc=5
2024-06-17,MSFT,Microsoft,Microsoft Stock Hits Record High On AI Adoption Trend - Investor's Business Daily,"EN
Sign in
Before you continue to Google
We use cookies and data to
Deliver and maintain Google services
Track outages and protect against spam, fraud, and abuse
Measure audience engagement and site statistics to understand how our services are used and enhance the quality of those services
If you choose to “Accept all,” we will also use cookies and data to
Develop and improve new services
Deliver and measure the effectiveness of ads
Show personalized content, depending on your settings
Show personalized ads, depending on your settings
If you choose to “Reject all,” we will not use cookies for these additional purposes.
Non-personalized content is influenced by things like the content you’re currently viewing, activity in your active Search session, and your location. Non-personalized ads are influenced by the content you’re currently viewing and your general location. Personalized content and ads can also include more relevant results, recommendations, and tailored ads based on past activity from this browser, like previous Google searches. We also use cookies and data to tailor the experience to be age-appropriate, if relevant.
Select “More options” to see additional information, including details about managing your privacy settings. You can also visit g.co/privacytools at any time.
Reject all
Accept all
More options
Privacy Policy
Terms of Service",https://news.google.com/rss/articles/CBMinAFBVV95cUxNZ1NsWmV2VnJ5cjNWbUdfYWdIMkRERGwxZHhIR2ZuVlh2c2x0WkVIUEVqbzdKXzVqa2tlcVl4UzFIZkk5cXhQdEE3QnFQNW00X3dRd2dzLTZoLXctbHBBTWM2VjI3ckJyTUZtVUFXaWtoNWh4S3F6eG9rQjdwYWk0V3FCczJTR2NkUHZ4bDUwX1czRi05R205d3k1c18?oc=5
2024-06-04,MSFT,Microsoft,Forget Microsoft: 2 Tech Stocks to Buy Instead - Yahoo Finance,"EN
Sign in
Before you continue to Google
We use cookies and data to
Deliver and maintain Google services
Track outages and protect against spam, fraud, and abuse
Measure audience engagement and site statistics to understand how our services are used and enhance the quality of those services
If you choose to “Accept all,” we will also use cookies and data to
Develop and improve new services
Deliver and measure the effectiveness of ads
Show personalized content, depending on your settings
Show personalized ads, depending on your settings
If you choose to “Reject all,” we will not use cookies for these additional purposes.
Non-personalized content is influenced by things like the content you’re currently viewing, activity in your active Search session, and your location. Non-personalized ads are influenced by the content you’re currently viewing and your general location. Personalized content and ads can also include more relevant results, recommendations, and tailored ads based on past activity from this browser, like previous Google searches. We also use cookies and data to tailor the experience to be age-appropriate, if relevant.
Select “More options” to see additional information, including details about managing your privacy settings. You can also visit g.co/privacytools at any time.
Reject all
Accept all
More options
Privacy Policy
Terms of Service",https://news.google.com/rss/articles/CBMiggFBVV95cUxPRk1QVlhKbFYyelFzeHVDMEtaakx0V1E5RFFOTmhfQk91bTdkZko3cE9jUTFCM01VNEtRNVBPbGh0X2xWZldZb09yX2JiWmdmV3ZZT2MtUEZXT1ViY2VheFpPX1RWaGhHWlN3MktRWjNhbXJlcG1yWS05ZHpqUkFaamZ3?oc=5
2024-06-18,MSFT,Microsoft,"Key Levels to Watch as Nvidia, Microsoft, Apple Battle for Market Cap Lead - Investopedia","EN
Sign in
Before you continue to Google
We use cookies and data to
Deliver and maintain Google services
Track outages and protect against spam, fraud, and abuse
Measure audience engagement and site statistics to understand how our services are used and enhance the quality of those services
If you choose to “Accept all,” we will also use cookies and data to
Develop and improve new services
Deliver and measure the effectiveness of ads
Show personalized content, depending on your settings
Show personalized ads, depending on your settings
If you choose to “Reject all,” we will not use cookies for these additional purposes.
Non-personalized content is influenced by things like the content you’re currently viewing, activity in your active Search session, and your location. Non-personalized ads are influenced by the content you’re currently viewing and your general location. Personalized content and ads can also include more relevant results, recommendations, and tailored ads based on past activity from this browser, like previous Google searches. We also use cookies and data to tailor the experience to be age-appropriate, if relevant.
Select “More options” to see additional information, including details about managing your privacy settings. You can also visit g.co/privacytools at any time.
Reject all
Accept all
More options
Privacy Policy
Terms of Service",https://news.google.com/rss/articles/CBMirgFBVV95cUxOWXlmWUtRYklqWjljMm82SWRZeDVON1ZzektocWZhU1RSM21FYnNkRUc5Tkx5WWZoT0pGekZLSVh4dWV3SDB0TlVHNUx3WWJUUEtLa1RzUE41YjdOajlJbTJJZS1Od056bWtqa3EtNVFZUFAxaTZ3alZHcUREc0I0ekV3VTczQmotZG5abnVva19FNDBYLVVsdzRKOEt1ckpEeE1qX0dfYTZrS0Q1RlE?oc=5
2024-06-19,MSFT,Microsoft,Nvidia beats Microsoft to become world's most valuable company - BBC,"EN
Sign in
Before you continue to Google
We use cookies and data to
Deliver and maintain Google services
Track outages and protect against spam, fraud, and abuse
Measure audience engagement and site statistics to understand how our services are used and enhance the quality of those services
If you choose to “Accept all,” we will also use cookies and data to
Develop and improve new services
Deliver and measure the effectiveness of ads
Show personalized content, depending on your settings
Show personalized ads, depending on your settings
If you choose to “Reject all,” we will not use cookies for these additional purposes.
Non-personalized content is influenced by things like the content you’re currently viewing, activity in your active Search session, and your location. Non-personalized ads are influenced by the content you’re currently viewing and your general location. Personalized content and ads can also include more relevant results, recommendations, and tailored ads based on past activity from this browser, like previous Google searches. We also use cookies and data to tailor the experience to be age-appropriate, if relevant.
Select “More options” to see additional information, including details about managing your privacy settings. You can also visit g.co/privacytools at any time.
Reject all
Accept all
More options
Privacy Policy
Terms of Service",https://news.google.com/rss/articles/CBMiWkFVX3lxTE1RZXNsekN2WHJ0WFFqbEZmbC1xR1JwaWplSTZORmxPcTF2TFRQNTJpZHAwUzVNOGU4M0JKOC1aRGRXUnJzelMwUUx5T2I3V1RLVkNxUWlEOXU5UdIBX0FVX3lxTE43cXpDWG5hZlBNYkpVSWR5TzE5SGNWWjdaZktYczZKeUdLeUVYd2doY1lsXzZ1b2g1MjVmejgxV1lkM1RfOElDMkNCaExiWU52cUtVMFpCYkRZQUJqYVpV?oc=5
2024-06-07,MSFT,Microsoft,Microsoft Seen Winning AI Race With OpenAI Partnership - Investor's Business Daily,"EN
Sign in
Before you continue to Google
We use cookies and data to
Deliver and maintain Google services
Track outages and protect against spam, fraud, and abuse
Measure audience engagement and site statistics to understand how our services are used and enhance the quality of those services
If you choose to “Accept all,” we will also use cookies and data to
Develop and improve new services
Deliver and measure the effectiveness of ads
Show personalized content, depending on your settings
Show personalized ads, depending on your settings
If you choose to “Reject all,” we will not use cookies for these additional purposes.
Non-personalized content is influenced by things like the content you’re currently viewing, activity in your active Search session, and your location. Non-personalized ads are influenced by the content you’re currently viewing and your general location. Personalized content and ads can also include more relevant results, recommendations, and tailored ads based on past activity from this browser, like previous Google searches. We also use cookies and data to tailor the experience to be age-appropriate, if relevant.
Select “More options” to see additional information, including details about managing your privacy settings. You can also visit g.co/privacytools at any time.
Reject all
Accept all
More options
Privacy Policy
Terms of Service",https://news.google.com/rss/articles/CBMimgFBVV95cUxPUGtsT21OMlEwaGo2VlpyeFQ5a0xDN0liWWVDZlkwcUhDYzJLdjdMRFBjMURKS2Vfbm5iZHgzR3NKU2FvWDg2UUY1WWV3YjlHM09DTG5FcFZrdkFackNsWW5JS0huUVk1VmxwUy1QSkZEN2hnU0RnbVprY2pIMUx5SEN5S2c3TmJKMmR1YjNQeFJ6V1gyQmRvUjdn?oc=5
2024-06-18,MSFT,Microsoft,"Stock market today: S&P 500, Nasdaq notch records as Nvidia takes crown from Microsoft as most valuable stock - Yahoo Finance","EN
Sign in
Before you continue to Google
We use cookies and data to
Deliver and maintain Google services
Track outages and protect against spam, fraud, and abuse
Measure audience engagement and site statistics to understand how our services are used and enhance the quality of those services
If you choose to “Accept all,” we will also use cookies and data to
Develop and improve new services
Deliver and measure the effectiveness of ads
Show personalized content, depending on your settings
Show personalized ads, depending on your settings
If you choose to “Reject all,” we will not use cookies for these additional purposes.
Non-personalized content is influenced by things like the content you’re currently viewing, activity in your active Search session, and your location. Non-personalized ads are influenced by the content you’re currently viewing and your general location. Personalized content and ads can also include more relevant results, recommendations, and tailored ads based on past activity from this browser, like previous Google searches. We also use cookies and data to tailor the experience to be age-appropriate, if relevant.
Select “More options” to see additional information, including details about managing your privacy settings. You can also visit g.co/privacytools at any time.
Reject all
Accept all
More options
Privacy Policy
Terms of Service",https://news.google.com/rss/articles/CBMi7gFBVV95cUxQY2l0U1pvVC1jeXVpbW1lWE1fOElTYXVQa1NjVDRQeVpvbVppcHhKTm1UemlOUjMtWHhYQUZFM0F2R1ltSTYwY3JlU2dWUmpZSGVtTFhHazVTOVFzSEpFRXgzNmdTYjNTVDRiSnhBQy03emNfTWd3YUxpa21DTjBqXzhHTlliV2Z3enVZU0VPNU9WM2VqNjBkV2lMYUdRcHBITVdLYmVjSl9vX3RtSU4yLWxMQ1h3T0I4SEt0RkJuWVdMOHNuZ0VxY2xsdXZ4QlY0Nm4tRWpyZm1mWV92MmROVUtDM0t2Rk1rdFVMQzZn?oc=5
2024-06-18,MSFT,Microsoft,Nvidia Overtakes Microsoft as World's Most Valuable Company - Investopedia,"EN
Sign in
Before you continue to Google
We use cookies and data to
Deliver and maintain Google services
Track outages and protect against spam, fraud, and abuse
Measure audience engagement and site statistics to understand how our services are used and enhance the quality of those services
If you choose to “Accept all,” we will also use cookies and data to
Develop and improve new services
Deliver and measure the effectiveness of ads
Show personalized content, depending on your settings
Show personalized ads, depending on your settings
If you choose to “Reject all,” we will not use cookies for these additional purposes.
Non-personalized content is influenced by things like the content you’re currently viewing, activity in your active Search session, and your location. Non-personalized ads are influenced by the content you’re currently viewing and your general location. Personalized content and ads can also include more relevant results, recommendations, and tailored ads based on past activity from this browser, like previous Google searches. We also use cookies and data to tailor the experience to be age-appropriate, if relevant.
Select “More options” to see additional information, including details about managing your privacy settings. You can also visit g.co/privacytools at any time.
Reject all
Accept all
More options
Privacy Policy
Terms of Service",https://news.google.com/rss/articles/CBMilwFBVV95cUxQdlU1LVZjbEhZWERjZXRucW9XZ1dEdWRpLXItVlJncjFjMU9pUFBtdjZKcUMzc0tVWVlHVVVlb2E5SmVXa0JMMlc5Y25VQmc3NE92N3E2VC1UMWI5UDgyX1Jfd3hpaFVVMjc4N2NBdzFJOThyLXJfZGc4X2szVnF4TEJJSFBuSmVDMm81QjFzUEk1Nkt1ZF9F?oc=5
2024-06-18,MSFT,Microsoft,"Nvidia Overtakes Apple, Microsoft As Most Valuable Company - Investor's Business Daily","EN
Sign in
Before you continue to Google
We use cookies and data to
Deliver and maintain Google services
Track outages and protect against spam, fraud, and abuse
Measure audience engagement and site statistics to understand how our services are used and enhance the quality of those services
If you choose to “Accept all,” we will also use cookies and data to
Develop and improve new services
Deliver and measure the effectiveness of ads
Show personalized content, depending on your settings
Show personalized ads, depending on your settings
If you choose to “Reject all,” we will not use cookies for these additional purposes.
Non-personalized content is influenced by things like the content you’re currently viewing, activity in your active Search session, and your location. Non-personalized ads are influenced by the content you’re currently viewing and your general location. Personalized content and ads can also include more relevant results, recommendations, and tailored ads based on past activity from this browser, like previous Google searches. We also use cookies and data to tailor the experience to be age-appropriate, if relevant.
Select “More options” to see additional information, including details about managing your privacy settings. You can also visit g.co/privacytools at any time.
Reject all
Accept all
More options
Privacy Policy
Terms of Service",https://news.google.com/rss/articles/CBMiqgFBVV95cUxOWmh2LVExdjBFTGI4b3JPbERDallyQVdRaTJRNTVUczQ2MmZMb2Y5d2l0V01aS3IwSC1GN0FnMXVLLXV6dTZjdTBHc0xrcF9XUUtyV3F2NXNjbkZkQTVPcmt2YnEyc2JIamRoSXk5T1ZLeElvb0xCLUlGbFBzSnVISEliTi1NYkJwbTMxd0x2OXpGSzBoVm1qN2h2bFhPWnJjRktUQlhvZ2VWdw?oc=5
2024-06-28,MSFT,Microsoft,Is Microsoft Corp (NASDAQ:MSFT) an Overvalued AI Stock? - Yahoo Finance,"EN
Sign in
Before you continue to Google
We use cookies and data to
Deliver and maintain Google services
Track outages and protect against spam, fraud, and abuse
Measure audience engagement and site statistics to understand how our services are used and enhance the quality of those services
If you choose to “Accept all,” we will also use cookies and data to
Develop and improve new services
Deliver and measure the effectiveness of ads
Show personalized content, depending on your settings
Show personalized ads, depending on your settings
If you choose to “Reject all,” we will not use cookies for these additional purposes.
Non-personalized content is influenced by things like the content you’re currently viewing, activity in your active Search session, and your location. Non-personalized ads are influenced by the content you’re currently viewing and your general location. Personalized content and ads can also include more relevant results, recommendations, and tailored ads based on past activity from this browser, like previous Google searches. We also use cookies and data to tailor the experience to be age-appropriate, if relevant.
Select “More options” to see additional information, including details about managing your privacy settings. You can also visit g.co/privacytools at any time.
Reject all
Accept all
More options
Privacy Policy
Terms of Service",https://news.google.com/rss/articles/CBMiiwFBVV95cUxOMzFvWUhoUGlDa3lrREFSS1NmYXJ3b0M4X205Sjg1dlpyWnJJb1BTa0cxU2FTWVgyMEZabDc1VUxYbkg3U1JCVm1oUnkwNGE3VFZObmVySlZRbTJqOVlPd0Y4dTVJVjhGQnVtMXB6MWg0eHZjUlUzNnNsay1RczdXNmZpclRZQ1RwNEsw?oc=5
2024-06-12,MSFT,Microsoft,Apple and Microsoft Jostle for Title of World's Most Valuable Company - Investopedia,"EN
Sign in
Before you continue to Google
We use cookies and data to
Deliver and maintain Google services
Track outages and protect against spam, fraud, and abuse
Measure audience engagement and site statistics to understand how our services are used and enhance the quality of those services
If you choose to “Accept all,” we will also use cookies and data to
Develop and improve new services
Deliver and measure the effectiveness of ads
Show personalized content, depending on your settings
Show personalized ads, depending on your settings
If you choose to “Reject all,” we will not use cookies for these additional purposes.
Non-personalized content is influenced by things like the content you’re currently viewing, activity in your active Search session, and your location. Non-personalized ads are influenced by the content you’re currently viewing and your general location. Personalized content and ads can also include more relevant results, recommendations, and tailored ads based on past activity from this browser, like previous Google searches. We also use cookies and data to tailor the experience to be age-appropriate, if relevant.
Select “More options” to see additional information, including details about managing your privacy settings. You can also visit g.co/privacytools at any time.
Reject all
Accept all
More options
Privacy Policy
Terms of Service",https://news.google.com/rss/articles/CBMimgFBVV95cUxNd05id1BNNVZMZndSYTNoV1RGQ0dLc2JWMW1HazViTUJfcGFNeDA2YzhESmlkd01wcHFfSHlPcURSenFwRmhTcXBtWVBFYnNlN0xoMW9pRmpiWlcwQXpaNmRicGJzcjRJMXdQbVZXVGh1bGM4OWxCN3JwZUhDcEtPOV9QcWF5bHF3Y1lrcENZSk1WNzN2UmdRSk5n?oc=5
2024-06-29,MSFT,Microsoft,"Apple And Microsoft Look Dominant. If That Continues, This Is What It Means For The Market. - Investor's Business Daily","EN
Sign in
Before you continue to Google
We use cookies and data to
Deliver and maintain Google services
Track outages and protect against spam, fraud, and abuse
Measure audience engagement and site statistics to understand how our services are used and enhance the quality of those services
If you choose to “Accept all,” we will also use cookies and data to
Develop and improve new services
Deliver and measure the effectiveness of ads
Show personalized content, depending on your settings
Show personalized ads, depending on your settings
If you choose to “Reject all,” we will not use cookies for these additional purposes.
Non-personalized content is influenced by things like the content you’re currently viewing, activity in your active Search session, and your location. Non-personalized ads are influenced by the content you’re currently viewing and your general location. Personalized content and ads can also include more relevant results, recommendations, and tailored ads based on past activity from this browser, like previous Google searches. We also use cookies and data to tailor the experience to be age-appropriate, if relevant.
Select “More options” to see additional information, including details about managing your privacy settings. You can also visit g.co/privacytools at any time.
Reject all
Accept all
More options
Privacy Policy
Terms of Service",https://news.google.com/rss/articles/CBMiogFBVV95cUxQRFBUdmRxYWdrVFEya1BUNGJkang1SFBQX2ZPTGs3cmRkdXdWRFVqblVjOFBGYndaU0J6U0J1cHRrakVvZmx5blpZcmRDaFAyZ2JnRlBCS3pXalBHOE92dGtOVjVKQVJMMzBNTU51MlFoZmEwYVJxUWt2cS01WjhpTkJQYnkyQmZEVGhQY1AxZGZBTVBlX1hmbHlFRmp6a2x1c0E?oc=5
2024-07-19,MSFT,Microsoft,"Going into Earnings, is Microsoft Stock a Buy, a Sell, or a Hold? - Morningstar","EN
Sign in
Before you continue to Google
We use cookies and data to
Deliver and maintain Google services
Track outages and protect against spam, fraud, and abuse
Measure audience engagement and site statistics to understand how our services are used and enhance the quality of those services
If you choose to “Accept all,” we will also use cookies and data to
Develop and improve new services
Deliver and measure the effectiveness of ads
Show personalized content, depending on your settings
Show personalized ads, depending on your settings
If you choose to “Reject all,” we will not use cookies for these additional purposes.
Non-personalized content is influenced by things like the content you’re currently viewing, activity in your active Search session, and your location. Non-personalized ads are influenced by the content you’re currently viewing and your general location. Personalized content and ads can also include more relevant results, recommendations, and tailored ads based on past activity from this browser, like previous Google searches. We also use cookies and data to tailor the experience to be age-appropriate, if relevant.
Select “More options” to see additional information, including details about managing your privacy settings. You can also visit g.co/privacytools at any time.
Reject all
Accept all
More options
Privacy Policy
Terms of Service",https://news.google.com/rss/articles/CBMisAFBVV95cUxNaUU3U0VXTUg2QkxzUlRaWTFWQVZYSTQzVno4X3p2QjdWVmVWQW5ocFBrdWRab3NGUWxRYnQ3UUFBeXFKWlY2aklJSXJibVFNWk83QWFjdGtjcVY3VUp2cjBQT013UEM4OG9xREFyaEFhdVpvZ3EtNXR0OVA5UXlab0piRG0wRmMtUmRMVkFwT2xOR1JubDJwckNyTlZoVlB2Nk90R1VNRG00eE5HS3B4TA?oc=5
2024-07-23,MSFT,Microsoft,Microsoft Stock Price in 5 Years: Can MSFT Shares Ride Out Antitrust Headwinds? - CCN.com,"EN
Sign in
Before you continue to Google
We use cookies and data to
Deliver and maintain Google services
Track outages and protect against spam, fraud, and abuse
Measure audience engagement and site statistics to understand how our services are used and enhance the quality of those services
If you choose to “Accept all,” we will also use cookies and data to
Develop and improve new services
Deliver and measure the effectiveness of ads
Show personalized content, depending on your settings
Show personalized ads, depending on your settings
If you choose to “Reject all,” we will not use cookies for these additional purposes.
Non-personalized content is influenced by things like the content you’re currently viewing, activity in your active Search session, and your location. Non-personalized ads are influenced by the content you’re currently viewing and your general location. Personalized content and ads can also include more relevant results, recommendations, and tailored ads based on past activity from this browser, like previous Google searches. We also use cookies and data to tailor the experience to be age-appropriate, if relevant.
Select “More options” to see additional information, including details about managing your privacy settings. You can also visit g.co/privacytools at any time.
Reject all
Accept all
More options
Privacy Policy
Terms of Service",https://news.google.com/rss/articles/CBMiggFBVV95cUxOSkxwdzlmWnd6d25XRm95bnZxWlZtSS1ZMmRLRkZHQXh3RnotUVZSbnZYaDNyWVl2RlRMSlU5NTNYZGtHQy1pVmhrQmNSNU01ZWhRODJ1OEdwbHJiUVBDTG0zVVIwTUZkWHRfSktfcWxqRHFaX1VwN1ZPSndpc09felln?oc=5
2024-07-19,MSFT,Microsoft,Microsoft Stock Is a Value Favorite. The Windows Meltdown Won’t Change That. - Barron's,"EN
Sign in
Before you continue to Google
We use cookies and data to
Deliver and maintain Google services
Track outages and protect against spam, fraud, and abuse
Measure audience engagement and site statistics to understand how our services are used and enhance the quality of those services
If you choose to “Accept all,” we will also use cookies and data to
Develop and improve new services
Deliver and measure the effectiveness of ads
Show personalized content, depending on your settings
Show personalized ads, depending on your settings
If you choose to “Reject all,” we will not use cookies for these additional purposes.
Non-personalized content is influenced by things like the content you’re currently viewing, activity in your active Search session, and your location. Non-personalized ads are influenced by the content you’re currently viewing and your general location. Personalized content and ads can also include more relevant results, recommendations, and tailored ads based on past activity from this browser, like previous Google searches. We also use cookies and data to tailor the experience to be age-appropriate, if relevant.
Select “More options” to see additional information, including details about managing your privacy settings. You can also visit g.co/privacytools at any time.
Reject all
Accept all
More options
Privacy Policy
Terms of Service",https://news.google.com/rss/articles/CBMijgFBVV95cUxPcWFMYlBtcVZ4ZXdKNnNhQkZlQzlGNVFsYmhtdEZVeW5rYTJMZS1BS1B1TmFUYk5ibV9hbEFXY3Y4MWFKN0NlbzNMSG1IbWx0TDJHTnNtcTU4OThNUFVBZnpZQjZfSjJxemJsVjBqRmc1dlZLdjBfUVlnbUJUOEJmWkRwZlVPZ3dpeld4cjNR?oc=5
2024-07-19,MSFT,Microsoft,Watch These Microsoft Stock Price Levels After Major Cloud Services Outage - Investopedia,"EN
Sign in
Before you continue to Google
We use cookies and data to
Deliver and maintain Google services
Track outages and protect against spam, fraud, and abuse
Measure audience engagement and site statistics to understand how our services are used and enhance the quality of those services
If you choose to “Accept all,” we will also use cookies and data to
Develop and improve new services
Deliver and measure the effectiveness of ads
Show personalized content, depending on your settings
Show personalized ads, depending on your settings
If you choose to “Reject all,” we will not use cookies for these additional purposes.
Non-personalized content is influenced by things like the content you’re currently viewing, activity in your active Search session, and your location. Non-personalized ads are influenced by the content you’re currently viewing and your general location. Personalized content and ads can also include more relevant results, recommendations, and tailored ads based on past activity from this browser, like previous Google searches. We also use cookies and data to tailor the experience to be age-appropriate, if relevant.
Select “More options” to see additional information, including details about managing your privacy settings. You can also visit g.co/privacytools at any time.
Reject all
Accept all
More options
Privacy Policy
Terms of Service",https://news.google.com/rss/articles/CBMisgFBVV95cUxPX1N5X0hsLWRacHNZZmZxOG9ZSFhHbm5MblNzMFN2OFZ1dHBBNzd5RG9ZdGV6SzJ1cnBoUWJUcWVxc2xrMEFHalR1Xy04YUlUUHZ4OU81YXhXdXpmZHpZOGExQzFsOFNCQVJxNWFtNzhBWGptQlVFTHFOVEZlYk5KbEpzLVlxME5TcDBmZWd5SkhhUk5BSnFwQTIxcmQ0UFRaZ1NiUkxjdVFxeTAxblVLcDl3?oc=5
2024-07-03,MSFT,Microsoft,"Can Microsoft Stock Reach $1,000? - Forbes","EN
Sign in
Before you continue to Google
We use cookies and data to
Deliver and maintain Google services
Track outages and protect against spam, fraud, and abuse
Measure audience engagement and site statistics to understand how our services are used and enhance the quality of those services
If you choose to “Accept all,” we will also use cookies and data to
Develop and improve new services
Deliver and measure the effectiveness of ads
Show personalized content, depending on your settings
Show personalized ads, depending on your settings
If you choose to “Reject all,” we will not use cookies for these additional purposes.
Non-personalized content is influenced by things like the content you’re currently viewing, activity in your active Search session, and your location. Non-personalized ads are influenced by the content you’re currently viewing and your general location. Personalized content and ads can also include more relevant results, recommendations, and tailored ads based on past activity from this browser, like previous Google searches. We also use cookies and data to tailor the experience to be age-appropriate, if relevant.
Select “More options” to see additional information, including details about managing your privacy settings. You can also visit g.co/privacytools at any time.
Reject all
Accept all
More options
Privacy Policy
Terms of Service",https://news.google.com/rss/articles/CBMiiAFBVV95cUxPNEs0X0xzS2VveXhqMEE1S2JMY2FfcG1NUnB1UXZQNzUxUkEzYTQ3LTBxR01iZlItYXoxTXJ3NWJRMVpEaDV2OWR5bVB0aVNKaHlEdlF6M3Z2ekUxSVR1RmdRd2ZFcUl4SFdnT3lmLVBCMko3eW9OV3ZZNjFKVm1BNi1VSTZfZ3J1?oc=5
2024-07-24,MSFT,Microsoft,How To Earn $100 Per Month From Microsoft Stock - Yahoo Finance,"EN
Sign in
Before you continue to Google
We use cookies and data to
Deliver and maintain Google services
Track outages and protect against spam, fraud, and abuse
Measure audience engagement and site statistics to understand how our services are used and enhance the quality of those services
If you choose to “Accept all,” we will also use cookies and data to
Develop and improve new services
Deliver and measure the effectiveness of ads
Show personalized content, depending on your settings
Show personalized ads, depending on your settings
If you choose to “Reject all,” we will not use cookies for these additional purposes.
Non-personalized content is influenced by things like the content you’re currently viewing, activity in your active Search session, and your location. Non-personalized ads are influenced by the content you’re currently viewing and your general location. Personalized content and ads can also include more relevant results, recommendations, and tailored ads based on past activity from this browser, like previous Google searches. We also use cookies and data to tailor the experience to be age-appropriate, if relevant.
Select “More options” to see additional information, including details about managing your privacy settings. You can also visit g.co/privacytools at any time.
Reject all
Accept all
More options
Privacy Policy
Terms of Service",https://news.google.com/rss/articles/CBMif0FVX3lxTE9wRDBvWVp5eldDT0h1VExCM3JLLW1GZjRIeFAyWjhHR0t2M3g1MzJ6SzdFc0ZZbzJXb0pac2g2ZDQtLThYNEF2b3loRUhSSjZfaWFHVWlIc3VtOEJsZl9mb2U1cHc2aUxfNWZDMkdvZDVLWVhXYUh0eHVKTDBEMkE?oc=5
2024-07-26,MSFT,Microsoft,"Microsoft's Earnings Report Puts Spotlight On Cloud, AI - Investor's Business Daily","EN
Sign in
Before you continue to Google
We use cookies and data to
Deliver and maintain Google services
Track outages and protect against spam, fraud, and abuse
Measure audience engagement and site statistics to understand how our services are used and enhance the quality of those services
If you choose to “Accept all,” we will also use cookies and data to
Develop and improve new services
Deliver and measure the effectiveness of ads
Show personalized content, depending on your settings
Show personalized ads, depending on your settings
If you choose to “Reject all,” we will not use cookies for these additional purposes.
Non-personalized content is influenced by things like the content you’re currently viewing, activity in your active Search session, and your location. Non-personalized ads are influenced by the content you’re currently viewing and your general location. Personalized content and ads can also include more relevant results, recommendations, and tailored ads based on past activity from this browser, like previous Google searches. We also use cookies and data to tailor the experience to be age-appropriate, if relevant.
Select “More options” to see additional information, including details about managing your privacy settings. You can also visit g.co/privacytools at any time.
Reject all
Accept all
More options
Privacy Policy
Terms of Service",https://news.google.com/rss/articles/CBMijwFBVV95cUxOckRUSlNhUDV1TC1uaXdJRnBVQ2Mzd2M4SUdTZWkzRGNoOTBPdFNVRFp0S2JZMUozT3hzd2gzZmVDZkxlOUVCdmNHTTdsX0QxNTVHRGROanpseHd5Nk5PeDRReGgySUVHd1pOTUU1VV9FY3lFUkZ4VUI4Ny1NNWhqUVRISS1jVTNudUFjMW1UUQ?oc=5
2024-07-19,MSFT,Microsoft,Microsoft Stock Update as CrowdStrike Outage Hits Worldwide - Newsweek,"EN
Sign in
Before you continue to Google
We use cookies and data to
Deliver and maintain Google services
Track outages and protect against spam, fraud, and abuse
Measure audience engagement and site statistics to understand how our services are used and enhance the quality of those services
If you choose to “Accept all,” we will also use cookies and data to
Develop and improve new services
Deliver and measure the effectiveness of ads
Show personalized content, depending on your settings
Show personalized ads, depending on your settings
If you choose to “Reject all,” we will not use cookies for these additional purposes.
Non-personalized content is influenced by things like the content you’re currently viewing, activity in your active Search session, and your location. Non-personalized ads are influenced by the content you’re currently viewing and your general location. Personalized content and ads can also include more relevant results, recommendations, and tailored ads based on past activity from this browser, like previous Google searches. We also use cookies and data to tailor the experience to be age-appropriate, if relevant.
Select “More options” to see additional information, including details about managing your privacy settings. You can also visit g.co/privacytools at any time.
Reject all
Accept all
More options
Privacy Policy
Terms of Service",https://news.google.com/rss/articles/CBMigAFBVV95cUxQTGFTYUQ0RXdFZ0U5eWlCYUlKc3FYbzk4NlFjanVnTEI5TVhkMGxZbE41TVNYbnR5UWduR2N1S043bm1vN0h1UjdtMThXNXR3aHdXdUhxQ3FaQmVQTzNGUl9fZFhFcHdFWVRxNTZxZUxWYy1hNTRBLWlaNkVSc3N5Yg?oc=5
2024-07-25,MSFT,Microsoft,Will CrowdStrike's Monumental Misstep Hurt Microsoft Stock? - The Motley Fool,"EN
Sign in
Before you continue to Google
We use cookies and data to
Deliver and maintain Google services
Track outages and protect against spam, fraud, and abuse
Measure audience engagement and site statistics to understand how our services are used and enhance the quality of those services
If you choose to “Accept all,” we will also use cookies and data to
Develop and improve new services
Deliver and measure the effectiveness of ads
Show personalized content, depending on your settings
Show personalized ads, depending on your settings
If you choose to “Reject all,” we will not use cookies for these additional purposes.
Non-personalized content is influenced by things like the content you’re currently viewing, activity in your active Search session, and your location. Non-personalized ads are influenced by the content you’re currently viewing and your general location. Personalized content and ads can also include more relevant results, recommendations, and tailored ads based on past activity from this browser, like previous Google searches. We also use cookies and data to tailor the experience to be age-appropriate, if relevant.
Select “More options” to see additional information, including details about managing your privacy settings. You can also visit g.co/privacytools at any time.
Reject all
Accept all
More options
Privacy Policy
Terms of Service",https://news.google.com/rss/articles/CBMikwFBVV95cUxOYzFIWUNmV0FnT284dnVCbXd4bm9FVXFEdXRwcTdHdDYtWGctenUyQWxoZzJDdm92dFF3akZnOEVudjlBU0p6Wk51dms1bzcxSzc3LTNNQ0dSV0VwUC1RWERuZU1XQUl2amRMeG52U3hnSkRzbEx3RUxzcWdOcDZsSW5ldkRLNlEyTTVFRkxQd3gxczQ?oc=5
2024-07-18,MSFT,Microsoft,Microsoft Stock Pullback Posing Potential Entry Point - Schaeffer's Investment Research,"EN
Sign in
Before you continue to Google
We use cookies and data to
Deliver and maintain Google services
Track outages and protect against spam, fraud, and abuse
Measure audience engagement and site statistics to understand how our services are used and enhance the quality of those services
If you choose to “Accept all,” we will also use cookies and data to
Develop and improve new services
Deliver and measure the effectiveness of ads
Show personalized content, depending on your settings
Show personalized ads, depending on your settings
If you choose to “Reject all,” we will not use cookies for these additional purposes.
Non-personalized content is influenced by things like the content you’re currently viewing, activity in your active Search session, and your location. Non-personalized ads are influenced by the content you’re currently viewing and your general location. Personalized content and ads can also include more relevant results, recommendations, and tailored ads based on past activity from this browser, like previous Google searches. We also use cookies and data to tailor the experience to be age-appropriate, if relevant.
Select “More options” to see additional information, including details about managing your privacy settings. You can also visit g.co/privacytools at any time.
Reject all
Accept all
More options
Privacy Policy
Terms of Service",https://news.google.com/rss/articles/CBMitwFBVV95cUxPU2JIRVV6QThYaWZkeWwxbFJtQ1ZOMXphRzdzVFU4bF9DcXlhZ1AxSTB3MmR3dE9jSDBmaUtmQXBNRUdodTRWbFB2cElwUmNINHlZNnRNeWVHcy03SVM2SERxX19mZkJPMTE0cFZoWDRNaGRQV2Y3VDFMM1NTdDZ4T3M3bVVQOUV3RGlTWHhmV1NaYUlNUTEzMjkycVRsVjhkN0NscTVuUzNxVFMzNmFzVFdsQl81SGc?oc=5
2024-07-02,MSFT,Microsoft,Steve Ballmer now richer than Bill Gates via time-honored strategy of refusing to diversify his holdings - Sherwood News,"EN
Sign in
Before you continue to Google
We use cookies and data to
Deliver and maintain Google services
Track outages and protect against spam, fraud, and abuse
Measure audience engagement and site statistics to understand how our services are used and enhance the quality of those services
If you choose to “Accept all,” we will also use cookies and data to
Develop and improve new services
Deliver and measure the effectiveness of ads
Show personalized content, depending on your settings
Show personalized ads, depending on your settings
If you choose to “Reject all,” we will not use cookies for these additional purposes.
Non-personalized content is influenced by things like the content you’re currently viewing, activity in your active Search session, and your location. Non-personalized ads are influenced by the content you’re currently viewing and your general location. Personalized content and ads can also include more relevant results, recommendations, and tailored ads based on past activity from this browser, like previous Google searches. We also use cookies and data to tailor the experience to be age-appropriate, if relevant.
Select “More options” to see additional information, including details about managing your privacy settings. You can also visit g.co/privacytools at any time.
Reject all
Accept all
More options
Privacy Policy
Terms of Service",https://news.google.com/rss/articles/CBMiiAFBVV95cUxNX011UXppMm8wcjRSZFpBX2wzT2gtektFSDAtSDhBTk5qYjVXM2xKYnY0V3NZYVp5SF9XdkJXb2hmTnd5RUpkam51d0NneS1jdW1aNTIyS1BjSk9lbGszaVBQSHhaa0JRb0Z5anFxelBpTWNwb0hXNkVac1JBVU96Wl9XZDdqdmdh?oc=5
2024-07-29,MSFT,Microsoft,Microsoft's costs in focus as fears rise over slow payoff from AI - Reuters,"EN
Sign in
Before you continue to Google
We use cookies and data to
Deliver and maintain Google services
Track outages and protect against spam, fraud, and abuse
Measure audience engagement and site statistics to understand how our services are used and enhance the quality of those services
If you choose to “Accept all,” we will also use cookies and data to
Develop and improve new services
Deliver and measure the effectiveness of ads
Show personalized content, depending on your settings
Show personalized ads, depending on your settings
If you choose to “Reject all,” we will not use cookies for these additional purposes.
Non-personalized content is influenced by things like the content you’re currently viewing, activity in your active Search session, and your location. Non-personalized ads are influenced by the content you’re currently viewing and your general location. Personalized content and ads can also include more relevant results, recommendations, and tailored ads based on past activity from this browser, like previous Google searches. We also use cookies and data to tailor the experience to be age-appropriate, if relevant.
Select “More options” to see additional information, including details about managing your privacy settings. You can also visit g.co/privacytools at any time.
Reject all
Accept all
More options
Privacy Policy
Terms of Service",https://news.google.com/rss/articles/CBMiwgFBVV95cUxNb1dQLXRfdkVxdzJNRmNRQTQyckZHMk5HQjFSY3pINW41MjVNSERFS3VTS0tLNmlMeHItZF9Db21UZmM5bXlKOTU4NTl1NjMwQ0RIdVNCLURMTGJ1aVhoblVOdzFYWHJKVk1KQW5aVXI1SElRVFRGdE1IczdINkljS1diNTNqMWhEcllwRVJDVEJGVGxiQXRZQkVOYjNqMlRHSVpEMndHdEpuWDNZOTNCbFIxS05wQkdVTDhBX3lOTTRiQQ?oc=5
2024-07-19,MSFT,Microsoft,"CrowdStrike Stock Plunges, Rivals' Rise, as Update 'Defect' Causes Microsoft Outage - Investopedia","EN
Sign in
Before you continue to Google
We use cookies and data to
Deliver and maintain Google services
Track outages and protect against spam, fraud, and abuse
Measure audience engagement and site statistics to understand how our services are used and enhance the quality of those services
If you choose to “Accept all,” we will also use cookies and data to
Develop and improve new services
Deliver and measure the effectiveness of ads
Show personalized content, depending on your settings
Show personalized ads, depending on your settings
If you choose to “Reject all,” we will not use cookies for these additional purposes.
Non-personalized content is influenced by things like the content you’re currently viewing, activity in your active Search session, and your location. Non-personalized ads are influenced by the content you’re currently viewing and your general location. Personalized content and ads can also include more relevant results, recommendations, and tailored ads based on past activity from this browser, like previous Google searches. We also use cookies and data to tailor the experience to be age-appropriate, if relevant.
Select “More options” to see additional information, including details about managing your privacy settings. You can also visit g.co/privacytools at any time.
Reject all
Accept all
More options
Privacy Policy
Terms of Service",https://news.google.com/rss/articles/CBMirAFBVV95cUxOVGo4YV9xc3hhTDdSQXZaME1seTFmS21Yd2t3bWt2RTNLenhmSkpGV3JPYkNaU1VLSDJoNFA1NW5YaVdnMUlUTGdjMzY3aVpuUXV4YVBITFVyeXNBY2FCNVdpQ0FMeVZQSW5wbEI0Y1lIdHdKOGQyVzQwV3dBSVR0VE5XUzhEN3ZJVjI5c3FuZHdrN0o3NlV1emd1eERBSjVhOV9RQW5rVlMwUlJG?oc=5
2024-07-10,MSFT,Microsoft,Where Will Microsoft Stock Be in 3 Years? - The Motley Fool,"EN
Sign in
Before you continue to Google
We use cookies and data to
Deliver and maintain Google services
Track outages and protect against spam, fraud, and abuse
Measure audience engagement and site statistics to understand how our services are used and enhance the quality of those services
If you choose to “Accept all,” we will also use cookies and data to
Develop and improve new services
Deliver and measure the effectiveness of ads
Show personalized content, depending on your settings
Show personalized ads, depending on your settings
If you choose to “Reject all,” we will not use cookies for these additional purposes.
Non-personalized content is influenced by things like the content you’re currently viewing, activity in your active Search session, and your location. Non-personalized ads are influenced by the content you’re currently viewing and your general location. Personalized content and ads can also include more relevant results, recommendations, and tailored ads based on past activity from this browser, like previous Google searches. We also use cookies and data to tailor the experience to be age-appropriate, if relevant.
Select “More options” to see additional information, including details about managing your privacy settings. You can also visit g.co/privacytools at any time.
Reject all
Accept all
More options
Privacy Policy
Terms of Service",https://news.google.com/rss/articles/CBMiiwFBVV95cUxOc3BVVlM5Ry1EczBFLTh0cGNKdUFEWEMwMHl3VF9sRmI2c0pzRGQyRFdUSGdfSGkxWG9PYmZ1clZUdFhnRjczNlZOTmtzcEFQZk8xWldMSWM2MlJPaEE2bHJud2k5S1ROczBSVUY2b0hyYzJ5ZGdPV1lkQUJ3QWhwRGtndmRXS25Wa053?oc=5
2024-07-15,MSFT,Microsoft,Microsoft Vs. Apple Vs. Google: Which AI Stock Is A Buy Ahead Of Earnings? - Forbes,"EN
Sign in
Before you continue to Google
We use cookies and data to
Deliver and maintain Google services
Track outages and protect against spam, fraud, and abuse
Measure audience engagement and site statistics to understand how our services are used and enhance the quality of those services
If you choose to “Accept all,” we will also use cookies and data to
Develop and improve new services
Deliver and measure the effectiveness of ads
Show personalized content, depending on your settings
Show personalized ads, depending on your settings
If you choose to “Reject all,” we will not use cookies for these additional purposes.
Non-personalized content is influenced by things like the content you’re currently viewing, activity in your active Search session, and your location. Non-personalized ads are influenced by the content you’re currently viewing and your general location. Personalized content and ads can also include more relevant results, recommendations, and tailored ads based on past activity from this browser, like previous Google searches. We also use cookies and data to tailor the experience to be age-appropriate, if relevant.
Select “More options” to see additional information, including details about managing your privacy settings. You can also visit g.co/privacytools at any time.
Reject all
Accept all
More options
Privacy Policy
Terms of Service",https://news.google.com/rss/articles/CBMiowFBVV95cUxNZlFCUjlnQ2tzQVY4RDFvdkQ1UHhRN3pmY2g5SmpFc3BaVmx1QkVRMEZPZllkTHNyMEJiZEdNUHFRVU14cGxXUFYtcktFZGxNR1NqRDJzN1RCbExVLTlyREtvNk5ISE1pUjFoNXV6RHVNOU11SlZWUkE3M1AwZzhya2c0WWhRcGZaa2RoTi16OHdCcWtwREVFd0xUYnFTd2JkZXVr?oc=5
2024-06-29,MSFT,Microsoft,"Apple And Microsoft Look Dominant. If That Continues, This Is What It Means For The Market. - Investor's Business Daily","EN
Sign in
Before you continue to Google
We use cookies and data to
Deliver and maintain Google services
Track outages and protect against spam, fraud, and abuse
Measure audience engagement and site statistics to understand how our services are used and enhance the quality of those services
If you choose to “Accept all,” we will also use cookies and data to
Develop and improve new services
Deliver and measure the effectiveness of ads
Show personalized content, depending on your settings
Show personalized ads, depending on your settings
If you choose to “Reject all,” we will not use cookies for these additional purposes.
Non-personalized content is influenced by things like the content you’re currently viewing, activity in your active Search session, and your location. Non-personalized ads are influenced by the content you’re currently viewing and your general location. Personalized content and ads can also include more relevant results, recommendations, and tailored ads based on past activity from this browser, like previous Google searches. We also use cookies and data to tailor the experience to be age-appropriate, if relevant.
Select “More options” to see additional information, including details about managing your privacy settings. You can also visit g.co/privacytools at any time.
Reject all
Accept all
More options
Privacy Policy
Terms of Service",https://news.google.com/rss/articles/CBMiogFBVV95cUxQRFBUdmRxYWdrVFEya1BUNGJkang1SFBQX2ZPTGs3cmRkdXdWRFVqblVjOFBGYndaU0J6U0J1cHRrakVvZmx5blpZcmRDaFAyZ2JnRlBCS3pXalBHOE92dGtOVjVKQVJMMzBNTU51MlFoZmEwYVJxUWt2cS01WjhpTkJQYnkyQmZEVGhQY1AxZGZBTVBlX1hmbHlFRmp6a2x1c0E?oc=5
2024-07-02,MSFT,Microsoft,"If You'd Invested $1,000 in Microsoft Stock 10 Years Ago, Here's How Much You'd Have Today - Yahoo Finance","EN
Sign in
Before you continue to Google
We use cookies and data to
Deliver and maintain Google services
Track outages and protect against spam, fraud, and abuse
Measure audience engagement and site statistics to understand how our services are used and enhance the quality of those services
If you choose to “Accept all,” we will also use cookies and data to
Develop and improve new services
Deliver and measure the effectiveness of ads
Show personalized content, depending on your settings
Show personalized ads, depending on your settings
If you choose to “Reject all,” we will not use cookies for these additional purposes.
Non-personalized content is influenced by things like the content you’re currently viewing, activity in your active Search session, and your location. Non-personalized ads are influenced by the content you’re currently viewing and your general location. Personalized content and ads can also include more relevant results, recommendations, and tailored ads based on past activity from this browser, like previous Google searches. We also use cookies and data to tailor the experience to be age-appropriate, if relevant.
Select “More options” to see additional information, including details about managing your privacy settings. You can also visit g.co/privacytools at any time.
Reject all
Accept all
More options
Privacy Policy
Terms of Service",https://news.google.com/rss/articles/CBMigAFBVV95cUxQeDZRSVNRLVRqUnVYRTJwT0pBQWxWWkRNbFFkSTgtWmFOamVUbS1hci00TXZzZC1nRHhEblVyQnhFY0ItNXdBSEc3RXRnOWxIcHZQTlUzZnJ3enFDdVp6ckFoMlphelNWTW1FbzBwNlk2d2VIc2xCVVdYaVg3WVVpZw?oc=5
2024-07-13,MSFT,Microsoft,Stock-Split Watch: Is Microsoft Next? - The Motley Fool,"EN
Sign in
Before you continue to Google
We use cookies and data to
Deliver and maintain Google services
Track outages and protect against spam, fraud, and abuse
Measure audience engagement and site statistics to understand how our services are used and enhance the quality of those services
If you choose to “Accept all,” we will also use cookies and data to
Develop and improve new services
Deliver and measure the effectiveness of ads
Show personalized content, depending on your settings
Show personalized ads, depending on your settings
If you choose to “Reject all,” we will not use cookies for these additional purposes.
Non-personalized content is influenced by things like the content you’re currently viewing, activity in your active Search session, and your location. Non-personalized ads are influenced by the content you’re currently viewing and your general location. Personalized content and ads can also include more relevant results, recommendations, and tailored ads based on past activity from this browser, like previous Google searches. We also use cookies and data to tailor the experience to be age-appropriate, if relevant.
Select “More options” to see additional information, including details about managing your privacy settings. You can also visit g.co/privacytools at any time.
Reject all
Accept all
More options
Privacy Policy
Terms of Service",https://news.google.com/rss/articles/CBMihAFBVV95cUxOT2tTWjRsMjludzlfNHZYZTYxcy1SR2tHNzc4Mmxubkd6bGd6NnIwNU4tVGlYdGl6bUViaVFlR2Y0UTU3ajBtV2dFb0dqLWk2aU1uY1VEc1F6RTcxdGhPSUN3WlZWR01qem8yRVdRTjV5ekpvZldJZW91Y2NGQ3dudFVoMno?oc=5
2024-07-10,MSFT,Microsoft,Microsoft's Steep AI Investments Raise Questions About Returns - Investor's Business Daily,"EN
Sign in
Before you continue to Google
We use cookies and data to
Deliver and maintain Google services
Track outages and protect against spam, fraud, and abuse
Measure audience engagement and site statistics to understand how our services are used and enhance the quality of those services
If you choose to “Accept all,” we will also use cookies and data to
Develop and improve new services
Deliver and measure the effectiveness of ads
Show personalized content, depending on your settings
Show personalized ads, depending on your settings
If you choose to “Reject all,” we will not use cookies for these additional purposes.
Non-personalized content is influenced by things like the content you’re currently viewing, activity in your active Search session, and your location. Non-personalized ads are influenced by the content you’re currently viewing and your general location. Personalized content and ads can also include more relevant results, recommendations, and tailored ads based on past activity from this browser, like previous Google searches. We also use cookies and data to tailor the experience to be age-appropriate, if relevant.
Select “More options” to see additional information, including details about managing your privacy settings. You can also visit g.co/privacytools at any time.
Reject all
Accept all
More options
Privacy Policy
Terms of Service",https://news.google.com/rss/articles/CBMinAFBVV95cUxQbFdYZEU3RF9WUFZSUjZFakliTWRDaGhwcW5xU1UybXdBbVhtcDBDeDNmVGR2ZXduZnN5LUhRTVZTeUozUWRhQV9VVUFFMzZjeHVtblhkYTNleUlzVkkybTdMaG8xTnBmNG5pN3o3RnlMR09fTGZ6QTl3U1hVV2JCeFVPZ3RocFBkT3pGa3A3YUhlUjVHV3NVMUgtZE4?oc=5
2024-07-08,MSFT,Microsoft,Better Artificial Intelligence Stock: AMD vs. Microsoft - The Motley Fool,"EN
Sign in
Before you continue to Google
We use cookies and data to
Deliver and maintain Google services
Track outages and protect against spam, fraud, and abuse
Measure audience engagement and site statistics to understand how our services are used and enhance the quality of those services
If you choose to “Accept all,” we will also use cookies and data to
Develop and improve new services
Deliver and measure the effectiveness of ads
Show personalized content, depending on your settings
Show personalized ads, depending on your settings
If you choose to “Reject all,” we will not use cookies for these additional purposes.
Non-personalized content is influenced by things like the content you’re currently viewing, activity in your active Search session, and your location. Non-personalized ads are influenced by the content you’re currently viewing and your general location. Personalized content and ads can also include more relevant results, recommendations, and tailored ads based on past activity from this browser, like previous Google searches. We also use cookies and data to tailor the experience to be age-appropriate, if relevant.
Select “More options” to see additional information, including details about managing your privacy settings. You can also visit g.co/privacytools at any time.
Reject all
Accept all
More options
Privacy Policy
Terms of Service",https://news.google.com/rss/articles/CBMimAFBVV95cUxNWEUyOUlVWThnRkVtVWJoLUFobXdqMWV0a2EtQk5odmxRdUNrMWkzWTFkb2dQcUhlTDVtRlZ1b0cxamVsT2FKTTdndFo5TUJLLUVZZENNbEFvVFlYZVFJQWhneE9HdnpRMkx3T2FvVTBpODlneDJ1TkF5TWZYM2kxN2FpZ29pLWpKVlBzU1daRVdCZDA2WktOOA?oc=5
2024-08-05,MSFT,Microsoft,"After Earnings, Is Microsoft Stock a Buy, a Sell, or Fairly Valued? - Morningstar","EN
Sign in
Before you continue to Google
We use cookies and data to
Deliver and maintain Google services
Track outages and protect against spam, fraud, and abuse
Measure audience engagement and site statistics to understand how our services are used and enhance the quality of those services
If you choose to “Accept all,” we will also use cookies and data to
Develop and improve new services
Deliver and measure the effectiveness of ads
Show personalized content, depending on your settings
Show personalized ads, depending on your settings
If you choose to “Reject all,” we will not use cookies for these additional purposes.
Non-personalized content is influenced by things like the content you’re currently viewing, activity in your active Search session, and your location. Non-personalized ads are influenced by the content you’re currently viewing and your general location. Personalized content and ads can also include more relevant results, recommendations, and tailored ads based on past activity from this browser, like previous Google searches. We also use cookies and data to tailor the experience to be age-appropriate, if relevant.
Select “More options” to see additional information, including details about managing your privacy settings. You can also visit g.co/privacytools at any time.
Reject all
Accept all
More options
Privacy Policy
Terms of Service",https://news.google.com/rss/articles/CBMinAFBVV95cUxOZXdXZjRVenItVW5WeXJNZVZvX2F3N3c0SHBqWnRzREk0RUFUcDdCT3dSRmdqUkM4QjEzOGF1ZDBMRS01WllZLWdTZklDbHBtYlVhYnBtUDY3NHNaempMMlczalBuYXhkY2ZTLUpReVhVbVczeVFXS2ZLMTJuU2lXN0F6dE1ETTQ2VWExRk1iRE5NaWFYTElkcDhDaC0?oc=5
2024-07-30,MSFT,Microsoft,Microsoft Stock Drops After Disappointing Cloud Growth - WSJ,"EN
Sign in
Before you continue to Google
We use cookies and data to
Deliver and maintain Google services
Track outages and protect against spam, fraud, and abuse
Measure audience engagement and site statistics to understand how our services are used and enhance the quality of those services
If you choose to “Accept all,” we will also use cookies and data to
Develop and improve new services
Deliver and measure the effectiveness of ads
Show personalized content, depending on your settings
Show personalized ads, depending on your settings
If you choose to “Reject all,” we will not use cookies for these additional purposes.
Non-personalized content is influenced by things like the content you’re currently viewing, activity in your active Search session, and your location. Non-personalized ads are influenced by the content you’re currently viewing and your general location. Personalized content and ads can also include more relevant results, recommendations, and tailored ads based on past activity from this browser, like previous Google searches. We also use cookies and data to tailor the experience to be age-appropriate, if relevant.
Select “More options” to see additional information, including details about managing your privacy settings. You can also visit g.co/privacytools at any time.
Reject all
Accept all
More options
Privacy Policy
Terms of Service",https://news.google.com/rss/articles/CBMijgFBVV95cUxPVm5JdHFSeWVsUGJ1ZFZlUk5DSlVQUXVXYURYY0diZV9TZDlqX3ExN1l1d3V5djVwR2o5X3cyQ0tJYXZmT0dSMkJRZ2RlQ2ctZUlNRDBrRFNLWlpaUlVlX180bjNHbDVsVUZtRWNEQkZIZ0xLZzMwWURodkdib2pWS3NPZjBGNE42QTNZWUJB?oc=5
2024-07-31,MSFT,Microsoft,Microsoft stock drops after results fall short in latest AI disappointment - Yahoo Finance,"EN
Sign in
Before you continue to Google
We use cookies and data to
Deliver and maintain Google services
Track outages and protect against spam, fraud, and abuse
Measure audience engagement and site statistics to understand how our services are used and enhance the quality of those services
If you choose to “Accept all,” we will also use cookies and data to
Develop and improve new services
Deliver and measure the effectiveness of ads
Show personalized content, depending on your settings
Show personalized ads, depending on your settings
If you choose to “Reject all,” we will not use cookies for these additional purposes.
Non-personalized content is influenced by things like the content you’re currently viewing, activity in your active Search session, and your location. Non-personalized ads are influenced by the content you’re currently viewing and your general location. Personalized content and ads can also include more relevant results, recommendations, and tailored ads based on past activity from this browser, like previous Google searches. We also use cookies and data to tailor the experience to be age-appropriate, if relevant.
Select “More options” to see additional information, including details about managing your privacy settings. You can also visit g.co/privacytools at any time.
Reject all
Accept all
More options
Privacy Policy
Terms of Service",https://news.google.com/rss/articles/CBMivAFBVV95cUxNZGlPUy1IX0JITVp5eUVxZGxuVXIwNEQwUE9NYWpjQmhraUpvRHpZQUtWX1QtenYtbFBmM0dvVVZScDNfUmpWYmNTX2M2Z0F1WnNIUGgtOE10aXA3YUE5a1VxQUJzVTZZLXFma3FyWldxWGZrR1RTWVZtM1UwWjF0QTNaLXNfZURZRkxnZFItbVhIcjQ2M1dobXczTmJ3VHF0dUdZM3hxbUEyMjVEdnZOVjZJcXhuc0lXbkZ3dQ?oc=5
2024-08-01,MSFT,Microsoft,Microsoft Earnings: Why the Stock Is Down After Quarterly Results - Barron's,"EN
Sign in
Before you continue to Google
We use cookies and data to
Deliver and maintain Google services
Track outages and protect against spam, fraud, and abuse
Measure audience engagement and site statistics to understand how our services are used and enhance the quality of those services
If you choose to “Accept all,” we will also use cookies and data to
Develop and improve new services
Deliver and measure the effectiveness of ads
Show personalized content, depending on your settings
Show personalized ads, depending on your settings
If you choose to “Reject all,” we will not use cookies for these additional purposes.
Non-personalized content is influenced by things like the content you’re currently viewing, activity in your active Search session, and your location. Non-personalized ads are influenced by the content you’re currently viewing and your general location. Personalized content and ads can also include more relevant results, recommendations, and tailored ads based on past activity from this browser, like previous Google searches. We also use cookies and data to tailor the experience to be age-appropriate, if relevant.
Select “More options” to see additional information, including details about managing your privacy settings. You can also visit g.co/privacytools at any time.
Reject all
Accept all
More options
Privacy Policy
Terms of Service",https://news.google.com/rss/articles/CBMidkFVX3lxTFBTcUxtdVFERkNLTXdrWDhIbGFOT2VZRFlEQ05ITzY5LVVQNVZmcXhmaS14WmpyNE56WnAtVkFaWVBuSHZKWEJSdnVDdEtzcnJYejJrTVJ1SllhQ3FxU3g5QVZvM0ZMclRYTG5lYjFCSllsa3lITkE?oc=5
2024-08-22,MSFT,Microsoft,Analyst revisits Microsoft stock price target after AI reporting change - TheStreet,"EN
Sign in
Before you continue to Google
We use cookies and data to
Deliver and maintain Google services
Track outages and protect against spam, fraud, and abuse
Measure audience engagement and site statistics to understand how our services are used and enhance the quality of those services
If you choose to “Accept all,” we will also use cookies and data to
Develop and improve new services
Deliver and measure the effectiveness of ads
Show personalized content, depending on your settings
Show personalized ads, depending on your settings
If you choose to “Reject all,” we will not use cookies for these additional purposes.
Non-personalized content is influenced by things like the content you’re currently viewing, activity in your active Search session, and your location. Non-personalized ads are influenced by the content you’re currently viewing and your general location. Personalized content and ads can also include more relevant results, recommendations, and tailored ads based on past activity from this browser, like previous Google searches. We also use cookies and data to tailor the experience to be age-appropriate, if relevant.
Select “More options” to see additional information, including details about managing your privacy settings. You can also visit g.co/privacytools at any time.
Reject all
Accept all
More options
Privacy Policy
Terms of Service",https://news.google.com/rss/articles/CBMitAFBVV95cUxPaUFObmNVckNHUGdBWi1tUlBmeExhR21nSVRsS2lONzdoUW1kYWZXVkN0U19ESE5nTXN3WUNvMDN4Q0pZWGZncVFNVXF1NVBOSHVOV25RQTFENFF1VS1NUjFzek9rUlE3TGlWQTBSVk1mTmdYdVFzallxVEZ1MXpuQlNIanE3S3pTVFV0LWNOSFFGSk1ZNzdVSGFWejY3cGd5QVNuS2FxYVFEc04zTklZWVowR1k?oc=5
2024-07-30,MSFT,Microsoft,Watch These Microsoft Price Levels as Stock Drops on Cloud Revenue Miss - Investopedia,"EN
Sign in
Before you continue to Google
We use cookies and data to
Deliver and maintain Google services
Track outages and protect against spam, fraud, and abuse
Measure audience engagement and site statistics to understand how our services are used and enhance the quality of those services
If you choose to “Accept all,” we will also use cookies and data to
Develop and improve new services
Deliver and measure the effectiveness of ads
Show personalized content, depending on your settings
Show personalized ads, depending on your settings
If you choose to “Reject all,” we will not use cookies for these additional purposes.
Non-personalized content is influenced by things like the content you’re currently viewing, activity in your active Search session, and your location. Non-personalized ads are influenced by the content you’re currently viewing and your general location. Personalized content and ads can also include more relevant results, recommendations, and tailored ads based on past activity from this browser, like previous Google searches. We also use cookies and data to tailor the experience to be age-appropriate, if relevant.
Select “More options” to see additional information, including details about managing your privacy settings. You can also visit g.co/privacytools at any time.
Reject all
Accept all
More options
Privacy Policy
Terms of Service",https://news.google.com/rss/articles/CBMisAFBVV95cUxQM1VJcWFhNjVtUG5pN3dsaGpFZzdjRXpHTE12cERlNlVnZThPRWVaTWZhOFoycHE4WTVkYWxZWm5lVm5ua096NTZ3RFBuX0Z1dUZfSUR2b3N3T0hHbnprRXdLMkVSUnlKbGtCZkRrakx4Mi1ham5YS2o3X1hhX0gyNzlFZE9pSjFqNmdSUTNBYlNhMWZWNTZFR2VXSHZnREhfZ3loSnR0Q1pVUFJkcVdpUw?oc=5
2024-08-12,MSFT,Microsoft,MSFT Stock Forecast: The Long-Term Outlook Is Bright Despite Bumpiness - Nasdaq,"EN
Sign in
Before you continue to Google
We use cookies and data to
Deliver and maintain Google services
Track outages and protect against spam, fraud, and abuse
Measure audience engagement and site statistics to understand how our services are used and enhance the quality of those services
If you choose to “Accept all,” we will also use cookies and data to
Develop and improve new services
Deliver and measure the effectiveness of ads
Show personalized content, depending on your settings
Show personalized ads, depending on your settings
If you choose to “Reject all,” we will not use cookies for these additional purposes.
Non-personalized content is influenced by things like the content you’re currently viewing, activity in your active Search session, and your location. Non-personalized ads are influenced by the content you’re currently viewing and your general location. Personalized content and ads can also include more relevant results, recommendations, and tailored ads based on past activity from this browser, like previous Google searches. We also use cookies and data to tailor the experience to be age-appropriate, if relevant.
Select “More options” to see additional information, including details about managing your privacy settings. You can also visit g.co/privacytools at any time.
Reject all
Accept all
More options
Privacy Policy
Terms of Service",https://news.google.com/rss/articles/CBMimgFBVV95cUxOVUFnNHpqMDVUV05TN3JMS0wydjdPWVlLOGRPZ0lhUGE4TTBUZnQ3c2dPU0dsUkRxR2tuV1RjdkRMVlRGeHhORC1meWJyTVNjelJ1VTVGUTY1aUN2RUpNWDMtU0g1aUhZZTdLN0tJcktZVWlIbUg4MEV4ZHRua1ZObkhDZGZWdUUtT1pYOTJ3YzQ5ejllRU1HcGln?oc=5
2024-08-09,MSFT,Microsoft,"If You Bought 1 Share of Microsoft at Its IPO, Here's How Many Shares You Would Own Now - The Motley Fool","EN
Sign in
Before you continue to Google
We use cookies and data to
Deliver and maintain Google services
Track outages and protect against spam, fraud, and abuse
Measure audience engagement and site statistics to understand how our services are used and enhance the quality of those services
If you choose to “Accept all,” we will also use cookies and data to
Develop and improve new services
Deliver and measure the effectiveness of ads
Show personalized content, depending on your settings
Show personalized ads, depending on your settings
If you choose to “Reject all,” we will not use cookies for these additional purposes.
Non-personalized content is influenced by things like the content you’re currently viewing, activity in your active Search session, and your location. Non-personalized ads are influenced by the content you’re currently viewing and your general location. Personalized content and ads can also include more relevant results, recommendations, and tailored ads based on past activity from this browser, like previous Google searches. We also use cookies and data to tailor the experience to be age-appropriate, if relevant.
Select “More options” to see additional information, including details about managing your privacy settings. You can also visit g.co/privacytools at any time.
Reject all
Accept all
More options
Privacy Policy
Terms of Service",https://news.google.com/rss/articles/CBMimAFBVV95cUxPZW5LNjBVSjJkeU1TeW9qdC1FMndxZy1hRlVIMmJRQXFKSnRTeWR1Vkw4eTI1UjVORE1qMFM2TnFmRThHU1lGLVVWdElsVExwTHRzZnhReldfOW5GSlBEUjk4RXd4c3NzQWl5NnEtZkhyVGpnajF3UGg5SkM4aTIzN0N1M3h2Z2lIN0hqLVhkOVFjQVpPU1czMw?oc=5
2024-07-30,MSFT,Microsoft,Microsoft beats revenue forecasts but poor performance of cloud services drags share price - The Guardian,"EN
Sign in
Before you continue to Google
We use cookies and data to
Deliver and maintain Google services
Track outages and protect against spam, fraud, and abuse
Measure audience engagement and site statistics to understand how our services are used and enhance the quality of those services
If you choose to “Accept all,” we will also use cookies and data to
Develop and improve new services
Deliver and measure the effectiveness of ads
Show personalized content, depending on your settings
Show personalized ads, depending on your settings
If you choose to “Reject all,” we will not use cookies for these additional purposes.
Non-personalized content is influenced by things like the content you’re currently viewing, activity in your active Search session, and your location. Non-personalized ads are influenced by the content you’re currently viewing and your general location. Personalized content and ads can also include more relevant results, recommendations, and tailored ads based on past activity from this browser, like previous Google searches. We also use cookies and data to tailor the experience to be age-appropriate, if relevant.
Select “More options” to see additional information, including details about managing your privacy settings. You can also visit g.co/privacytools at any time.
Reject all
Accept all
More options
Privacy Policy
Terms of Service",https://news.google.com/rss/articles/CBMimwFBVV95cUxQbTd5a3lNcTFILVh6bXhjaHVpNkV2bTZUbVFJZVpkeHl6VTdJUWlKVzktdFBQak9SS1ZvOUYzRF9DcGczek1RdzY0cTREOFNIWVVmUG9EanF6ZWNLVFdLbXpIZkgxUUlCTGhwZ2FXYTNma1hVNDlydHRsWWVYRVd6a3lMb3VXalluTkZEU180VDBMdExvZzZHcHo2RQ?oc=5
2024-08-08,MSFT,Microsoft,Microsoft Stock (NASDAQ:MSFT): Patience Is Key - TipRanks,"EN
Sign in
Before you continue to Google
We use cookies and data to
Deliver and maintain Google services
Track outages and protect against spam, fraud, and abuse
Measure audience engagement and site statistics to understand how our services are used and enhance the quality of those services
If you choose to “Accept all,” we will also use cookies and data to
Develop and improve new services
Deliver and measure the effectiveness of ads
Show personalized content, depending on your settings
Show personalized ads, depending on your settings
If you choose to “Reject all,” we will not use cookies for these additional purposes.
Non-personalized content is influenced by things like the content you’re currently viewing, activity in your active Search session, and your location. Non-personalized ads are influenced by the content you’re currently viewing and your general location. Personalized content and ads can also include more relevant results, recommendations, and tailored ads based on past activity from this browser, like previous Google searches. We also use cookies and data to tailor the experience to be age-appropriate, if relevant.
Select “More options” to see additional information, including details about managing your privacy settings. You can also visit g.co/privacytools at any time.
Reject all
Accept all
More options
Privacy Policy
Terms of Service",https://news.google.com/rss/articles/CBMifEFVX3lxTE9BYldzWUx2UVdncjIwakxZUTZYSW9aOHZ5cVB2TW1hbk9FYlRfU1FjRGEwODVzY0toM2tnVnMxSmVmVjRlNkVhQXZ2Z0R5b2xDbE9DUUtkNUFodklGLXBwdk5Pek85RjRpbTNWVlc3cjJXMWVvQTVkREdmUHc?oc=5
2024-08-08,MSFT,Microsoft,"Microsoft, Palantir Team Up On Artificial Intelligence, National Security Push - Investor's Business Daily","EN
Sign in
Before you continue to Google
We use cookies and data to
Deliver and maintain Google services
Track outages and protect against spam, fraud, and abuse
Measure audience engagement and site statistics to understand how our services are used and enhance the quality of those services
If you choose to “Accept all,” we will also use cookies and data to
Develop and improve new services
Deliver and measure the effectiveness of ads
Show personalized content, depending on your settings
Show personalized ads, depending on your settings
If you choose to “Reject all,” we will not use cookies for these additional purposes.
Non-personalized content is influenced by things like the content you’re currently viewing, activity in your active Search session, and your location. Non-personalized ads are influenced by the content you’re currently viewing and your general location. Personalized content and ads can also include more relevant results, recommendations, and tailored ads based on past activity from this browser, like previous Google searches. We also use cookies and data to tailor the experience to be age-appropriate, if relevant.
Select “More options” to see additional information, including details about managing your privacy settings. You can also visit g.co/privacytools at any time.
Reject all
Accept all
More options
Privacy Policy
Terms of Service",https://news.google.com/rss/articles/CBMisgFBVV95cUxNck53WmlYTGQ4X3p5NF9tcGVjUjgzd215RldlT0NVYmZCeU1kLVZEQkJSMGF6ZkE0U2s3RF9kYWtBckkzVXNxUTBHZVBiWGN4RGJBMEtFVktJV2x5Q0lONTE4Ymlpa0hZa1pkcEl0MWJTZUtOek9tV2s1NFA2T2JkM1hrcExHM09uM2p6M3ZzenlPWlIyeVdjTGdhQWZVT29oUFBBODNCekFWSWJfOEEwbThB?oc=5
2024-07-31,MSFT,Microsoft,"Nvidia shares surge 13%, lift market value a record $330 billion - Reuters","EN
Sign in
Before you continue to Google
We use cookies and data to
Deliver and maintain Google services
Track outages and protect against spam, fraud, and abuse
Measure audience engagement and site statistics to understand how our services are used and enhance the quality of those services
If you choose to “Accept all,” we will also use cookies and data to
Develop and improve new services
Deliver and measure the effectiveness of ads
Show personalized content, depending on your settings
Show personalized ads, depending on your settings
If you choose to “Reject all,” we will not use cookies for these additional purposes.
Non-personalized content is influenced by things like the content you’re currently viewing, activity in your active Search session, and your location. Non-personalized ads are influenced by the content you’re currently viewing and your general location. Personalized content and ads can also include more relevant results, recommendations, and tailored ads based on past activity from this browser, like previous Google searches. We also use cookies and data to tailor the experience to be age-appropriate, if relevant.
Select “More options” to see additional information, including details about managing your privacy settings. You can also visit g.co/privacytools at any time.
Reject all
Accept all
More options
Privacy Policy
Terms of Service",https://news.google.com/rss/articles/CBMiowFBVV95cUxNT2FzTTdlZmJaT3ZXenZRRGR0UWE0NXBKdTU1eE5oa2dtbUNRb1Z5ckU2M2NEb2lNdVdPLWxCM09YY0VKMjN0XzRpV1E5T25wS2pkcFR6WTRET1htYWQ2bWQ4Rm9uZnlSZ2l1dk9KN1hIQ0JGREstaWk4eElKb25FVnRudXRKbDc4RS1zNFQ2YXgwMkFZQV9CTTBHMWJCQXd0Sk4w?oc=5
2024-08-06,MSFT,Microsoft,Time to Buy the Recent Dip in Microsoft or Amazon's Stock? - Yahoo Finance,"EN
Sign in
Before you continue to Google
We use cookies and data to
Deliver and maintain Google services
Track outages and protect against spam, fraud, and abuse
Measure audience engagement and site statistics to understand how our services are used and enhance the quality of those services
If you choose to “Accept all,” we will also use cookies and data to
Develop and improve new services
Deliver and measure the effectiveness of ads
Show personalized content, depending on your settings
Show personalized ads, depending on your settings
If you choose to “Reject all,” we will not use cookies for these additional purposes.
Non-personalized content is influenced by things like the content you’re currently viewing, activity in your active Search session, and your location. Non-personalized ads are influenced by the content you’re currently viewing and your general location. Personalized content and ads can also include more relevant results, recommendations, and tailored ads based on past activity from this browser, like previous Google searches. We also use cookies and data to tailor the experience to be age-appropriate, if relevant.
Select “More options” to see additional information, including details about managing your privacy settings. You can also visit g.co/privacytools at any time.
Reject all
Accept all
More options
Privacy Policy
Terms of Service",https://news.google.com/rss/articles/CBMigAFBVV95cUxOajlabUJXdGVFRjZXRnBvbUNtTDEteHZ5OTRDM2RWaGRPTWZGYXRqaGNrNGJhdGJMZGx4OVpySWplRFRyaS1iRzNHYVczenJTWjRUTXVrcng0T3RnWHp6SmhsOURZem5HNEh0REd1V0JPZFBjSHZjcG1GcXQweUtQWQ?oc=5
2024-07-31,MSFT,Microsoft,MSFT vs. GOOGL: Which 'Magnificent Seven' Stock is the Better Buy? - Nasdaq,"EN
Sign in
Before you continue to Google
We use cookies and data to
Deliver and maintain Google services
Track outages and protect against spam, fraud, and abuse
Measure audience engagement and site statistics to understand how our services are used and enhance the quality of those services
If you choose to “Accept all,” we will also use cookies and data to
Develop and improve new services
Deliver and measure the effectiveness of ads
Show personalized content, depending on your settings
Show personalized ads, depending on your settings
If you choose to “Reject all,” we will not use cookies for these additional purposes.
Non-personalized content is influenced by things like the content you’re currently viewing, activity in your active Search session, and your location. Non-personalized ads are influenced by the content you’re currently viewing and your general location. Personalized content and ads can also include more relevant results, recommendations, and tailored ads based on past activity from this browser, like previous Google searches. We also use cookies and data to tailor the experience to be age-appropriate, if relevant.
Select “More options” to see additional information, including details about managing your privacy settings. You can also visit g.co/privacytools at any time.
Reject all
Accept all
More options
Privacy Policy
Terms of Service",https://news.google.com/rss/articles/CBMijwFBVV95cUxPVnhfdm0wMFJlZk05NEpMMHltaVY1ZXhKZ19rVlVOcnMwUHNVSGthUk1lWHROSWcwNElqQmVCTENFdVFQRWJyM2hjTzE1aVE5RFhOeWZhamlJc1NYcTRBaG5WaEVtX3FGdTh1bGFfN2cxaTV6R2dHNmRSZXc2T0NHX3pzUEV5N3VWTnNCc0ZOYw?oc=5
2024-07-31,MSFT,Microsoft,How Microsoft Earnings Sank the Stock but Saved the Market - Barron's,"EN
Sign in
Before you continue to Google
We use cookies and data to
Deliver and maintain Google services
Track outages and protect against spam, fraud, and abuse
Measure audience engagement and site statistics to understand how our services are used and enhance the quality of those services
If you choose to “Accept all,” we will also use cookies and data to
Develop and improve new services
Deliver and measure the effectiveness of ads
Show personalized content, depending on your settings
Show personalized ads, depending on your settings
If you choose to “Reject all,” we will not use cookies for these additional purposes.
Non-personalized content is influenced by things like the content you’re currently viewing, activity in your active Search session, and your location. Non-personalized ads are influenced by the content you’re currently viewing and your general location. Personalized content and ads can also include more relevant results, recommendations, and tailored ads based on past activity from this browser, like previous Google searches. We also use cookies and data to tailor the experience to be age-appropriate, if relevant.
Select “More options” to see additional information, including details about managing your privacy settings. You can also visit g.co/privacytools at any time.
Reject all
Accept all
More options
Privacy Policy
Terms of Service",https://news.google.com/rss/articles/CBMiigFBVV95cUxOOUpHeVpuSjU2Mzc5bFdKV1RacHZCTWVvdF81amU5aENCb1l3enRJczhjLWdKbFRRLTVFTjlxNXYxZjQ0MG5JX21fV3ZJbUNUMEk0Q0xQRUZ2dEFnal9CRkczUW5ick9XdWdwZ3Q5UjJWV282ejJHeEYtVTdTZTAwQ0h2YnZDa1l2VGc?oc=5
2024-07-30,MSFT,Microsoft,Microsoft Cloud Miss Overshadows Earnings Beat - Investopedia,"EN
Sign in
Before you continue to Google
We use cookies and data to
Deliver and maintain Google services
Track outages and protect against spam, fraud, and abuse
Measure audience engagement and site statistics to understand how our services are used and enhance the quality of those services
If you choose to “Accept all,” we will also use cookies and data to
Develop and improve new services
Deliver and measure the effectiveness of ads
Show personalized content, depending on your settings
Show personalized ads, depending on your settings
If you choose to “Reject all,” we will not use cookies for these additional purposes.
Non-personalized content is influenced by things like the content you’re currently viewing, activity in your active Search session, and your location. Non-personalized ads are influenced by the content you’re currently viewing and your general location. Personalized content and ads can also include more relevant results, recommendations, and tailored ads based on past activity from this browser, like previous Google searches. We also use cookies and data to tailor the experience to be age-appropriate, if relevant.
Select “More options” to see additional information, including details about managing your privacy settings. You can also visit g.co/privacytools at any time.
Reject all
Accept all
More options
Privacy Policy
Terms of Service",https://news.google.com/rss/articles/CBMidEFVX3lxTE5ZTzVNRWpXUTFjVFVkQUF4ZUlnZWtDd0VNSEFYUGd5Z1hFZHBkNWFaZEJWTkNsdmw5cWU0WGtSVEY5eVU4b0VpQ210MXVseF9BdFY0bkNnRUYyaGRsVER6Qmh2UDlONm1uMG9yQTliSk9URmp0?oc=5
2024-07-31,MSFT,Microsoft,Microsoft exec warns of an ongoing problem - TheStreet,"EN
Sign in
Before you continue to Google
We use cookies and data to
Deliver and maintain Google services
Track outages and protect against spam, fraud, and abuse
Measure audience engagement and site statistics to understand how our services are used and enhance the quality of those services
If you choose to “Accept all,” we will also use cookies and data to
Develop and improve new services
Deliver and measure the effectiveness of ads
Show personalized content, depending on your settings
Show personalized ads, depending on your settings
If you choose to “Reject all,” we will not use cookies for these additional purposes.
Non-personalized content is influenced by things like the content you’re currently viewing, activity in your active Search session, and your location. Non-personalized ads are influenced by the content you’re currently viewing and your general location. Personalized content and ads can also include more relevant results, recommendations, and tailored ads based on past activity from this browser, like previous Google searches. We also use cookies and data to tailor the experience to be age-appropriate, if relevant.
Select “More options” to see additional information, including details about managing your privacy settings. You can also visit g.co/privacytools at any time.
Reject all
Accept all
More options
Privacy Policy
Terms of Service",https://news.google.com/rss/articles/CBMie0FVX3lxTFBFcmE2aXhEXzctN1AyLXNBbWdSRlF0c255OU5hNjJPQXVwZEdOVnJkVzJzaWZDWXdqdHgyYTg4WTRwUWNOMWFlaF9qS21yQjRPdEQzS1hGVnRvWDJUZ2M1eFI3aEZhZy1HRUl3WVJNS0U5bFA5RS1kczNfTQ?oc=5
2024-08-06,MSFT,Microsoft,Stock-Split Watch: Is Microsoft Next? - The Motley Fool,"EN
Sign in
Before you continue to Google
We use cookies and data to
Deliver and maintain Google services
Track outages and protect against spam, fraud, and abuse
Measure audience engagement and site statistics to understand how our services are used and enhance the quality of those services
If you choose to “Accept all,” we will also use cookies and data to
Develop and improve new services
Deliver and measure the effectiveness of ads
Show personalized content, depending on your settings
Show personalized ads, depending on your settings
If you choose to “Reject all,” we will not use cookies for these additional purposes.
Non-personalized content is influenced by things like the content you’re currently viewing, activity in your active Search session, and your location. Non-personalized ads are influenced by the content you’re currently viewing and your general location. Personalized content and ads can also include more relevant results, recommendations, and tailored ads based on past activity from this browser, like previous Google searches. We also use cookies and data to tailor the experience to be age-appropriate, if relevant.
Select “More options” to see additional information, including details about managing your privacy settings. You can also visit g.co/privacytools at any time.
Reject all
Accept all
More options
Privacy Policy
Terms of Service",https://news.google.com/rss/articles/CBMihAFBVV95cUxNVThvcWlDLV83Z2E1YTI4djFEdUN2YlN4VW1SLTRmSGhJVk5acWlWcVVjV0hnbnlnSjZES0NUajhLcDNlVEM1YjhON1hYby1qSWRSZDJCYVE5LXY0cHFYeW1jd3VBVERRejNMaGV1WnpmaEsxWTBvbFhGc1ljMndUczY5ckE?oc=5
2024-07-30,MSFT,Microsoft,Microsoft stock falls after cloud numbers disappoint - Yahoo Finance,"EN
Sign in
Before you continue to Google
We use cookies and data to
Deliver and maintain Google services
Track outages and protect against spam, fraud, and abuse
Measure audience engagement and site statistics to understand how our services are used and enhance the quality of those services
If you choose to “Accept all,” we will also use cookies and data to
Develop and improve new services
Deliver and measure the effectiveness of ads
Show personalized content, depending on your settings
Show personalized ads, depending on your settings
If you choose to “Reject all,” we will not use cookies for these additional purposes.
Non-personalized content is influenced by things like the content you’re currently viewing, activity in your active Search session, and your location. Non-personalized ads are influenced by the content you’re currently viewing and your general location. Personalized content and ads can also include more relevant results, recommendations, and tailored ads based on past activity from this browser, like previous Google searches. We also use cookies and data to tailor the experience to be age-appropriate, if relevant.
Select “More options” to see additional information, including details about managing your privacy settings. You can also visit g.co/privacytools at any time.
Reject all
Accept all
More options
Privacy Policy
Terms of Service",https://news.google.com/rss/articles/CBMiiwFBVV95cUxPUXROYmVvamU0ZWhmRVhfUVU0ejlKcHo3c2lRMXZ2a2FSSUVZcHdDMG1qZXVmNW5hVkJuRHc5TzVJMV9HY3pfb3ZZVmV3UERSSWo5Z1ZZOGx1ZGU3RGU1VG01UXlQOFV5bzJBck5CWDhLS052QlZVWklDTnJhb3ZXLW9ERkZHOWp2UkFz?oc=5
2024-08-20,MSFT,Microsoft,Microsoft's dominant 21st century offers a key lesson for stock market investors: Morning Brief - Yahoo Finance,"EN
Sign in
Before you continue to Google
We use cookies and data to
Deliver and maintain Google services
Track outages and protect against spam, fraud, and abuse
Measure audience engagement and site statistics to understand how our services are used and enhance the quality of those services
If you choose to “Accept all,” we will also use cookies and data to
Develop and improve new services
Deliver and measure the effectiveness of ads
Show personalized content, depending on your settings
Show personalized ads, depending on your settings
If you choose to “Reject all,” we will not use cookies for these additional purposes.
Non-personalized content is influenced by things like the content you’re currently viewing, activity in your active Search session, and your location. Non-personalized ads are influenced by the content you’re currently viewing and your general location. Personalized content and ads can also include more relevant results, recommendations, and tailored ads based on past activity from this browser, like previous Google searches. We also use cookies and data to tailor the experience to be age-appropriate, if relevant.
Select “More options” to see additional information, including details about managing your privacy settings. You can also visit g.co/privacytools at any time.
Reject all
Accept all
More options
Privacy Policy
Terms of Service",https://news.google.com/rss/articles/CBMi1gFBVV95cUxPaExZQlhzcENWMnpvYU5rajZYTlBZaTNYdktOSEtYaFcwb0I2VzgteWJTbTF5SzY5MlY3clUyY1dDRzNKcnNIWVBIZTk2V1B2SmdLLVpOdGJac01KVXU4Sm9CRERZazNUUk9YVjBEWnUtSHdTUHdkaEZsYV8zWTFiU3FLa1dzT0Zkd21HZF9aUXhrSnI4czRtT1lGb3VsSWJ4S0M2Tkd3ajdXeG9wQ3JIcWRaTXpqWG1vekpjR29HemtTT0s0MlF4WWwxcFRiSUpWX0V2Skp3?oc=5
2024-09-22,MSFT,Microsoft,Microsoft's Stock Buyback: History Says This Is the Likely Impact - Yahoo Finance,"EN
Sign in
Before you continue to Google
We use cookies and data to
Deliver and maintain Google services
Track outages and protect against spam, fraud, and abuse
Measure audience engagement and site statistics to understand how our services are used and enhance the quality of those services
If you choose to “Accept all,” we will also use cookies and data to
Develop and improve new services
Deliver and measure the effectiveness of ads
Show personalized content, depending on your settings
Show personalized ads, depending on your settings
If you choose to “Reject all,” we will not use cookies for these additional purposes.
Non-personalized content is influenced by things like the content you’re currently viewing, activity in your active Search session, and your location. Non-personalized ads are influenced by the content you’re currently viewing and your general location. Personalized content and ads can also include more relevant results, recommendations, and tailored ads based on past activity from this browser, like previous Google searches. We also use cookies and data to tailor the experience to be age-appropriate, if relevant.
Select “More options” to see additional information, including details about managing your privacy settings. You can also visit g.co/privacytools at any time.
Reject all
Accept all
More options
Privacy Policy
Terms of Service",https://news.google.com/rss/articles/CBMiiwFBVV95cUxOU2ZlNmpiOG40RXdWNGZVYTFmMHB0UkdOQ1h3ZzJYMmRwSE13bWZ2SDNrMnVpaTgwdndpOWxNRFgzaXhDLVpmTDVNamNxaE5HT2FDTzdvNDdVZ0VETXMtVXpkRHVHa3pzR04wc2RnY0gya1VHQjQyTmhqVkhNU21FQUYxanBrZDdLVEFB?oc=5
2024-09-17,MSFT,Microsoft,Watch These Microsoft Stock Price Levels Amid Recent Bullish Momentum - Investopedia,"EN
Sign in
Before you continue to Google
We use cookies and data to
Deliver and maintain Google services
Track outages and protect against spam, fraud, and abuse
Measure audience engagement and site statistics to understand how our services are used and enhance the quality of those services
If you choose to “Accept all,” we will also use cookies and data to
Develop and improve new services
Deliver and measure the effectiveness of ads
Show personalized content, depending on your settings
Show personalized ads, depending on your settings
If you choose to “Reject all,” we will not use cookies for these additional purposes.
Non-personalized content is influenced by things like the content you’re currently viewing, activity in your active Search session, and your location. Non-personalized ads are influenced by the content you’re currently viewing and your general location. Personalized content and ads can also include more relevant results, recommendations, and tailored ads based on past activity from this browser, like previous Google searches. We also use cookies and data to tailor the experience to be age-appropriate, if relevant.
Select “More options” to see additional information, including details about managing your privacy settings. You can also visit g.co/privacytools at any time.
Reject all
Accept all
More options
Privacy Policy
Terms of Service",https://news.google.com/rss/articles/CBMiogFBVV95cUxNbU5uYjM4VGVKa0pSb1dCaXpGSFRETUZ0amtZWDJvbnpWMUtnRWozdDVxOVlGZG9USFJuaHRuOW1HemhBb2NLWU4xa0wzM00yMGwwcmtEc25xR3JveU55UlJNV3N0aVBfWkZEZEhNR2R3cHFDdmprLXpqa1lzUGYtQnBNOEtIb2NwTnoydl9uRmNMWjR3eWlaSm1WMl9XN0hWaFE?oc=5
2024-09-23,MSFT,Microsoft,"Microsoft's AI Lead Has Shrunk, Analyst Says - Investor's Business Daily","EN
Sign in
Before you continue to Google
We use cookies and data to
Deliver and maintain Google services
Track outages and protect against spam, fraud, and abuse
Measure audience engagement and site statistics to understand how our services are used and enhance the quality of those services
If you choose to “Accept all,” we will also use cookies and data to
Develop and improve new services
Deliver and measure the effectiveness of ads
Show personalized content, depending on your settings
Show personalized ads, depending on your settings
If you choose to “Reject all,” we will not use cookies for these additional purposes.
Non-personalized content is influenced by things like the content you’re currently viewing, activity in your active Search session, and your location. Non-personalized ads are influenced by the content you’re currently viewing and your general location. Personalized content and ads can also include more relevant results, recommendations, and tailored ads based on past activity from this browser, like previous Google searches. We also use cookies and data to tailor the experience to be age-appropriate, if relevant.
Select “More options” to see additional information, including details about managing your privacy settings. You can also visit g.co/privacytools at any time.
Reject all
Accept all
More options
Privacy Policy
Terms of Service",https://news.google.com/rss/articles/CBMijgFBVV95cUxQOGJxcUVTNGdzdjAza1RWZXpKaGJURVdIaXRTejdQUW1wRWN5VDNXT2lCQkZmMzAyNVd3cjlnRGRxbFZENWYxb2NiR3djckxPR2lTTGNSbHplUmZucnlaVFA4QnhURHhMbHNfQ2x0SmQ3SVh3aFpvcjVIUE1iX0RhR1VvcUxRU1F0X05nYXpB?oc=5
2024-09-25,MSFT,Microsoft,Is Microsoft Stock a Buy on Its Massive Share Buyback Plan? - Nasdaq,"EN
Sign in
Before you continue to Google
We use cookies and data to
Deliver and maintain Google services
Track outages and protect against spam, fraud, and abuse
Measure audience engagement and site statistics to understand how our services are used and enhance the quality of those services
If you choose to “Accept all,” we will also use cookies and data to
Develop and improve new services
Deliver and measure the effectiveness of ads
Show personalized content, depending on your settings
Show personalized ads, depending on your settings
If you choose to “Reject all,” we will not use cookies for these additional purposes.
Non-personalized content is influenced by things like the content you’re currently viewing, activity in your active Search session, and your location. Non-personalized ads are influenced by the content you’re currently viewing and your general location. Personalized content and ads can also include more relevant results, recommendations, and tailored ads based on past activity from this browser, like previous Google searches. We also use cookies and data to tailor the experience to be age-appropriate, if relevant.
Select “More options” to see additional information, including details about managing your privacy settings. You can also visit g.co/privacytools at any time.
Reject all
Accept all
More options
Privacy Policy
Terms of Service",https://news.google.com/rss/articles/CBMiigFBVV95cUxQc05kdEEyTUtvbEd3ZGxvN281TmtkdkY5M1RVZlZ6VXVFWUpMNi1QTWNyX2ZsZEJJSjBORTdyVldTc1cxa1dUa20wbWROSlhZd1NuUEc2MEpORkNWMHZpTnpUMXR5RGY4Q2Jjck44RF8tQVhRMVBjejZJb0FUcEpFdEhFSXZoeFNJeHc?oc=5
2024-09-22,MSFT,Microsoft,Is It Too Late to Buy Microsoft Stock Now? - The Motley Fool,"EN
Sign in
Before you continue to Google
We use cookies and data to
Deliver and maintain Google services
Track outages and protect against spam, fraud, and abuse
Measure audience engagement and site statistics to understand how our services are used and enhance the quality of those services
If you choose to “Accept all,” we will also use cookies and data to
Develop and improve new services
Deliver and measure the effectiveness of ads
Show personalized content, depending on your settings
Show personalized ads, depending on your settings
If you choose to “Reject all,” we will not use cookies for these additional purposes.
Non-personalized content is influenced by things like the content you’re currently viewing, activity in your active Search session, and your location. Non-personalized ads are influenced by the content you’re currently viewing and your general location. Personalized content and ads can also include more relevant results, recommendations, and tailored ads based on past activity from this browser, like previous Google searches. We also use cookies and data to tailor the experience to be age-appropriate, if relevant.
Select “More options” to see additional information, including details about managing your privacy settings. You can also visit g.co/privacytools at any time.
Reject all
Accept all
More options
Privacy Policy
Terms of Service",https://news.google.com/rss/articles/CBMijAFBVV95cUxNcEhfRC12NHJIZldyNVZPSmh1ZjRGZHh3ZmdQZnlxTWQ3TW9OSlJyMFVlNGhWRmxOTzRVcnpzRHJSRy1NSjZaVS03aGFjNnRzRWlqXzA3V0xUSDFPUENJR01yYWUyN2VhbnZRTVYxdHFVNUJCY245NVo3ZWxHU0lIOEpodUk3d3pzSXZHWA?oc=5
2024-09-23,MSFT,Microsoft,Microsoft’s stock hit with a rare downgrade. Why this analyst says stop buying. - MarketWatch,"EN
Sign in
Before you continue to Google
We use cookies and data to
Deliver and maintain Google services
Track outages and protect against spam, fraud, and abuse
Measure audience engagement and site statistics to understand how our services are used and enhance the quality of those services
If you choose to “Accept all,” we will also use cookies and data to
Develop and improve new services
Deliver and measure the effectiveness of ads
Show personalized content, depending on your settings
Show personalized ads, depending on your settings
If you choose to “Reject all,” we will not use cookies for these additional purposes.
Non-personalized content is influenced by things like the content you’re currently viewing, activity in your active Search session, and your location. Non-personalized ads are influenced by the content you’re currently viewing and your general location. Personalized content and ads can also include more relevant results, recommendations, and tailored ads based on past activity from this browser, like previous Google searches. We also use cookies and data to tailor the experience to be age-appropriate, if relevant.
Select “More options” to see additional information, including details about managing your privacy settings. You can also visit g.co/privacytools at any time.
Reject all
Accept all
More options
Privacy Policy
Terms of Service",https://news.google.com/rss/articles/CBMiuwFBVV95cUxQeV9tRG5leGRCR0tOT3h6ekRyaDlBeFZwYzRvTlBoNmdPYnNoOTU3Sk9yWm9rek1idUxvV3pNLVFWcmN5RjQ2SU9CNm9HTVhpellGUWdOZVJpV2paY3FpS1BXT01QTTIyOU1IUkQ0YWpLMmZFREJXRDNnLXRjZW5sQ0hyUEVPTE9FaHlNQXlnY2pTNGhseVpVSjV2cXFuRkJoVC11SEh1UnZ1ZjlzV2tRSzVKellSSl9aWUJn?oc=5
2024-09-17,MSFT,Microsoft,Microsoft Stock Drives Dow After Dividend Hike - Schaeffer's Investment Research,"EN
Sign in
Before you continue to Google
We use cookies and data to
Deliver and maintain Google services
Track outages and protect against spam, fraud, and abuse
Measure audience engagement and site statistics to understand how our services are used and enhance the quality of those services
If you choose to “Accept all,” we will also use cookies and data to
Develop and improve new services
Deliver and measure the effectiveness of ads
Show personalized content, depending on your settings
Show personalized ads, depending on your settings
If you choose to “Reject all,” we will not use cookies for these additional purposes.
Non-personalized content is influenced by things like the content you’re currently viewing, activity in your active Search session, and your location. Non-personalized ads are influenced by the content you’re currently viewing and your general location. Personalized content and ads can also include more relevant results, recommendations, and tailored ads based on past activity from this browser, like previous Google searches. We also use cookies and data to tailor the experience to be age-appropriate, if relevant.
Select “More options” to see additional information, including details about managing your privacy settings. You can also visit g.co/privacytools at any time.
Reject all
Accept all
More options
Privacy Policy
Terms of Service",https://news.google.com/rss/articles/CBMiqAFBVV95cUxPSGZabWJYZ2xOYVo4YTB3WVR5QzVSVDFtN1d3M1pkV05fa1Nqb1k2VDUxUWUzVmJoZWJ1RUdleGNVSkJPWDFFNEJITlpnUGtrQTc2RndKbjFKSVZodXlRa2xCc1l3ZVAxY09WSkZpSFRzWGt5aGN5VHp1TVdoQlFhUGxFX1JsZnpZQllsZ3BCZjhUQlFYSUJRbG56Z045YnJlYzJVc0lTbjI?oc=5
2024-09-23,MSFT,Microsoft,Microsoft Stock Gets a Rare Downgrade. AI Competition Is Heating Up. - Barron's,"EN
Sign in
Before you continue to Google
We use cookies and data to
Deliver and maintain Google services
Track outages and protect against spam, fraud, and abuse
Measure audience engagement and site statistics to understand how our services are used and enhance the quality of those services
If you choose to “Accept all,” we will also use cookies and data to
Develop and improve new services
Deliver and measure the effectiveness of ads
Show personalized content, depending on your settings
Show personalized ads, depending on your settings
If you choose to “Reject all,” we will not use cookies for these additional purposes.
Non-personalized content is influenced by things like the content you’re currently viewing, activity in your active Search session, and your location. Non-personalized ads are influenced by the content you’re currently viewing and your general location. Personalized content and ads can also include more relevant results, recommendations, and tailored ads based on past activity from this browser, like previous Google searches. We also use cookies and data to tailor the experience to be age-appropriate, if relevant.
Select “More options” to see additional information, including details about managing your privacy settings. You can also visit g.co/privacytools at any time.
Reject all
Accept all
More options
Privacy Policy
Terms of Service",https://news.google.com/rss/articles/CBMiekFVX3lxTE1iSEFJSXRhTkYxMnhhR0FoYzZMc3pLcEpvalAxM05nWkQybDlDNmZIclo0UXppZU9EcXcxSEVBTHRYcHZ4OWRlTTFJUkFadUdvbmZvMjN2amtjTGplbWJpS2hlSGZ3Yy1fU2k5RnVGeGJna0dsb25vbFhn?oc=5
2024-09-13,MSFT,Microsoft,Share.Market redefines the investment experience with Microsoft Azure - Microsoft,"EN
Sign in
Before you continue to Google
We use cookies and data to
Deliver and maintain Google services
Track outages and protect against spam, fraud, and abuse
Measure audience engagement and site statistics to understand how our services are used and enhance the quality of those services
If you choose to “Accept all,” we will also use cookies and data to
Develop and improve new services
Deliver and measure the effectiveness of ads
Show personalized content, depending on your settings
Show personalized ads, depending on your settings
If you choose to “Reject all,” we will not use cookies for these additional purposes.
Non-personalized content is influenced by things like the content you’re currently viewing, activity in your active Search session, and your location. Non-personalized ads are influenced by the content you’re currently viewing and your general location. Personalized content and ads can also include more relevant results, recommendations, and tailored ads based on past activity from this browser, like previous Google searches. We also use cookies and data to tailor the experience to be age-appropriate, if relevant.
Select “More options” to see additional information, including details about managing your privacy settings. You can also visit g.co/privacytools at any time.
Reject all
Accept all
More options
Privacy Policy
Terms of Service",https://news.google.com/rss/articles/CBMihAFBVV95cUxQOUFCY0NwQzdTUWlVM3k3bzFQaEVlRkRvSXJqQ09LaE1FNkZPb1ROcUdlcTYteEZJYXVrWkJJdlg5ZFpJUDhsU2tPSVpSaWRRSkd2VEloRS05RUx5LVFXakFnM1J1bnM4TFdiVWd1Q1gyNUFFOUlEQ2dRbkdaOUhjdjllQ2w?oc=5
2024-09-23,MSFT,Microsoft,Microsoft stock receives rare downgrade as analyst says it's 'beholden' to Nvidia - Yahoo Finance,"EN
Sign in
Before you continue to Google
We use cookies and data to
Deliver and maintain Google services
Track outages and protect against spam, fraud, and abuse
Measure audience engagement and site statistics to understand how our services are used and enhance the quality of those services
If you choose to “Accept all,” we will also use cookies and data to
Develop and improve new services
Deliver and measure the effectiveness of ads
Show personalized content, depending on your settings
Show personalized ads, depending on your settings
If you choose to “Reject all,” we will not use cookies for these additional purposes.
Non-personalized content is influenced by things like the content you’re currently viewing, activity in your active Search session, and your location. Non-personalized ads are influenced by the content you’re currently viewing and your general location. Personalized content and ads can also include more relevant results, recommendations, and tailored ads based on past activity from this browser, like previous Google searches. We also use cookies and data to tailor the experience to be age-appropriate, if relevant.
Select “More options” to see additional information, including details about managing your privacy settings. You can also visit g.co/privacytools at any time.
Reject all
Accept all
More options
Privacy Policy
Terms of Service",https://news.google.com/rss/articles/CBMiwgFBVV95cUxPQU1aSkRzSExPY0ZrbFRxMC13ZXNxWTlCQVBtQzFWQjYtUy1BeVUzOTNpeVVMS2ExV2ZVdkNOWDFCbmxkd0ctZl9FbHlVMUVwZndGeDZYd0pGMUpMTDlINkpETEs0eE1MM0RNbHJKZ2JmdVBzdE9QUkk2ZWZ5ZERrX1NaWlFJQVh3cTlnSlB5RlFsdXE3Wl9QQlZCS05GV25DM3p0aGpZRU4wSmhOLXFLenVHRE1XcFBjLXhTNkd2cGM3Zw?oc=5
2024-09-16,MSFT,Microsoft,6 Biggest Microsoft Shareholders: Who Are They and How Many Shares Do They Own? - Investopedia,"EN
Sign in
Before you continue to Google
We use cookies and data to
Deliver and maintain Google services
Track outages and protect against spam, fraud, and abuse
Measure audience engagement and site statistics to understand how our services are used and enhance the quality of those services
If you choose to “Accept all,” we will also use cookies and data to
Develop and improve new services
Deliver and measure the effectiveness of ads
Show personalized content, depending on your settings
Show personalized ads, depending on your settings
If you choose to “Reject all,” we will not use cookies for these additional purposes.
Non-personalized content is influenced by things like the content you’re currently viewing, activity in your active Search session, and your location. Non-personalized ads are influenced by the content you’re currently viewing and your general location. Personalized content and ads can also include more relevant results, recommendations, and tailored ads based on past activity from this browser, like previous Google searches. We also use cookies and data to tailor the experience to be age-appropriate, if relevant.
Select “More options” to see additional information, including details about managing your privacy settings. You can also visit g.co/privacytools at any time.
Reject all
Accept all
More options
Privacy Policy
Terms of Service",https://news.google.com/rss/articles/CBMikAFBVV95cUxQc2JqOVc0cHNxbGVteEtfaVdyM1JiRHNGZWlzalV6ZzNGTFNEcHk4TmZlOW93UGcwWWJnNjBLQ0RYWUdaa2lYRmpKMWN3c3RmVV9aQ2tsS3FkSGctZnlSdG5zbGY2ZWVzcXJ2RU42cXR4MVV2VUZYNlJad0diTDhJWW5tVXEzbFh2QjJ4aVViRDc?oc=5
2024-09-25,MSFT,Microsoft,Google Files EU Complaint Over Microsoft Cloud Business Tactics - Investor's Business Daily,"EN
Sign in
Before you continue to Google
We use cookies and data to
Deliver and maintain Google services
Track outages and protect against spam, fraud, and abuse
Measure audience engagement and site statistics to understand how our services are used and enhance the quality of those services
If you choose to “Accept all,” we will also use cookies and data to
Develop and improve new services
Deliver and measure the effectiveness of ads
Show personalized content, depending on your settings
Show personalized ads, depending on your settings
If you choose to “Reject all,” we will not use cookies for these additional purposes.
Non-personalized content is influenced by things like the content you’re currently viewing, activity in your active Search session, and your location. Non-personalized ads are influenced by the content you’re currently viewing and your general location. Personalized content and ads can also include more relevant results, recommendations, and tailored ads based on past activity from this browser, like previous Google searches. We also use cookies and data to tailor the experience to be age-appropriate, if relevant.
Select “More options” to see additional information, including details about managing your privacy settings. You can also visit g.co/privacytools at any time.
Reject all
Accept all
More options
Privacy Policy
Terms of Service",https://news.google.com/rss/articles/CBMipwFBVV95cUxPSGYwTTZ0a3luZHhKR01NMjdnTlRub0VkbmxzMERYNFhPdDFreVhEUnpLLWQ2amJWUmpTMHF4Y1JPNkxkdEUwdXZFRXJUb2pfSHlONzl4S2pqc1JpRmF1aGFMNC15c3dHOVZSb0pxaXhUMFFUaVhid2NWaC1yejZlNjlJNTU1dll4d0otbXlnbFp4amQ5R0I1NTdLOTNfVkJSWEJTMmtudw?oc=5
2024-09-17,MSFT,Microsoft,"Microsoft Announces $60 Billion Share Buyback, Hikes Dividend. The Stock’s Up. - Barron's","EN
Sign in
Before you continue to Google
We use cookies and data to
Deliver and maintain Google services
Track outages and protect against spam, fraud, and abuse
Measure audience engagement and site statistics to understand how our services are used and enhance the quality of those services
If you choose to “Accept all,” we will also use cookies and data to
Develop and improve new services
Deliver and measure the effectiveness of ads
Show personalized content, depending on your settings
Show personalized ads, depending on your settings
If you choose to “Reject all,” we will not use cookies for these additional purposes.
Non-personalized content is influenced by things like the content you’re currently viewing, activity in your active Search session, and your location. Non-personalized ads are influenced by the content you’re currently viewing and your general location. Personalized content and ads can also include more relevant results, recommendations, and tailored ads based on past activity from this browser, like previous Google searches. We also use cookies and data to tailor the experience to be age-appropriate, if relevant.
Select “More options” to see additional information, including details about managing your privacy settings. You can also visit g.co/privacytools at any time.
Reject all
Accept all
More options
Privacy Policy
Terms of Service",https://news.google.com/rss/articles/CBMif0FVX3lxTFBPMHM4eWRCaXp0Y0MtWGhsRHoyQWlFRUpuS1NCekE3SWVhNWdaRGRZenY2S2RNSVJlRjZhQnFZMXh3d2VLeGItM0lFRUJQd1N3TnFrRGdWUjUwUGNiU2R4NloyTXV1U2hjSkxWWGpaLVBhc0ZoZWFkNm5BU2FXZU0?oc=5
2024-09-17,MSFT,Microsoft,Which Tech Stock Is Better: Apple or Microsoft? - Nasdaq,"EN
Sign in
Before you continue to Google
We use cookies and data to
Deliver and maintain Google services
Track outages and protect against spam, fraud, and abuse
Measure audience engagement and site statistics to understand how our services are used and enhance the quality of those services
If you choose to “Accept all,” we will also use cookies and data to
Develop and improve new services
Deliver and measure the effectiveness of ads
Show personalized content, depending on your settings
Show personalized ads, depending on your settings
If you choose to “Reject all,” we will not use cookies for these additional purposes.
Non-personalized content is influenced by things like the content you’re currently viewing, activity in your active Search session, and your location. Non-personalized ads are influenced by the content you’re currently viewing and your general location. Personalized content and ads can also include more relevant results, recommendations, and tailored ads based on past activity from this browser, like previous Google searches. We also use cookies and data to tailor the experience to be age-appropriate, if relevant.
Select “More options” to see additional information, including details about managing your privacy settings. You can also visit g.co/privacytools at any time.
Reject all
Accept all
More options
Privacy Policy
Terms of Service",https://news.google.com/rss/articles/CBMif0FVX3lxTE5EUVNSdlNnMlZZNXh1UU5NZkVyT2RzakR6N3lkektjeGVrbGNxMU1wejVNQTA4SWwzYkVMcmFjaGdyNEJiUE5KNTVmRHozeGxCY2RfUmZfaGF2a3d2dEVkeG9ZMkNPdGlNamlKQWczZlhkWWg4MHZFRzRQQnFqZXM?oc=5
2024-09-09,MSFT,Microsoft,Is Microsoft a Buy? - The Motley Fool,"EN
Sign in
Before you continue to Google
We use cookies and data to
Deliver and maintain Google services
Track outages and protect against spam, fraud, and abuse
Measure audience engagement and site statistics to understand how our services are used and enhance the quality of those services
If you choose to “Accept all,” we will also use cookies and data to
Develop and improve new services
Deliver and measure the effectiveness of ads
Show personalized content, depending on your settings
Show personalized ads, depending on your settings
If you choose to “Reject all,” we will not use cookies for these additional purposes.
Non-personalized content is influenced by things like the content you’re currently viewing, activity in your active Search session, and your location. Non-personalized ads are influenced by the content you’re currently viewing and your general location. Personalized content and ads can also include more relevant results, recommendations, and tailored ads based on past activity from this browser, like previous Google searches. We also use cookies and data to tailor the experience to be age-appropriate, if relevant.
Select “More options” to see additional information, including details about managing your privacy settings. You can also visit g.co/privacytools at any time.
Reject all
Accept all
More options
Privacy Policy
Terms of Service",https://news.google.com/rss/articles/CBMibkFVX3lxTE5ETGhaZHVhV0RzR0lZSzlpSXEwSUdtYUh4ZUllNE1kMFI3YjFodm5ORno1REV4VHNhQ011Q2NYYmhoX0EyUWFLblV1d0Q5cDh0SW04NmtvUVNaMHpmSWJvTnl0dm53SGdXYzhvcFdR?oc=5
2024-09-16,MSFT,Microsoft,"AMZN, GOOGL, or MSFT: Which Cloud Computing Giant Is the Best Pick? - Yahoo Finance","EN
Sign in
Before you continue to Google
We use cookies and data to
Deliver and maintain Google services
Track outages and protect against spam, fraud, and abuse
Measure audience engagement and site statistics to understand how our services are used and enhance the quality of those services
If you choose to “Accept all,” we will also use cookies and data to
Develop and improve new services
Deliver and measure the effectiveness of ads
Show personalized content, depending on your settings
Show personalized ads, depending on your settings
If you choose to “Reject all,” we will not use cookies for these additional purposes.
Non-personalized content is influenced by things like the content you’re currently viewing, activity in your active Search session, and your location. Non-personalized ads are influenced by the content you’re currently viewing and your general location. Personalized content and ads can also include more relevant results, recommendations, and tailored ads based on past activity from this browser, like previous Google searches. We also use cookies and data to tailor the experience to be age-appropriate, if relevant.
Select “More options” to see additional information, including details about managing your privacy settings. You can also visit g.co/privacytools at any time.
Reject all
Accept all
More options
Privacy Policy
Terms of Service",https://news.google.com/rss/articles/CBMigwFBVV95cUxOUUlGM1hKNkJZcS14bEhuNXJyYmV3MTcwYzFZY0FLN3REUzYyajlmdEVVOE80Zm5RTnYtaGR3M0ozdjdjQXhxVGVyVHhlc00xcWI2UzBObGM1TkJzQ09vV2ZDUUhBNVlMejlFTnFydF9NV2Z4X3VFamVVaVRrTEwtOXdvMA?oc=5
2024-09-17,MSFT,Microsoft,"Top Stock Movers Now: Intel, Microsoft, Amazon, Cigna, and More - Investopedia","EN
Sign in
Before you continue to Google
We use cookies and data to
Deliver and maintain Google services
Track outages and protect against spam, fraud, and abuse
Measure audience engagement and site statistics to understand how our services are used and enhance the quality of those services
If you choose to “Accept all,” we will also use cookies and data to
Develop and improve new services
Deliver and measure the effectiveness of ads
Show personalized content, depending on your settings
Show personalized ads, depending on your settings
If you choose to “Reject all,” we will not use cookies for these additional purposes.
Non-personalized content is influenced by things like the content you’re currently viewing, activity in your active Search session, and your location. Non-personalized ads are influenced by the content you’re currently viewing and your general location. Personalized content and ads can also include more relevant results, recommendations, and tailored ads based on past activity from this browser, like previous Google searches. We also use cookies and data to tailor the experience to be age-appropriate, if relevant.
Select “More options” to see additional information, including details about managing your privacy settings. You can also visit g.co/privacytools at any time.
Reject all
Accept all
More options
Privacy Policy
Terms of Service",https://news.google.com/rss/articles/CBMimwFBVV95cUxPU1NJV2sxckl4TnYwWlYwcUpodGlzLTFodUdPRzdudVBkUkxJTUZZck1yNFI0WHp3dUF4RG9XYndIZXFMbVZfa1NOMUFSN051S1hVdzNwRlJyUjVMd2lTaUdoZVU5aTJCQURkSXJiUWNROUJRa0g0cmRVN2J6U1d3WXZrN015SkY0RnVORkhaQ1c3NWxNZF8xaG5ySQ?oc=5
2024-09-17,MSFT,Microsoft,"Microsoft Announces $60 Billion Buyback, 10% Dividend Hike - Investor's Business Daily","EN
Sign in
Before you continue to Google
We use cookies and data to
Deliver and maintain Google services
Track outages and protect against spam, fraud, and abuse
Measure audience engagement and site statistics to understand how our services are used and enhance the quality of those services
If you choose to “Accept all,” we will also use cookies and data to
Develop and improve new services
Deliver and measure the effectiveness of ads
Show personalized content, depending on your settings
Show personalized ads, depending on your settings
If you choose to “Reject all,” we will not use cookies for these additional purposes.
Non-personalized content is influenced by things like the content you’re currently viewing, activity in your active Search session, and your location. Non-personalized ads are influenced by the content you’re currently viewing and your general location. Personalized content and ads can also include more relevant results, recommendations, and tailored ads based on past activity from this browser, like previous Google searches. We also use cookies and data to tailor the experience to be age-appropriate, if relevant.
Select “More options” to see additional information, including details about managing your privacy settings. You can also visit g.co/privacytools at any time.
Reject all
Accept all
More options
Privacy Policy
Terms of Service",https://news.google.com/rss/articles/CBMijgFBVV95cUxQMnF3NjJwRkFrdDNyNzZxY216dDl5T2EzeVl6WmljZUxacUY0UU9rcW1hY0Z5Yl9zZVA4OHp2djRzSkV3VzJQYlhIbGpWclB0eklJNzZtakIyWW00UC1Ya0dKSVBPUXdKbHJTYWs1cHlMSTBxTmJUaWpTMUo5VFVfdjhMdDRWVVdwZ1pPX0tn?oc=5
2024-09-17,MSFT,Microsoft,Microsoft Raised Its Dividend by 11%. These 3 Raised Theirs More. - Barron's,"EN
Sign in
Before you continue to Google
We use cookies and data to
Deliver and maintain Google services
Track outages and protect against spam, fraud, and abuse
Measure audience engagement and site statistics to understand how our services are used and enhance the quality of those services
If you choose to “Accept all,” we will also use cookies and data to
Develop and improve new services
Deliver and measure the effectiveness of ads
Show personalized content, depending on your settings
Show personalized ads, depending on your settings
If you choose to “Reject all,” we will not use cookies for these additional purposes.
Non-personalized content is influenced by things like the content you’re currently viewing, activity in your active Search session, and your location. Non-personalized ads are influenced by the content you’re currently viewing and your general location. Personalized content and ads can also include more relevant results, recommendations, and tailored ads based on past activity from this browser, like previous Google searches. We also use cookies and data to tailor the experience to be age-appropriate, if relevant.
Select “More options” to see additional information, including details about managing your privacy settings. You can also visit g.co/privacytools at any time.
Reject all
Accept all
More options
Privacy Policy
Terms of Service",https://news.google.com/rss/articles/CBMiiwFBVV95cUxNVkVMSG1icXgtNG1NbGFJcTdjTktvSmdsX2ZIb1drR3NnMzRZTS1RUGNHMThiZGlFdDZaZEJGN3NoZHBYb2UycTNzNWdpdUFVbjd3OU9kTnk1aEdBSXhvSTJBbDF0QWRBRXFkbERFMExVQzBoLU43TTJUOG9CZVhINFJGUjg2QUxVQ3VZ?oc=5
2024-09-20,MSFT,Microsoft,Constellation Energy Stock Jumps on Plan to Restart Three Mile Island Site With Microsoft - Investopedia,"EN
Sign in
Before you continue to Google
We use cookies and data to
Deliver and maintain Google services
Track outages and protect against spam, fraud, and abuse
Measure audience engagement and site statistics to understand how our services are used and enhance the quality of those services
If you choose to “Accept all,” we will also use cookies and data to
Develop and improve new services
Deliver and measure the effectiveness of ads
Show personalized content, depending on your settings
Show personalized ads, depending on your settings
If you choose to “Reject all,” we will not use cookies for these additional purposes.
Non-personalized content is influenced by things like the content you’re currently viewing, activity in your active Search session, and your location. Non-personalized ads are influenced by the content you’re currently viewing and your general location. Personalized content and ads can also include more relevant results, recommendations, and tailored ads based on past activity from this browser, like previous Google searches. We also use cookies and data to tailor the experience to be age-appropriate, if relevant.
Select “More options” to see additional information, including details about managing your privacy settings. You can also visit g.co/privacytools at any time.
Reject all
Accept all
More options
Privacy Policy
Terms of Service",https://news.google.com/rss/articles/CBMingFBVV95cUxOU1N4MWNWd2t2ZGxlc1ZVS09xVDlLaG1MLVF0dEhIRGg2WXBQUWw4SWUxbHdRbWpBN2NWOTlVUUV0SXAzd1BLVEVqNjVnR3dOTnNyeGt0Rzd2Yzc1ZWx0SExmTnVSQkJOd0tVR21CaTRLYkpNTnNETVh3c0NlQnYyUjI0azIzUVRKODl1UnZnU1NnNU9MRWRmWkMtbVZTUQ?oc=5
2024-10-21,MSFT,Microsoft,"Going Into Earnings, Is Microsoft Stock a Buy, a Sell, or Fairly Valued? - Morningstar","EN
Sign in
Before you continue to Google
We use cookies and data to
Deliver and maintain Google services
Track outages and protect against spam, fraud, and abuse
Measure audience engagement and site statistics to understand how our services are used and enhance the quality of those services
If you choose to “Accept all,” we will also use cookies and data to
Develop and improve new services
Deliver and measure the effectiveness of ads
Show personalized content, depending on your settings
Show personalized ads, depending on your settings
If you choose to “Reject all,” we will not use cookies for these additional purposes.
Non-personalized content is influenced by things like the content you’re currently viewing, activity in your active Search session, and your location. Non-personalized ads are influenced by the content you’re currently viewing and your general location. Personalized content and ads can also include more relevant results, recommendations, and tailored ads based on past activity from this browser, like previous Google searches. We also use cookies and data to tailor the experience to be age-appropriate, if relevant.
Select “More options” to see additional information, including details about managing your privacy settings. You can also visit g.co/privacytools at any time.
Reject all
Accept all
More options
Privacy Policy
Terms of Service",https://news.google.com/rss/articles/CBMiowFBVV95cUxOcmo2Uk16SGh5NGUwckdXY2tFcGtQVjJCQlE2c2FOS0ZUY0oyNXhLMFphd0NkQXBpWDg0Z2lQaXkyVWIzQVB5ZnByLXV4cXJWa2tURUJCT2lVTnNGMU5oWGZEakZHN2J1c3lNa2xfUHhJdGZfcEpGZDd0SmFYbE5QMkRIdXhxTTRtU0t3bmlMZHdoMVg1X1BpWWZDUW1aWjU2TVZZ?oc=5
2024-10-18,MSFT,Microsoft,Where Will Microsoft Stock Be in 3 Years? - Yahoo Finance,"EN
Sign in
Before you continue to Google
We use cookies and data to
Deliver and maintain Google services
Track outages and protect against spam, fraud, and abuse
Measure audience engagement and site statistics to understand how our services are used and enhance the quality of those services
If you choose to “Accept all,” we will also use cookies and data to
Develop and improve new services
Deliver and measure the effectiveness of ads
Show personalized content, depending on your settings
Show personalized ads, depending on your settings
If you choose to “Reject all,” we will not use cookies for these additional purposes.
Non-personalized content is influenced by things like the content you’re currently viewing, activity in your active Search session, and your location. Non-personalized ads are influenced by the content you’re currently viewing and your general location. Personalized content and ads can also include more relevant results, recommendations, and tailored ads based on past activity from this browser, like previous Google searches. We also use cookies and data to tailor the experience to be age-appropriate, if relevant.
Select “More options” to see additional information, including details about managing your privacy settings. You can also visit g.co/privacytools at any time.
Reject all
Accept all
More options
Privacy Policy
Terms of Service",https://news.google.com/rss/articles/CBMigAFBVV95cUxNUnlFQUJMYzVsZmRSSFRUa0JfQThUaWRSRVJBWWhZLTdZdndGOVFHQnJ3dDNqV05wamhDWHhfNEg4dnZMQnVsX0tsNVJWU284OTVzVjBKYXc5dVFLcjNycUhtcEhudkVjQTh3ZlNMOENaODJPOFdiRjg0dE5YWnVnXw?oc=5
2024-10-14,MSFT,Microsoft,Is Microsoft Stock Heading To $4 Trillion Valuation After Buyback & Dividend Hike: January 2025 Edition - Forbes,"EN
Sign in
Before you continue to Google
We use cookies and data to
Deliver and maintain Google services
Track outages and protect against spam, fraud, and abuse
Measure audience engagement and site statistics to understand how our services are used and enhance the quality of those services
If you choose to “Accept all,” we will also use cookies and data to
Develop and improve new services
Deliver and measure the effectiveness of ads
Show personalized content, depending on your settings
Show personalized ads, depending on your settings
If you choose to “Reject all,” we will not use cookies for these additional purposes.
Non-personalized content is influenced by things like the content you’re currently viewing, activity in your active Search session, and your location. Non-personalized ads are influenced by the content you’re currently viewing and your general location. Personalized content and ads can also include more relevant results, recommendations, and tailored ads based on past activity from this browser, like previous Google searches. We also use cookies and data to tailor the experience to be age-appropriate, if relevant.
Select “More options” to see additional information, including details about managing your privacy settings. You can also visit g.co/privacytools at any time.
Reject all
Accept all
More options
Privacy Policy
Terms of Service",https://news.google.com/rss/articles/CBMiwwFBVV95cUxPdnRUcjh5SkoyRm11Uk1YU1pwTnZOUFM5Rk9BNnRKN0t3WlJWZUZUejhBeWZuVmgyZnZiTDJEd2loTW9CeEdibFdfUkpCVFVSRlRwOGZaRUhnbWdtM2ZvdlVJSzV6VzAySnhrNjgyYWp3WHZIRUg1ODlxQlZtYngtUkZKNUtPQkxRZHlBZndlVHhjTXZwblZCNG9RbndCM2duYWFqRXRGcGpyQnZFZVFNb1JIb1pzMTFGd3V4RGlSSDY5UTg?oc=5
2024-10-08,MSFT,Microsoft,Microsoft's Stock Has One Fewer 'Buy' Rating on Wall Street Today - Investopedia,"EN
Sign in
Before you continue to Google
We use cookies and data to
Deliver and maintain Google services
Track outages and protect against spam, fraud, and abuse
Measure audience engagement and site statistics to understand how our services are used and enhance the quality of those services
If you choose to “Accept all,” we will also use cookies and data to
Develop and improve new services
Deliver and measure the effectiveness of ads
Show personalized content, depending on your settings
Show personalized ads, depending on your settings
If you choose to “Reject all,” we will not use cookies for these additional purposes.
Non-personalized content is influenced by things like the content you’re currently viewing, activity in your active Search session, and your location. Non-personalized ads are influenced by the content you’re currently viewing and your general location. Personalized content and ads can also include more relevant results, recommendations, and tailored ads based on past activity from this browser, like previous Google searches. We also use cookies and data to tailor the experience to be age-appropriate, if relevant.
Select “More options” to see additional information, including details about managing your privacy settings. You can also visit g.co/privacytools at any time.
Reject all
Accept all
More options
Privacy Policy
Terms of Service",https://news.google.com/rss/articles/CBMiqgFBVV95cUxNQl9lV3JQODVIV3RZWS1udGtiNHpoOW9LenZ0THhSU2JUTXVVT1RDMnJNYm4yUzdUR3hWX0d3UjV0MFZuM1JkMHo0UTR4RWdOanA4di05OFdDXzRXcm9nVGZIVDdKLVYySXBYR2wwYVJ6MFQwRWw5TlpvZkJMenRZeXk5OE1nOXpGb1lnWE45QmxtOXNmVzBCZE5rbktmclVmeGQ4UWZDdVlxdw?oc=5
2024-10-18,MSFT,Microsoft,"Microsoft Stock Removed From Top Pick List. Plus, Airbnb, Snowflake, and More. - Barron's","EN
Sign in
Before you continue to Google
We use cookies and data to
Deliver and maintain Google services
Track outages and protect against spam, fraud, and abuse
Measure audience engagement and site statistics to understand how our services are used and enhance the quality of those services
If you choose to “Accept all,” we will also use cookies and data to
Develop and improve new services
Deliver and measure the effectiveness of ads
Show personalized content, depending on your settings
Show personalized ads, depending on your settings
If you choose to “Reject all,” we will not use cookies for these additional purposes.
Non-personalized content is influenced by things like the content you’re currently viewing, activity in your active Search session, and your location. Non-personalized ads are influenced by the content you’re currently viewing and your general location. Personalized content and ads can also include more relevant results, recommendations, and tailored ads based on past activity from this browser, like previous Google searches. We also use cookies and data to tailor the experience to be age-appropriate, if relevant.
Select “More options” to see additional information, including details about managing your privacy settings. You can also visit g.co/privacytools at any time.
Reject all
Accept all
More options
Privacy Policy
Terms of Service",https://news.google.com/rss/articles/CBMitgFBVV95cUxQc0t2UzBqSXVmSkFrS29Cc2pldzBTaHV6bnRmbUlBcTZQTGpqOGpiZXpRb2RHTXVUMy1oZ19mMkJhV0puOW1oQ24xWXhSa2Z0VTdpNkhEcktCQV83dmdwelp5RnZYQjI0ZEJKQXowWVNoN2ZxUWc5aFZQVzBPdVdTODRHa1NZWWlJVFRvSjVjWkNOLUt5Vk0yQ3EyY2dRM1Q2Q2liQ2xhU3dzOTlZR3BUMTRUVkVzZw?oc=5
2024-10-07,MSFT,Microsoft,Microsoft stock stumbles; why and how AI may be to blame - Times of India,"EN
Sign in
Before you continue to Google
We use cookies and data to
Deliver and maintain Google services
Track outages and protect against spam, fraud, and abuse
Measure audience engagement and site statistics to understand how our services are used and enhance the quality of those services
If you choose to “Accept all,” we will also use cookies and data to
Develop and improve new services
Deliver and measure the effectiveness of ads
Show personalized content, depending on your settings
Show personalized ads, depending on your settings
If you choose to “Reject all,” we will not use cookies for these additional purposes.
Non-personalized content is influenced by things like the content you’re currently viewing, activity in your active Search session, and your location. Non-personalized ads are influenced by the content you’re currently viewing and your general location. Personalized content and ads can also include more relevant results, recommendations, and tailored ads based on past activity from this browser, like previous Google searches. We also use cookies and data to tailor the experience to be age-appropriate, if relevant.
Select “More options” to see additional information, including details about managing your privacy settings. You can also visit g.co/privacytools at any time.
Reject all
Accept all
More options
Privacy Policy
Terms of Service",https://news.google.com/rss/articles/CBMi1AFBVV95cUxOMTZsR0JTaXV4aWZ4b3F6M1RzRThEUE9zeWt4c3lsdjhDZHZadkV1QWE1RExwd0gxRWRka0htazZPUHMyMXNiOWlkYV9NWHItdHFtZmthaElZbmZIdG1tWWdKT3NJTHROcUQ2Ym9zTGRlTUp0dHR0RFpDQW8wY21oa0l3ekN1cXpFVlhPS040MmRsRFNOakNIWlNTMXR3STRabnhMUnpJWGYxTXc3eEFmaEFNbWp2NmxReEVVU3pPbWRwbEwxMGR1aVdCOUFhcHlCejJQVdIB2gFBVV95cUxPVGxKNk9sdDVGQ2NmX1AzNFhTX3FZbW5wUUFIMnZtU3FTRndBY0Y3MkdjR1FGSkdoMXk3M1RwQ3NkTHRDZjlYUTlONUFVUDIySEMyeDNOcndHSzlpazhWeUNLSWJIVmROc0dwV1ZuekMySy14eHJwbUZWMTFUa0VxelJMOTk2dE1uTEZCTm5LT2FROUQwaFd4U0lPTzQwcEMwYjR3N0toeHVrNWZMTjlTaTVYZUljZFV4dHE4NUR2VklaVEk5OXgxU1ptLVQySVNfQUE4Zi1CM1o1UQ?oc=5
2024-10-17,MSFT,Microsoft,Every Microsoft Stock Investor Should Watch This Key Number On Oct. 30 - Nasdaq,"EN
Sign in
Before you continue to Google
We use cookies and data to
Deliver and maintain Google services
Track outages and protect against spam, fraud, and abuse
Measure audience engagement and site statistics to understand how our services are used and enhance the quality of those services
If you choose to “Accept all,” we will also use cookies and data to
Develop and improve new services
Deliver and measure the effectiveness of ads
Show personalized content, depending on your settings
Show personalized ads, depending on your settings
If you choose to “Reject all,” we will not use cookies for these additional purposes.
Non-personalized content is influenced by things like the content you’re currently viewing, activity in your active Search session, and your location. Non-personalized ads are influenced by the content you’re currently viewing and your general location. Personalized content and ads can also include more relevant results, recommendations, and tailored ads based on past activity from this browser, like previous Google searches. We also use cookies and data to tailor the experience to be age-appropriate, if relevant.
Select “More options” to see additional information, including details about managing your privacy settings. You can also visit g.co/privacytools at any time.
Reject all
Accept all
More options
Privacy Policy
Terms of Service",https://news.google.com/rss/articles/CBMirgFBVV95cUxOcG01WTBQdGxyY3RQcklidGpaLUFYWGZfMHp3anVFcHh0VUViNWdjbmwxd3dGMUU4VTlUd3IyaUI3YXRPdjVmZDhuemlaWDR6RXVMQmlZWVBlR1dSb0tyMy14eVZyRTNCNlBhbFBlR0l4eTB2cnVCOEp3eC1BNFFqNHJmMzByYTZqbzYxdlFNVDgzNVEtWEoyam9ydXZMSGEycjZDZjVXQmJ1bC1FYkE?oc=5
2024-10-08,MSFT,Microsoft,Microsoft’s stock heads for a ‘death cross’ — but there are bigger chart problems - MarketWatch,"EN
Sign in
Before you continue to Google
We use cookies and data to
Deliver and maintain Google services
Track outages and protect against spam, fraud, and abuse
Measure audience engagement and site statistics to understand how our services are used and enhance the quality of those services
If you choose to “Accept all,” we will also use cookies and data to
Develop and improve new services
Deliver and measure the effectiveness of ads
Show personalized content, depending on your settings
Show personalized ads, depending on your settings
If you choose to “Reject all,” we will not use cookies for these additional purposes.
Non-personalized content is influenced by things like the content you’re currently viewing, activity in your active Search session, and your location. Non-personalized ads are influenced by the content you’re currently viewing and your general location. Personalized content and ads can also include more relevant results, recommendations, and tailored ads based on past activity from this browser, like previous Google searches. We also use cookies and data to tailor the experience to be age-appropriate, if relevant.
Select “More options” to see additional information, including details about managing your privacy settings. You can also visit g.co/privacytools at any time.
Reject all
Accept all
More options
Privacy Policy
Terms of Service",https://news.google.com/rss/articles/CBMiuwFBVV95cUxOb3ltM2R4ak1SY0F4RDFTNmFnTWVraG1TVXJOZHoza2VGUTY3cFJSSXMyVUNub1ZRRXd2aFJnT3ZUQUZLcHl6aXZMRzhrUG1jUmRZdFp4VlhJcHJteWxNMFZvT0ROVzdGVy1CSTdnaTBqclVrSVJlNk1hcUxSS3pkRW44R1dqaUpndEdSNjhydDJkbVlNb1hmZGZJbFRuclIyVjQxcDZXY3YyZlNZZjd3QTNyOWNtb0JOV2pJ?oc=5
2024-10-13,MSFT,Microsoft,"Microsoft Stock Has Underperformed in 2024, But Can It Catch Up in Q4? - TradingView","EN
Sign in
Before you continue to Google
We use cookies and data to
Deliver and maintain Google services
Track outages and protect against spam, fraud, and abuse
Measure audience engagement and site statistics to understand how our services are used and enhance the quality of those services
If you choose to “Accept all,” we will also use cookies and data to
Develop and improve new services
Deliver and measure the effectiveness of ads
Show personalized content, depending on your settings
Show personalized ads, depending on your settings
If you choose to “Reject all,” we will not use cookies for these additional purposes.
Non-personalized content is influenced by things like the content you’re currently viewing, activity in your active Search session, and your location. Non-personalized ads are influenced by the content you’re currently viewing and your general location. Personalized content and ads can also include more relevant results, recommendations, and tailored ads based on past activity from this browser, like previous Google searches. We also use cookies and data to tailor the experience to be age-appropriate, if relevant.
Select “More options” to see additional information, including details about managing your privacy settings. You can also visit g.co/privacytools at any time.
Reject all
Accept all
More options
Privacy Policy
Terms of Service",https://news.google.com/rss/articles/CBMixgFBVV95cUxNZkJ2azI1WUdYeTd6T09IaElDUllpWXoyUU9uSUZUR3p6WEFkbXlPX2k2cFg2MEFEOS0wNGlZNkNuRjAzdDJBSXlmRHYzRDdOSnNfdUJ0UEJGY19UVjJQTzNDSnhwN3RKVzA4amM5SnNUTlctNTBYLUV4ZnhmbmJjTGZCeU1XaUdacGdMSjB2Uk16ckRGb2h4SjV5eDRwY3hlYWU2T2JNdHB1TGZXWk16WFhHR2hKZTduUmNHR1Y2QTZpQ0lweHc?oc=5
2024-10-23,MSFT,Microsoft,Analysts update Microsoft stock price targets ahead of Q1 earnings - TheStreet,"EN
Sign in
Before you continue to Google
We use cookies and data to
Deliver and maintain Google services
Track outages and protect against spam, fraud, and abuse
Measure audience engagement and site statistics to understand how our services are used and enhance the quality of those services
If you choose to “Accept all,” we will also use cookies and data to
Develop and improve new services
Deliver and measure the effectiveness of ads
Show personalized content, depending on your settings
Show personalized ads, depending on your settings
If you choose to “Reject all,” we will not use cookies for these additional purposes.
Non-personalized content is influenced by things like the content you’re currently viewing, activity in your active Search session, and your location. Non-personalized ads are influenced by the content you’re currently viewing and your general location. Personalized content and ads can also include more relevant results, recommendations, and tailored ads based on past activity from this browser, like previous Google searches. We also use cookies and data to tailor the experience to be age-appropriate, if relevant.
Select “More options” to see additional information, including details about managing your privacy settings. You can also visit g.co/privacytools at any time.
Reject all
Accept all
More options
Privacy Policy
Terms of Service",https://news.google.com/rss/articles/CBMipAFBVV95cUxNTUNHaXFXWWE0aThrdXVLNFEtazYzOHVmRmd5TV9FeFJGdGVPWXBYTl9DM0ZUWHNrUS16bkRtdVotMGpMdmR0NjAxZ3A2UmlNS1IwQmtZampHclB6U1FKRzJQckFlRU1wekxEQlNNSUp6WHVLd0REOUU2aFZOLTZqNjVGSXFiM0hWWHFMWDhvRkZVRGJRbFRoOHBkU3V4ejlFVy1DOA?oc=5
2024-10-11,MSFT,Microsoft,Has Microsoft's Stock Hit a Peak? - Yahoo Finance,"EN
Sign in
Before you continue to Google
We use cookies and data to
Deliver and maintain Google services
Track outages and protect against spam, fraud, and abuse
Measure audience engagement and site statistics to understand how our services are used and enhance the quality of those services
If you choose to “Accept all,” we will also use cookies and data to
Develop and improve new services
Deliver and measure the effectiveness of ads
Show personalized content, depending on your settings
Show personalized ads, depending on your settings
If you choose to “Reject all,” we will not use cookies for these additional purposes.
Non-personalized content is influenced by things like the content you’re currently viewing, activity in your active Search session, and your location. Non-personalized ads are influenced by the content you’re currently viewing and your general location. Personalized content and ads can also include more relevant results, recommendations, and tailored ads based on past activity from this browser, like previous Google searches. We also use cookies and data to tailor the experience to be age-appropriate, if relevant.
Select “More options” to see additional information, including details about managing your privacy settings. You can also visit g.co/privacytools at any time.
Reject all
Accept all
More options
Privacy Policy
Terms of Service",https://news.google.com/rss/articles/CBMie0FVX3lxTE93WG9hUEdWRjJsTGV6UFU2cXdRNTl4MTNhZnFTTEhvbkNuRWc1bUlLd1RlSDkwa2tCQ180X1lWQ19RTlVEV2E0NDdCLVpEelpQTHlfbXRiWXUwc0JnalpSYXU4Q3pZN2RoZGdNY1gtNG9QT1NCdzBvYWNtOA?oc=5
2024-10-17,MSFT,Microsoft,Microsoft Stock Earnings: Is It A Buy Before Or After Reporting? - Forbes,"EN
Sign in
Before you continue to Google
We use cookies and data to
Deliver and maintain Google services
Track outages and protect against spam, fraud, and abuse
Measure audience engagement and site statistics to understand how our services are used and enhance the quality of those services
If you choose to “Accept all,” we will also use cookies and data to
Develop and improve new services
Deliver and measure the effectiveness of ads
Show personalized content, depending on your settings
Show personalized ads, depending on your settings
If you choose to “Reject all,” we will not use cookies for these additional purposes.
Non-personalized content is influenced by things like the content you’re currently viewing, activity in your active Search session, and your location. Non-personalized ads are influenced by the content you’re currently viewing and your general location. Personalized content and ads can also include more relevant results, recommendations, and tailored ads based on past activity from this browser, like previous Google searches. We also use cookies and data to tailor the experience to be age-appropriate, if relevant.
Select “More options” to see additional information, including details about managing your privacy settings. You can also visit g.co/privacytools at any time.
Reject all
Accept all
More options
Privacy Policy
Terms of Service",https://news.google.com/rss/articles/CBMirwFBVV95cUxNNDRsUE90QXN1RDI2cmk5Rk9CUUx5VS01ZFRfOFFUU0ZlMDhtZ2NOYjhQc1JneUZ6MUlTRXRZT1JUU3NFcFVXeWhUMl9wbDVUY2ZEVXowSjdVVXBoNDBpWnpjZnVoUGVXUzFJQnJEY3pTUHF5Q3JyS0N3R01Iajh5Sk56RDJQT2Y4anFhY2pSMTdwUUtLNDNVVHdXaU5Ec0JxWXhKaEdrdGNpUFJqVDUw?oc=5
2024-10-23,MSFT,Microsoft,Did Microsoft Stock Crush the Competition With Its New Artificial Intelligence Products? - Nasdaq,"EN
Sign in
Before you continue to Google
We use cookies and data to
Deliver and maintain Google services
Track outages and protect against spam, fraud, and abuse
Measure audience engagement and site statistics to understand how our services are used and enhance the quality of those services
If you choose to “Accept all,” we will also use cookies and data to
Develop and improve new services
Deliver and measure the effectiveness of ads
Show personalized content, depending on your settings
Show personalized ads, depending on your settings
If you choose to “Reject all,” we will not use cookies for these additional purposes.
Non-personalized content is influenced by things like the content you’re currently viewing, activity in your active Search session, and your location. Non-personalized ads are influenced by the content you’re currently viewing and your general location. Personalized content and ads can also include more relevant results, recommendations, and tailored ads based on past activity from this browser, like previous Google searches. We also use cookies and data to tailor the experience to be age-appropriate, if relevant.
Select “More options” to see additional information, including details about managing your privacy settings. You can also visit g.co/privacytools at any time.
Reject all
Accept all
More options
Privacy Policy
Terms of Service",https://news.google.com/rss/articles/CBMirwFBVV95cUxPVnRZOS0wX3E5ZFFnUXlpZUJkcGU3UHVGRW5rQUhXVmlZeThNcEFMb21ydEVMTWwxdm0xVld6UnJ1OURwei1veUJhdmNsQ2dKX0Jrc0MzbE0ya1FWNzZGTmNSN0x6bHR4MFE5cDhEU1pmbWlGQWVNaFk5QTEzeHZmRXlKRlh1RmRZV3M5TjBZVFZHd1pFTkoydnRoRDZkN05Ddzc5NVF2bkNTMWlSRUxB?oc=5
2024-10-08,MSFT,Microsoft,OpenAI has been an asset for Microsoft. Now it could mean risk for the stock. - MarketWatch,"EN
Sign in
Before you continue to Google
We use cookies and data to
Deliver and maintain Google services
Track outages and protect against spam, fraud, and abuse
Measure audience engagement and site statistics to understand how our services are used and enhance the quality of those services
If you choose to “Accept all,” we will also use cookies and data to
Develop and improve new services
Deliver and measure the effectiveness of ads
Show personalized content, depending on your settings
Show personalized ads, depending on your settings
If you choose to “Reject all,” we will not use cookies for these additional purposes.
Non-personalized content is influenced by things like the content you’re currently viewing, activity in your active Search session, and your location. Non-personalized ads are influenced by the content you’re currently viewing and your general location. Personalized content and ads can also include more relevant results, recommendations, and tailored ads based on past activity from this browser, like previous Google searches. We also use cookies and data to tailor the experience to be age-appropriate, if relevant.
Select “More options” to see additional information, including details about managing your privacy settings. You can also visit g.co/privacytools at any time.
Reject all
Accept all
More options
Privacy Policy
Terms of Service",https://news.google.com/rss/articles/CBMiugFBVV95cUxNV0Y0Q1FaNlFCclBxZ2FPOXhwU3BFOENmVlpUVEM0YjVUeHJvM1BhalZiOW9ZbllkWUdPeV9QUU5WRUxmUWhCaWtQNWN5ek1TeVBmYUZMQmd3TmNoMVlGcWJSb2M2LVFVRjl6MHJoWEpPdDlfbHp0ei1RVU1BdDBLUHR2N0UyeXhWdndQb0Zxb2dVS2pjWHBYOURRdmNIZWl1OWFiUHhDN0txeGVKM08yQ2IzTklZb3ZzRnc?oc=5
2024-10-18,MSFT,Microsoft,Why Microsoft Stock Could Be a Better Bet Than Alphabet Ahead of Earnings - Barron's,"EN
Sign in
Before you continue to Google
We use cookies and data to
Deliver and maintain Google services
Track outages and protect against spam, fraud, and abuse
Measure audience engagement and site statistics to understand how our services are used and enhance the quality of those services
If you choose to “Accept all,” we will also use cookies and data to
Develop and improve new services
Deliver and measure the effectiveness of ads
Show personalized content, depending on your settings
Show personalized ads, depending on your settings
If you choose to “Reject all,” we will not use cookies for these additional purposes.
Non-personalized content is influenced by things like the content you’re currently viewing, activity in your active Search session, and your location. Non-personalized ads are influenced by the content you’re currently viewing and your general location. Personalized content and ads can also include more relevant results, recommendations, and tailored ads based on past activity from this browser, like previous Google searches. We also use cookies and data to tailor the experience to be age-appropriate, if relevant.
Select “More options” to see additional information, including details about managing your privacy settings. You can also visit g.co/privacytools at any time.
Reject all
Accept all
More options
Privacy Policy
Terms of Service",https://news.google.com/rss/articles/CBMiigFBVV95cUxOTHluX2c0bkh1bk1pcjhMbWgybHZZVFBHNTVieDNEUTl2SGRYZWh5MnI0eE5NSU1yR1c0WnVkUXRnZlJ0Yng4bFNsbUtGdXQ3WGRwNko5T1Q5SDhJMGY5SHpmYk9QN2tqLUR3OC1VSTlLQTQ4dUFaamcybzN2UWswNkt6aURHWlRHVVE?oc=5
2024-10-25,MSFT,Microsoft,Microsoft Stock Before Q1 Earnings: Buy Now or Wait for Results? - Yahoo Finance,"EN
Sign in
Before you continue to Google
We use cookies and data to
Deliver and maintain Google services
Track outages and protect against spam, fraud, and abuse
Measure audience engagement and site statistics to understand how our services are used and enhance the quality of those services
If you choose to “Accept all,” we will also use cookies and data to
Develop and improve new services
Deliver and measure the effectiveness of ads
Show personalized content, depending on your settings
Show personalized ads, depending on your settings
If you choose to “Reject all,” we will not use cookies for these additional purposes.
Non-personalized content is influenced by things like the content you’re currently viewing, activity in your active Search session, and your location. Non-personalized ads are influenced by the content you’re currently viewing and your general location. Personalized content and ads can also include more relevant results, recommendations, and tailored ads based on past activity from this browser, like previous Google searches. We also use cookies and data to tailor the experience to be age-appropriate, if relevant.
Select “More options” to see additional information, including details about managing your privacy settings. You can also visit g.co/privacytools at any time.
Reject all
Accept all
More options
Privacy Policy
Terms of Service",https://news.google.com/rss/articles/CBMigwFBVV95cUxObWUwbFJsRjFpbWtZbzA1QjBmaTgzZTBESFZJN1J0UVUxT29sMzBKVXBlWHdBVXNpSTdSc0pWZ0VWb0UtYTI1ekVhb0Q2eERSalVpNGJ3Z05YWE1oV1ZILTg0SVVNd2psZ3FtNGtXaWZhSC1lWjlVWWxDRFJRMjdXZmhRSQ?oc=5
2024-10-20,MSFT,Microsoft,Microsoft Corp. (MSFT): A Top Stock for Cloud and AI Growth in 2024 - Yahoo Finance,"EN
Sign in
Before you continue to Google
We use cookies and data to
Deliver and maintain Google services
Track outages and protect against spam, fraud, and abuse
Measure audience engagement and site statistics to understand how our services are used and enhance the quality of those services
If you choose to “Accept all,” we will also use cookies and data to
Develop and improve new services
Deliver and measure the effectiveness of ads
Show personalized content, depending on your settings
Show personalized ads, depending on your settings
If you choose to “Reject all,” we will not use cookies for these additional purposes.
Non-personalized content is influenced by things like the content you’re currently viewing, activity in your active Search session, and your location. Non-personalized ads are influenced by the content you’re currently viewing and your general location. Personalized content and ads can also include more relevant results, recommendations, and tailored ads based on past activity from this browser, like previous Google searches. We also use cookies and data to tailor the experience to be age-appropriate, if relevant.
Select “More options” to see additional information, including details about managing your privacy settings. You can also visit g.co/privacytools at any time.
Reject all
Accept all
More options
Privacy Policy
Terms of Service",https://news.google.com/rss/articles/CBMigAFBVV95cUxOOGpFLWZMVE5Ia0VHQnI4WlN1THRZaUpIdElyR0xBQXc2dUJ0M0o2d0xfM1F1X29Hd1IybXBRVTdnT0hGVkxHUEtaY3ZtR01hSGtCRmZqSl9pNU8yaEx0eDZxWnNRRUpyZ0xPV0ZfMkNUNFRGRUdoR2xCMnM4aVgxRw?oc=5
2024-10-12,MSFT,Microsoft,Is Microsoft Corporation (MSFT) the Best Safe Stock To Invest In For The Long Term in 2024? - Yahoo Finance,"EN
Sign in
Before you continue to Google
We use cookies and data to
Deliver and maintain Google services
Track outages and protect against spam, fraud, and abuse
Measure audience engagement and site statistics to understand how our services are used and enhance the quality of those services
If you choose to “Accept all,” we will also use cookies and data to
Develop and improve new services
Deliver and measure the effectiveness of ads
Show personalized content, depending on your settings
Show personalized ads, depending on your settings
If you choose to “Reject all,” we will not use cookies for these additional purposes.
Non-personalized content is influenced by things like the content you’re currently viewing, activity in your active Search session, and your location. Non-personalized ads are influenced by the content you’re currently viewing and your general location. Personalized content and ads can also include more relevant results, recommendations, and tailored ads based on past activity from this browser, like previous Google searches. We also use cookies and data to tailor the experience to be age-appropriate, if relevant.
Select “More options” to see additional information, including details about managing your privacy settings. You can also visit g.co/privacytools at any time.
Reject all
Accept all
More options
Privacy Policy
Terms of Service",https://news.google.com/rss/articles/CBMiigFBVV95cUxPLUhQdU53QkxkRU9xb25XbHdabzItV3RZYjlrWHNZZ05XSjNMUVdWSTVWanY2SXpyY1FHUUR5VEZDTVVtam8yeEpSM19YYVowRTExTXFDZXFDQ3l0YkZISjd6cE5DbUdlZTRtT0xCNVk1bHZ0Q08weThUNnZlT19RRVRPM3AySjEzbGc?oc=5
2024-10-17,MSFT,Microsoft,Microsoft Corporation (MSFT): Most Promising Future Stock According to Analysts - Yahoo Finance,"EN
Sign in
Before you continue to Google
We use cookies and data to
Deliver and maintain Google services
Track outages and protect against spam, fraud, and abuse
Measure audience engagement and site statistics to understand how our services are used and enhance the quality of those services
If you choose to “Accept all,” we will also use cookies and data to
Develop and improve new services
Deliver and measure the effectiveness of ads
Show personalized content, depending on your settings
Show personalized ads, depending on your settings
If you choose to “Reject all,” we will not use cookies for these additional purposes.
Non-personalized content is influenced by things like the content you’re currently viewing, activity in your active Search session, and your location. Non-personalized ads are influenced by the content you’re currently viewing and your general location. Personalized content and ads can also include more relevant results, recommendations, and tailored ads based on past activity from this browser, like previous Google searches. We also use cookies and data to tailor the experience to be age-appropriate, if relevant.
Select “More options” to see additional information, including details about managing your privacy settings. You can also visit g.co/privacytools at any time.
Reject all
Accept all
More options
Privacy Policy
Terms of Service",https://news.google.com/rss/articles/CBMikAFBVV95cUxNRGtBczlncDZ6b1l2RUVub085MnhIaURnT1pPc0o1aHhIZWJuZnh1bUQ2RGRQdmtXQXBSNm5mX01MekRESS1fOFZuX0l6a3R1djRsRDJXY0lhMFBsUEd4aXduVVMxU3JEUmg5SDFBQWxreWZDdzg2d0Vxbk56bHJyQ0hYUzlWX0ZYX0VvZG42dHE?oc=5
2024-10-01,MSFT,Microsoft,"Microsoft Shares Lag as ‘AI Fatigue,’ High Multiple Curb Rebound - Bloomberg.com","EN
Sign in
Before you continue to Google
We use cookies and data to
Deliver and maintain Google services
Track outages and protect against spam, fraud, and abuse
Measure audience engagement and site statistics to understand how our services are used and enhance the quality of those services
If you choose to “Accept all,” we will also use cookies and data to
Develop and improve new services
Deliver and measure the effectiveness of ads
Show personalized content, depending on your settings
Show personalized ads, depending on your settings
If you choose to “Reject all,” we will not use cookies for these additional purposes.
Non-personalized content is influenced by things like the content you’re currently viewing, activity in your active Search session, and your location. Non-personalized ads are influenced by the content you’re currently viewing and your general location. Personalized content and ads can also include more relevant results, recommendations, and tailored ads based on past activity from this browser, like previous Google searches. We also use cookies and data to tailor the experience to be age-appropriate, if relevant.
Select “More options” to see additional information, including details about managing your privacy settings. You can also visit g.co/privacytools at any time.
Reject all
Accept all
More options
Privacy Policy
Terms of Service",https://news.google.com/rss/articles/CBMisgFBVV95cUxNNkdqa2p5WG1rbTU4ZVRCUmE1QWJyNWpHUTdFRVZfdUM2YVVFaUVKOXBVYmZkSDVwZjhhWWJwT2xIaHJKanJNa0JvREp6RF9NOEVaUTltbnptOHh4YnRHWVpGdXlRRHlFRXpDYnVKQ0FZMjF6QmxIVElIb1pfUWxuTUo1NEV1UjV6MmJkM0xxZkVTckZLbzl3LW9FNUdxcXZqNW1STzUteGJjdGdURmxKNFlB?oc=5
2024-11-06,MSFT,Microsoft,"After Earnings, Is Microsoft Stock a Buy, a Sell, or Fairly Valued? - Morningstar","EN
Sign in
Before you continue to Google
We use cookies and data to
Deliver and maintain Google services
Track outages and protect against spam, fraud, and abuse
Measure audience engagement and site statistics to understand how our services are used and enhance the quality of those services
If you choose to “Accept all,” we will also use cookies and data to
Develop and improve new services
Deliver and measure the effectiveness of ads
Show personalized content, depending on your settings
Show personalized ads, depending on your settings
If you choose to “Reject all,” we will not use cookies for these additional purposes.
Non-personalized content is influenced by things like the content you’re currently viewing, activity in your active Search session, and your location. Non-personalized ads are influenced by the content you’re currently viewing and your general location. Personalized content and ads can also include more relevant results, recommendations, and tailored ads based on past activity from this browser, like previous Google searches. We also use cookies and data to tailor the experience to be age-appropriate, if relevant.
Select “More options” to see additional information, including details about managing your privacy settings. You can also visit g.co/privacytools at any time.
Reject all
Accept all
More options
Privacy Policy
Terms of Service",https://news.google.com/rss/articles/CBMinAFBVV95cUxQMUw4TWJlNVBLUVgzaTRZemN5WWY5UGNRX3FmdXhDZ2w1NVlwSVNmSE9KTGpvUVV4THU3cUJPcmlGOU55QjZiaGZCdzBLRU5YTGpobXYzRVBOQS1DUDdET1pWMmg3VXJaQXBLT1FEclhtNzJSRXJILUpIbGdTREY5SEFFVU1WU2loMUlmUjBXbU9kSFlBYUZyeU5vSno?oc=5
2024-10-31,MSFT,Microsoft,"Microsoft Stock Slumps, Weighing on Big Tech Shares, on Disappointing Forecast - Investopedia","EN
Sign in
Before you continue to Google
We use cookies and data to
Deliver and maintain Google services
Track outages and protect against spam, fraud, and abuse
Measure audience engagement and site statistics to understand how our services are used and enhance the quality of those services
If you choose to “Accept all,” we will also use cookies and data to
Develop and improve new services
Deliver and measure the effectiveness of ads
Show personalized content, depending on your settings
Show personalized ads, depending on your settings
If you choose to “Reject all,” we will not use cookies for these additional purposes.
Non-personalized content is influenced by things like the content you’re currently viewing, activity in your active Search session, and your location. Non-personalized ads are influenced by the content you’re currently viewing and your general location. Personalized content and ads can also include more relevant results, recommendations, and tailored ads based on past activity from this browser, like previous Google searches. We also use cookies and data to tailor the experience to be age-appropriate, if relevant.
Select “More options” to see additional information, including details about managing your privacy settings. You can also visit g.co/privacytools at any time.
Reject all
Accept all
More options
Privacy Policy
Terms of Service",https://news.google.com/rss/articles/CBMiswFBVV95cUxPLWJ1ckRPVWpFV3FOVUhPMzJabDNXZjRHMTQ4d0J3c2NWLWh5Y3p4endvV01XQkYzWmJLQnZPMUY0aEo3UkthZkJFYzNCOVNFMkxNeHNub01DZkJFOHlHNG5DbDU1ODJXRFdGbVd5eE43c3AyRnlWRnYxbW50RGJ2NUU1LWN1anhuUjhKTFp0OExCYmQ4Q2owM0N6R0RHc0pONm5iUWpseGVKa2R0LUJ1MUJ5NA?oc=5
2024-10-31,MSFT,Microsoft,Why Microsoft Stock Is Sinking Today - Nasdaq,"EN
Sign in
Before you continue to Google
We use cookies and data to
Deliver and maintain Google services
Track outages and protect against spam, fraud, and abuse
Measure audience engagement and site statistics to understand how our services are used and enhance the quality of those services
If you choose to “Accept all,” we will also use cookies and data to
Develop and improve new services
Deliver and measure the effectiveness of ads
Show personalized content, depending on your settings
Show personalized ads, depending on your settings
If you choose to “Reject all,” we will not use cookies for these additional purposes.
Non-personalized content is influenced by things like the content you’re currently viewing, activity in your active Search session, and your location. Non-personalized ads are influenced by the content you’re currently viewing and your general location. Personalized content and ads can also include more relevant results, recommendations, and tailored ads based on past activity from this browser, like previous Google searches. We also use cookies and data to tailor the experience to be age-appropriate, if relevant.
Select “More options” to see additional information, including details about managing your privacy settings. You can also visit g.co/privacytools at any time.
Reject all
Accept all
More options
Privacy Policy
Terms of Service",https://news.google.com/rss/articles/CBMic0FVX3lxTE1VM3ZJVjhRRUhNZExZcUhQWk1hRV9xTFFvUGg3d2pncS1Jb1hWbUNZWkwtMjNnYjV0RTVleEJFa09BYjY2cWJ4d205YjI0VTRvRmtEMi1fa0wtUXZRS00tQUx2bjExUVc5U3hiQnVxdUZyQzQ?oc=5
2024-10-31,MSFT,Microsoft,Microsoft stock slides after Q1 earnings beat on cloud strength - Yahoo Finance,"EN
Sign in
Before you continue to Google
We use cookies and data to
Deliver and maintain Google services
Track outages and protect against spam, fraud, and abuse
Measure audience engagement and site statistics to understand how our services are used and enhance the quality of those services
If you choose to “Accept all,” we will also use cookies and data to
Develop and improve new services
Deliver and measure the effectiveness of ads
Show personalized content, depending on your settings
Show personalized ads, depending on your settings
If you choose to “Reject all,” we will not use cookies for these additional purposes.
Non-personalized content is influenced by things like the content you’re currently viewing, activity in your active Search session, and your location. Non-personalized ads are influenced by the content you’re currently viewing and your general location. Personalized content and ads can also include more relevant results, recommendations, and tailored ads based on past activity from this browser, like previous Google searches. We also use cookies and data to tailor the experience to be age-appropriate, if relevant.
Select “More options” to see additional information, including details about managing your privacy settings. You can also visit g.co/privacytools at any time.
Reject all
Accept all
More options
Privacy Policy
Terms of Service",https://news.google.com/rss/articles/CBMirgFBVV95cUxQckV2M0JsOXBSTGY1VUZPMjg1MUVLdnVsbEY4TTBkZzgyckdrMzhycTMtNVVkV0puRXllRXJDM1N4N3NrbDhzUXN0T0RiRE91NUZGajhSdXFfN3JiUjZVWEV3TjNsZHFzaFlqUUR0X2ZSMDJYSWZ5TUpYWVE0SGtKNXNMd0lBTFk1SDBxVC1ibjhZREUwVGptVkRoM2xhSkZKQ0piZVBLQmxZdUt5d2c?oc=5
2024-10-31,MSFT,Microsoft,Microsoft's stock has worst day in two years after disappointing forecast - CNBC,"EN
Sign in
Before you continue to Google
We use cookies and data to
Deliver and maintain Google services
Track outages and protect against spam, fraud, and abuse
Measure audience engagement and site statistics to understand how our services are used and enhance the quality of those services
If you choose to “Accept all,” we will also use cookies and data to
Develop and improve new services
Deliver and measure the effectiveness of ads
Show personalized content, depending on your settings
Show personalized ads, depending on your settings
If you choose to “Reject all,” we will not use cookies for these additional purposes.
Non-personalized content is influenced by things like the content you’re currently viewing, activity in your active Search session, and your location. Non-personalized ads are influenced by the content you’re currently viewing and your general location. Personalized content and ads can also include more relevant results, recommendations, and tailored ads based on past activity from this browser, like previous Google searches. We also use cookies and data to tailor the experience to be age-appropriate, if relevant.
Select “More options” to see additional information, including details about managing your privacy settings. You can also visit g.co/privacytools at any time.
Reject all
Accept all
More options
Privacy Policy
Terms of Service",https://news.google.com/rss/articles/CBMiqAFBVV95cUxPQTF4SjkzemdjTHphTGQyeGJYRnc3TnRBdGpSTmlsNWt0dE9WcWFMWTlUXzljZFhQM0ZhSkp4NmtKRHdwWkRfUXREekdvcUJKeGpjLWx0blFkU1NCYTh0cm1vTTBKd1VCMWRqZFFXUDFpWmlLcjF3MjVoYlBHcnFnTV9EaHlMajMwVUlaV1duUFdQRnpvdmpfdU44dVdwZUVRbnZObnpxckbSAa4BQVVfeXFMT05fT0lyNVFIS29uUDVhaC1xN2JsWHFZU21PVGV0bDJBcUUwQjhqdTVGcVNldDNPMm9HZTRiWTJiQ0lmOWVnWTV6d21TTlVsVWF4alZyY2dRc0tuWG9BNWF6T1N0Q3NPcmE3UUdOZFBfaENZUkpEM21ONGxtX3pYYWdZQVpCSy1zLXBpNEFaTnl6dkFyYklCRXZVVGhuVC1JbkJ1SmRZMEpob1ZHS0Nn?oc=5
2024-10-30,MSFT,Microsoft,"Microsoft Tops September-Quarter Targets, But Misses With Sales Outlook - Investor's Business Daily","EN
Sign in
Before you continue to Google
We use cookies and data to
Deliver and maintain Google services
Track outages and protect against spam, fraud, and abuse
Measure audience engagement and site statistics to understand how our services are used and enhance the quality of those services
If you choose to “Accept all,” we will also use cookies and data to
Develop and improve new services
Deliver and measure the effectiveness of ads
Show personalized content, depending on your settings
Show personalized ads, depending on your settings
If you choose to “Reject all,” we will not use cookies for these additional purposes.
Non-personalized content is influenced by things like the content you’re currently viewing, activity in your active Search session, and your location. Non-personalized ads are influenced by the content you’re currently viewing and your general location. Personalized content and ads can also include more relevant results, recommendations, and tailored ads based on past activity from this browser, like previous Google searches. We also use cookies and data to tailor the experience to be age-appropriate, if relevant.
Select “More options” to see additional information, including details about managing your privacy settings. You can also visit g.co/privacytools at any time.
Reject all
Accept all
More options
Privacy Policy
Terms of Service",https://news.google.com/rss/articles/CBMikAFBVV95cUxNd0RDVGNMcTk1MHNzU3BiOE9HX0ZpLVpqNkVUekVfa0s3MHg5MXdSdHotLVlSTW5FdlR3MUh4bF9PdWp1Z3phRkRkUml5OVhvT0NSWS1CQlMyN253TUs4TkdmajJjNEd1aVI0M2ctdFNtRDlZRFBwaEhmM252NVZxSGd1UmQ1bGYwN1UzNTBaVkM?oc=5
2024-10-31,MSFT,Microsoft,Microsoft Stock Slips To Worst Day In Years Despite Record Earnings - Forbes,"EN
Sign in
Before you continue to Google
We use cookies and data to
Deliver and maintain Google services
Track outages and protect against spam, fraud, and abuse
Measure audience engagement and site statistics to understand how our services are used and enhance the quality of those services
If you choose to “Accept all,” we will also use cookies and data to
Develop and improve new services
Deliver and measure the effectiveness of ads
Show personalized content, depending on your settings
Show personalized ads, depending on your settings
If you choose to “Reject all,” we will not use cookies for these additional purposes.
Non-personalized content is influenced by things like the content you’re currently viewing, activity in your active Search session, and your location. Non-personalized ads are influenced by the content you’re currently viewing and your general location. Personalized content and ads can also include more relevant results, recommendations, and tailored ads based on past activity from this browser, like previous Google searches. We also use cookies and data to tailor the experience to be age-appropriate, if relevant.
Select “More options” to see additional information, including details about managing your privacy settings. You can also visit g.co/privacytools at any time.
Reject all
Accept all
More options
Privacy Policy
Terms of Service",https://news.google.com/rss/articles/CBMiugFBVV95cUxPSVpHRW51TDVaVjUxVC1Bc3NIRk9KVzRJVjZ4eXdKVHhsU0lyeGZqLU8wS2hDendsVVZxUTk1ZkczVnQwbFJtOTBmRndUZW52cHRaOWJXdS1zVU9KNlNoVGNpR0cxOHlaS05wZDNzdUFvLXFUczBPQzBoelVZWEJSUmVwdGRHT0ljWFNMUHdTaHBnQjdjeWcyZnROaFpqUzRDc3N6SkdTVjNLU2sxN0xqQVlNTnJ6MUR0eHc?oc=5
2024-10-31,MSFT,Microsoft,"Why Microsoft’s stock selloff may be a buying opportunity, according to analysts - MarketWatch","EN
Sign in
Before you continue to Google
We use cookies and data to
Deliver and maintain Google services
Track outages and protect against spam, fraud, and abuse
Measure audience engagement and site statistics to understand how our services are used and enhance the quality of those services
If you choose to “Accept all,” we will also use cookies and data to
Develop and improve new services
Deliver and measure the effectiveness of ads
Show personalized content, depending on your settings
Show personalized ads, depending on your settings
If you choose to “Reject all,” we will not use cookies for these additional purposes.
Non-personalized content is influenced by things like the content you’re currently viewing, activity in your active Search session, and your location. Non-personalized ads are influenced by the content you’re currently viewing and your general location. Personalized content and ads can also include more relevant results, recommendations, and tailored ads based on past activity from this browser, like previous Google searches. We also use cookies and data to tailor the experience to be age-appropriate, if relevant.
Select “More options” to see additional information, including details about managing your privacy settings. You can also visit g.co/privacytools at any time.
Reject all
Accept all
More options
Privacy Policy
Terms of Service",https://news.google.com/rss/articles/CBMivgFBVV95cUxQRXgxRE1ZSXlnOGtBYmxCZTYyekZYNFdFZzg5UHJIUF9PSU5yaDM5d1IzcE9WaEtSQWtPZlVMbWdoNVpQMjB5VlRXMThXWGdfNjBBNldqbkQ2TjJ0bUgtRVZvdHp4YmFaOU1NTGdkWHBONFhZeWxLRXRxaGpySXBRazQ4SUVNcUlYcElPYmpLcEtwNXB5emc5eFpyX2ZuaTY2MXFtS2Fsc1JIVEM3TkVka1h5Zkc1ZG9uX1k1bnBR?oc=5
2024-11-06,MSFT,Microsoft,1 Warning Sign That Could Send Microsoft Stock Down Further - The Motley Fool,"EN
Sign in
Before you continue to Google
We use cookies and data to
Deliver and maintain Google services
Track outages and protect against spam, fraud, and abuse
Measure audience engagement and site statistics to understand how our services are used and enhance the quality of those services
If you choose to “Accept all,” we will also use cookies and data to
Develop and improve new services
Deliver and measure the effectiveness of ads
Show personalized content, depending on your settings
Show personalized ads, depending on your settings
If you choose to “Reject all,” we will not use cookies for these additional purposes.
Non-personalized content is influenced by things like the content you’re currently viewing, activity in your active Search session, and your location. Non-personalized ads are influenced by the content you’re currently viewing and your general location. Personalized content and ads can also include more relevant results, recommendations, and tailored ads based on past activity from this browser, like previous Google searches. We also use cookies and data to tailor the experience to be age-appropriate, if relevant.
Select “More options” to see additional information, including details about managing your privacy settings. You can also visit g.co/privacytools at any time.
Reject all
Accept all
More options
Privacy Policy
Terms of Service",https://news.google.com/rss/articles/CBMimAFBVV95cUxPNWxXc0pfeGVyc29QZkRwMGZ5VzJYdWJydDl2bFMwRXpTVUlIWkZFNk5GdHpQekNCUno4azJHUjVaek9Uc0ZNdVV5YzVtNEJPSDFTSWVuRlRiZWtjNFBXSU9GQ0FRdlhvSEx1cm1qMU9USHlod2VMRS1GVHNXaG93ODRIZ3JHcU52REI4ckV3dE0zSE0tTUxfZA?oc=5
2024-11-22,MSFT,Microsoft,Microsoft shares latest intelligence on North Korean and Chinese threat actors at CYBERWARCON - Microsoft,"EN
Sign in
Before you continue to Google
We use cookies and data to
Deliver and maintain Google services
Track outages and protect against spam, fraud, and abuse
Measure audience engagement and site statistics to understand how our services are used and enhance the quality of those services
If you choose to “Accept all,” we will also use cookies and data to
Develop and improve new services
Deliver and measure the effectiveness of ads
Show personalized content, depending on your settings
Show personalized ads, depending on your settings
If you choose to “Reject all,” we will not use cookies for these additional purposes.
Non-personalized content is influenced by things like the content you’re currently viewing, activity in your active Search session, and your location. Non-personalized ads are influenced by the content you’re currently viewing and your general location. Personalized content and ads can also include more relevant results, recommendations, and tailored ads based on past activity from this browser, like previous Google searches. We also use cookies and data to tailor the experience to be age-appropriate, if relevant.
Select “More options” to see additional information, including details about managing your privacy settings. You can also visit g.co/privacytools at any time.
Reject all
Accept all
More options
Privacy Policy
Terms of Service",https://news.google.com/rss/articles/CBMi5gFBVV95cUxNNk82TmJRVTlUVUNoRU1MUzRONkUxeXZNckpMdERFbDk3TWhlcjQzWV9wekRqTFFvVU55Zm5zckFXLXNuY3JBUWRSQjlkQ1F1Y3dFX0lDMWp6NVRNMnI0VkVDN01kaUJnampnMFo4R1BfdF9FVmZkZUJ3bDY2c1piT2Q4UTJzbW1KX0NsTzByWWZQcHRIc3NXTjhadmtLYmd1WDBjVFFMMGNnVUttOHFuVDdKMzZtVU9hTGxyVUxSMmE5bWg1LXpZM2UyLTFNVkJMVkk1S1BxUWhoeVc0bFBySTNqZmNkdw?oc=5
2024-10-31,MSFT,Microsoft,Analysts revisit Microsoft stock price targets after Q1 earnings - TheStreet,"EN
Sign in
Before you continue to Google
We use cookies and data to
Deliver and maintain Google services
Track outages and protect against spam, fraud, and abuse
Measure audience engagement and site statistics to understand how our services are used and enhance the quality of those services
If you choose to “Accept all,” we will also use cookies and data to
Develop and improve new services
Deliver and measure the effectiveness of ads
Show personalized content, depending on your settings
Show personalized ads, depending on your settings
If you choose to “Reject all,” we will not use cookies for these additional purposes.
Non-personalized content is influenced by things like the content you’re currently viewing, activity in your active Search session, and your location. Non-personalized ads are influenced by the content you’re currently viewing and your general location. Personalized content and ads can also include more relevant results, recommendations, and tailored ads based on past activity from this browser, like previous Google searches. We also use cookies and data to tailor the experience to be age-appropriate, if relevant.
Select “More options” to see additional information, including details about managing your privacy settings. You can also visit g.co/privacytools at any time.
Reject all
Accept all
More options
Privacy Policy
Terms of Service",https://news.google.com/rss/articles/CBMiogFBVV95cUxQWVdPYm9RVWd1R2RfcjlRN0R4LWZfYUhZSnBELWZhV2lVX05SWFZZNlExRFRFeUlWUV9Cb201bXplX2c4dUlpTVhVLWEyb2lMeW11TkJwM1lXZEh3NFREYi1LNG8yTUlUSFIwSzF6ZEFXb1RhSFU4NlN3QWpSclRpd2NFWlhORXRaTEp0RmRQZ3BrNjdHM3FVNmo4VGh6Y1RBQ0E?oc=5
2024-10-31,MSFT,Microsoft,Microsoft Stock Falls on Mounting AI Expenses. An Earnings Beat Wasn’t Enough. - Barron's,"EN
Sign in
Before you continue to Google
We use cookies and data to
Deliver and maintain Google services
Track outages and protect against spam, fraud, and abuse
Measure audience engagement and site statistics to understand how our services are used and enhance the quality of those services
If you choose to “Accept all,” we will also use cookies and data to
Develop and improve new services
Deliver and measure the effectiveness of ads
Show personalized content, depending on your settings
Show personalized ads, depending on your settings
If you choose to “Reject all,” we will not use cookies for these additional purposes.
Non-personalized content is influenced by things like the content you’re currently viewing, activity in your active Search session, and your location. Non-personalized ads are influenced by the content you’re currently viewing and your general location. Personalized content and ads can also include more relevant results, recommendations, and tailored ads based on past activity from this browser, like previous Google searches. We also use cookies and data to tailor the experience to be age-appropriate, if relevant.
Select “More options” to see additional information, including details about managing your privacy settings. You can also visit g.co/privacytools at any time.
Reject all
Accept all
More options
Privacy Policy
Terms of Service",https://news.google.com/rss/articles/CBMifEFVX3lxTE44Vmk5aXhSRTdaX0NlMlFlblVlZFkzVTZ1SGxvS0JqWkcydXNaSzlJdlFDblN6dkE2SV9Ib2xWelNoSkIxLVdoTW5HSlNIMmstb1F3ZXJsOUZ5SndvRWdoVF81eGNTQ0FfV2NTSGlIV3JVRkV0ekhZZTFGVDg?oc=5
2024-10-29,MSFT,Microsoft,Microsoft earnings preview: All eyes on AI — here are the numbers to watch for MSFT Q1-FY25 - GeekWire,"EN
Sign in
Before you continue to Google
We use cookies and data to
Deliver and maintain Google services
Track outages and protect against spam, fraud, and abuse
Measure audience engagement and site statistics to understand how our services are used and enhance the quality of those services
If you choose to “Accept all,” we will also use cookies and data to
Develop and improve new services
Deliver and measure the effectiveness of ads
Show personalized content, depending on your settings
Show personalized ads, depending on your settings
If you choose to “Reject all,” we will not use cookies for these additional purposes.
Non-personalized content is influenced by things like the content you’re currently viewing, activity in your active Search session, and your location. Non-personalized ads are influenced by the content you’re currently viewing and your general location. Personalized content and ads can also include more relevant results, recommendations, and tailored ads based on past activity from this browser, like previous Google searches. We also use cookies and data to tailor the experience to be age-appropriate, if relevant.
Select “More options” to see additional information, including details about managing your privacy settings. You can also visit g.co/privacytools at any time.
Reject all
Accept all
More options
Privacy Policy
Terms of Service",https://news.google.com/rss/articles/CBMiuwFBVV95cUxPLUl6YkJVSUtrbjlkMTY4SENHcHNMTEVIQTNYeldyR3BwRFQtcjRrMEZsQjFybGtYenZfNkZCNmJfM0JCemRjV1BmY1lNWVJ5U1Njdnl1VlBGMExxaUdmUzk0cElkRTRjZXBkSnBOb3EtOVVmZ3dTVDNTVWx2VmVVUXlCUVV6VmNoeDcybjc2WWZ2ZkgtSkw4dlNMOE1KZGM0MmlVWHMtSjJxOEtaOFJaQjdGc25HODR1eTc0?oc=5
2024-11-13,MSFT,Microsoft,Do Wall Street Analysts Like Microsoft Stock? - Nasdaq,"EN
Sign in
Before you continue to Google
We use cookies and data to
Deliver and maintain Google services
Track outages and protect against spam, fraud, and abuse
Measure audience engagement and site statistics to understand how our services are used and enhance the quality of those services
If you choose to “Accept all,” we will also use cookies and data to
Develop and improve new services
Deliver and measure the effectiveness of ads
Show personalized content, depending on your settings
Show personalized ads, depending on your settings
If you choose to “Reject all,” we will not use cookies for these additional purposes.
Non-personalized content is influenced by things like the content you’re currently viewing, activity in your active Search session, and your location. Non-personalized ads are influenced by the content you’re currently viewing and your general location. Personalized content and ads can also include more relevant results, recommendations, and tailored ads based on past activity from this browser, like previous Google searches. We also use cookies and data to tailor the experience to be age-appropriate, if relevant.
Select “More options” to see additional information, including details about managing your privacy settings. You can also visit g.co/privacytools at any time.
Reject all
Accept all
More options
Privacy Policy
Terms of Service",https://news.google.com/rss/articles/CBMie0FVX3lxTFBheE1WQlhjTlVaUjI4REVrSTlOTzZ3OWVYUkRIbmMySFdsU0pFSzV3QlByUld4Sk5VV3dkdHp0eThiczVpcUFmWm9VTGh6SkVwU0VIM2dXVkN3RFp6LUtwWGh6UkJRaHhTdVVWbHJJTW5FT0kyS3FYSmNJcw?oc=5
2024-11-24,MSFT,Microsoft,How Much Would It Take To Earn $100 A Month From Microsoft Stock? - Yahoo Finance,"EN
Sign in
Before you continue to Google
We use cookies and data to
Deliver and maintain Google services
Track outages and protect against spam, fraud, and abuse
Measure audience engagement and site statistics to understand how our services are used and enhance the quality of those services
If you choose to “Accept all,” we will also use cookies and data to
Develop and improve new services
Deliver and measure the effectiveness of ads
Show personalized content, depending on your settings
Show personalized ads, depending on your settings
If you choose to “Reject all,” we will not use cookies for these additional purposes.
Non-personalized content is influenced by things like the content you’re currently viewing, activity in your active Search session, and your location. Non-personalized ads are influenced by the content you’re currently viewing and your general location. Personalized content and ads can also include more relevant results, recommendations, and tailored ads based on past activity from this browser, like previous Google searches. We also use cookies and data to tailor the experience to be age-appropriate, if relevant.
Select “More options” to see additional information, including details about managing your privacy settings. You can also visit g.co/privacytools at any time.
Reject all
Accept all
More options
Privacy Policy
Terms of Service",https://news.google.com/rss/articles/CBMigAFBVV95cUxPUUlfV3Q4QWVBaUV4LUs0UlQ1dGZiMGhrTWZTV2ZfcFRrM2ktNWp5VXBpRl9RNllBZ3lwc2tpbVNYUkVGNjNROV9PYjZWdDFEQ2E2VnlYNHVmMkI3RGFfU3U5WXdYNE80X1U0SEFBRGEwc2Rycl8tVzlPNE5tZFkxdA?oc=5
2024-10-31,MSFT,Microsoft,Why Microsoft (MSFT) Stock Is Down Today - Yahoo Finance,"EN
Sign in
Before you continue to Google
We use cookies and data to
Deliver and maintain Google services
Track outages and protect against spam, fraud, and abuse
Measure audience engagement and site statistics to understand how our services are used and enhance the quality of those services
If you choose to “Accept all,” we will also use cookies and data to
Develop and improve new services
Deliver and measure the effectiveness of ads
Show personalized content, depending on your settings
Show personalized ads, depending on your settings
If you choose to “Reject all,” we will not use cookies for these additional purposes.
Non-personalized content is influenced by things like the content you’re currently viewing, activity in your active Search session, and your location. Non-personalized ads are influenced by the content you’re currently viewing and your general location. Personalized content and ads can also include more relevant results, recommendations, and tailored ads based on past activity from this browser, like previous Google searches. We also use cookies and data to tailor the experience to be age-appropriate, if relevant.
Select “More options” to see additional information, including details about managing your privacy settings. You can also visit g.co/privacytools at any time.
Reject all
Accept all
More options
Privacy Policy
Terms of Service",https://news.google.com/rss/articles/CBMigAFBVV95cUxPelhSaFZlVFpMd1JDR2tOcy1iMWVydC0xV1dPTTlPLVNuLXFGUW1ZTDJpTHN0YTdyYzFwbG4zNGhKN0gzMVBuLVBjeDk1QjlaRFA3b0VzcnpCeG90cFJBUmtZY3NHdmVZVktneHlGUm1SSUxiTVU2R3RNYmtLQXM1Zg?oc=5
2024-11-06,MSFT,Microsoft,What's Going On With Microsoft Stock? - Nasdaq,"EN
Sign in
Before you continue to Google
We use cookies and data to
Deliver and maintain Google services
Track outages and protect against spam, fraud, and abuse
Measure audience engagement and site statistics to understand how our services are used and enhance the quality of those services
If you choose to “Accept all,” we will also use cookies and data to
Develop and improve new services
Deliver and measure the effectiveness of ads
Show personalized content, depending on your settings
Show personalized ads, depending on your settings
If you choose to “Reject all,” we will not use cookies for these additional purposes.
Non-personalized content is influenced by things like the content you’re currently viewing, activity in your active Search session, and your location. Non-personalized ads are influenced by the content you’re currently viewing and your general location. Personalized content and ads can also include more relevant results, recommendations, and tailored ads based on past activity from this browser, like previous Google searches. We also use cookies and data to tailor the experience to be age-appropriate, if relevant.
Select “More options” to see additional information, including details about managing your privacy settings. You can also visit g.co/privacytools at any time.
Reject all
Accept all
More options
Privacy Policy
Terms of Service",https://news.google.com/rss/articles/CBMia0FVX3lxTE1EdU96TW80c2VJd3lSRUNjSnl5Z195NWthRHI3cjhiNGNxcEdzUjk0SE5La3VvLXFpYWJISlMzWlhUR1dPZ3owWEpXbEhtQ3JycWFubENsU0N4UlZ2cXJyOGEyZ0NPU3JrWjRN?oc=5
2024-10-28,MSFT,Microsoft,Is Microsoft Corp. (MSFT) a Top Stock to Buy Before the Next Split? - Yahoo Finance,"EN
Sign in
Before you continue to Google
We use cookies and data to
Deliver and maintain Google services
Track outages and protect against spam, fraud, and abuse
Measure audience engagement and site statistics to understand how our services are used and enhance the quality of those services
If you choose to “Accept all,” we will also use cookies and data to
Develop and improve new services
Deliver and measure the effectiveness of ads
Show personalized content, depending on your settings
Show personalized ads, depending on your settings
If you choose to “Reject all,” we will not use cookies for these additional purposes.
Non-personalized content is influenced by things like the content you’re currently viewing, activity in your active Search session, and your location. Non-personalized ads are influenced by the content you’re currently viewing and your general location. Personalized content and ads can also include more relevant results, recommendations, and tailored ads based on past activity from this browser, like previous Google searches. We also use cookies and data to tailor the experience to be age-appropriate, if relevant.
Select “More options” to see additional information, including details about managing your privacy settings. You can also visit g.co/privacytools at any time.
Reject all
Accept all
More options
Privacy Policy
Terms of Service",https://news.google.com/rss/articles/CBMigAFBVV95cUxQOFRUM3ZNMkF1eUhSODlwMG0tdEtfbVBsY1lNQi1HSVdTU1I0MEFxc0Rvb0I5WDVQdXZmS09rUkRFSnR0NlpRcF9lYmlacXBNRjRZZng0anE3WFpSTjBKZzJERzlmU2tqYjNPU2JUWUZGOU5EWFgwM0pzcnRnaml3Tw?oc=5
2024-11-07,MSFT,Microsoft,1 No-Brainer $3 Trillion Stock to Buy With $420 and Hold Until 2030 - Nasdaq,"EN
Sign in
Before you continue to Google
We use cookies and data to
Deliver and maintain Google services
Track outages and protect against spam, fraud, and abuse
Measure audience engagement and site statistics to understand how our services are used and enhance the quality of those services
If you choose to “Accept all,” we will also use cookies and data to
Develop and improve new services
Deliver and measure the effectiveness of ads
Show personalized content, depending on your settings
Show personalized ads, depending on your settings
If you choose to “Reject all,” we will not use cookies for these additional purposes.
Non-personalized content is influenced by things like the content you’re currently viewing, activity in your active Search session, and your location. Non-personalized ads are influenced by the content you’re currently viewing and your general location. Personalized content and ads can also include more relevant results, recommendations, and tailored ads based on past activity from this browser, like previous Google searches. We also use cookies and data to tailor the experience to be age-appropriate, if relevant.
Select “More options” to see additional information, including details about managing your privacy settings. You can also visit g.co/privacytools at any time.
Reject all
Accept all
More options
Privacy Policy
Terms of Service",https://news.google.com/rss/articles/CBMikwFBVV95cUxNUVBNUUJTUDF3cVY2cEFxaGZCMnBENVh6TzNOb1BCeE9WWDdzVkUxNDJTWE01bWJFSmNWZWl1U0NVV09ya2lHeXFVY3cwb3h2MHFQX00tczBEYnA2Z2laRkdCZ25QMldTOUhqVWVaRjg4MVNleWVjQ19icEdremI0Q1hKa1BmMmJIN1QxZTUyR1B2aFk?oc=5
2024-10-30,MSFT,Microsoft,"Stock market today: Nasdaq, S&P 500 tip lower ahead of Meta, Microsoft earnings - Yahoo Finance","EN
Sign in
Before you continue to Google
We use cookies and data to
Deliver and maintain Google services
Track outages and protect against spam, fraud, and abuse
Measure audience engagement and site statistics to understand how our services are used and enhance the quality of those services
If you choose to “Accept all,” we will also use cookies and data to
Develop and improve new services
Deliver and measure the effectiveness of ads
Show personalized content, depending on your settings
Show personalized ads, depending on your settings
If you choose to “Reject all,” we will not use cookies for these additional purposes.
Non-personalized content is influenced by things like the content you’re currently viewing, activity in your active Search session, and your location. Non-personalized ads are influenced by the content you’re currently viewing and your general location. Personalized content and ads can also include more relevant results, recommendations, and tailored ads based on past activity from this browser, like previous Google searches. We also use cookies and data to tailor the experience to be age-appropriate, if relevant.
Select “More options” to see additional information, including details about managing your privacy settings. You can also visit g.co/privacytools at any time.
Reject all
Accept all
More options
Privacy Policy
Terms of Service",https://news.google.com/rss/articles/CBMixAFBVV95cUxQZV9nV0FNWG5YeFRGMUZpNnJ2U2xwRDNpUGdVTXNLOHRTSE1oU2pHcHhOVnZDUjJLaVZsWEhIdHlONUdyZnE5YkJ6TFptclVaN0t1d2pQcE9fRE1DczFNVEhWOWpPRHcwdE9FVkdwSllfcEduczVtYmRsSGI0V2FHUTZ4SVR2Z2ZuSllmYXZuNno5MFcycF9JQUhKTVh2VkFsMVNndGFqemVWWjlsWTBFN25SUTAwWlhuamhmaGVJSTJRdTM1?oc=5
2024-12-03,MSFT,Microsoft,Microsoft announces quarterly dividend - Stories - Microsoft,"EN
Sign in
Before you continue to Google
We use cookies and data to
Deliver and maintain Google services
Track outages and protect against spam, fraud, and abuse
Measure audience engagement and site statistics to understand how our services are used and enhance the quality of those services
If you choose to “Accept all,” we will also use cookies and data to
Develop and improve new services
Deliver and measure the effectiveness of ads
Show personalized content, depending on your settings
Show personalized ads, depending on your settings
If you choose to “Reject all,” we will not use cookies for these additional purposes.
Non-personalized content is influenced by things like the content you’re currently viewing, activity in your active Search session, and your location. Non-personalized ads are influenced by the content you’re currently viewing and your general location. Personalized content and ads can also include more relevant results, recommendations, and tailored ads based on past activity from this browser, like previous Google searches. We also use cookies and data to tailor the experience to be age-appropriate, if relevant.
Select “More options” to see additional information, including details about managing your privacy settings. You can also visit g.co/privacytools at any time.
Reject all
Accept all
More options
Privacy Policy
Terms of Service",https://news.google.com/rss/articles/CBMihwFBVV95cUxQb19yZ1Btc3g2TjV4ZTR1YkE2WFdVU0Y1S1VQNUtsN0pmLXVKdEh3bVdGeGNtUEtUM2xsa0RGU29PbllKcEI0eHhnT3BDVWJPem02ZE5ROFhhWXN3YXZLNXkyWUdOWUowV1Zjc1FjdGRQNlFkY2diNERhNjMxRnQ5alljMU9Ua1k?oc=5
2024-12-25,MSFT,Microsoft,Analyst reworks Microsoft stock price target in software review - Yahoo Finance,"EN
Sign in
Before you continue to Google
We use cookies and data to
Deliver and maintain Google services
Track outages and protect against spam, fraud, and abuse
Measure audience engagement and site statistics to understand how our services are used and enhance the quality of those services
If you choose to “Accept all,” we will also use cookies and data to
Develop and improve new services
Deliver and measure the effectiveness of ads
Show personalized content, depending on your settings
Show personalized ads, depending on your settings
If you choose to “Reject all,” we will not use cookies for these additional purposes.
Non-personalized content is influenced by things like the content you’re currently viewing, activity in your active Search session, and your location. Non-personalized ads are influenced by the content you’re currently viewing and your general location. Personalized content and ads can also include more relevant results, recommendations, and tailored ads based on past activity from this browser, like previous Google searches. We also use cookies and data to tailor the experience to be age-appropriate, if relevant.
Select “More options” to see additional information, including details about managing your privacy settings. You can also visit g.co/privacytools at any time.
Reject all
Accept all
More options
Privacy Policy
Terms of Service",https://news.google.com/rss/articles/CBMiiwFBVV95cUxQUnVPZXlieU9GMUNFei1lVWNJZjFUSjlNTmJZWTJ3QmFDMW9DclYxXzF5Z1NFUm5Zd1NhR0s3ZURMazl3ZkdRcEk4dFJOVS1TWU5aWE44SWxzSVFFY0VXV1BNRjNLMzQzTDZubFlGeC04UUFTcWVOTFJ0Nmp0R2d0SDhkLXhrY3ZNMGNV?oc=5
2024-12-02,MSFT,Microsoft,Is Microsoft Stock Underperforming the Dow? - Nasdaq,"EN
Sign in
Before you continue to Google
We use cookies and data to
Deliver and maintain Google services
Track outages and protect against spam, fraud, and abuse
Measure audience engagement and site statistics to understand how our services are used and enhance the quality of those services
If you choose to “Accept all,” we will also use cookies and data to
Develop and improve new services
Deliver and measure the effectiveness of ads
Show personalized content, depending on your settings
Show personalized ads, depending on your settings
If you choose to “Reject all,” we will not use cookies for these additional purposes.
Non-personalized content is influenced by things like the content you’re currently viewing, activity in your active Search session, and your location. Non-personalized ads are influenced by the content you’re currently viewing and your general location. Personalized content and ads can also include more relevant results, recommendations, and tailored ads based on past activity from this browser, like previous Google searches. We also use cookies and data to tailor the experience to be age-appropriate, if relevant.
Select “More options” to see additional information, including details about managing your privacy settings. You can also visit g.co/privacytools at any time.
Reject all
Accept all
More options
Privacy Policy
Terms of Service",https://news.google.com/rss/articles/CBMidkFVX3lxTE5YQjh1UFdvVFBVYnM1LVFOdmlwUzFlM2d4Yk5HMmdJV3Q3NDM3SzJGMml3aDJBMXJOVk1aQmVIVnQ1QThPQzFrd1RJX0VpQVJUc0J5dk84TUpGbk5MT0hEb1pjbjQ5X2VGZEFBb1NEWmlrWGpSUFE?oc=5
2024-12-19,MSFT,Microsoft,Analysts revamp Microsoft stock price targets on AI chip-demand shift - TheStreet,"EN
Sign in
Before you continue to Google
We use cookies and data to
Deliver and maintain Google services
Track outages and protect against spam, fraud, and abuse
Measure audience engagement and site statistics to understand how our services are used and enhance the quality of those services
If you choose to “Accept all,” we will also use cookies and data to
Develop and improve new services
Deliver and measure the effectiveness of ads
Show personalized content, depending on your settings
Show personalized ads, depending on your settings
If you choose to “Reject all,” we will not use cookies for these additional purposes.
Non-personalized content is influenced by things like the content you’re currently viewing, activity in your active Search session, and your location. Non-personalized ads are influenced by the content you’re currently viewing and your general location. Personalized content and ads can also include more relevant results, recommendations, and tailored ads based on past activity from this browser, like previous Google searches. We also use cookies and data to tailor the experience to be age-appropriate, if relevant.
Select “More options” to see additional information, including details about managing your privacy settings. You can also visit g.co/privacytools at any time.
Reject all
Accept all
More options
Privacy Policy
Terms of Service",https://news.google.com/rss/articles/CBMikwFBVV95cUxNeXllYWc5UXZrNU5fTkFibDhlc3dRRmZMVkt2TWtkZmNybzhETjN3SkREbk1IZ0R4NzdZWENyQ3pjUlNJUTQxVTh2bkNmX21IcU8xLUwxdGdwVE04eG5GTlFwTmNENERaYVRQVVZDMUxtS0xNMlhBcUhCaF92UHNHZ2xjWVpBWWEzekR2NFBMLVJJVEk?oc=5
2024-12-22,MSFT,Microsoft,Steve Ballmer has over 80% of his portfolio in Microsoft stock - Fortune,"EN
Sign in
Before you continue to Google
We use cookies and data to
Deliver and maintain Google services
Track outages and protect against spam, fraud, and abuse
Measure audience engagement and site statistics to understand how our services are used and enhance the quality of those services
If you choose to “Accept all,” we will also use cookies and data to
Develop and improve new services
Deliver and measure the effectiveness of ads
Show personalized content, depending on your settings
Show personalized ads, depending on your settings
If you choose to “Reject all,” we will not use cookies for these additional purposes.
Non-personalized content is influenced by things like the content you’re currently viewing, activity in your active Search session, and your location. Non-personalized ads are influenced by the content you’re currently viewing and your general location. Personalized content and ads can also include more relevant results, recommendations, and tailored ads based on past activity from this browser, like previous Google searches. We also use cookies and data to tailor the experience to be age-appropriate, if relevant.
Select “More options” to see additional information, including details about managing your privacy settings. You can also visit g.co/privacytools at any time.
Reject all
Accept all
More options
Privacy Policy
Terms of Service",https://news.google.com/rss/articles/CBMiuAFBVV95cUxOeTlRTWZVYVRxN0ZaTkhWMnhkT1ZDRTEtOWlyMWJfU1V0cVhGWE13LVNvTEMyc1pqVVpscW9sTDk4ZzJfWDFrQUVSMGp0bG4zR0VVNnFKTEdudE0wQmFXUk9tZ3ZVcXBNMHFGY2dlT2JzTGlDcjY4dXhyNGd4YW5fTGNJVVdjbEtXdTFzZ1RsaUJSZVFZeE9xWEJuM2dUSWtmNGR0QjI3UFRpUURBRldfUmlHMXhIYmlB?oc=5
2024-12-18,MSFT,Microsoft,"Microsoft Stock: Poised To Break Out (Technical Analysis, Upgrade) (NASDAQ:MSFT) - Seeking Alpha","EN
Sign in
Before you continue to Google
We use cookies and data to
Deliver and maintain Google services
Track outages and protect against spam, fraud, and abuse
Measure audience engagement and site statistics to understand how our services are used and enhance the quality of those services
If you choose to “Accept all,” we will also use cookies and data to
Develop and improve new services
Deliver and measure the effectiveness of ads
Show personalized content, depending on your settings
Show personalized ads, depending on your settings
If you choose to “Reject all,” we will not use cookies for these additional purposes.
Non-personalized content is influenced by things like the content you’re currently viewing, activity in your active Search session, and your location. Non-personalized ads are influenced by the content you’re currently viewing and your general location. Personalized content and ads can also include more relevant results, recommendations, and tailored ads based on past activity from this browser, like previous Google searches. We also use cookies and data to tailor the experience to be age-appropriate, if relevant.
Select “More options” to see additional information, including details about managing your privacy settings. You can also visit g.co/privacytools at any time.
Reject all
Accept all
More options
Privacy Policy
Terms of Service",https://news.google.com/rss/articles/CBMipgFBVV95cUxPY0F2Tll1eHZreFlrVlowMHQ4UTZVVlRTNy01RXU3amFQbEh4aGRtZ1M5WldlbWlkckdZcDFSOHpOLVM2c05oSzlXT1VaUnNMWFZHaFkxVUZSYlVlY01EMy0wSGRTdlJsZEFCTnZqUEhjanVybksyRE8xa1VDVGszZlQ5MWRCYzVKTDdrOF9KRWs4RTRuZmVMbmV3QTBORm50WUtyb2VR?oc=5
2024-12-13,MSFT,Microsoft,How To Buy Microsoft (MSFT) Stocks & Shares In Australia - Forbes,"EN
Sign in
Before you continue to Google
We use cookies and data to
Deliver and maintain Google services
Track outages and protect against spam, fraud, and abuse
Measure audience engagement and site statistics to understand how our services are used and enhance the quality of those services
If you choose to “Accept all,” we will also use cookies and data to
Develop and improve new services
Deliver and measure the effectiveness of ads
Show personalized content, depending on your settings
Show personalized ads, depending on your settings
If you choose to “Reject all,” we will not use cookies for these additional purposes.
Non-personalized content is influenced by things like the content you’re currently viewing, activity in your active Search session, and your location. Non-personalized ads are influenced by the content you’re currently viewing and your general location. Personalized content and ads can also include more relevant results, recommendations, and tailored ads based on past activity from this browser, like previous Google searches. We also use cookies and data to tailor the experience to be age-appropriate, if relevant.
Select “More options” to see additional information, including details about managing your privacy settings. You can also visit g.co/privacytools at any time.
Reject all
Accept all
More options
Privacy Policy
Terms of Service",https://news.google.com/rss/articles/CBMijAFBVV95cUxPbFhsZU9LYkVGQ2o0bHVya1E4T0VXVGZfUjhMSFhFQjZIQUJ4STZQbTMyd3dnamJTaEJ2eDBJblpYNks3RUtFNnByMnFRVG1MNEtlQVpyNDd0R3NtbEV1M29JQk9oSy03NDRGd1VodzE3WFpaVFhhYXQwZGZUa3JNeUhGTGt2YWhmQkJ4Zw?oc=5
2024-12-22,MSFT,Microsoft,Can Microsoft Stock Reach New Highs in 2025? Here’s What UBS Expects - TipRanks,"EN
Sign in
Before you continue to Google
We use cookies and data to
Deliver and maintain Google services
Track outages and protect against spam, fraud, and abuse
Measure audience engagement and site statistics to understand how our services are used and enhance the quality of those services
If you choose to “Accept all,” we will also use cookies and data to
Develop and improve new services
Deliver and measure the effectiveness of ads
Show personalized content, depending on your settings
Show personalized ads, depending on your settings
If you choose to “Reject all,” we will not use cookies for these additional purposes.
Non-personalized content is influenced by things like the content you’re currently viewing, activity in your active Search session, and your location. Non-personalized ads are influenced by the content you’re currently viewing and your general location. Personalized content and ads can also include more relevant results, recommendations, and tailored ads based on past activity from this browser, like previous Google searches. We also use cookies and data to tailor the experience to be age-appropriate, if relevant.
Select “More options” to see additional information, including details about managing your privacy settings. You can also visit g.co/privacytools at any time.
Reject all
Accept all
More options
Privacy Policy
Terms of Service",https://news.google.com/rss/articles/CBMinAFBVV95cUxNYTQ1SG1OXzdEWnpPSmp5TDctR21uZV9MUlYyYWhEWHpGTE1RdVlYT3JHM282dV9OSWo5cUNSaDBHdEh0dVhzdWhfUHhOSzRqZExUNlJISGdKSk80d185T3QwMlVCYnFyX2VjMWp5YzZxN2RjR3V6bXJEUjhzQlQwTlZVVWpBcXlWeE16ZE9KNDFKVW8yYjNsWHNtNkE?oc=5
2024-12-04,MSFT,Microsoft,"Microsoft shares strong progress on datacenter region in Saudi Arabia; construction complete on three sites, with availability expected in 2026 - Microsoft","EN
Sign in
Before you continue to Google
We use cookies and data to
Deliver and maintain Google services
Track outages and protect against spam, fraud, and abuse
Measure audience engagement and site statistics to understand how our services are used and enhance the quality of those services
If you choose to “Accept all,” we will also use cookies and data to
Develop and improve new services
Deliver and measure the effectiveness of ads
Show personalized content, depending on your settings
Show personalized ads, depending on your settings
If you choose to “Reject all,” we will not use cookies for these additional purposes.
Non-personalized content is influenced by things like the content you’re currently viewing, activity in your active Search session, and your location. Non-personalized ads are influenced by the content you’re currently viewing and your general location. Personalized content and ads can also include more relevant results, recommendations, and tailored ads based on past activity from this browser, like previous Google searches. We also use cookies and data to tailor the experience to be age-appropriate, if relevant.
Select “More options” to see additional information, including details about managing your privacy settings. You can also visit g.co/privacytools at any time.
Reject all
Accept all
More options
Privacy Policy
Terms of Service",https://news.google.com/rss/articles/CBMilwJBVV95cUxQdHh0dUxaallQcmdHeUphNnYwSGpqYWFwNzBmVUpVYUFGVHBpal9Rb3IzTUlKUFJVekJRaV9qaGdmSGRTa1pYUWVJNEpUTE10ZlVoSFdyUTBHbWhtYVBSbEVpLW84US1SWXdLM1lHNmhiUnBmM212a1Rrd3ctOG4wS1hBUl9WcHdLWnp1elJfZU85aktFZlJabHdDZDg0VlZOLTJMaUtrTUNGcHFibjhWOHlxZGUxbE5ZUTlHYWZLMmtJOTc2Y0dlbHh2TUdjVE5qVl9XRXlyZ2JIRWZzZWxkQllyNXVUVDQxQ3pTU0E4ZE9Ea3BTaXphV2Q5MUdJbDB0VjFuZFpOQmktSGgxSnIySTZUZTNBWTQ?oc=5
2024-11-29,MSFT,Microsoft,Why Microsoft Corporation (MSFT) Stock Is a Buy for the Next 3 Months? - Yahoo Finance,"EN
Sign in
Before you continue to Google
We use cookies and data to
Deliver and maintain Google services
Track outages and protect against spam, fraud, and abuse
Measure audience engagement and site statistics to understand how our services are used and enhance the quality of those services
If you choose to “Accept all,” we will also use cookies and data to
Develop and improve new services
Deliver and measure the effectiveness of ads
Show personalized content, depending on your settings
Show personalized ads, depending on your settings
If you choose to “Reject all,” we will not use cookies for these additional purposes.
Non-personalized content is influenced by things like the content you’re currently viewing, activity in your active Search session, and your location. Non-personalized ads are influenced by the content you’re currently viewing and your general location. Personalized content and ads can also include more relevant results, recommendations, and tailored ads based on past activity from this browser, like previous Google searches. We also use cookies and data to tailor the experience to be age-appropriate, if relevant.
Select “More options” to see additional information, including details about managing your privacy settings. You can also visit g.co/privacytools at any time.
Reject all
Accept all
More options
Privacy Policy
Terms of Service",https://news.google.com/rss/articles/CBMiigFBVV95cUxQOFdaSV9qZk1ydEFaNnlSSVZHMks2M2c3SXF1Yi1CLS1oSFA3V2g1amxtUmR6bTdVVFZtZ1dqbW50emk5bV9BWmNaS2VYQWx4YTZ1ZVJBUkVvVVJKX0tEcjBMWnhfcFRCazRKVFd3d0VYS3NERmw5MVFsRUE3bmswZmZEd05GVGIzTEE?oc=5
2024-12-12,MSFT,Microsoft,Veteran trader reveals Microsoft stock price target after bitcoin showdown - TheStreet,"EN
Sign in
Before you continue to Google
We use cookies and data to
Deliver and maintain Google services
Track outages and protect against spam, fraud, and abuse
Measure audience engagement and site statistics to understand how our services are used and enhance the quality of those services
If you choose to “Accept all,” we will also use cookies and data to
Develop and improve new services
Deliver and measure the effectiveness of ads
Show personalized content, depending on your settings
Show personalized ads, depending on your settings
If you choose to “Reject all,” we will not use cookies for these additional purposes.
Non-personalized content is influenced by things like the content you’re currently viewing, activity in your active Search session, and your location. Non-personalized ads are influenced by the content you’re currently viewing and your general location. Personalized content and ads can also include more relevant results, recommendations, and tailored ads based on past activity from this browser, like previous Google searches. We also use cookies and data to tailor the experience to be age-appropriate, if relevant.
Select “More options” to see additional information, including details about managing your privacy settings. You can also visit g.co/privacytools at any time.
Reject all
Accept all
More options
Privacy Policy
Terms of Service",https://news.google.com/rss/articles/CBMiuAFBVV95cUxQZVN4dzI1LVV6ajhnalpIV3h4YmxYa09QRC01TjREYXQxYXlfWXNBNkZlMlNQN29ZcFNib2g5T3dvVDdBN01XbXljeV8xS3hmRm05Z1ROY1JqRVpTdU1UY190Tmx4MS1nZlVxRW5DYnFnY21wbGFRcTJVenJXVDVGbWVOem82aldaTkRlYUxmWW80bUp4UFdMR1NhRjRtUGlQdW93WFNpdkpIMnduaGEwSUNOWmpoTnh3?oc=5
2024-12-12,MSFT,Microsoft,Why Microsoft Corporation (MSFT) Is the Best Safe Stock to Buy According to Analysts? - Yahoo Finance,"EN
Sign in
Before you continue to Google
We use cookies and data to
Deliver and maintain Google services
Track outages and protect against spam, fraud, and abuse
Measure audience engagement and site statistics to understand how our services are used and enhance the quality of those services
If you choose to “Accept all,” we will also use cookies and data to
Develop and improve new services
Deliver and measure the effectiveness of ads
Show personalized content, depending on your settings
Show personalized ads, depending on your settings
If you choose to “Reject all,” we will not use cookies for these additional purposes.
Non-personalized content is influenced by things like the content you’re currently viewing, activity in your active Search session, and your location. Non-personalized ads are influenced by the content you’re currently viewing and your general location. Personalized content and ads can also include more relevant results, recommendations, and tailored ads based on past activity from this browser, like previous Google searches. We also use cookies and data to tailor the experience to be age-appropriate, if relevant.
Select “More options” to see additional information, including details about managing your privacy settings. You can also visit g.co/privacytools at any time.
Reject all
Accept all
More options
Privacy Policy
Terms of Service",https://news.google.com/rss/articles/CBMiiAFBVV95cUxOZU9INjkwVW9TaE1ERWVFaC13clJOOXJmbFhITkp1SEhvZUU2MkVuZGljYml3R0xKRlc3ZG5YZzVTWUtnanRhcmFOQldIXzViOERpOVR5emt3Z01oUTl5cGhNTFp6ME1ZVV9UelkzWmYxeFNScGVzcHlfWUJVZHJOd0NEYW9rMERk?oc=5
2024-12-23,MSFT,Microsoft,Microsoft (MSFT) Stock Declines While Market Improves: Some Information for Investors - Yahoo Finance,"EN
Sign in
Before you continue to Google
We use cookies and data to
Deliver and maintain Google services
Track outages and protect against spam, fraud, and abuse
Measure audience engagement and site statistics to understand how our services are used and enhance the quality of those services
If you choose to “Accept all,” we will also use cookies and data to
Develop and improve new services
Deliver and measure the effectiveness of ads
Show personalized content, depending on your settings
Show personalized ads, depending on your settings
If you choose to “Reject all,” we will not use cookies for these additional purposes.
Non-personalized content is influenced by things like the content you’re currently viewing, activity in your active Search session, and your location. Non-personalized ads are influenced by the content you’re currently viewing and your general location. Personalized content and ads can also include more relevant results, recommendations, and tailored ads based on past activity from this browser, like previous Google searches. We also use cookies and data to tailor the experience to be age-appropriate, if relevant.
Select “More options” to see additional information, including details about managing your privacy settings. You can also visit g.co/privacytools at any time.
Reject all
Accept all
More options
Privacy Policy
Terms of Service",https://news.google.com/rss/articles/CBMiiAFBVV95cUxOcUNXdFhlNm5yUVRrdTlOQ1llSGJxeHVfR2l4bHFGSmwtSFV3Y0pMNlp2cFJDN3NyRndOVDdXT3JiS2xCNDc5UDdTZWNzV19MemZaRVdXTUxubWdfTjhlYXl5VEF2b0xPZjNLbUh2Z215cnhZWHoyT21xOGdjcXpTMDZKX0ZlSmlT?oc=5
2024-12-20,MSFT,Microsoft,Tesla Stock vs. Microsoft Stock: Billionaire Philippe Laffont Is Buying One and Selling the Other - Yahoo Finance,"EN
Sign in
Before you continue to Google
We use cookies and data to
Deliver and maintain Google services
Track outages and protect against spam, fraud, and abuse
Measure audience engagement and site statistics to understand how our services are used and enhance the quality of those services
If you choose to “Accept all,” we will also use cookies and data to
Develop and improve new services
Deliver and measure the effectiveness of ads
Show personalized content, depending on your settings
Show personalized ads, depending on your settings
If you choose to “Reject all,” we will not use cookies for these additional purposes.
Non-personalized content is influenced by things like the content you’re currently viewing, activity in your active Search session, and your location. Non-personalized ads are influenced by the content you’re currently viewing and your general location. Personalized content and ads can also include more relevant results, recommendations, and tailored ads based on past activity from this browser, like previous Google searches. We also use cookies and data to tailor the experience to be age-appropriate, if relevant.
Select “More options” to see additional information, including details about managing your privacy settings. You can also visit g.co/privacytools at any time.
Reject all
Accept all
More options
Privacy Policy
Terms of Service",https://news.google.com/rss/articles/CBMiggFBVV95cUxNblpxSVV6UEpBUGlzWEw5cDNvSjFsMDRxdndnWUgySkdWRjNPVVV5WGZ0dXhjQWNBOXdMQXVZNTN0M1NfZlBBNUwwWEN5QnJ5NnJtcjZGOG9BTUdqbEo4SHZFVEVjWl9KaTRBUnNzUll4ZDliSzdVYTUzTnB6MGlTZnRB?oc=5
2024-12-02,MSFT,Microsoft,Why Is Microsoft Corporation (MSFT) the Top Wells Fargo’s Tech Stock to Beat the S&P? - Yahoo Finance,"EN
Sign in
Before you continue to Google
We use cookies and data to
Deliver and maintain Google services
Track outages and protect against spam, fraud, and abuse
Measure audience engagement and site statistics to understand how our services are used and enhance the quality of those services
If you choose to “Accept all,” we will also use cookies and data to
Develop and improve new services
Deliver and measure the effectiveness of ads
Show personalized content, depending on your settings
Show personalized ads, depending on your settings
If you choose to “Reject all,” we will not use cookies for these additional purposes.
Non-personalized content is influenced by things like the content you’re currently viewing, activity in your active Search session, and your location. Non-personalized ads are influenced by the content you’re currently viewing and your general location. Personalized content and ads can also include more relevant results, recommendations, and tailored ads based on past activity from this browser, like previous Google searches. We also use cookies and data to tailor the experience to be age-appropriate, if relevant.
Select “More options” to see additional information, including details about managing your privacy settings. You can also visit g.co/privacytools at any time.
Reject all
Accept all
More options
Privacy Policy
Terms of Service",https://news.google.com/rss/articles/CBMihwFBVV95cUxQdUxRUzZWTG83Q3VhVlpQMzRlRUlEZmpRVHVnVWxobUhGLTRzRFNPTmlmNmlFVjRrSVU3X1h5cmRsUHAwVm9ZQmpZZTNDRWEzai13Qk12RmZaU0RIc3E2Y2lPSTdNRkZYd3o3SFMxQVVTZVI5anotRW02elhFc0NpRlQzMjVlMU0?oc=5
2024-12-11,MSFT,Microsoft,Microsoft (MSFT) Outpaces Stock Market Gains: What You Should Know - Yahoo Finance,"EN
Sign in
Before you continue to Google
We use cookies and data to
Deliver and maintain Google services
Track outages and protect against spam, fraud, and abuse
Measure audience engagement and site statistics to understand how our services are used and enhance the quality of those services
If you choose to “Accept all,” we will also use cookies and data to
Develop and improve new services
Deliver and measure the effectiveness of ads
Show personalized content, depending on your settings
Show personalized ads, depending on your settings
If you choose to “Reject all,” we will not use cookies for these additional purposes.
Non-personalized content is influenced by things like the content you’re currently viewing, activity in your active Search session, and your location. Non-personalized ads are influenced by the content you’re currently viewing and your general location. Personalized content and ads can also include more relevant results, recommendations, and tailored ads based on past activity from this browser, like previous Google searches. We also use cookies and data to tailor the experience to be age-appropriate, if relevant.
Select “More options” to see additional information, including details about managing your privacy settings. You can also visit g.co/privacytools at any time.
Reject all
Accept all
More options
Privacy Policy
Terms of Service",https://news.google.com/rss/articles/CBMiigFBVV95cUxQWklHX2V6M3NyWHdYNG5hcGx4aWdRX0Q3a1RjTFpsakFEU2Z6ZGRQRm8xb2xmRmVaOEI0WGpfdmpnanh1TGtnR3hoSlRMWWMzNU9EaVl5TmJtZ3RLQXFhd3F0bFdtNUR1TUZDUjA2dUlYOVVtUFJ2RTNTd2Flc0N5cElxTENLLXNNOGc?oc=5
2024-12-06,MSFT,Microsoft,Why Microsoft Corporation (MSFT) Is the Best Beginner Stock to Invest in Now - Yahoo Finance,"EN
Sign in
Before you continue to Google
We use cookies and data to
Deliver and maintain Google services
Track outages and protect against spam, fraud, and abuse
Measure audience engagement and site statistics to understand how our services are used and enhance the quality of those services
If you choose to “Accept all,” we will also use cookies and data to
Develop and improve new services
Deliver and measure the effectiveness of ads
Show personalized content, depending on your settings
Show personalized ads, depending on your settings
If you choose to “Reject all,” we will not use cookies for these additional purposes.
Non-personalized content is influenced by things like the content you’re currently viewing, activity in your active Search session, and your location. Non-personalized ads are influenced by the content you’re currently viewing and your general location. Personalized content and ads can also include more relevant results, recommendations, and tailored ads based on past activity from this browser, like previous Google searches. We also use cookies and data to tailor the experience to be age-appropriate, if relevant.
Select “More options” to see additional information, including details about managing your privacy settings. You can also visit g.co/privacytools at any time.
Reject all
Accept all
More options
Privacy Policy
Terms of Service",https://news.google.com/rss/articles/CBMiiAFBVV95cUxQT3dTMXd2bXhGTEpxMXkxLVZ6S0psYy1ZbUh3VHlOdFhDQnVjcVBaN0RUWkZhWFY0SE90UUVaOTR5am1wX0tSa2lZMWQ3YVdnXzNDS0Uyc1VvWk81LXBuWWI1RklXVHVHa3lIeUZCem92YTdlUW5KRGJXcUl0QTJscWxLS0FZcE1u?oc=5
2024-11-30,MSFT,Microsoft,"Microsoft FTC probe 'not a complete shocker,' analyst says - Yahoo Finance","EN
Sign in
Before you continue to Google
We use cookies and data to
Deliver and maintain Google services
Track outages and protect against spam, fraud, and abuse
Measure audience engagement and site statistics to understand how our services are used and enhance the quality of those services
If you choose to “Accept all,” we will also use cookies and data to
Develop and improve new services
Deliver and measure the effectiveness of ads
Show personalized content, depending on your settings
Show personalized ads, depending on your settings
If you choose to “Reject all,” we will not use cookies for these additional purposes.
Non-personalized content is influenced by things like the content you’re currently viewing, activity in your active Search session, and your location. Non-personalized ads are influenced by the content you’re currently viewing and your general location. Personalized content and ads can also include more relevant results, recommendations, and tailored ads based on past activity from this browser, like previous Google searches. We also use cookies and data to tailor the experience to be age-appropriate, if relevant.
Select “More options” to see additional information, including details about managing your privacy settings. You can also visit g.co/privacytools at any time.
Reject all
Accept all
More options
Privacy Policy
Terms of Service",https://news.google.com/rss/articles/CBMiowFBVV95cUxPbmR1ZlFGdWk1WFpGZ3JMRXd6Z0JtME1PUm1tdGlqY2RyQXZRSnV3Sk9YZk5WUlVFX3V4eUpSWk41TzJGQlFad3VnZGJ0WHVIM2RpRXBlUTRwSEpDOGJhYXlIZGNLMW9JV09TOTJIckdxb1hTTlpfbFA2eTRVM0REWjBJY296U2xkcHhJWjIwdS14YldoVWo1LTBmY0NiX09SYVJV?oc=5
2024-12-22,MSFT,Microsoft,Why Microsoft Corporation (MSFT) Is Among the Best Stocks to Buy and Hold for 3 Years? - Yahoo Finance,"EN
Sign in
Before you continue to Google
We use cookies and data to
Deliver and maintain Google services
Track outages and protect against spam, fraud, and abuse
Measure audience engagement and site statistics to understand how our services are used and enhance the quality of those services
If you choose to “Accept all,” we will also use cookies and data to
Develop and improve new services
Deliver and measure the effectiveness of ads
Show personalized content, depending on your settings
Show personalized ads, depending on your settings
If you choose to “Reject all,” we will not use cookies for these additional purposes.
Non-personalized content is influenced by things like the content you’re currently viewing, activity in your active Search session, and your location. Non-personalized ads are influenced by the content you’re currently viewing and your general location. Personalized content and ads can also include more relevant results, recommendations, and tailored ads based on past activity from this browser, like previous Google searches. We also use cookies and data to tailor the experience to be age-appropriate, if relevant.
Select “More options” to see additional information, including details about managing your privacy settings. You can also visit g.co/privacytools at any time.
Reject all
Accept all
More options
Privacy Policy
Terms of Service",https://news.google.com/rss/articles/CBMiigFBVV95cUxQTFVTSXFDb1FGM2RBQTZqOXFNR1h6SkRYQmtOUXpVcXdLMmFBMUhPSEIyTlhVTmlvLVZMUXBuMEZSazBHOEVCT2xiT09NMjFXU25pcEtIWFk0c2s5UEJUMWFUbF9EMDNUeDRxMzNTejUxeTNCSUN6V1JOZUJzRmluTTVVcU95Z2pUTUE?oc=5
2024-12-16,MSFT,Microsoft,Why Microsoft Corporation (MSFT) Is One of the Most Held Stocks by Hedge Funds? - Yahoo Finance,"EN
Sign in
Before you continue to Google
We use cookies and data to
Deliver and maintain Google services
Track outages and protect against spam, fraud, and abuse
Measure audience engagement and site statistics to understand how our services are used and enhance the quality of those services
If you choose to “Accept all,” we will also use cookies and data to
Develop and improve new services
Deliver and measure the effectiveness of ads
Show personalized content, depending on your settings
Show personalized ads, depending on your settings
If you choose to “Reject all,” we will not use cookies for these additional purposes.
Non-personalized content is influenced by things like the content you’re currently viewing, activity in your active Search session, and your location. Non-personalized ads are influenced by the content you’re currently viewing and your general location. Personalized content and ads can also include more relevant results, recommendations, and tailored ads based on past activity from this browser, like previous Google searches. We also use cookies and data to tailor the experience to be age-appropriate, if relevant.
Select “More options” to see additional information, including details about managing your privacy settings. You can also visit g.co/privacytools at any time.
Reject all
Accept all
More options
Privacy Policy
Terms of Service",https://news.google.com/rss/articles/CBMihwFBVV95cUxPSlUzQzBfOUNBVk5GTkVyQ1hMSUtMOGdIdzg0bTN3WVNpbk5zdTM0alFoeWNjU015bFJmaXhYZFdleG9CMllvZENrYVU1UWJfMmY3aEN1Uzk0Z01ISDdyNHh2dHYtQkd6UjZMb0NUeVlWUjRxVlM0TXZ2TFdDMDdBR1N3N082ZUk?oc=5
2025-01-24,MSFT,Microsoft,"Going Into Earnings, Is Microsoft Stock a Buy, a Sell, or Fairly Valued? - Morningstar","EN
Sign in
Before you continue to Google
We use cookies and data to
Deliver and maintain Google services
Track outages and protect against spam, fraud, and abuse
Measure audience engagement and site statistics to understand how our services are used and enhance the quality of those services
If you choose to “Accept all,” we will also use cookies and data to
Develop and improve new services
Deliver and measure the effectiveness of ads
Show personalized content, depending on your settings
Show personalized ads, depending on your settings
If you choose to “Reject all,” we will not use cookies for these additional purposes.
Non-personalized content is influenced by things like the content you’re currently viewing, activity in your active Search session, and your location. Non-personalized ads are influenced by the content you’re currently viewing and your general location. Personalized content and ads can also include more relevant results, recommendations, and tailored ads based on past activity from this browser, like previous Google searches. We also use cookies and data to tailor the experience to be age-appropriate, if relevant.
Select “More options” to see additional information, including details about managing your privacy settings. You can also visit g.co/privacytools at any time.
Reject all
Accept all
More options
Privacy Policy
Terms of Service",https://news.google.com/rss/articles/CBMiowFBVV95cUxNTkN1TUc1Y0lyd0VCTHJaMTVjT1BHUXVCQTdnc1lHaDZQbUFhanJyblNYMUx5QUpMRm9PU2U0SFdoYnVVV2p4aEh4OU02cE9DSmN6U1JCVkw0RnQ4ZWxTTWFEd2ltYWtSX0R1aDZTZ0tlV3ZNdU0yRUU0VkJZQ0Y0ZlhYYnhhbmhBSHhNQVRCOEd1WWZsOGUwQ1p4Q0lFV2tCdjQ0?oc=5
2025-01-22,MSFT,Microsoft,Why Microsoft Stock Is Jumping Today - Yahoo Finance,"EN
Sign in
Before you continue to Google
We use cookies and data to
Deliver and maintain Google services
Track outages and protect against spam, fraud, and abuse
Measure audience engagement and site statistics to understand how our services are used and enhance the quality of those services
If you choose to “Accept all,” we will also use cookies and data to
Develop and improve new services
Deliver and measure the effectiveness of ads
Show personalized content, depending on your settings
Show personalized ads, depending on your settings
If you choose to “Reject all,” we will not use cookies for these additional purposes.
Non-personalized content is influenced by things like the content you’re currently viewing, activity in your active Search session, and your location. Non-personalized ads are influenced by the content you’re currently viewing and your general location. Personalized content and ads can also include more relevant results, recommendations, and tailored ads based on past activity from this browser, like previous Google searches. We also use cookies and data to tailor the experience to be age-appropriate, if relevant.
Select “More options” to see additional information, including details about managing your privacy settings. You can also visit g.co/privacytools at any time.
Reject all
Accept all
More options
Privacy Policy
Terms of Service",https://news.google.com/rss/articles/CBMihgFBVV95cUxPd21CZGN4bnRhUElPSHJHZHByR193RWNHN3MwNFNhMXByX3JLQzhOSWg4MkxxbFFNdUJCbjg3dGJoc0lmX3J5T0hOLWJCNWhfeE1KcC02SG0wY2EzYUdFOUNROTkzYjdxRGU2c0xNQk5MNW5aUlloMjZBX3FTaWpwMnBoQjhfdw?oc=5
2025-01-10,MSFT,Microsoft,Increased Fund Ownership Could Boost Microsoft's Stock - ETF Trends,"EN
Sign in
Before you continue to Google
We use cookies and data to
Deliver and maintain Google services
Track outages and protect against spam, fraud, and abuse
Measure audience engagement and site statistics to understand how our services are used and enhance the quality of those services
If you choose to “Accept all,” we will also use cookies and data to
Develop and improve new services
Deliver and measure the effectiveness of ads
Show personalized content, depending on your settings
Show personalized ads, depending on your settings
If you choose to “Reject all,” we will not use cookies for these additional purposes.
Non-personalized content is influenced by things like the content you’re currently viewing, activity in your active Search session, and your location. Non-personalized ads are influenced by the content you’re currently viewing and your general location. Personalized content and ads can also include more relevant results, recommendations, and tailored ads based on past activity from this browser, like previous Google searches. We also use cookies and data to tailor the experience to be age-appropriate, if relevant.
Select “More options” to see additional information, including details about managing your privacy settings. You can also visit g.co/privacytools at any time.
Reject all
Accept all
More options
Privacy Policy
Terms of Service",https://news.google.com/rss/articles/CBMiqgFBVV95cUxQZC1yZ0x5YlJxLU9pUmdsTjc4cy1VQ25lV1ZFeWYxMGZ1ekU4RlRvZVl2enRoaUlkRDhqOVk1aWRmcDZfOTBpU016VkxUUmFXRkU5VGRXRUh0MWhZVGVRZ3N2XzB1MDJXSVBaX1JfU2pxdUdEVGNWZmw4VlZQYl80UmVLRUJqd0Ewdm5SdGo5NW1NQTJuRXl2ZkhNMms5Y1B0Ym9wWk5jeWdGQdIBrwFBVV95cUxOT2ZLVU1zMEpOemxIeXIzT1RKWnVoRk5MVW1RQWhNWTN1bmxpZkFDMzhxREpWNjkwU3A1bUNmTFQ2a3E4NFVWa2FuYjI5NTl1TXdQUS1xZV9HWll0cnNTNlZyNEJmdndFNE1LUzEwYUZQTGZnbjU4MVR1NEdYZEdtVlVWWVZLczFoNFMyX1VxOFU3UVU2akhQZlBrdE5zWXRJYzFwamxScWc1UmRDLUlB?oc=5
2025-01-17,MSFT,Microsoft,Microsoft’s Stock Revival Hinges on Showing Growth From AI Binge - Bloomberg.com,"EN
Sign in
Before you continue to Google
We use cookies and data to
Deliver and maintain Google services
Track outages and protect against spam, fraud, and abuse
Measure audience engagement and site statistics to understand how our services are used and enhance the quality of those services
If you choose to “Accept all,” we will also use cookies and data to
Develop and improve new services
Deliver and measure the effectiveness of ads
Show personalized content, depending on your settings
Show personalized ads, depending on your settings
If you choose to “Reject all,” we will not use cookies for these additional purposes.
Non-personalized content is influenced by things like the content you’re currently viewing, activity in your active Search session, and your location. Non-personalized ads are influenced by the content you’re currently viewing and your general location. Personalized content and ads can also include more relevant results, recommendations, and tailored ads based on past activity from this browser, like previous Google searches. We also use cookies and data to tailor the experience to be age-appropriate, if relevant.
Select “More options” to see additional information, including details about managing your privacy settings. You can also visit g.co/privacytools at any time.
Reject all
Accept all
More options
Privacy Policy
Terms of Service",https://news.google.com/rss/articles/CBMitgFBVV95cUxPZHEzc3E5UGxvSGtoLVNqZ1ZWaG5fVnJOZGNMS0V4UE1qZ241U0JiSkphRkY4Z0VTd2w1UGs2VjNUNEtJVlBScUttT3QxY1I3SjhGdnRyYVhUbXpjbTRlcTlOLUFTWWZWRm9IZUNrYzFPVUhkZDdYMDVRbXVwcHhnSFVTdm5PY19YVmlfcXVqaXFfbEx5UmNzQWQxN2FtYkJrV1RFX09kQzh6SHRabFYyb21pc1l3UQ?oc=5
2025-01-24,MSFT,Microsoft,"Microsoft Earnings Report Will Key On Azure Growth, AI Adoption - Investor's Business Daily","EN
Sign in
Before you continue to Google
We use cookies and data to
Deliver and maintain Google services
Track outages and protect against spam, fraud, and abuse
Measure audience engagement and site statistics to understand how our services are used and enhance the quality of those services
If you choose to “Accept all,” we will also use cookies and data to
Develop and improve new services
Deliver and measure the effectiveness of ads
Show personalized content, depending on your settings
Show personalized ads, depending on your settings
If you choose to “Reject all,” we will not use cookies for these additional purposes.
Non-personalized content is influenced by things like the content you’re currently viewing, activity in your active Search session, and your location. Non-personalized ads are influenced by the content you’re currently viewing and your general location. Personalized content and ads can also include more relevant results, recommendations, and tailored ads based on past activity from this browser, like previous Google searches. We also use cookies and data to tailor the experience to be age-appropriate, if relevant.
Select “More options” to see additional information, including details about managing your privacy settings. You can also visit g.co/privacytools at any time.
Reject all
Accept all
More options
Privacy Policy
Terms of Service",https://news.google.com/rss/articles/CBMijgFBVV95cUxPSUpZRWpYQmFtdkRnMEs5VUNhMnFxLUdQb3ZPS0xDemVtZ0NRMkREcGlIN2ZHOEhLNlVfb0lHUzFSRVBtZzA5WEd6dUdSUWg2cVk0c0FkT3hWZVQyaUNneUI0VG1MWGExTFUyWm42dTJhaXBGOVpIaF9iREgyZm41N2FxZl9tQUU0OUhPVDRn?oc=5
2025-01-22,MSFT,Microsoft,Why Microsoft Stock Is Jumping Today - The Motley Fool,"EN
Sign in
Before you continue to Google
We use cookies and data to
Deliver and maintain Google services
Track outages and protect against spam, fraud, and abuse
Measure audience engagement and site statistics to understand how our services are used and enhance the quality of those services
If you choose to “Accept all,” we will also use cookies and data to
Develop and improve new services
Deliver and measure the effectiveness of ads
Show personalized content, depending on your settings
Show personalized ads, depending on your settings
If you choose to “Reject all,” we will not use cookies for these additional purposes.
Non-personalized content is influenced by things like the content you’re currently viewing, activity in your active Search session, and your location. Non-personalized ads are influenced by the content you’re currently viewing and your general location. Personalized content and ads can also include more relevant results, recommendations, and tailored ads based on past activity from this browser, like previous Google searches. We also use cookies and data to tailor the experience to be age-appropriate, if relevant.
Select “More options” to see additional information, including details about managing your privacy settings. You can also visit g.co/privacytools at any time.
Reject all
Accept all
More options
Privacy Policy
Terms of Service",https://news.google.com/rss/articles/CBMihgFBVV95cUxOamUzWVpyYVk2WUZ0V2E2UGNyendaSDNwQ3gxcE1zNk85VkZBd3RzWHNMMGVxem92RjdVajJQZnR6eFRlLUVDRjhrVDVxSjFzX0ljdDQ4SDZTaTNxSUZhcktxZ1lrTlh3NS1JZHFTeVNpTGF5NkJFbWVoTGxfc2JJa0d2OWlUdw?oc=5
2025-01-16,MSFT,Microsoft,Microsoft Stock: Capital Structure Analysis (MSFT) - Investopedia,"EN
Sign in
Before you continue to Google
We use cookies and data to
Deliver and maintain Google services
Track outages and protect against spam, fraud, and abuse
Measure audience engagement and site statistics to understand how our services are used and enhance the quality of those services
If you choose to “Accept all,” we will also use cookies and data to
Develop and improve new services
Deliver and measure the effectiveness of ads
Show personalized content, depending on your settings
Show personalized ads, depending on your settings
If you choose to “Reject all,” we will not use cookies for these additional purposes.
Non-personalized content is influenced by things like the content you’re currently viewing, activity in your active Search session, and your location. Non-personalized ads are influenced by the content you’re currently viewing and your general location. Personalized content and ads can also include more relevant results, recommendations, and tailored ads based on past activity from this browser, like previous Google searches. We also use cookies and data to tailor the experience to be age-appropriate, if relevant.
Select “More options” to see additional information, including details about managing your privacy settings. You can also visit g.co/privacytools at any time.
Reject all
Accept all
More options
Privacy Policy
Terms of Service",https://news.google.com/rss/articles/CBMipwFBVV95cUxQdTFkMFEwQ3ZrMllsdmdpaVphbldaT05LTVBoRjlmR1BSN3J2Wlk5bHNaUmlxWkN2TlJzQTRiVERZcGRNNHpwRDllX2tJTVdGWnYyTXNRbWxaVThWQWIwdDFsc05MX0NWZmRwTVU1dG9uYmtOSmJ3TlBnNzFEYjktNzFOQ1VqS0xzeHM0dlVMek1ueVIyZ0xoMUNpaC1uVVNtWTVnQ0c3aw?oc=5
2025-01-24,MSFT,Microsoft,Microsoft Stock Before Q2 Earnings: A Smart Buy or Risky Investment? - Nasdaq,"EN
Sign in
Before you continue to Google
We use cookies and data to
Deliver and maintain Google services
Track outages and protect against spam, fraud, and abuse
Measure audience engagement and site statistics to understand how our services are used and enhance the quality of those services
If you choose to “Accept all,” we will also use cookies and data to
Develop and improve new services
Deliver and measure the effectiveness of ads
Show personalized content, depending on your settings
Show personalized ads, depending on your settings
If you choose to “Reject all,” we will not use cookies for these additional purposes.
Non-personalized content is influenced by things like the content you’re currently viewing, activity in your active Search session, and your location. Non-personalized ads are influenced by the content you’re currently viewing and your general location. Personalized content and ads can also include more relevant results, recommendations, and tailored ads based on past activity from this browser, like previous Google searches. We also use cookies and data to tailor the experience to be age-appropriate, if relevant.
Select “More options” to see additional information, including details about managing your privacy settings. You can also visit g.co/privacytools at any time.
Reject all
Accept all
More options
Privacy Policy
Terms of Service",https://news.google.com/rss/articles/CBMikwFBVV95cUxQMnlTUktYZUtLZDVrODZZdkV1RDYxRkkwUWY4UVhFbU1IRGZySTBJSGl6UE9QVXp2MzY3VEhyUmxJT2xnUGxSSjdZX2puLW9rWm8ycWRHaEs4OVZRTS1pRWJKZktyZmFZbW1sMk9mNUxtRnlEdWVPZjNPaUlVcWxtS19OWUVWVE15UU9YYWpMbmdobzg?oc=5
2025-01-24,MSFT,Microsoft,Microsoft Earnings Preview: Will $500B Stargate AI Project Boost Stock? - tastylive,"EN
Sign in
Before you continue to Google
We use cookies and data to
Deliver and maintain Google services
Track outages and protect against spam, fraud, and abuse
Measure audience engagement and site statistics to understand how our services are used and enhance the quality of those services
If you choose to “Accept all,” we will also use cookies and data to
Develop and improve new services
Deliver and measure the effectiveness of ads
Show personalized content, depending on your settings
Show personalized ads, depending on your settings
If you choose to “Reject all,” we will not use cookies for these additional purposes.
Non-personalized content is influenced by things like the content you’re currently viewing, activity in your active Search session, and your location. Non-personalized ads are influenced by the content you’re currently viewing and your general location. Personalized content and ads can also include more relevant results, recommendations, and tailored ads based on past activity from this browser, like previous Google searches. We also use cookies and data to tailor the experience to be age-appropriate, if relevant.
Select “More options” to see additional information, including details about managing your privacy settings. You can also visit g.co/privacytools at any time.
Reject all
Accept all
More options
Privacy Policy
Terms of Service",https://news.google.com/rss/articles/CBMipgFBVV95cUxObjRLQXhRN1dJQXhibGJ2T0NSSjVtZjNWRXJlSkQyd0ktX2haSHdCQzk3NHVZVWJtQjU4TFI4Yzl1bUE5SDJvQ0hKajdOVnh4cVVCSGZFaXVPUjlYbE9vN0cwbGVsc2VKZGdQU1RVNmRWTExYTkU3bFZjM2FjMkJHem5OaTg5TG5SN2tBYV9RYlZfRW01UTdGQTlDSnNzZGNxQ1pYZG13?oc=5
2025-01-06,MSFT,Microsoft,Why Microsoft (MSFT) Outpaced the Stock Market Today - Yahoo Finance,"EN
Sign in
Before you continue to Google
We use cookies and data to
Deliver and maintain Google services
Track outages and protect against spam, fraud, and abuse
Measure audience engagement and site statistics to understand how our services are used and enhance the quality of those services
If you choose to “Accept all,” we will also use cookies and data to
Develop and improve new services
Deliver and measure the effectiveness of ads
Show personalized content, depending on your settings
Show personalized ads, depending on your settings
If you choose to “Reject all,” we will not use cookies for these additional purposes.
Non-personalized content is influenced by things like the content you’re currently viewing, activity in your active Search session, and your location. Non-personalized ads are influenced by the content you’re currently viewing and your general location. Personalized content and ads can also include more relevant results, recommendations, and tailored ads based on past activity from this browser, like previous Google searches. We also use cookies and data to tailor the experience to be age-appropriate, if relevant.
Select “More options” to see additional information, including details about managing your privacy settings. You can also visit g.co/privacytools at any time.
Reject all
Accept all
More options
Privacy Policy
Terms of Service",https://news.google.com/rss/articles/CBMihgFBVV95cUxQTERsOTVsSFFWeDFkTXFzNXg4QnNwWmhZY1d1cnZLX2R3emM2NmNnRHdLNXBFZ0JFc3BVN0tUbi1BMkhrQkhhLVhwRm9kSm03c3loTEY1dWZzLU1RZGExQ3BJSXpwc3ZxYUlzaTZWWlR3dlhJcmFmMkxsdjFleFJ1Z2p0UmFSUQ?oc=5
2025-01-21,MSFT,Microsoft,Wall Street Is Bullish on Microsoft Stock for 2025. Time to Buy? - The Motley Fool,"EN
Sign in
Before you continue to Google
We use cookies and data to
Deliver and maintain Google services
Track outages and protect against spam, fraud, and abuse
Measure audience engagement and site statistics to understand how our services are used and enhance the quality of those services
If you choose to “Accept all,” we will also use cookies and data to
Develop and improve new services
Deliver and measure the effectiveness of ads
Show personalized content, depending on your settings
Show personalized ads, depending on your settings
If you choose to “Reject all,” we will not use cookies for these additional purposes.
Non-personalized content is influenced by things like the content you’re currently viewing, activity in your active Search session, and your location. Non-personalized ads are influenced by the content you’re currently viewing and your general location. Personalized content and ads can also include more relevant results, recommendations, and tailored ads based on past activity from this browser, like previous Google searches. We also use cookies and data to tailor the experience to be age-appropriate, if relevant.
Select “More options” to see additional information, including details about managing your privacy settings. You can also visit g.co/privacytools at any time.
Reject all
Accept all
More options
Privacy Policy
Terms of Service",https://news.google.com/rss/articles/CBMimAFBVV95cUxOYXpDZ3gyUTAydjBIV0MtSDNBVHhTblJmVFJpQVFudWNsV2UxZ2RUdkxwZDlaa01CT2ZHd3FqYXphZlhybk94eTNNMlNINGoyZHJtdzRvdFBIb1pHRUZsYW0weUo5cFpsY2hqUmk0YkkwbDd1Qm03NlFJLUtIWDJmZVFURlpiT2tZamJkdjF1TFQ2NDlTOFhzVw?oc=5
2024-12-31,MSFT,Microsoft,Is Microsoft Stock Still A Buy? What To Consider - Investor's Business Daily,"EN
Sign in
Before you continue to Google
We use cookies and data to
Deliver and maintain Google services
Track outages and protect against spam, fraud, and abuse
Measure audience engagement and site statistics to understand how our services are used and enhance the quality of those services
If you choose to “Accept all,” we will also use cookies and data to
Develop and improve new services
Deliver and measure the effectiveness of ads
Show personalized content, depending on your settings
Show personalized ads, depending on your settings
If you choose to “Reject all,” we will not use cookies for these additional purposes.
Non-personalized content is influenced by things like the content you’re currently viewing, activity in your active Search session, and your location. Non-personalized ads are influenced by the content you’re currently viewing and your general location. Personalized content and ads can also include more relevant results, recommendations, and tailored ads based on past activity from this browser, like previous Google searches. We also use cookies and data to tailor the experience to be age-appropriate, if relevant.
Select “More options” to see additional information, including details about managing your privacy settings. You can also visit g.co/privacytools at any time.
Reject all
Accept all
More options
Privacy Policy
Terms of Service",https://news.google.com/rss/articles/CBMickFVX3lxTE5uNW9mcFFGa05DX2lGYlhRa21JdGtrTU5RSVU2YUpOaWtOdWFfZ3RWZnY3YW9tUTdldHFpXzh4Z0U3TTEtQUJwMUFmTXQ0dWNxb0oyN0lUdzlndzJLTzk1LW9tNDdFZU8xd0VhX3lJXzBSZw?oc=5
2024-12-29,MSFT,Microsoft,Microsoft Stock vs. Meta Platforms Stock: Billionaires Are Buying One and Selling the Other - Yahoo Finance,"EN
Sign in
Before you continue to Google
We use cookies and data to
Deliver and maintain Google services
Track outages and protect against spam, fraud, and abuse
Measure audience engagement and site statistics to understand how our services are used and enhance the quality of those services
If you choose to “Accept all,” we will also use cookies and data to
Develop and improve new services
Deliver and measure the effectiveness of ads
Show personalized content, depending on your settings
Show personalized ads, depending on your settings
If you choose to “Reject all,” we will not use cookies for these additional purposes.
Non-personalized content is influenced by things like the content you’re currently viewing, activity in your active Search session, and your location. Non-personalized ads are influenced by the content you’re currently viewing and your general location. Personalized content and ads can also include more relevant results, recommendations, and tailored ads based on past activity from this browser, like previous Google searches. We also use cookies and data to tailor the experience to be age-appropriate, if relevant.
Select “More options” to see additional information, including details about managing your privacy settings. You can also visit g.co/privacytools at any time.
Reject all
Accept all
More options
Privacy Policy
Terms of Service",https://news.google.com/rss/articles/CBMihgFBVV95cUxQNExPMjFUWGZWZzNXM2RnOU4zVTZleVhsbXRnR192Z0xLSkJTOTl3bm9IelhrNkwzQnVRN2Q5LU1TejlpQlpndTZEOWh6elpWREFCZ3lhNl9STC1TWUMzMzN1eXVDZU1DVHFKNkVYZHBxRkw2VndZejF3NWRTUTIxTS1VZ0pDQQ?oc=5
2024-12-29,MSFT,Microsoft,Microsoft Stock vs. Meta Platforms Stock: Billionaires Are Buying One and Selling the Other - The Motley Fool,"EN
Sign in
Before you continue to Google
We use cookies and data to
Deliver and maintain Google services
Track outages and protect against spam, fraud, and abuse
Measure audience engagement and site statistics to understand how our services are used and enhance the quality of those services
If you choose to “Accept all,” we will also use cookies and data to
Develop and improve new services
Deliver and measure the effectiveness of ads
Show personalized content, depending on your settings
Show personalized ads, depending on your settings
If you choose to “Reject all,” we will not use cookies for these additional purposes.
Non-personalized content is influenced by things like the content you’re currently viewing, activity in your active Search session, and your location. Non-personalized ads are influenced by the content you’re currently viewing and your general location. Personalized content and ads can also include more relevant results, recommendations, and tailored ads based on past activity from this browser, like previous Google searches. We also use cookies and data to tailor the experience to be age-appropriate, if relevant.
Select “More options” to see additional information, including details about managing your privacy settings. You can also visit g.co/privacytools at any time.
Reject all
Accept all
More options
Privacy Policy
Terms of Service",https://news.google.com/rss/articles/CBMikgFBVV95cUxNb1pRNURWS1J2SEl2YmpYMGJxSlI5dXFqWHZzbGRzUU5OVTJ3V3VOS1RrOG9yYzUtYnZlUUMzVkZNSmFUbXNHNFI2Y3gyZGtQd0Q5TUY0Q3pmMUtoTlpEeTNRYzFnSGNWY28wbnpWdXZNOEcza3NPZzU5SkRVTXVONjlvN05JWnJEaWE0VnNmcGVndw?oc=5
2024-12-27,MSFT,Microsoft,"OpenAI Lays Out For-Profit Business Strategy Amid Microsoft Talks, Musk Feud - Investor's Business Daily","EN
Sign in
Before you continue to Google
We use cookies and data to
Deliver and maintain Google services
Track outages and protect against spam, fraud, and abuse
Measure audience engagement and site statistics to understand how our services are used and enhance the quality of those services
If you choose to “Accept all,” we will also use cookies and data to
Develop and improve new services
Deliver and measure the effectiveness of ads
Show personalized content, depending on your settings
Show personalized ads, depending on your settings
If you choose to “Reject all,” we will not use cookies for these additional purposes.
Non-personalized content is influenced by things like the content you’re currently viewing, activity in your active Search session, and your location. Non-personalized ads are influenced by the content you’re currently viewing and your general location. Personalized content and ads can also include more relevant results, recommendations, and tailored ads based on past activity from this browser, like previous Google searches. We also use cookies and data to tailor the experience to be age-appropriate, if relevant.
Select “More options” to see additional information, including details about managing your privacy settings. You can also visit g.co/privacytools at any time.
Reject all
Accept all
More options
Privacy Policy
Terms of Service",https://news.google.com/rss/articles/CBMilgFBVV95cUxOTTFiN0dPYk5FeVd0VnZTbjlpMDFfM0VIcFl6eGJyMHlhSnRnd2hldzhSUWxhOGF2WXFORi1fajBqOXJJRE9xTXFvTG11WjZYc2xMRmpFdW9RSXVNTkczQ2VjaG5nbEF6MEdEVjNvLUxJVzVST0EwaXd4V2hQaGR3cjdERXgxRTdHT202enNFb2VrWHFROEE?oc=5
2025-01-21,MSFT,Microsoft,Microsoft (MSFT) Stock Drops Despite Market Gains: Important Facts to Note - Yahoo Finance,"EN
Sign in
Before you continue to Google
We use cookies and data to
Deliver and maintain Google services
Track outages and protect against spam, fraud, and abuse
Measure audience engagement and site statistics to understand how our services are used and enhance the quality of those services
If you choose to “Accept all,” we will also use cookies and data to
Develop and improve new services
Deliver and measure the effectiveness of ads
Show personalized content, depending on your settings
Show personalized ads, depending on your settings
If you choose to “Reject all,” we will not use cookies for these additional purposes.
Non-personalized content is influenced by things like the content you’re currently viewing, activity in your active Search session, and your location. Non-personalized ads are influenced by the content you’re currently viewing and your general location. Personalized content and ads can also include more relevant results, recommendations, and tailored ads based on past activity from this browser, like previous Google searches. We also use cookies and data to tailor the experience to be age-appropriate, if relevant.
Select “More options” to see additional information, including details about managing your privacy settings. You can also visit g.co/privacytools at any time.
Reject all
Accept all
More options
Privacy Policy
Terms of Service",https://news.google.com/rss/articles/CBMihwFBVV95cUxQdmx4VXJwMFFtaVlDTFFDeDNDZG1mMzhWbHJlWEwxZ3VKSUQweWdyWjJ3VjM5aUV1YzdmU2pPMWQweWpvZVdWZWpjMU5EQ3B4a014VkZDTnBVV05GOUMzOUZDckxwc3VzUGRGeVpDUVlzTVZWTGZ6eTV5bndIQTN2RVFrTTROaEU?oc=5
2025-01-25,MSFT,Microsoft,"Microsoft Stock Secrets: How To Make $1,000 a Month With Dividends - Yahoo Finance","EN
Sign in
Before you continue to Google
We use cookies and data to
Deliver and maintain Google services
Track outages and protect against spam, fraud, and abuse
Measure audience engagement and site statistics to understand how our services are used and enhance the quality of those services
If you choose to “Accept all,” we will also use cookies and data to
Develop and improve new services
Deliver and measure the effectiveness of ads
Show personalized content, depending on your settings
Show personalized ads, depending on your settings
If you choose to “Reject all,” we will not use cookies for these additional purposes.
Non-personalized content is influenced by things like the content you’re currently viewing, activity in your active Search session, and your location. Non-personalized ads are influenced by the content you’re currently viewing and your general location. Personalized content and ads can also include more relevant results, recommendations, and tailored ads based on past activity from this browser, like previous Google searches. We also use cookies and data to tailor the experience to be age-appropriate, if relevant.
Select “More options” to see additional information, including details about managing your privacy settings. You can also visit g.co/privacytools at any time.
Reject all
Accept all
More options
Privacy Policy
Terms of Service",https://news.google.com/rss/articles/CBMigAFBVV95cUxPalhGQ2xCMV9VdGRnSUMyS01pdXJGd05WTVo5TFZlNU5yb09QeFFUd3pUUGJsQl9zVTRsMkNfNjFOeWwwUDRfWGs5RzBYVHlKQUtCSlhUMWFXTExhQkN1cHJVRUU1S1d6aGQwMjhJZk43U2VrM2tETE4xd3Nma0ZqUw?oc=5
2025-01-08,MSFT,Microsoft,Microsoft (MSFT): 3 Reasons We Love This Stock - Yahoo Finance,"EN
Sign in
Before you continue to Google
We use cookies and data to
Deliver and maintain Google services
Track outages and protect against spam, fraud, and abuse
Measure audience engagement and site statistics to understand how our services are used and enhance the quality of those services
If you choose to “Accept all,” we will also use cookies and data to
Develop and improve new services
Deliver and measure the effectiveness of ads
Show personalized content, depending on your settings
Show personalized ads, depending on your settings
If you choose to “Reject all,” we will not use cookies for these additional purposes.
Non-personalized content is influenced by things like the content you’re currently viewing, activity in your active Search session, and your location. Non-personalized ads are influenced by the content you’re currently viewing and your general location. Personalized content and ads can also include more relevant results, recommendations, and tailored ads based on past activity from this browser, like previous Google searches. We also use cookies and data to tailor the experience to be age-appropriate, if relevant.
Select “More options” to see additional information, including details about managing your privacy settings. You can also visit g.co/privacytools at any time.
Reject all
Accept all
More options
Privacy Policy
Terms of Service",https://news.google.com/rss/articles/CBMigAFBVV95cUxOTlhKTEJJeVc5bmdfdHJBckN1R242OGh0QjI3LVpiT1V3MFp2eTlBMzVZemplNFcwRk1QeFNGallvWFV5MV9fRDFpeUo1Q3piMjB5WHVmbUl2NVpDcWF2UXpHejVlNWg1a2phWDMwQkhmaTdLalpJLWhTUE9rVXFjeA?oc=5
2025-01-12,MSFT,Microsoft,Is Microsoft Corporation (MSFT) the Best Cloud Computing Stock to Buy According to Analysts? - Yahoo Finance,"EN
Sign in
Before you continue to Google
We use cookies and data to
Deliver and maintain Google services
Track outages and protect against spam, fraud, and abuse
Measure audience engagement and site statistics to understand how our services are used and enhance the quality of those services
If you choose to “Accept all,” we will also use cookies and data to
Develop and improve new services
Deliver and measure the effectiveness of ads
Show personalized content, depending on your settings
Show personalized ads, depending on your settings
If you choose to “Reject all,” we will not use cookies for these additional purposes.
Non-personalized content is influenced by things like the content you’re currently viewing, activity in your active Search session, and your location. Non-personalized ads are influenced by the content you’re currently viewing and your general location. Personalized content and ads can also include more relevant results, recommendations, and tailored ads based on past activity from this browser, like previous Google searches. We also use cookies and data to tailor the experience to be age-appropriate, if relevant.
Select “More options” to see additional information, including details about managing your privacy settings. You can also visit g.co/privacytools at any time.
Reject all
Accept all
More options
Privacy Policy
Terms of Service",https://news.google.com/rss/articles/CBMiiwFBVV95cUxQbS1CdmJ6cGtNRmFqZ3llTDMxMW5DQXk3aVQtcEJtS3VsVVVhZ09fS0F4QUV2N2taTVBmaWhDU29xR3lHX0FRbE9PZ3hMUTR5X3drdHRzYkFoN3FZVWt1cGowVF9iZ3NkUnhGVWt6cGJSejhjM2huTF9DZVpnQmhYWDh6cFFseWJXQ3Zv?oc=5
2025-01-13,MSFT,Microsoft,Is Microsoft Corp. (MSFT) the Best NASDAQ Stock to Buy in 2025? - Yahoo Finance,"EN
Sign in
Before you continue to Google
We use cookies and data to
Deliver and maintain Google services
Track outages and protect against spam, fraud, and abuse
Measure audience engagement and site statistics to understand how our services are used and enhance the quality of those services
If you choose to “Accept all,” we will also use cookies and data to
Develop and improve new services
Deliver and measure the effectiveness of ads
Show personalized content, depending on your settings
Show personalized ads, depending on your settings
If you choose to “Reject all,” we will not use cookies for these additional purposes.
Non-personalized content is influenced by things like the content you’re currently viewing, activity in your active Search session, and your location. Non-personalized ads are influenced by the content you’re currently viewing and your general location. Personalized content and ads can also include more relevant results, recommendations, and tailored ads based on past activity from this browser, like previous Google searches. We also use cookies and data to tailor the experience to be age-appropriate, if relevant.
Select “More options” to see additional information, including details about managing your privacy settings. You can also visit g.co/privacytools at any time.
Reject all
Accept all
More options
Privacy Policy
Terms of Service",https://news.google.com/rss/articles/CBMigwFBVV95cUxQaEhqYkUxVDBOU3IyOV9KQWVnV1NfdnJ4MThxalVQVUljaFdJWUkxMExxeFpsM01LU1hGYTdKSUNKYUNUT3l5ZUZSY1Y5TUdfdE53ekRzLWtxNGluVmcxMDVLNkNiUHVtMWFnaVFWOHpsNm9TME14b29VdWFsMzFuWmVtcw?oc=5
2025-01-29,MSFT,Microsoft,5 Investing Experts Predict How High (or Low) Microsoft Stock Will Go in 2025 - Yahoo Finance,"EN
Sign in
Before you continue to Google
We use cookies and data to
Deliver and maintain Google services
Track outages and protect against spam, fraud, and abuse
Measure audience engagement and site statistics to understand how our services are used and enhance the quality of those services
If you choose to “Accept all,” we will also use cookies and data to
Develop and improve new services
Deliver and measure the effectiveness of ads
Show personalized content, depending on your settings
Show personalized ads, depending on your settings
If you choose to “Reject all,” we will not use cookies for these additional purposes.
Non-personalized content is influenced by things like the content you’re currently viewing, activity in your active Search session, and your location. Non-personalized ads are influenced by the content you’re currently viewing and your general location. Personalized content and ads can also include more relevant results, recommendations, and tailored ads based on past activity from this browser, like previous Google searches. We also use cookies and data to tailor the experience to be age-appropriate, if relevant.
Select “More options” to see additional information, including details about managing your privacy settings. You can also visit g.co/privacytools at any time.
Reject all
Accept all
More options
Privacy Policy
Terms of Service",https://news.google.com/rss/articles/CBMihAFBVV95cUxQU0J1X2VROHQyRUV0eGdHdW44OVpHSVVjc3YzQ3lGQnk3TTcwYkVkZFFlQkZhVS1yeEcydmd1NkN0SkdMQ01PTWplZ2k5LXh3TFItYTIyRFIweDg4MnNCV2JCRjZlSXVjWWdJSzFuV1BRQTNZc1dIMTJRdllRYTQzMk9hbG4?oc=5
2025-02-10,MSFT,Microsoft,Microsoft Stock: Analyst Estimates & Ratings - Nasdaq,"EN
Sign in
Before you continue to Google
We use cookies and data to
Deliver and maintain Google services
Track outages and protect against spam, fraud, and abuse
Measure audience engagement and site statistics to understand how our services are used and enhance the quality of those services
If you choose to “Accept all,” we will also use cookies and data to
Develop and improve new services
Deliver and measure the effectiveness of ads
Show personalized content, depending on your settings
Show personalized ads, depending on your settings
If you choose to “Reject all,” we will not use cookies for these additional purposes.
Non-personalized content is influenced by things like the content you’re currently viewing, activity in your active Search session, and your location. Non-personalized ads are influenced by the content you’re currently viewing and your general location. Personalized content and ads can also include more relevant results, recommendations, and tailored ads based on past activity from this browser, like previous Google searches. We also use cookies and data to tailor the experience to be age-appropriate, if relevant.
Select “More options” to see additional information, including details about managing your privacy settings. You can also visit g.co/privacytools at any time.
Reject all
Accept all
More options
Privacy Policy
Terms of Service",https://news.google.com/rss/articles/CBMifkFVX3lxTFBTNDFxLU82T0RZY0o5OXNvSEp6YVUtTDJQcXN4dnNHNXo5LTJ5REhmQUJQZ1ZkY3dpWlA5dlhWcG5jWkQ3UG1MWkx0a2I4UE42Y1ZpRXV1NUdiNlBaVU5jdWh2dTZmMy1ZUDRSTkw0VldjUkh0bmpYTDNhalc4UQ?oc=5
2025-01-30,MSFT,Microsoft,Microsoft stock slumps more than 6% on disappointing revenue outlook - CNBC,"EN
Sign in
Before you continue to Google
We use cookies and data to
Deliver and maintain Google services
Track outages and protect against spam, fraud, and abuse
Measure audience engagement and site statistics to understand how our services are used and enhance the quality of those services
If you choose to “Accept all,” we will also use cookies and data to
Develop and improve new services
Deliver and measure the effectiveness of ads
Show personalized content, depending on your settings
Show personalized ads, depending on your settings
If you choose to “Reject all,” we will not use cookies for these additional purposes.
Non-personalized content is influenced by things like the content you’re currently viewing, activity in your active Search session, and your location. Non-personalized ads are influenced by the content you’re currently viewing and your general location. Personalized content and ads can also include more relevant results, recommendations, and tailored ads based on past activity from this browser, like previous Google searches. We also use cookies and data to tailor the experience to be age-appropriate, if relevant.
Select “More options” to see additional information, including details about managing your privacy settings. You can also visit g.co/privacytools at any time.
Reject all
Accept all
More options
Privacy Policy
Terms of Service",https://news.google.com/rss/articles/CBMilwFBVV95cUxQdVhMYmZzajJNb1p3N0xwcEk1QnYxMVVUSmRROU5xWlVneXNsbzI5YlVhOXVJMEpEVnJwWWdEQkVZOFNfYjJoa1cwRjF4cWJkVGxBaVh3YVVfTFk5aWNFZ1BiTDluQVY5WHNCNGx2U201eFRhLW1yal9mcldBc19EU08yMHJHRWozV0RUSjdIWjROMEVMYU040gGcAUFVX3lxTFBBSHJHUndLVlpkM0dXejZDNEdQNTJBdXFiTmxxYWdrZm9IblAtS0hxdDNYUURYOUdzNXZpYTRzbXRiQW5Selcxb2ZKc0ItbU1JSFYxdF9lajdSZXZJME9BbUhoV3VqcTlnQ3lOZl8xYmx5NGd1eTBQVkszbjVkeUVXVEJhcHZHRWxXRFhEdjBhUXV4c3RNa3RYRGtFXw?oc=5
2025-01-29,MSFT,Microsoft,Microsoft Tops Quarterly Targets On Surging AI Business. But Stock Falls. - Investor's Business Daily,"EN
Sign in
Before you continue to Google
We use cookies and data to
Deliver and maintain Google services
Track outages and protect against spam, fraud, and abuse
Measure audience engagement and site statistics to understand how our services are used and enhance the quality of those services
If you choose to “Accept all,” we will also use cookies and data to
Develop and improve new services
Deliver and measure the effectiveness of ads
Show personalized content, depending on your settings
Show personalized ads, depending on your settings
If you choose to “Reject all,” we will not use cookies for these additional purposes.
Non-personalized content is influenced by things like the content you’re currently viewing, activity in your active Search session, and your location. Non-personalized ads are influenced by the content you’re currently viewing and your general location. Personalized content and ads can also include more relevant results, recommendations, and tailored ads based on past activity from this browser, like previous Google searches. We also use cookies and data to tailor the experience to be age-appropriate, if relevant.
Select “More options” to see additional information, including details about managing your privacy settings. You can also visit g.co/privacytools at any time.
Reject all
Accept all
More options
Privacy Policy
Terms of Service",https://news.google.com/rss/articles/CBMikAFBVV95cUxQX1dOa1pNREt4ZEtpRUdSbWtkdEtoS0J4WXJCcHBrMURTUnBpbjVfS1FLTWFTSFNSRHFkMmJJcEd0V0F5Y1hUSWgyTkVaM3J2RDViU2J0RGNjd2V3cHpoa1dtUGpjNDhQQlJvY0I2Ykd4N21mVk1ZaENyNkw5VnA2S3Z5dG9CYkxNNkxYMXVySzQ?oc=5
2025-01-30,MSFT,Microsoft,Microsoft Stock’s Having Its Worst Day Since 2022. Analysts See Hope. - Barron's,"EN
Sign in
Before you continue to Google
We use cookies and data to
Deliver and maintain Google services
Track outages and protect against spam, fraud, and abuse
Measure audience engagement and site statistics to understand how our services are used and enhance the quality of those services
If you choose to “Accept all,” we will also use cookies and data to
Develop and improve new services
Deliver and measure the effectiveness of ads
Show personalized content, depending on your settings
Show personalized ads, depending on your settings
If you choose to “Reject all,” we will not use cookies for these additional purposes.
Non-personalized content is influenced by things like the content you’re currently viewing, activity in your active Search session, and your location. Non-personalized ads are influenced by the content you’re currently viewing and your general location. Personalized content and ads can also include more relevant results, recommendations, and tailored ads based on past activity from this browser, like previous Google searches. We also use cookies and data to tailor the experience to be age-appropriate, if relevant.
Select “More options” to see additional information, including details about managing your privacy settings. You can also visit g.co/privacytools at any time.
Reject all
Accept all
More options
Privacy Policy
Terms of Service",https://news.google.com/rss/articles/CBMigAFBVV95cUxQdlhXaUQzR0ZLak83aExJMXdSRWhsQ2lfMHlKRmdwN2Uyd0N5c2x6ZEFacXlPa0xpaGllTnB3RXdPYmplZ3ZxUUZ0OGNENGtGbU5VUVZ1bmQwSlRhdjNwMGJJdEhJbHNRRmZPdXI1QUpFQ1hfdndQcU1wU1hyUXk3Qw?oc=5
2025-01-30,MSFT,Microsoft,Here’s why Microsoft’s stock got pummeled after it beat revenue and profit forecasts - Fortune,"EN
Sign in
Before you continue to Google
We use cookies and data to
Deliver and maintain Google services
Track outages and protect against spam, fraud, and abuse
Measure audience engagement and site statistics to understand how our services are used and enhance the quality of those services
If you choose to “Accept all,” we will also use cookies and data to
Develop and improve new services
Deliver and measure the effectiveness of ads
Show personalized content, depending on your settings
Show personalized ads, depending on your settings
If you choose to “Reject all,” we will not use cookies for these additional purposes.
Non-personalized content is influenced by things like the content you’re currently viewing, activity in your active Search session, and your location. Non-personalized ads are influenced by the content you’re currently viewing and your general location. Personalized content and ads can also include more relevant results, recommendations, and tailored ads based on past activity from this browser, like previous Google searches. We also use cookies and data to tailor the experience to be age-appropriate, if relevant.
Select “More options” to see additional information, including details about managing your privacy settings. You can also visit g.co/privacytools at any time.
Reject all
Accept all
More options
Privacy Policy
Terms of Service",https://news.google.com/rss/articles/CBMisAFBVV95cUxONmdwSmJxeVVEMEVZZWc1bEJabFJtanpabGQ3M0lRWEFsWjNMOW1CYWhwekUyeWdBOHMtOFlxT0plbDBaX1FZamFhMXZsY1JoU2NUSFRqUlVmWWxqMU4yQnIzcTB2SzhGUE80ckFFZEVxVlpOY3ZORXZ6YmlkYVI0WWNUeG5ldHkxZ20xSW9NLTZORGlPY013X2ZSM1h2bkljMU5keXFxeUMwdmxvWTNEYw?oc=5
2025-01-30,MSFT,Microsoft,Microsoft Stock Slumps as Azure 'Execution Issues' Make Analysts Wary - Investopedia,"EN
Sign in
Before you continue to Google
We use cookies and data to
Deliver and maintain Google services
Track outages and protect against spam, fraud, and abuse
Measure audience engagement and site statistics to understand how our services are used and enhance the quality of those services
If you choose to “Accept all,” we will also use cookies and data to
Develop and improve new services
Deliver and measure the effectiveness of ads
Show personalized content, depending on your settings
Show personalized ads, depending on your settings
If you choose to “Reject all,” we will not use cookies for these additional purposes.
Non-personalized content is influenced by things like the content you’re currently viewing, activity in your active Search session, and your location. Non-personalized ads are influenced by the content you’re currently viewing and your general location. Personalized content and ads can also include more relevant results, recommendations, and tailored ads based on past activity from this browser, like previous Google searches. We also use cookies and data to tailor the experience to be age-appropriate, if relevant.
Select “More options” to see additional information, including details about managing your privacy settings. You can also visit g.co/privacytools at any time.
Reject all
Accept all
More options
Privacy Policy
Terms of Service",https://news.google.com/rss/articles/CBMipwFBVV95cUxNZEtDLXpMZW9kejFSOERnSEI4MlZTMzU2NkN3NG1iaU9uMDNmYjFMNmdPbUFjWnVlbWtGaVRNUmlKLWQ5aDVuNUtoSFBtSUhPZERxMjJBOERjYmJBdktrUnRlUV9SdEl3dHZLbjF1V2N2NzZBTzB0NDBwRFNLekE3X1JoR29NWGo4YnM3VkpDdTFPSlVUanNSYkZlTTZfYVFGRmNkZWxPQQ?oc=5
2025-01-30,MSFT,Microsoft,Analysts reboot Microsoft stock price targets after earnings - TheStreet,"EN
Sign in
Before you continue to Google
We use cookies and data to
Deliver and maintain Google services
Track outages and protect against spam, fraud, and abuse
Measure audience engagement and site statistics to understand how our services are used and enhance the quality of those services
If you choose to “Accept all,” we will also use cookies and data to
Develop and improve new services
Deliver and measure the effectiveness of ads
Show personalized content, depending on your settings
Show personalized ads, depending on your settings
If you choose to “Reject all,” we will not use cookies for these additional purposes.
Non-personalized content is influenced by things like the content you’re currently viewing, activity in your active Search session, and your location. Non-personalized ads are influenced by the content you’re currently viewing and your general location. Personalized content and ads can also include more relevant results, recommendations, and tailored ads based on past activity from this browser, like previous Google searches. We also use cookies and data to tailor the experience to be age-appropriate, if relevant.
Select “More options” to see additional information, including details about managing your privacy settings. You can also visit g.co/privacytools at any time.
Reject all
Accept all
More options
Privacy Policy
Terms of Service",https://news.google.com/rss/articles/CBMipgFBVV95cUxOOTNHWXJfRm5IOGk5VnppaXpGVWdaNDlPOXBkSU9KWENvdzNJTVl3eWY4OE5vVnpfalFNNEpCVmpSR0VZckNMOElpdVRTTVdvWDFzcDlGOXF5V0dvMVh1Q3NuSzlQQWhDbkxDWXlxbEdYVldrVUZhWUdlN01zNUFqdXNNSnlHZkVNTnJjNW9MMktsY1BSUTlmdVR2bFA4ZklzWmU3UF93?oc=5
2025-01-29,MSFT,Microsoft,"Microsoft shares slide as cloud forecast, AI spending disappoint - Reuters","EN
Sign in
Before you continue to Google
We use cookies and data to
Deliver and maintain Google services
Track outages and protect against spam, fraud, and abuse
Measure audience engagement and site statistics to understand how our services are used and enhance the quality of those services
If you choose to “Accept all,” we will also use cookies and data to
Develop and improve new services
Deliver and measure the effectiveness of ads
Show personalized content, depending on your settings
Show personalized ads, depending on your settings
If you choose to “Reject all,” we will not use cookies for these additional purposes.
Non-personalized content is influenced by things like the content you’re currently viewing, activity in your active Search session, and your location. Non-personalized ads are influenced by the content you’re currently viewing and your general location. Personalized content and ads can also include more relevant results, recommendations, and tailored ads based on past activity from this browser, like previous Google searches. We also use cookies and data to tailor the experience to be age-appropriate, if relevant.
Select “More options” to see additional information, including details about managing your privacy settings. You can also visit g.co/privacytools at any time.
Reject all
Accept all
More options
Privacy Policy
Terms of Service",https://news.google.com/rss/articles/CBMilAFBVV95cUxPeHdEMXE5TkhJQ19oTmphNk52bXo3X3pqQW1OVEZvRHk5Y0VRV00xY3VFM1gwcm80RFNXczlnakpZa3gyaTVOd0x0YlUyTGdWNzNVaGlDOUhabmRlM1dIbHN4U2g5THd5RW4yM2VEMy1RNnpiZC16Y0tqZnEyXzlJTkt1bExiSWNRUnVzb05RS0FNMzhk?oc=5
2025-01-30,MSFT,Microsoft,Microsoft Earnings: Solid Quarter as AI Growth Shines - Morningstar,"EN
Sign in
Before you continue to Google
We use cookies and data to
Deliver and maintain Google services
Track outages and protect against spam, fraud, and abuse
Measure audience engagement and site statistics to understand how our services are used and enhance the quality of those services
If you choose to “Accept all,” we will also use cookies and data to
Develop and improve new services
Deliver and measure the effectiveness of ads
Show personalized content, depending on your settings
Show personalized ads, depending on your settings
If you choose to “Reject all,” we will not use cookies for these additional purposes.
Non-personalized content is influenced by things like the content you’re currently viewing, activity in your active Search session, and your location. Non-personalized ads are influenced by the content you’re currently viewing and your general location. Personalized content and ads can also include more relevant results, recommendations, and tailored ads based on past activity from this browser, like previous Google searches. We also use cookies and data to tailor the experience to be age-appropriate, if relevant.
Select “More options” to see additional information, including details about managing your privacy settings. You can also visit g.co/privacytools at any time.
Reject all
Accept all
More options
Privacy Policy
Terms of Service",https://news.google.com/rss/articles/CBMijAFBVV95cUxNc0J4SXJIQi1XZ1pnYlZmR0dHSUpzbjk3NlkxcS1GMW50TDBnV3g0c01ackg0XzdKbjFqWE4zeEwwaHUwQk1yQXk2WG8yajAzY3pBTlY5dkR5ajh5UFpBMWRBZUtsZW40WXUyd21aQzg4YlQ4b2ZSLWxoQ2hDR213OUFzWUlCZE1pOG5mcQ?oc=5
2025-01-30,MSFT,Microsoft,Microsoft Stock Is Now in a Correction -- Is This a Buying Opportunity? - The Motley Fool,"EN
Sign in
Before you continue to Google
We use cookies and data to
Deliver and maintain Google services
Track outages and protect against spam, fraud, and abuse
Measure audience engagement and site statistics to understand how our services are used and enhance the quality of those services
If you choose to “Accept all,” we will also use cookies and data to
Develop and improve new services
Deliver and measure the effectiveness of ads
Show personalized content, depending on your settings
Show personalized ads, depending on your settings
If you choose to “Reject all,” we will not use cookies for these additional purposes.
Non-personalized content is influenced by things like the content you’re currently viewing, activity in your active Search session, and your location. Non-personalized ads are influenced by the content you’re currently viewing and your general location. Personalized content and ads can also include more relevant results, recommendations, and tailored ads based on past activity from this browser, like previous Google searches. We also use cookies and data to tailor the experience to be age-appropriate, if relevant.
Select “More options” to see additional information, including details about managing your privacy settings. You can also visit g.co/privacytools at any time.
Reject all
Accept all
More options
Privacy Policy
Terms of Service",https://news.google.com/rss/articles/CBMimAFBVV95cUxNYTc0Ynl6c3hlNzRaMHBtTXEwUEtBWTV4UUozSkR0LTdPWE5NWGJtVmxBdDEyOEd3NWJPcUhMMjMzWFA4UVBBTGtQQlUzR3lWT2VnUnZMTC1OSXE2V3BVU3dWZWUzTl9Zc054ZHk4RUk2RUtPTS1lUGItVHBaanVsbmZ2WlVKWWNLWGtNUTNyeWhsZHdOcEswTg?oc=5
2025-02-07,MSFT,Microsoft,Is Microsoft Stock a Buy Now? - The Motley Fool,"EN
Sign in
Before you continue to Google
We use cookies and data to
Deliver and maintain Google services
Track outages and protect against spam, fraud, and abuse
Measure audience engagement and site statistics to understand how our services are used and enhance the quality of those services
If you choose to “Accept all,” we will also use cookies and data to
Develop and improve new services
Deliver and measure the effectiveness of ads
Show personalized content, depending on your settings
Show personalized ads, depending on your settings
If you choose to “Reject all,” we will not use cookies for these additional purposes.
Non-personalized content is influenced by things like the content you’re currently viewing, activity in your active Search session, and your location. Non-personalized ads are influenced by the content you’re currently viewing and your general location. Personalized content and ads can also include more relevant results, recommendations, and tailored ads based on past activity from this browser, like previous Google searches. We also use cookies and data to tailor the experience to be age-appropriate, if relevant.
Select “More options” to see additional information, including details about managing your privacy settings. You can also visit g.co/privacytools at any time.
Reject all
Accept all
More options
Privacy Policy
Terms of Service",https://news.google.com/rss/articles/CBMie0FVX3lxTFAxODl3Ml9tN1k1S2R2Q1ppemZQMGVXZVBUQjA5ZU10TEhETV9NWVhwRk9ybzM5ZWVIM1hObzgtRDZvNFFqYWppV2tuSTZ3NUNHS1YtUWs3UXY5S0dwQXIwUU1DeGt1Sm13Nk5JTk5pVGQwUWprY0wzVWRjbw?oc=5
2025-01-30,MSFT,Microsoft,Microsoft Stock Remains Volatile After Earnings; Is MSFT A Buy Or Sell In January? - Investor's Business Daily,"EN
Sign in
Before you continue to Google
We use cookies and data to
Deliver and maintain Google services
Track outages and protect against spam, fraud, and abuse
Measure audience engagement and site statistics to understand how our services are used and enhance the quality of those services
If you choose to “Accept all,” we will also use cookies and data to
Develop and improve new services
Deliver and measure the effectiveness of ads
Show personalized content, depending on your settings
Show personalized ads, depending on your settings
If you choose to “Reject all,” we will not use cookies for these additional purposes.
Non-personalized content is influenced by things like the content you’re currently viewing, activity in your active Search session, and your location. Non-personalized ads are influenced by the content you’re currently viewing and your general location. Personalized content and ads can also include more relevant results, recommendations, and tailored ads based on past activity from this browser, like previous Google searches. We also use cookies and data to tailor the experience to be age-appropriate, if relevant.
Select “More options” to see additional information, including details about managing your privacy settings. You can also visit g.co/privacytools at any time.
Reject all
Accept all
More options
Privacy Policy
Terms of Service",https://news.google.com/rss/articles/CBMid0FVX3lxTE1yYzhENXBnb21kSEJQWWlsN3haOF80RmR1MjJKSHNPNEpCOFdId19uWG42bjlxdVZLRV9BR0VTaDZEYXJMX2RJczAyMm5SdkhxYjJxb3Z4YU5Od2F3Z0JGX1UzWHZsN3pwSC1XR2RxS3JOZ3NUNlFF?oc=5
2025-01-27,MSFT,Microsoft,"If You Invested $10,000 In Microsoft Stock 10 Years Ago, How Much Would You Have Now? - Yahoo Finance","EN
Sign in
Before you continue to Google
We use cookies and data to
Deliver and maintain Google services
Track outages and protect against spam, fraud, and abuse
Measure audience engagement and site statistics to understand how our services are used and enhance the quality of those services
If you choose to “Accept all,” we will also use cookies and data to
Develop and improve new services
Deliver and measure the effectiveness of ads
Show personalized content, depending on your settings
Show personalized ads, depending on your settings
If you choose to “Reject all,” we will not use cookies for these additional purposes.
Non-personalized content is influenced by things like the content you’re currently viewing, activity in your active Search session, and your location. Non-personalized ads are influenced by the content you’re currently viewing and your general location. Personalized content and ads can also include more relevant results, recommendations, and tailored ads based on past activity from this browser, like previous Google searches. We also use cookies and data to tailor the experience to be age-appropriate, if relevant.
Select “More options” to see additional information, including details about managing your privacy settings. You can also visit g.co/privacytools at any time.
Reject all
Accept all
More options
Privacy Policy
Terms of Service",https://news.google.com/rss/articles/CBMigwFBVV95cUxOR1R3bHRFSENGNFlYdXgyQ0ZYQzJvWWdoanVLQzlPaUw0X05SYkpFUDlBY2ZLc2t2bC1BdWZPSVhiMFhnc3FWb0tkWWFMNWMyVjdsTGJBRkNjTV9saGpNSTliWDd5ZUt1SDFXQjlBcHJDeGd3X3MtMzU3eUxZSFVvX0xxVQ?oc=5
2025-01-30,MSFT,Microsoft,Microsoft AI Sales Growth Limited By Capacity Constraints - Investor's Business Daily,"EN
Sign in
Before you continue to Google
We use cookies and data to
Deliver and maintain Google services
Track outages and protect against spam, fraud, and abuse
Measure audience engagement and site statistics to understand how our services are used and enhance the quality of those services
If you choose to “Accept all,” we will also use cookies and data to
Develop and improve new services
Deliver and measure the effectiveness of ads
Show personalized content, depending on your settings
Show personalized ads, depending on your settings
If you choose to “Reject all,” we will not use cookies for these additional purposes.
Non-personalized content is influenced by things like the content you’re currently viewing, activity in your active Search session, and your location. Non-personalized ads are influenced by the content you’re currently viewing and your general location. Personalized content and ads can also include more relevant results, recommendations, and tailored ads based on past activity from this browser, like previous Google searches. We also use cookies and data to tailor the experience to be age-appropriate, if relevant.
Select “More options” to see additional information, including details about managing your privacy settings. You can also visit g.co/privacytools at any time.
Reject all
Accept all
More options
Privacy Policy
Terms of Service",https://news.google.com/rss/articles/CBMioAFBVV95cUxPT1hUQUZDaktWcTBnTTJuZDFOZXVsQVoyTXFLMkZoaV9GTHdMTkI2a1lpeVg4ODgzLUQ2b2hCbl8yUV9xUlRRMUZGdy0zZzAxVFFZUWhjWlZ0WW1fS21MbEIwM1RSQmNibDNrbWFvbFd6eEFKbWJmWFI3YnNwS3A3QmY5WEFFRTN0QkNla3VGRXN6R2l1VWp3Ym9YTk93ZGQ3?oc=5
2025-01-27,MSFT,Microsoft,Why Microsoft (MSFT) Stock Is Nosediving - Yahoo Finance,"EN
Sign in
Before you continue to Google
We use cookies and data to
Deliver and maintain Google services
Track outages and protect against spam, fraud, and abuse
Measure audience engagement and site statistics to understand how our services are used and enhance the quality of those services
If you choose to “Accept all,” we will also use cookies and data to
Develop and improve new services
Deliver and measure the effectiveness of ads
Show personalized content, depending on your settings
Show personalized ads, depending on your settings
If you choose to “Reject all,” we will not use cookies for these additional purposes.
Non-personalized content is influenced by things like the content you’re currently viewing, activity in your active Search session, and your location. Non-personalized ads are influenced by the content you’re currently viewing and your general location. Personalized content and ads can also include more relevant results, recommendations, and tailored ads based on past activity from this browser, like previous Google searches. We also use cookies and data to tailor the experience to be age-appropriate, if relevant.
Select “More options” to see additional information, including details about managing your privacy settings. You can also visit g.co/privacytools at any time.
Reject all
Accept all
More options
Privacy Policy
Terms of Service",https://news.google.com/rss/articles/CBMiiAFBVV95cUxPU1JfSFBsdVMydUctLWc5UEMxTDItV0tnZlQtd3lnSmpsT1ExQ2tKamREdlFGcG5OOGQ2N2gtR2dKa2w3OFdSSXc5YXd2VzJ3V1BXOVVPZURGS19POGd4dHlZT0RyYnNiU3hHeUE0aWhmcTFiZkVfNm1fd3FLcFBSREhNdXoxck9K?oc=5
2025-01-30,MSFT,Microsoft,"Microsoft stock moves lower after Q2 earnings report, cloud revenue miss - Yahoo Finance","EN
Sign in
Before you continue to Google
We use cookies and data to
Deliver and maintain Google services
Track outages and protect against spam, fraud, and abuse
Measure audience engagement and site statistics to understand how our services are used and enhance the quality of those services
If you choose to “Accept all,” we will also use cookies and data to
Develop and improve new services
Deliver and measure the effectiveness of ads
Show personalized content, depending on your settings
Show personalized ads, depending on your settings
If you choose to “Reject all,” we will not use cookies for these additional purposes.
Non-personalized content is influenced by things like the content you’re currently viewing, activity in your active Search session, and your location. Non-personalized ads are influenced by the content you’re currently viewing and your general location. Personalized content and ads can also include more relevant results, recommendations, and tailored ads based on past activity from this browser, like previous Google searches. We also use cookies and data to tailor the experience to be age-appropriate, if relevant.
Select “More options” to see additional information, including details about managing your privacy settings. You can also visit g.co/privacytools at any time.
Reject all
Accept all
More options
Privacy Policy
Terms of Service",https://news.google.com/rss/articles/CBMiwAFBVV95cUxOVi1uTERLWXgtME10NVVlZ0Vad3BuclZnTktRRk1aTElCeDhVeVNxQnFaWnU0eC0xdmtDQjhpdXZpT3NiRlczVEhHWFhXdEY1SS0zbk9ZYTJ5d21sQnBJcmotYTJIcTB6bVhkYTJpektRbEZoaVFUMHlWekZsNHlySGVuRkVRQXhYTlJCQkE0UzVlRWxxMEU5Y19lVC1Sc3NqY0ViMUtTVmJGMHJydVBzYmFBT3FfeFhFRzR0RTd4ZXc?oc=5
2025-02-11,MSFT,Microsoft,Microsoft Corporation (MSFT) Among 10 Unrivaled Stocks of the Next 5 Years - Yahoo Finance,"EN
Sign in
Before you continue to Google
We use cookies and data to
Deliver and maintain Google services
Track outages and protect against spam, fraud, and abuse
Measure audience engagement and site statistics to understand how our services are used and enhance the quality of those services
If you choose to “Accept all,” we will also use cookies and data to
Develop and improve new services
Deliver and measure the effectiveness of ads
Show personalized content, depending on your settings
Show personalized ads, depending on your settings
If you choose to “Reject all,” we will not use cookies for these additional purposes.
Non-personalized content is influenced by things like the content you’re currently viewing, activity in your active Search session, and your location. Non-personalized ads are influenced by the content you’re currently viewing and your general location. Personalized content and ads can also include more relevant results, recommendations, and tailored ads based on past activity from this browser, like previous Google searches. We also use cookies and data to tailor the experience to be age-appropriate, if relevant.
Select “More options” to see additional information, including details about managing your privacy settings. You can also visit g.co/privacytools at any time.
Reject all
Accept all
More options
Privacy Policy
Terms of Service",https://news.google.com/rss/articles/CBMiiAFBVV95cUxNVmlPTE9Ec1daRzhtazJ4QjdCV3NFRGNubjZEMWJRUkNzWDRxbjR2c2Q1WnlqaUkwMjlGdzVaaXVJMUs1WEgwczZGZ2hfUEtCQWgwNHhpWFotVm56WkR4ckdzX0ExZE8wRmppZTZ5STBpOHpqVW1PenNTdERCdW43T1FCeXNJTHAz?oc=5
2025-02-02,MSFT,Microsoft,Is Microsoft (MSFT) the Best Defensive Stock to Buy Right Now? - Yahoo Finance,"EN
Sign in
Before you continue to Google
We use cookies and data to
Deliver and maintain Google services
Track outages and protect against spam, fraud, and abuse
Measure audience engagement and site statistics to understand how our services are used and enhance the quality of those services
If you choose to “Accept all,” we will also use cookies and data to
Develop and improve new services
Deliver and measure the effectiveness of ads
Show personalized content, depending on your settings
Show personalized ads, depending on your settings
If you choose to “Reject all,” we will not use cookies for these additional purposes.
Non-personalized content is influenced by things like the content you’re currently viewing, activity in your active Search session, and your location. Non-personalized ads are influenced by the content you’re currently viewing and your general location. Personalized content and ads can also include more relevant results, recommendations, and tailored ads based on past activity from this browser, like previous Google searches. We also use cookies and data to tailor the experience to be age-appropriate, if relevant.
Select “More options” to see additional information, including details about managing your privacy settings. You can also visit g.co/privacytools at any time.
Reject all
Accept all
More options
Privacy Policy
Terms of Service",https://news.google.com/rss/articles/CBMiiAFBVV95cUxOZGFVRDZaNW1FbkdSVFhxakYwOXJ1OUdkNlhHRUt2TklveUVsd3BmS2kzSEdubHBSVDIxSkJjRE9tYTg5YTV6dU96Unl3RzkzVlZGRXROcTFGVi1MSEpOa0VSVnMxVzFReklhQ0xqX002M0xGV182eThiclA0LVNXQ3ZmclJLOE1u?oc=5
2025-01-29,MSFT,Microsoft,"Microsoft’s AI revenue grows, but its stock falls on lower guidance and spending concerns - SiliconANGLE","EN
Sign in
Before you continue to Google
We use cookies and data to
Deliver and maintain Google services
Track outages and protect against spam, fraud, and abuse
Measure audience engagement and site statistics to understand how our services are used and enhance the quality of those services
If you choose to “Accept all,” we will also use cookies and data to
Develop and improve new services
Deliver and measure the effectiveness of ads
Show personalized content, depending on your settings
Show personalized ads, depending on your settings
If you choose to “Reject all,” we will not use cookies for these additional purposes.
Non-personalized content is influenced by things like the content you’re currently viewing, activity in your active Search session, and your location. Non-personalized ads are influenced by the content you’re currently viewing and your general location. Personalized content and ads can also include more relevant results, recommendations, and tailored ads based on past activity from this browser, like previous Google searches. We also use cookies and data to tailor the experience to be age-appropriate, if relevant.
Select “More options” to see additional information, including details about managing your privacy settings. You can also visit g.co/privacytools at any time.
Reject all
Accept all
More options
Privacy Policy
Terms of Service",https://news.google.com/rss/articles/CBMirgFBVV95cUxNdldsVEFPWDRqRTFtQ3ZHaUNPYVIxY1lOaWgzRjFzVUpsMnlFYjl6b1FpS19TdTNTQmtxQ0l2dG1QNnllQlpSTXpXQVVUSE9FSmI1UlJmVi1UYTMyNWJsaGFUSHBlY3c2ak1oNWhqM2pNVXVhbkxwbVFaZzRrQ0gtaUJNUGpoeXpFempseDhwZ3k4VTI0N3NvTHg0WGc2RkZvOFJEOVdpZjJIMWpza1E?oc=5
2025-03-26,MSFT,Microsoft,Microsoft stock drops from news of abandoned data center projects - Yahoo Finance,"EN
Sign in
Before you continue to Google
We use cookies and data to
Deliver and maintain Google services
Track outages and protect against spam, fraud, and abuse
Measure audience engagement and site statistics to understand how our services are used and enhance the quality of those services
If you choose to “Accept all,” we will also use cookies and data to
Develop and improve new services
Deliver and measure the effectiveness of ads
Show personalized content, depending on your settings
Show personalized ads, depending on your settings
If you choose to “Reject all,” we will not use cookies for these additional purposes.
Non-personalized content is influenced by things like the content you’re currently viewing, activity in your active Search session, and your location. Non-personalized ads are influenced by the content you’re currently viewing and your general location. Personalized content and ads can also include more relevant results, recommendations, and tailored ads based on past activity from this browser, like previous Google searches. We also use cookies and data to tailor the experience to be age-appropriate, if relevant.
Select “More options” to see additional information, including details about managing your privacy settings. You can also visit g.co/privacytools at any time.
Reject all
Accept all
More options
Privacy Policy
Terms of Service",https://news.google.com/rss/articles/CBMiiwFBVV95cUxNenlJQl9vbXlHbk40UU5ka2Zqd0RqczNpb01wckZJUVBSbTZxMFdKVVhwRE1vdU1TOTZFQVhkT0xGcnBvNFluZnljeUNVZmVkdlhLaVljbTV3SnMtZVFZWlpPQW91Nk9MV1h0UkZZSlFQNHcwVnlLZkNMVFVaUjFqYjZOd1pxUEpNSnln?oc=5
2025-03-04,MSFT,Microsoft,Microsoft’s stock is at its lowest level in over a year. Why the selloff may be overdone. - MarketWatch,"EN
Sign in
Before you continue to Google
We use cookies and data to
Deliver and maintain Google services
Track outages and protect against spam, fraud, and abuse
Measure audience engagement and site statistics to understand how our services are used and enhance the quality of those services
If you choose to “Accept all,” we will also use cookies and data to
Develop and improve new services
Deliver and measure the effectiveness of ads
Show personalized content, depending on your settings
Show personalized ads, depending on your settings
If you choose to “Reject all,” we will not use cookies for these additional purposes.
Non-personalized content is influenced by things like the content you’re currently viewing, activity in your active Search session, and your location. Non-personalized ads are influenced by the content you’re currently viewing and your general location. Personalized content and ads can also include more relevant results, recommendations, and tailored ads based on past activity from this browser, like previous Google searches. We also use cookies and data to tailor the experience to be age-appropriate, if relevant.
Select “More options” to see additional information, including details about managing your privacy settings. You can also visit g.co/privacytools at any time.
Reject all
Accept all
More options
Privacy Policy
Terms of Service",https://news.google.com/rss/articles/CBMiyAFBVV95cUxONTN1akhlOGdBdUxVUGZPNTNqQmxWeHVUd19Ea1NnOFdjc2lWRUJaTENWM01TWXI1cGMwYkRkNFA4NjQtVnppcHlWRVVMYW9yMmFuVXVjQV9uYnZPbERFUHlpSXdvRml4VDNNcVR5SzNjVmFjclZzc3JyR1VyMER0N0RRV0EwMW1EZWZ4dzNkd2kwS2gtYmo5M25veFlKM3dYbzB0MmR6Nzlab3RmcmlfMlVuM1BvdjVXMnNhUkdwdUI0Zjk5dENTSw?oc=5
2025-03-13,MSFT,Microsoft,Analyst overhauls Microsoft stock price target amid potential AI pivot - TheStreet,"EN
Sign in
Before you continue to Google
We use cookies and data to
Deliver and maintain Google services
Track outages and protect against spam, fraud, and abuse
Measure audience engagement and site statistics to understand how our services are used and enhance the quality of those services
If you choose to “Accept all,” we will also use cookies and data to
Develop and improve new services
Deliver and measure the effectiveness of ads
Show personalized content, depending on your settings
Show personalized ads, depending on your settings
If you choose to “Reject all,” we will not use cookies for these additional purposes.
Non-personalized content is influenced by things like the content you’re currently viewing, activity in your active Search session, and your location. Non-personalized ads are influenced by the content you’re currently viewing and your general location. Personalized content and ads can also include more relevant results, recommendations, and tailored ads based on past activity from this browser, like previous Google searches. We also use cookies and data to tailor the experience to be age-appropriate, if relevant.
Select “More options” to see additional information, including details about managing your privacy settings. You can also visit g.co/privacytools at any time.
Reject all
Accept all
More options
Privacy Policy
Terms of Service",https://news.google.com/rss/articles/CBMiqgFBVV95cUxQdG9UMXl0eUxmcHVvcE5SLWRkSE9xWEhMU0Y5RVBRQm9vX2djOXJFWjk5cmNmTUE2RlVheUFuYmNheG4xWjNKQ2xBNmhFbzdpdE9TcFEzQ0pqdllWY3A0UmRMd3NramJLM1dkNjIyVFVsa3JDVFhkVnM0clpHdlRaUzgtWGpsVmN3QVFGdDg0WEh3V3A0REx3dUtvUEZ3bVQ2b2w3bC0tSmdEZw?oc=5
2025-02-28,MSFT,Microsoft,Is Microsoft Stock Underperforming the Technology Sector? - Nasdaq,"EN
Sign in
Before you continue to Google
We use cookies and data to
Deliver and maintain Google services
Track outages and protect against spam, fraud, and abuse
Measure audience engagement and site statistics to understand how our services are used and enhance the quality of those services
If you choose to “Accept all,” we will also use cookies and data to
Develop and improve new services
Deliver and measure the effectiveness of ads
Show personalized content, depending on your settings
Show personalized ads, depending on your settings
If you choose to “Reject all,” we will not use cookies for these additional purposes.
Non-personalized content is influenced by things like the content you’re currently viewing, activity in your active Search session, and your location. Non-personalized ads are influenced by the content you’re currently viewing and your general location. Personalized content and ads can also include more relevant results, recommendations, and tailored ads based on past activity from this browser, like previous Google searches. We also use cookies and data to tailor the experience to be age-appropriate, if relevant.
Select “More options” to see additional information, including details about managing your privacy settings. You can also visit g.co/privacytools at any time.
Reject all
Accept all
More options
Privacy Policy
Terms of Service",https://news.google.com/rss/articles/CBMiiAFBVV95cUxQTE9OaXR5ckhMcGhJTVl1d2E4RFBHZmMzbUVYdjdJZEJxMEZ6Slk0TS1VMzFjVFdDY1REVUZzUGxBeDUtcmJTSG8xbExGNmdwakxGLVF4M1FUWVJDZWptMWY4dGxMS1FoQmYwalVMaVhYbVI5ODdnMDhFQy1pcThqMTFqTEhKMlNz?oc=5
2025-03-07,MSFT,Microsoft,"Microsoft Stock Is ‘Likely Range Bound,’ for Now, Analyst Says. It’s All About Capex. - Barron's","EN
Sign in
Before you continue to Google
We use cookies and data to
Deliver and maintain Google services
Track outages and protect against spam, fraud, and abuse
Measure audience engagement and site statistics to understand how our services are used and enhance the quality of those services
If you choose to “Accept all,” we will also use cookies and data to
Develop and improve new services
Deliver and measure the effectiveness of ads
Show personalized content, depending on your settings
Show personalized ads, depending on your settings
If you choose to “Reject all,” we will not use cookies for these additional purposes.
Non-personalized content is influenced by things like the content you’re currently viewing, activity in your active Search session, and your location. Non-personalized ads are influenced by the content you’re currently viewing and your general location. Personalized content and ads can also include more relevant results, recommendations, and tailored ads based on past activity from this browser, like previous Google searches. We also use cookies and data to tailor the experience to be age-appropriate, if relevant.
Select “More options” to see additional information, including details about managing your privacy settings. You can also visit g.co/privacytools at any time.
Reject all
Accept all
More options
Privacy Policy
Terms of Service",https://news.google.com/rss/articles/CBMiiAFBVV95cUxQSXp2QU1telFZMDBKSGZfdUYwblM1TXh2aDJ1ZG1MSEMtWHdoX0lQR0Y4OS16V2lBdDhiZlNoUVlDOEZZVjl1RGpDU2hULTV2LUtQem9tSmJlR2lreVQ0Qkp3QmJ5RFZMTjlUNmkxYVF6c0RLbFlnRE1ZZFUwY3VqSjVCclRXNllp?oc=5
2025-03-19,MSFT,Microsoft,Is Microsoft Stock a Good Investment for 2025? Experts Weigh In - MSN,"EN
Sign in
Before you continue to Google
We use cookies and data to
Deliver and maintain Google services
Track outages and protect against spam, fraud, and abuse
Measure audience engagement and site statistics to understand how our services are used and enhance the quality of those services
If you choose to “Accept all,” we will also use cookies and data to
Develop and improve new services
Deliver and measure the effectiveness of ads
Show personalized content, depending on your settings
Show personalized ads, depending on your settings
If you choose to “Reject all,” we will not use cookies for these additional purposes.
Non-personalized content is influenced by things like the content you’re currently viewing, activity in your active Search session, and your location. Non-personalized ads are influenced by the content you’re currently viewing and your general location. Personalized content and ads can also include more relevant results, recommendations, and tailored ads based on past activity from this browser, like previous Google searches. We also use cookies and data to tailor the experience to be age-appropriate, if relevant.
Select “More options” to see additional information, including details about managing your privacy settings. You can also visit g.co/privacytools at any time.
Reject all
Accept all
More options
Privacy Policy
Terms of Service",https://news.google.com/rss/articles/CBMiwwFBVV95cUxNRjFPSjJRanJLNENJTEtQTC11RjEwUndlSVRuSkVRWnZ4d2RrV1JjLTVQSkNrWUhxWGptTDRPZ0NycDNUczdXMW54dTRMN2EwRlE4bmZtOElPZE5uSFB0OUVUeXg2dXZUZ21lVVJsRTd0TXh0SjFOQ09CcG82amFia2RuTnZ0M0ZEQWs1cC1NT082UFJvR3c2SDBrdDBSTTVkX1BFWWlmNzZ0YVphS3B5NG9raVBQdEV3MlhTTFVoTzBUVms?oc=5
2025-03-12,MSFT,Microsoft,"‘Stay Long and Strong,’ Says Top Analyst About Microsoft Stock - TipRanks","EN
Sign in
Before you continue to Google
We use cookies and data to
Deliver and maintain Google services
Track outages and protect against spam, fraud, and abuse
Measure audience engagement and site statistics to understand how our services are used and enhance the quality of those services
If you choose to “Accept all,” we will also use cookies and data to
Develop and improve new services
Deliver and measure the effectiveness of ads
Show personalized content, depending on your settings
Show personalized ads, depending on your settings
If you choose to “Reject all,” we will not use cookies for these additional purposes.
Non-personalized content is influenced by things like the content you’re currently viewing, activity in your active Search session, and your location. Non-personalized ads are influenced by the content you’re currently viewing and your general location. Personalized content and ads can also include more relevant results, recommendations, and tailored ads based on past activity from this browser, like previous Google searches. We also use cookies and data to tailor the experience to be age-appropriate, if relevant.
Select “More options” to see additional information, including details about managing your privacy settings. You can also visit g.co/privacytools at any time.
Reject all
Accept all
More options
Privacy Policy
Terms of Service",https://news.google.com/rss/articles/CBMikwFBVV95cUxNV0FpNVpvclM2UlNOZFRmSFRpa3ZXX1EycWNfMzRpaENXYl9feWZKbkVLTTRrYllQQmRwY3VGTVNoVVBJVmZhYWJkay04ODQzMlRncEwwM21jaDBFZi1zR2hhaTFaYnR0WS1vMlZjRGdOX1BldXlMWE5IbFdmSm0zclhZWlR2ZU1IbjJFQ1JIRVpXWEk?oc=5
2025-03-05,MSFT,Microsoft,Microsoft Stock at Year-Ago Levels: Does Its Fundamentals Still Hold? - Mitrade,"EN
Sign in
Before you continue to Google
We use cookies and data to
Deliver and maintain Google services
Track outages and protect against spam, fraud, and abuse
Measure audience engagement and site statistics to understand how our services are used and enhance the quality of those services
If you choose to “Accept all,” we will also use cookies and data to
Develop and improve new services
Deliver and measure the effectiveness of ads
Show personalized content, depending on your settings
Show personalized ads, depending on your settings
If you choose to “Reject all,” we will not use cookies for these additional purposes.
Non-personalized content is influenced by things like the content you’re currently viewing, activity in your active Search session, and your location. Non-personalized ads are influenced by the content you’re currently viewing and your general location. Personalized content and ads can also include more relevant results, recommendations, and tailored ads based on past activity from this browser, like previous Google searches. We also use cookies and data to tailor the experience to be age-appropriate, if relevant.
Select “More options” to see additional information, including details about managing your privacy settings. You can also visit g.co/privacytools at any time.
Reject all
Accept all
More options
Privacy Policy
Terms of Service",https://news.google.com/rss/articles/CBMifkFVX3lxTE1Xal85YWxHYjd1TTNQTGxvX0YzcmZ6WVRIeUtIRC1LeS00dk1lbnRoYXRsbDNlODNJYW5IRXh0dHNyeDNvNFhxR1pBckR0ak8ySUYxZ2trZVI5ODh5RWRpUVVYSG9VRnJISExWZnZ4OHF5Smkxa082TFFTUWxzQQ?oc=5
2025-03-11,MSFT,Microsoft,Nasdaq Sell-Off: You Won't Believe What Stock Is Near a 52-Week Low - The Motley Fool,"EN
Sign in
Before you continue to Google
We use cookies and data to
Deliver and maintain Google services
Track outages and protect against spam, fraud, and abuse
Measure audience engagement and site statistics to understand how our services are used and enhance the quality of those services
If you choose to “Accept all,” we will also use cookies and data to
Develop and improve new services
Deliver and measure the effectiveness of ads
Show personalized content, depending on your settings
Show personalized ads, depending on your settings
If you choose to “Reject all,” we will not use cookies for these additional purposes.
Non-personalized content is influenced by things like the content you’re currently viewing, activity in your active Search session, and your location. Non-personalized ads are influenced by the content you’re currently viewing and your general location. Personalized content and ads can also include more relevant results, recommendations, and tailored ads based on past activity from this browser, like previous Google searches. We also use cookies and data to tailor the experience to be age-appropriate, if relevant.
Select “More options” to see additional information, including details about managing your privacy settings. You can also visit g.co/privacytools at any time.
Reject all
Accept all
More options
Privacy Policy
Terms of Service",https://news.google.com/rss/articles/CBMilAFBVV95cUxPQ1RTSjFMVGhJYVBRSWFMOWFpWUFlNGVlXzBRQW14VzEycHRjT3lEa2x5MUlKaDlOMm9YVi01ajRtaFgyanFyWkxfWHpHYkRXcktVZWtKTURxZGdlZ0NkdTBTaEtKY0FNcmxwX25iV0dkRFV3MXVrR0hza21BdXNweFlRck52Wk1zaUhkaFdaUmRGc2Vz?oc=5
2025-03-20,MSFT,Microsoft,Analysts revisit Microsoft stock price target after shares slump - TheStreet,"EN
Sign in
Before you continue to Google
We use cookies and data to
Deliver and maintain Google services
Track outages and protect against spam, fraud, and abuse
Measure audience engagement and site statistics to understand how our services are used and enhance the quality of those services
If you choose to “Accept all,” we will also use cookies and data to
Develop and improve new services
Deliver and measure the effectiveness of ads
Show personalized content, depending on your settings
Show personalized ads, depending on your settings
If you choose to “Reject all,” we will not use cookies for these additional purposes.
Non-personalized content is influenced by things like the content you’re currently viewing, activity in your active Search session, and your location. Non-personalized ads are influenced by the content you’re currently viewing and your general location. Personalized content and ads can also include more relevant results, recommendations, and tailored ads based on past activity from this browser, like previous Google searches. We also use cookies and data to tailor the experience to be age-appropriate, if relevant.
Select “More options” to see additional information, including details about managing your privacy settings. You can also visit g.co/privacytools at any time.
Reject all
Accept all
More options
Privacy Policy
Terms of Service",https://news.google.com/rss/articles/CBMiogFBVV95cUxOdy1UR0lEU2NDbHBfdEpwZ3pOUlVVdE9pcS1ieEFsX3ZWTTJkdWtjUWVZYlRzY3JXaGdwdksxTEFqbWc0Njc2WTkwQVM1VTU0RUEtNXZmUW4zd2tSY1FKNHhYbTI4TDlnVV9iaGUyTkZkSHUyTWZ3STRRUVJWa3FLdkwtdzBKNnd2a0xkbzRVMmtJZ0VFaXFzTnd4a1Nhd3VNcnc?oc=5
2025-03-26,MSFT,Microsoft,Microsoft Avoids Historic Losing Streak: What's Ahead for ETFs? - Yahoo Finance,"EN
Sign in
Before you continue to Google
We use cookies and data to
Deliver and maintain Google services
Track outages and protect against spam, fraud, and abuse
Measure audience engagement and site statistics to understand how our services are used and enhance the quality of those services
If you choose to “Accept all,” we will also use cookies and data to
Develop and improve new services
Deliver and measure the effectiveness of ads
Show personalized content, depending on your settings
Show personalized ads, depending on your settings
If you choose to “Reject all,” we will not use cookies for these additional purposes.
Non-personalized content is influenced by things like the content you’re currently viewing, activity in your active Search session, and your location. Non-personalized ads are influenced by the content you’re currently viewing and your general location. Personalized content and ads can also include more relevant results, recommendations, and tailored ads based on past activity from this browser, like previous Google searches. We also use cookies and data to tailor the experience to be age-appropriate, if relevant.
Select “More options” to see additional information, including details about managing your privacy settings. You can also visit g.co/privacytools at any time.
Reject all
Accept all
More options
Privacy Policy
Terms of Service",https://news.google.com/rss/articles/CBMijgFBVV95cUxNaWlmTDZzbGFIZUV6bUN0Nk81ZUp5WG1peUZKVTQ5LVdJZmE3Y0VhbGVnWkowQWdES0ZhVjl5UVRlT0VuOHVlSzRVYkVaSzJucXRpWjB3LXdjVTJNT2d6UjItdGJqdFg4VFJ6enU2VkxPUjUxclg4RU5QMlFPVmd3b3lldDB3cGNqcHNJWVh3?oc=5
2025-03-13,MSFT,Microsoft,Microsoft has been the worst Big Tech stock lately. Here’s why it may become the best. - MarketWatch,"EN
Sign in
Before you continue to Google
We use cookies and data to
Deliver and maintain Google services
Track outages and protect against spam, fraud, and abuse
Measure audience engagement and site statistics to understand how our services are used and enhance the quality of those services
If you choose to “Accept all,” we will also use cookies and data to
Develop and improve new services
Deliver and measure the effectiveness of ads
Show personalized content, depending on your settings
Show personalized ads, depending on your settings
If you choose to “Reject all,” we will not use cookies for these additional purposes.
Non-personalized content is influenced by things like the content you’re currently viewing, activity in your active Search session, and your location. Non-personalized ads are influenced by the content you’re currently viewing and your general location. Personalized content and ads can also include more relevant results, recommendations, and tailored ads based on past activity from this browser, like previous Google searches. We also use cookies and data to tailor the experience to be age-appropriate, if relevant.
Select “More options” to see additional information, including details about managing your privacy settings. You can also visit g.co/privacytools at any time.
Reject all
Accept all
More options
Privacy Policy
Terms of Service",https://news.google.com/rss/articles/CBMixAFBVV95cUxNTk5NY3E1Z0xzdTJyQ2lTTnBOczM3eF9WSnVrQ2t1bUtfVVRIS2JwY214b3Q0M2hzTVI1ZzBtYVY4eXQzeEJWNTAtNnlIU19GaFNxMnBwbkRmZ09ZcXFkMHRmTjlVeklFZzJxckFPOERxdHhKYmJuQTExc1F2dENuMzRfNDNvWlVqSnNzaTM1ZHlNWXhUR0lVV2UwUVhzejJoVnVIc3NLelR3VW9vZDZVUmk0OVVQQlFWd3AwNmw3bDdiOW9D?oc=5
2025-03-20,MSFT,Microsoft,Microsoft Stock Has Been Dropping. Why It’s a ‘Table-Pounder’ Pick to Buy Now. - Barron's,"EN
Sign in
Before you continue to Google
We use cookies and data to
Deliver and maintain Google services
Track outages and protect against spam, fraud, and abuse
Measure audience engagement and site statistics to understand how our services are used and enhance the quality of those services
If you choose to “Accept all,” we will also use cookies and data to
Develop and improve new services
Deliver and measure the effectiveness of ads
Show personalized content, depending on your settings
Show personalized ads, depending on your settings
If you choose to “Reject all,” we will not use cookies for these additional purposes.
Non-personalized content is influenced by things like the content you’re currently viewing, activity in your active Search session, and your location. Non-personalized ads are influenced by the content you’re currently viewing and your general location. Personalized content and ads can also include more relevant results, recommendations, and tailored ads based on past activity from this browser, like previous Google searches. We also use cookies and data to tailor the experience to be age-appropriate, if relevant.
Select “More options” to see additional information, including details about managing your privacy settings. You can also visit g.co/privacytools at any time.
Reject all
Accept all
More options
Privacy Policy
Terms of Service",https://news.google.com/rss/articles/CBMiiwFBVV95cUxPRjE1eGlqa2pPSkMyQXFvcUdfWUJDQWpXWThHYV9QTnJfbTUyeWQxcjJ6UGN1U1pwSmNvaHB6a0w2OU1pVkpycWk3LXVTUURrQkt6bktVMWVWZk1rUHBZTlBKcU9LZ1RPNlYtODlmZTFtREZqclVnYnpRZVJUNGpuWTFiQ1lib00wSlZB?oc=5
2025-03-25,MSFT,Microsoft,Should You Buy Microsoft Stock on the Dip? - Nasdaq,"EN
Sign in
Before you continue to Google
We use cookies and data to
Deliver and maintain Google services
Track outages and protect against spam, fraud, and abuse
Measure audience engagement and site statistics to understand how our services are used and enhance the quality of those services
If you choose to “Accept all,” we will also use cookies and data to
Develop and improve new services
Deliver and measure the effectiveness of ads
Show personalized content, depending on your settings
Show personalized ads, depending on your settings
If you choose to “Reject all,” we will not use cookies for these additional purposes.
Non-personalized content is influenced by things like the content you’re currently viewing, activity in your active Search session, and your location. Non-personalized ads are influenced by the content you’re currently viewing and your general location. Personalized content and ads can also include more relevant results, recommendations, and tailored ads based on past activity from this browser, like previous Google searches. We also use cookies and data to tailor the experience to be age-appropriate, if relevant.
Select “More options” to see additional information, including details about managing your privacy settings. You can also visit g.co/privacytools at any time.
Reject all
Accept all
More options
Privacy Policy
Terms of Service",https://news.google.com/rss/articles/CBMid0FVX3lxTE80Ymc1ZTVRN3VMQ2U0b2lVZVJqN192U190c3BxTXYyTlEyU0lLRm5teEczVzEwMU1wbmQzVGtlWGlYZXpXSGFVRmtzTW5OM1N0SU9GTnFMS3lPM2llODdITXNDQjFlU2JDaEdGclhQaWlOdUN1OGZ3?oc=5
2025-03-22,MSFT,Microsoft,Is Microsoft Corporation (MSFT)The Best Stock to Buy According to Billionaire Ray Dalio? - Yahoo Finance,"EN
Sign in
Before you continue to Google
We use cookies and data to
Deliver and maintain Google services
Track outages and protect against spam, fraud, and abuse
Measure audience engagement and site statistics to understand how our services are used and enhance the quality of those services
If you choose to “Accept all,” we will also use cookies and data to
Develop and improve new services
Deliver and measure the effectiveness of ads
Show personalized content, depending on your settings
Show personalized ads, depending on your settings
If you choose to “Reject all,” we will not use cookies for these additional purposes.
Non-personalized content is influenced by things like the content you’re currently viewing, activity in your active Search session, and your location. Non-personalized ads are influenced by the content you’re currently viewing and your general location. Personalized content and ads can also include more relevant results, recommendations, and tailored ads based on past activity from this browser, like previous Google searches. We also use cookies and data to tailor the experience to be age-appropriate, if relevant.
Select “More options” to see additional information, including details about managing your privacy settings. You can also visit g.co/privacytools at any time.
Reject all
Accept all
More options
Privacy Policy
Terms of Service",https://news.google.com/rss/articles/CBMiiwFBVV95cUxNQXBaMEJ4NTN1WlRQd3FRMmRLYmVob0F3cElWbFAyeG5QS0hKZGg3WUxvUEcyaEg3Nnc2V1Vtem02NEk3TGlkVGdteV9GdVFrZ2JBUUVXTE5ISFJCN3pzQjBGRm10dlRzZ1VaNndsY3RfUHlIeEd4dnlwQmdHSFc0WHVvT1E0ZkJwYWFz?oc=5
2025-03-19,MSFT,Microsoft,Is Microsoft Corporation (MSFT) a Stock That Members of Congress Own? - Yahoo Finance,"EN
Sign in
Before you continue to Google
We use cookies and data to
Deliver and maintain Google services
Track outages and protect against spam, fraud, and abuse
Measure audience engagement and site statistics to understand how our services are used and enhance the quality of those services
If you choose to “Accept all,” we will also use cookies and data to
Develop and improve new services
Deliver and measure the effectiveness of ads
Show personalized content, depending on your settings
Show personalized ads, depending on your settings
If you choose to “Reject all,” we will not use cookies for these additional purposes.
Non-personalized content is influenced by things like the content you’re currently viewing, activity in your active Search session, and your location. Non-personalized ads are influenced by the content you’re currently viewing and your general location. Personalized content and ads can also include more relevant results, recommendations, and tailored ads based on past activity from this browser, like previous Google searches. We also use cookies and data to tailor the experience to be age-appropriate, if relevant.
Select “More options” to see additional information, including details about managing your privacy settings. You can also visit g.co/privacytools at any time.
Reject all
Accept all
More options
Privacy Policy
Terms of Service",https://news.google.com/rss/articles/CBMijwFBVV95cUxNWXRzb3k0Vml4RmpaRE1fVUQ5S1d2MUJpR1ZGMG1IZUVjSzN3N0kxd3lTWmpwTFQzSEhzNnVPWU9JcTlybnFnMDQ3UWtwWDlHQ1hNU2R6NDJIUEFGc05Id3ZfYmRwZ2gzbWlqTzg5MTRDNERIMS1YcnRsM3RXN2dkdWFBNVU3bVVydFZmN29SSQ?oc=5
2025-03-24,MSFT,Microsoft,"Tesla, Amazon, and Microsoft stock have this brutal trend in common - Yahoo Finance","EN
Sign in
Before you continue to Google
We use cookies and data to
Deliver and maintain Google services
Track outages and protect against spam, fraud, and abuse
Measure audience engagement and site statistics to understand how our services are used and enhance the quality of those services
If you choose to “Accept all,” we will also use cookies and data to
Develop and improve new services
Deliver and measure the effectiveness of ads
Show personalized content, depending on your settings
Show personalized ads, depending on your settings
If you choose to “Reject all,” we will not use cookies for these additional purposes.
Non-personalized content is influenced by things like the content you’re currently viewing, activity in your active Search session, and your location. Non-personalized ads are influenced by the content you’re currently viewing and your general location. Personalized content and ads can also include more relevant results, recommendations, and tailored ads based on past activity from this browser, like previous Google searches. We also use cookies and data to tailor the experience to be age-appropriate, if relevant.
Select “More options” to see additional information, including details about managing your privacy settings. You can also visit g.co/privacytools at any time.
Reject all
Accept all
More options
Privacy Policy
Terms of Service",https://news.google.com/rss/articles/CBMiigFBVV95cUxOcGx5ckNUMGZhM3d6eW1MYnVzLWxCbGE2ZlpCM2lqekFrcldCbFJOb3VnRElBcmRrc0tSSTVnenoyYmNWLTFORHh0d3paSU1RT2hrUTJobGxiWXZvU1B0MXljWjFMdmV5V05LaHdMRlIxMlBValZ1ODY5UlU5am1MSEJDRUw4UlJrVmc?oc=5
2025-03-23,MSFT,Microsoft,Is Microsoft (MSFT) The Best Robinhood Stock to Buy According to Analysts? - Yahoo Finance,"EN
Sign in
Before you continue to Google
We use cookies and data to
Deliver and maintain Google services
Track outages and protect against spam, fraud, and abuse
Measure audience engagement and site statistics to understand how our services are used and enhance the quality of those services
If you choose to “Accept all,” we will also use cookies and data to
Develop and improve new services
Deliver and measure the effectiveness of ads
Show personalized content, depending on your settings
Show personalized ads, depending on your settings
If you choose to “Reject all,” we will not use cookies for these additional purposes.
Non-personalized content is influenced by things like the content you’re currently viewing, activity in your active Search session, and your location. Non-personalized ads are influenced by the content you’re currently viewing and your general location. Personalized content and ads can also include more relevant results, recommendations, and tailored ads based on past activity from this browser, like previous Google searches. We also use cookies and data to tailor the experience to be age-appropriate, if relevant.
Select “More options” to see additional information, including details about managing your privacy settings. You can also visit g.co/privacytools at any time.
Reject all
Accept all
More options
Privacy Policy
Terms of Service",https://news.google.com/rss/articles/CBMiiAFBVV95cUxQUEdwaUxud2std2tydnNKdkdha0dtdEZ0NWZldVFjajZNejNzc29ZS0xZd2tpQVFhQmN2WTRQTGQzcV8weTRjZVB0UHE2aWN6ajNLck9NQXRRdkFQWmNtS2llbmRQTmg5OHBsaGdUSlJNMXpjLUdkeHhsZWlCakRhakxHU1FYc3k3?oc=5
2025-03-25,MSFT,Microsoft,Is Microsoft Corporation (NASDAQ:MSFT) The Best Stocks to Buy Now For the Long Term? - Yahoo Finance,"EN
Sign in
Before you continue to Google
We use cookies and data to
Deliver and maintain Google services
Track outages and protect against spam, fraud, and abuse
Measure audience engagement and site statistics to understand how our services are used and enhance the quality of those services
If you choose to “Accept all,” we will also use cookies and data to
Develop and improve new services
Deliver and measure the effectiveness of ads
Show personalized content, depending on your settings
Show personalized ads, depending on your settings
If you choose to “Reject all,” we will not use cookies for these additional purposes.
Non-personalized content is influenced by things like the content you’re currently viewing, activity in your active Search session, and your location. Non-personalized ads are influenced by the content you’re currently viewing and your general location. Personalized content and ads can also include more relevant results, recommendations, and tailored ads based on past activity from this browser, like previous Google searches. We also use cookies and data to tailor the experience to be age-appropriate, if relevant.
Select “More options” to see additional information, including details about managing your privacy settings. You can also visit g.co/privacytools at any time.
Reject all
Accept all
More options
Privacy Policy
Terms of Service",https://news.google.com/rss/articles/CBMijAFBVV95cUxPSzBvQ1JYRHdSSGRTYUFVdFZZRnpHQVVFTGdSalVTN25aaHNoUmpleXAtZ2Z5R29PTHVQM1UtZC1tVE43V3Zzd0h4Y0hZSjVMY2lqcVVNS3VfQkZQV3FleXBlVHJSczBvcVFFVVM4RTNwTG45X3lVYzZLdm1rZFM0ZS02ajQtOFB3NmRKYQ?oc=5
2025-03-17,MSFT,Microsoft,Is Microsoft Corporation (MSFT) the Top Stock to Buy According to Adage Capital Management? - Yahoo Finance,"EN
Sign in
Before you continue to Google
We use cookies and data to
Deliver and maintain Google services
Track outages and protect against spam, fraud, and abuse
Measure audience engagement and site statistics to understand how our services are used and enhance the quality of those services
If you choose to “Accept all,” we will also use cookies and data to
Develop and improve new services
Deliver and measure the effectiveness of ads
Show personalized content, depending on your settings
Show personalized ads, depending on your settings
If you choose to “Reject all,” we will not use cookies for these additional purposes.
Non-personalized content is influenced by things like the content you’re currently viewing, activity in your active Search session, and your location. Non-personalized ads are influenced by the content you’re currently viewing and your general location. Personalized content and ads can also include more relevant results, recommendations, and tailored ads based on past activity from this browser, like previous Google searches. We also use cookies and data to tailor the experience to be age-appropriate, if relevant.
Select “More options” to see additional information, including details about managing your privacy settings. You can also visit g.co/privacytools at any time.
Reject all
Accept all
More options
Privacy Policy
Terms of Service",https://news.google.com/rss/articles/CBMiigFBVV95cUxNeFg3ZUVfOWpwbXFmT2M3X1F4NU1henVvVHhKTy0yclpjVTVjdlc4MDhYT2RMU2ZpMkdTZkJCTl9xdDk1cTV3WU1ud1d0cklBWU5ZVlNwT1JNVWNEZ1pMNzI4ZFo3aUVKOElFMnZKeDc2VWt6Rm9Vcy1mVmtTeDBuMXhjZzEtdkZKV1E?oc=5
2025-03-30,MSFT,Microsoft,Top Wall Street analysts are confident about the prospects for these 3 stocks - CNBC,"EN
Sign in
Before you continue to Google
We use cookies and data to
Deliver and maintain Google services
Track outages and protect against spam, fraud, and abuse
Measure audience engagement and site statistics to understand how our services are used and enhance the quality of those services
If you choose to “Accept all,” we will also use cookies and data to
Develop and improve new services
Deliver and measure the effectiveness of ads
Show personalized content, depending on your settings
Show personalized ads, depending on your settings
If you choose to “Reject all,” we will not use cookies for these additional purposes.
Non-personalized content is influenced by things like the content you’re currently viewing, activity in your active Search session, and your location. Non-personalized ads are influenced by the content you’re currently viewing and your general location. Personalized content and ads can also include more relevant results, recommendations, and tailored ads based on past activity from this browser, like previous Google searches. We also use cookies and data to tailor the experience to be age-appropriate, if relevant.
Select “More options” to see additional information, including details about managing your privacy settings. You can also visit g.co/privacytools at any time.
Reject all
Accept all
More options
Privacy Policy
Terms of Service",https://news.google.com/rss/articles/CBMitAFBVV95cUxOZlNQbDhXSUt6NVFGclBzaXZmNnFrU25HV29lcnVaRDJ2WkZ0RnQ4aFAycFhXRjlvdHM3c29PZU9WTGk2Vzl2VFl0aWh5My1xMU5weE5McG1mLXEwU0NvLWRxTzJIS2d4QWRCdWRhWjhxNnFtWXo5Vk9TWURZbGRjRXZfQWYwNGF2Y1N0YXJraV9GNi1pWDhwQnBqUWhGQzV4Z2lkaDhOZlhIODVRQjNpZzJwck_SAboBQVVfeXFMTlNpYi1OYnVBbDZCZmhMMVR0VkpQWEVla0Z6MXctR0MxaDFTQWtjdEY1X2FoMjFjbV9xczdUTGtCTk1hQXVxZ1lydzFPZVk4YmxuRndtZmtuTGtEamtFLUkyZWNDaHNMT0ljQjRSajVlR3FscVgxel9IRXNHZ1JYQlVBaWFkUUpDeDJ5RGJzU1daWlNlSEhRZS00VDB2S1dEc0tvN3lNbkNSZ1E0RzJfNHV5YkZYZWlZbGxR?oc=5
2025-04-16,MSFT,Microsoft,"Software Stocks Are Way Down, But Shouldn’t Be. Microsoft and 2 More to Buy. - Barron's","EN
Sign in
Before you continue to Google
We use cookies and data to
Deliver and maintain Google services
Track outages and protect against spam, fraud, and abuse
Measure audience engagement and site statistics to understand how our services are used and enhance the quality of those services
If you choose to “Accept all,” we will also use cookies and data to
Develop and improve new services
Deliver and measure the effectiveness of ads
Show personalized content, depending on your settings
Show personalized ads, depending on your settings
If you choose to “Reject all,” we will not use cookies for these additional purposes.
Non-personalized content is influenced by things like the content you’re currently viewing, activity in your active Search session, and your location. Non-personalized ads are influenced by the content you’re currently viewing and your general location. Personalized content and ads can also include more relevant results, recommendations, and tailored ads based on past activity from this browser, like previous Google searches. We also use cookies and data to tailor the experience to be age-appropriate, if relevant.
Select “More options” to see additional information, including details about managing your privacy settings. You can also visit g.co/privacytools at any time.
Reject all
Accept all
More options
Privacy Policy
Terms of Service",https://news.google.com/rss/articles/CBMigwFBVV95cUxPOUw0OFJFSGNCZDFtZ3lPZTEyMkppVFRMN1hYQjc1YTVOVnd4N3IyU1kyd2FNU1h3NklOcWhsblYzYkRkSUY2NkVPdGxWR2hxb0RYQ1lMRkl1MndoVTE0cnNVT1FNYlA4aDdCQXU4dmRFZ0JDRUdOUWJwUFRWRnQ4YkN2MA?oc=5
2025-04-14,MSFT,Microsoft,Is Microsoft Corporation (MSFT) the Best Technology Dividend Stock to Invest in? - Yahoo Finance,"EN
Sign in
Before you continue to Google
We use cookies and data to
Deliver and maintain Google services
Track outages and protect against spam, fraud, and abuse
Measure audience engagement and site statistics to understand how our services are used and enhance the quality of those services
If you choose to “Accept all,” we will also use cookies and data to
Develop and improve new services
Deliver and measure the effectiveness of ads
Show personalized content, depending on your settings
Show personalized ads, depending on your settings
If you choose to “Reject all,” we will not use cookies for these additional purposes.
Non-personalized content is influenced by things like the content you’re currently viewing, activity in your active Search session, and your location. Non-personalized ads are influenced by the content you’re currently viewing and your general location. Personalized content and ads can also include more relevant results, recommendations, and tailored ads based on past activity from this browser, like previous Google searches. We also use cookies and data to tailor the experience to be age-appropriate, if relevant.
Select “More options” to see additional information, including details about managing your privacy settings. You can also visit g.co/privacytools at any time.
Reject all
Accept all
More options
Privacy Policy
Terms of Service",https://news.google.com/rss/articles/CBMikgFBVV95cUxQR2oxZDBLODYwNHFpb2FyUDQ0cENQSmhTTFFOTWswRFZ1VjdaeWVUZld0V29XbVZycDNZbEJmbmhabHFpRnk2YkN4SkRMNTMzQ21aQ1hiM19kZ1dESDlvV2UyMExabzRLeTZZRE5YSGtYalVLU2YtUEV6ZlBydWM1UklMMjZXZmROQ2JGZW42enR6UQ?oc=5
2025-04-16,MSFT,Microsoft,Why Microsoft Stock Tumbled 3.7% Today - The Motley Fool,"EN
Sign in
Before you continue to Google
We use cookies and data to
Deliver and maintain Google services
Track outages and protect against spam, fraud, and abuse
Measure audience engagement and site statistics to understand how our services are used and enhance the quality of those services
If you choose to “Accept all,” we will also use cookies and data to
Develop and improve new services
Deliver and measure the effectiveness of ads
Show personalized content, depending on your settings
Show personalized ads, depending on your settings
If you choose to “Reject all,” we will not use cookies for these additional purposes.
Non-personalized content is influenced by things like the content you’re currently viewing, activity in your active Search session, and your location. Non-personalized ads are influenced by the content you’re currently viewing and your general location. Personalized content and ads can also include more relevant results, recommendations, and tailored ads based on past activity from this browser, like previous Google searches. We also use cookies and data to tailor the experience to be age-appropriate, if relevant.
Select “More options” to see additional information, including details about managing your privacy settings. You can also visit g.co/privacytools at any time.
Reject all
Accept all
More options
Privacy Policy
Terms of Service",https://news.google.com/rss/articles/CBMihgFBVV95cUxPalBlaWxMR1dhTTNGSldyRlJ6VVVWczlqRlBNbDlLQWt6N25HSWpqdVJ6ZHUzWUxQV3dhRTlYRTEzVEdHbjM2VDFVUjNfc2lVaFpLcXJURzJMejFueldoWUQyWE44LXBBUFlJRDR3NVN6aUNXaFU1OHNJNGVXMFkxRjk4YzZldw?oc=5
2025-04-14,MSFT,Microsoft,"Microsoft: Undervalued by 21%, This Stock to Own Forever Is a Buy - Morningstar","EN
Sign in
Before you continue to Google
We use cookies and data to
Deliver and maintain Google services
Track outages and protect against spam, fraud, and abuse
Measure audience engagement and site statistics to understand how our services are used and enhance the quality of those services
If you choose to “Accept all,” we will also use cookies and data to
Develop and improve new services
Deliver and measure the effectiveness of ads
Show personalized content, depending on your settings
Show personalized ads, depending on your settings
If you choose to “Reject all,” we will not use cookies for these additional purposes.
Non-personalized content is influenced by things like the content you’re currently viewing, activity in your active Search session, and your location. Non-personalized ads are influenced by the content you’re currently viewing and your general location. Personalized content and ads can also include more relevant results, recommendations, and tailored ads based on past activity from this browser, like previous Google searches. We also use cookies and data to tailor the experience to be age-appropriate, if relevant.
Select “More options” to see additional information, including details about managing your privacy settings. You can also visit g.co/privacytools at any time.
Reject all
Accept all
More options
Privacy Policy
Terms of Service",https://news.google.com/rss/articles/CBMiigFBVV95cUxNc3hjMDNFVEF1dklySWp5R1F5UXZaN0M3S3laRmNQejhsNTRkYkY5MU82RlRQS3preUxfbnZGNUxnUFZSQ21BV2pNeUx5SnFfTFlsNUtMWHdHd2R0d2dQUXRpZDREOEVndHh1OHV1ZGV4QWlURkxGaG5zd1Q3S0NDcWdHanluUVhycVE?oc=5
2025-04-15,MSFT,Microsoft,"Macroeconomic Uncertainty Pressuring Microsoft, Software Stocks - Investor's Business Daily","EN
Sign in
Before you continue to Google
We use cookies and data to
Deliver and maintain Google services
Track outages and protect against spam, fraud, and abuse
Measure audience engagement and site statistics to understand how our services are used and enhance the quality of those services
If you choose to “Accept all,” we will also use cookies and data to
Develop and improve new services
Deliver and measure the effectiveness of ads
Show personalized content, depending on your settings
Show personalized ads, depending on your settings
If you choose to “Reject all,” we will not use cookies for these additional purposes.
Non-personalized content is influenced by things like the content you’re currently viewing, activity in your active Search session, and your location. Non-personalized ads are influenced by the content you’re currently viewing and your general location. Personalized content and ads can also include more relevant results, recommendations, and tailored ads based on past activity from this browser, like previous Google searches. We also use cookies and data to tailor the experience to be age-appropriate, if relevant.
Select “More options” to see additional information, including details about managing your privacy settings. You can also visit g.co/privacytools at any time.
Reject all
Accept all
More options
Privacy Policy
Terms of Service",https://news.google.com/rss/articles/CBMilAFBVV95cUxNdTNYX2p4RXo4MjRxMFNFZDZaU1NPVmJEYmZrWmU0a0Y4VDZ5OTB0TkN0RDJwYlBpeGVmdVZvd0Jkc1VNYnlteHo4MTJhbkJsVGYtVHdiekxlMURPVXZOYW1MSVdvOGI1QWtnMEgyZHotX3htZXZibFkzOUZUcURTWHBOdkpTbDhaUEl2a3Z6SUpNNkQ3?oc=5
2025-04-20,MSFT,Microsoft,Analyst unveils surprising Microsoft stock price target after tariff slump - TheStreet,"EN
Sign in
Before you continue to Google
We use cookies and data to
Deliver and maintain Google services
Track outages and protect against spam, fraud, and abuse
Measure audience engagement and site statistics to understand how our services are used and enhance the quality of those services
If you choose to “Accept all,” we will also use cookies and data to
Develop and improve new services
Deliver and measure the effectiveness of ads
Show personalized content, depending on your settings
Show personalized ads, depending on your settings
If you choose to “Reject all,” we will not use cookies for these additional purposes.
Non-personalized content is influenced by things like the content you’re currently viewing, activity in your active Search session, and your location. Non-personalized ads are influenced by the content you’re currently viewing and your general location. Personalized content and ads can also include more relevant results, recommendations, and tailored ads based on past activity from this browser, like previous Google searches. We also use cookies and data to tailor the experience to be age-appropriate, if relevant.
Select “More options” to see additional information, including details about managing your privacy settings. You can also visit g.co/privacytools at any time.
Reject all
Accept all
More options
Privacy Policy
Terms of Service",https://news.google.com/rss/articles/CBMirwFBVV95cUxPMm1RNzE4UWV1UTFQYWpNOGlsTFNCVlVIaWt6Y2tqU3ZKazdGMi04cW84TDVyTDZZY2F2SVdtaksyamlDV096QWI1bjdoSG5ndnZVLVZWQ0pLMmNEa2FBN25uMW5NOGNiS0dXOFVMM3ptZUZLT3Uwc3JqMXFRa2dnQWxtRElVRy1qbkNELXp5VGJuZUtWc3ZmYU5VMHlaT0YzVlpJZ0JxYlJuUjA3Y0Zj?oc=5
2025-04-24,MSFT,Microsoft,"Going Into Earnings, Is Microsoft Stock a Buy, a Sell, or Fairly Valued? - Morningstar","EN
Sign in
Before you continue to Google
We use cookies and data to
Deliver and maintain Google services
Track outages and protect against spam, fraud, and abuse
Measure audience engagement and site statistics to understand how our services are used and enhance the quality of those services
If you choose to “Accept all,” we will also use cookies and data to
Develop and improve new services
Deliver and measure the effectiveness of ads
Show personalized content, depending on your settings
Show personalized ads, depending on your settings
If you choose to “Reject all,” we will not use cookies for these additional purposes.
Non-personalized content is influenced by things like the content you’re currently viewing, activity in your active Search session, and your location. Non-personalized ads are influenced by the content you’re currently viewing and your general location. Personalized content and ads can also include more relevant results, recommendations, and tailored ads based on past activity from this browser, like previous Google searches. We also use cookies and data to tailor the experience to be age-appropriate, if relevant.
Select “More options” to see additional information, including details about managing your privacy settings. You can also visit g.co/privacytools at any time.
Reject all
Accept all
More options
Privacy Policy
Terms of Service",https://news.google.com/rss/articles/CBMiugFBVV95cUxQMnZfbWlFWUhTb1NpNDB1aF9xOU1mMnBwTGdVUFlGNzNNNjB2N3ZWSDI2RjdMTVFIUmJTbHZuLWx2dkVFWERhaTNuV211YTV5YXlqN1p5NmJaU25fSmppZExEdmxtdngwVkdMZU1ObTFPVTlvM2VpSkd6RDZuLUtHS2dJMHJmYkh4aDVLU3hzOGxsZ3llTmpFcDZLcklmMFYtajJsTEJIOU1OVkVmc3dNeENETUwyQWlnTEE?oc=5
2025-04-10,MSFT,Microsoft,Microsoft stock slips. Wedbush says trade war uncertainty will hit AI plans and earnings - qz.com,"EN
Sign in
Before you continue to Google
We use cookies and data to
Deliver and maintain Google services
Track outages and protect against spam, fraud, and abuse
Measure audience engagement and site statistics to understand how our services are used and enhance the quality of those services
If you choose to “Accept all,” we will also use cookies and data to
Develop and improve new services
Deliver and measure the effectiveness of ads
Show personalized content, depending on your settings
Show personalized ads, depending on your settings
If you choose to “Reject all,” we will not use cookies for these additional purposes.
Non-personalized content is influenced by things like the content you’re currently viewing, activity in your active Search session, and your location. Non-personalized ads are influenced by the content you’re currently viewing and your general location. Personalized content and ads can also include more relevant results, recommendations, and tailored ads based on past activity from this browser, like previous Google searches. We also use cookies and data to tailor the experience to be age-appropriate, if relevant.
Select “More options” to see additional information, including details about managing your privacy settings. You can also visit g.co/privacytools at any time.
Reject all
Accept all
More options
Privacy Policy
Terms of Service",https://news.google.com/rss/articles/CBMiiAFBVV95cUxOSWNfN2VfWkZFdG5rNjNzYzdSeVZibWUtMVR6T2p6VlBuT1lxbFNfclhIYUtXQlF6eGxBQlhiYmxYbXcwVFJvNE1VWDJJSnFHOGZ1a3plZnY0cjRlaFVnMnlXd05nT3c0eWlSVC1XSExrN1VKOVlQQzhXVW45Tm9LWTZfWGVTZ091?oc=5
2025-04-17,MSFT,Microsoft,Microsoft Stock At $370: Opportunity Or Trap? - Forbes,"EN
Sign in
Before you continue to Google
We use cookies and data to
Deliver and maintain Google services
Track outages and protect against spam, fraud, and abuse
Measure audience engagement and site statistics to understand how our services are used and enhance the quality of those services
If you choose to “Accept all,” we will also use cookies and data to
Develop and improve new services
Deliver and measure the effectiveness of ads
Show personalized content, depending on your settings
Show personalized ads, depending on your settings
If you choose to “Reject all,” we will not use cookies for these additional purposes.
Non-personalized content is influenced by things like the content you’re currently viewing, activity in your active Search session, and your location. Non-personalized ads are influenced by the content you’re currently viewing and your general location. Personalized content and ads can also include more relevant results, recommendations, and tailored ads based on past activity from this browser, like previous Google searches. We also use cookies and data to tailor the experience to be age-appropriate, if relevant.
Select “More options” to see additional information, including details about managing your privacy settings. You can also visit g.co/privacytools at any time.
Reject all
Accept all
More options
Privacy Policy
Terms of Service",https://news.google.com/rss/articles/CBMiowFBVV95cUxQTzRHU1J0NEc5RG5Ld1NXY0JlTG91aVhRV3ljODU1NzFvMVM2cVQwbE02LWFaX2ZKYjRzZEhrS1dkLW53aTBDRGxMSk91NmRhMUUzQ21WX2Jicl9mTXF4ZXY0aEJNZGJYbEhwRHhXdXFGUmtNalRaS0tsRzl4UmlieWxfUmhicnhfM3lRZjZuR0k2QUVueXRtc1ZSWi16TDRCTlVJ?oc=5
2025-04-04,MSFT,Microsoft,"Tariffs are tanking tech stocks, so why is Microsoft escaping the worst of the bloodbath? - Fortune","EN
Sign in
Before you continue to Google
We use cookies and data to
Deliver and maintain Google services
Track outages and protect against spam, fraud, and abuse
Measure audience engagement and site statistics to understand how our services are used and enhance the quality of those services
If you choose to “Accept all,” we will also use cookies and data to
Develop and improve new services
Deliver and measure the effectiveness of ads
Show personalized content, depending on your settings
Show personalized ads, depending on your settings
If you choose to “Reject all,” we will not use cookies for these additional purposes.
Non-personalized content is influenced by things like the content you’re currently viewing, activity in your active Search session, and your location. Non-personalized ads are influenced by the content you’re currently viewing and your general location. Personalized content and ads can also include more relevant results, recommendations, and tailored ads based on past activity from this browser, like previous Google searches. We also use cookies and data to tailor the experience to be age-appropriate, if relevant.
Select “More options” to see additional information, including details about managing your privacy settings. You can also visit g.co/privacytools at any time.
Reject all
Accept all
More options
Privacy Policy
Terms of Service",https://news.google.com/rss/articles/CBMiqAFBVV95cUxObEgyeDRYQmxfRTVZZEFMcVJncTRYY2FXNGFEUkZCNzlkYkMzQjlDNkpTTGxaMk9fUV9aUjNOeUJuMWY4aUYyN2Z1RFNtcTNzbS0xbXVpc1RiMHVrNV9GR3ZYZ0RiYm9MbE4zWVY0MGl0UG1oZVZ2aWJvVTZQR2VlTm5pSzRmVzBYN21YUmtiUWhpcl9HUk5ENkF5b1JYRWR4a09NQlJPZVM?oc=5
2025-04-14,MSFT,Microsoft,Pick Microsoft Stock Over IBM? - Nasdaq,"EN
Sign in
Before you continue to Google
We use cookies and data to
Deliver and maintain Google services
Track outages and protect against spam, fraud, and abuse
Measure audience engagement and site statistics to understand how our services are used and enhance the quality of those services
If you choose to “Accept all,” we will also use cookies and data to
Develop and improve new services
Deliver and measure the effectiveness of ads
Show personalized content, depending on your settings
Show personalized ads, depending on your settings
If you choose to “Reject all,” we will not use cookies for these additional purposes.
Non-personalized content is influenced by things like the content you’re currently viewing, activity in your active Search session, and your location. Non-personalized ads are influenced by the content you’re currently viewing and your general location. Personalized content and ads can also include more relevant results, recommendations, and tailored ads based on past activity from this browser, like previous Google searches. We also use cookies and data to tailor the experience to be age-appropriate, if relevant.
Select “More options” to see additional information, including details about managing your privacy settings. You can also visit g.co/privacytools at any time.
Reject all
Accept all
More options
Privacy Policy
Terms of Service",https://news.google.com/rss/articles/CBMibkFVX3lxTFBYZEdoN19fRHVFNFkxQ3RoaTc0WkFlVDlpZU5qenUtSlhuNHlrU0Z3WjFqdmlMcU9PNFVTQmZlcUl4YnZmWFoxMVZEX3JaNjNpZVBiU2U1VF9LdU5pUDRJdlRjRTNkTXJMSDZYemdB?oc=5
2025-03-26,MSFT,Microsoft,Microsoft stock drops from news of abandoned data center projects - Yahoo Finance,"EN
Sign in
Before you continue to Google
We use cookies and data to
Deliver and maintain Google services
Track outages and protect against spam, fraud, and abuse
Measure audience engagement and site statistics to understand how our services are used and enhance the quality of those services
If you choose to “Accept all,” we will also use cookies and data to
Develop and improve new services
Deliver and measure the effectiveness of ads
Show personalized content, depending on your settings
Show personalized ads, depending on your settings
If you choose to “Reject all,” we will not use cookies for these additional purposes.
Non-personalized content is influenced by things like the content you’re currently viewing, activity in your active Search session, and your location. Non-personalized ads are influenced by the content you’re currently viewing and your general location. Personalized content and ads can also include more relevant results, recommendations, and tailored ads based on past activity from this browser, like previous Google searches. We also use cookies and data to tailor the experience to be age-appropriate, if relevant.
Select “More options” to see additional information, including details about managing your privacy settings. You can also visit g.co/privacytools at any time.
Reject all
Accept all
More options
Privacy Policy
Terms of Service",https://news.google.com/rss/articles/CBMiiwFBVV95cUxNenlJQl9vbXlHbk40UU5ka2Zqd0RqczNpb01wckZJUVBSbTZxMFdKVVhwRE1vdU1TOTZFQVhkT0xGcnBvNFluZnljeUNVZmVkdlhLaVljbTV3SnMtZVFZWlpPQW91Nk9MV1h0UkZZSlFQNHcwVnlLZkNMVFVaUjFqYjZOd1pxUEpNSnln?oc=5
2025-04-10,MSFT,Microsoft,Why Microsoft Stock Is Falling Hard Today - The Motley Fool,"EN
Sign in
Before you continue to Google
We use cookies and data to
Deliver and maintain Google services
Track outages and protect against spam, fraud, and abuse
Measure audience engagement and site statistics to understand how our services are used and enhance the quality of those services
If you choose to “Accept all,” we will also use cookies and data to
Develop and improve new services
Deliver and measure the effectiveness of ads
Show personalized content, depending on your settings
Show personalized ads, depending on your settings
If you choose to “Reject all,” we will not use cookies for these additional purposes.
Non-personalized content is influenced by things like the content you’re currently viewing, activity in your active Search session, and your location. Non-personalized ads are influenced by the content you’re currently viewing and your general location. Personalized content and ads can also include more relevant results, recommendations, and tailored ads based on past activity from this browser, like previous Google searches. We also use cookies and data to tailor the experience to be age-appropriate, if relevant.
Select “More options” to see additional information, including details about managing your privacy settings. You can also visit g.co/privacytools at any time.
Reject all
Accept all
More options
Privacy Policy
Terms of Service",https://news.google.com/rss/articles/CBMijAFBVV95cUxPVUphUUZPQWdMbHpFZnNkMmJIclNiVG81ZU0wdmxmRGJDVDJFeTNBc1hXcmVoYnpIb2g1WDNGZjJHRWtsbDRsRmt3RFFkYUJ4S1h2Q09rS0tGaFBjVEdwOTQ2YWRDeUtWQmpicW1DWGdwaTRVQkk4c2Rha2dteHVyOWxRV2ZseXZ3U3J4bQ?oc=5
2025-04-21,MSFT,Microsoft,Microsoft Stock Is a Defensive Bet Amid Recession Fears. Why Its Price Target Was Cut. - Barron's,"EN
Sign in
Before you continue to Google
We use cookies and data to
Deliver and maintain Google services
Track outages and protect against spam, fraud, and abuse
Measure audience engagement and site statistics to understand how our services are used and enhance the quality of those services
If you choose to “Accept all,” we will also use cookies and data to
Develop and improve new services
Deliver and measure the effectiveness of ads
Show personalized content, depending on your settings
Show personalized ads, depending on your settings
If you choose to “Reject all,” we will not use cookies for these additional purposes.
Non-personalized content is influenced by things like the content you’re currently viewing, activity in your active Search session, and your location. Non-personalized ads are influenced by the content you’re currently viewing and your general location. Personalized content and ads can also include more relevant results, recommendations, and tailored ads based on past activity from this browser, like previous Google searches. We also use cookies and data to tailor the experience to be age-appropriate, if relevant.
Select “More options” to see additional information, including details about managing your privacy settings. You can also visit g.co/privacytools at any time.
Reject all
Accept all
More options
Privacy Policy
Terms of Service",https://news.google.com/rss/articles/CBMihwFBVV95cUxNSjdZdzJUSS13MzNvakM1Vmo3a0NkaVNYMUxMSHBOdzJUQnBVVWY2Ukk3bnJreGZ3LXRLR3I5a0FjdEZjWmdVMnRxSHAzU0J5UVpKR21CN25HR3BsR3BBQnF3MjUycWNxZVFBMHdzSW1oZzFaOGllWXdXZkVBR1B2c3JNUUxBeTQ?oc=5
2025-04-14,MSFT,Microsoft,Buy MSFT Stock At $400? - Forbes,"EN
Sign in
Before you continue to Google
We use cookies and data to
Deliver and maintain Google services
Track outages and protect against spam, fraud, and abuse
Measure audience engagement and site statistics to understand how our services are used and enhance the quality of those services
If you choose to “Accept all,” we will also use cookies and data to
Develop and improve new services
Deliver and measure the effectiveness of ads
Show personalized content, depending on your settings
Show personalized ads, depending on your settings
If you choose to “Reject all,” we will not use cookies for these additional purposes.
Non-personalized content is influenced by things like the content you’re currently viewing, activity in your active Search session, and your location. Non-personalized ads are influenced by the content you’re currently viewing and your general location. Personalized content and ads can also include more relevant results, recommendations, and tailored ads based on past activity from this browser, like previous Google searches. We also use cookies and data to tailor the experience to be age-appropriate, if relevant.
Select “More options” to see additional information, including details about managing your privacy settings. You can also visit g.co/privacytools at any time.
Reject all
Accept all
More options
Privacy Policy
Terms of Service",https://news.google.com/rss/articles/CBMihwFBVV95cUxQbE9hX1RYRUVLTFdYTlZPSjd0OU9mbHl2WEVtN0RoMHpCbmJSNzhkaHUxZm5kQmpoUk9ZY29zM0tYZWk4R1VXQmRYTmNjODhxZllGeF9oQ1k1aVY5TEZ2NWMxZFdFa2h6aEtHVGc2WTJKV0R0SHo0YjFQMC1ibGl0SEh6REprd0U?oc=5
2025-04-20,MSFT,Microsoft,"Down 18%, Is Microsoft Stock a Buy on the Dip Before April 30? - The Motley Fool","EN
Sign in
Before you continue to Google
We use cookies and data to
Deliver and maintain Google services
Track outages and protect against spam, fraud, and abuse
Measure audience engagement and site statistics to understand how our services are used and enhance the quality of those services
If you choose to “Accept all,” we will also use cookies and data to
Develop and improve new services
Deliver and measure the effectiveness of ads
Show personalized content, depending on your settings
Show personalized ads, depending on your settings
If you choose to “Reject all,” we will not use cookies for these additional purposes.
Non-personalized content is influenced by things like the content you’re currently viewing, activity in your active Search session, and your location. Non-personalized ads are influenced by the content you’re currently viewing and your general location. Personalized content and ads can also include more relevant results, recommendations, and tailored ads based on past activity from this browser, like previous Google searches. We also use cookies and data to tailor the experience to be age-appropriate, if relevant.
Select “More options” to see additional information, including details about managing your privacy settings. You can also visit g.co/privacytools at any time.
Reject all
Accept all
More options
Privacy Policy
Terms of Service",https://news.google.com/rss/articles/CBMimAFBVV95cUxOM0s5a0pTaHZTM3dLR1ZvejJVd05Vc1k1R0RhMTFNcUtRdWV3VDBieWxPUHV3OHlrdlRHNDMtS3pMaXN4Z19XclVaMkV5MGxEYkdUYXhXT01VZ3drZ0VHSVFfdVhoUldycWFJY3RkR19ESTEtLUloOFUwanpLSnBIYlhUNDFhZHZFa214X3V6VlRybUE2SU1MUQ?oc=5
2025-04-16,MSFT,Microsoft,Is Microsoft Corporation (MSFT) The Best American Tech Stock To Buy Now? - Yahoo Finance,"EN
Sign in
Before you continue to Google
We use cookies and data to
Deliver and maintain Google services
Track outages and protect against spam, fraud, and abuse
Measure audience engagement and site statistics to understand how our services are used and enhance the quality of those services
If you choose to “Accept all,” we will also use cookies and data to
Develop and improve new services
Deliver and measure the effectiveness of ads
Show personalized content, depending on your settings
Show personalized ads, depending on your settings
If you choose to “Reject all,” we will not use cookies for these additional purposes.
Non-personalized content is influenced by things like the content you’re currently viewing, activity in your active Search session, and your location. Non-personalized ads are influenced by the content you’re currently viewing and your general location. Personalized content and ads can also include more relevant results, recommendations, and tailored ads based on past activity from this browser, like previous Google searches. We also use cookies and data to tailor the experience to be age-appropriate, if relevant.
Select “More options” to see additional information, including details about managing your privacy settings. You can also visit g.co/privacytools at any time.
Reject all
Accept all
More options
Privacy Policy
Terms of Service",https://news.google.com/rss/articles/CBMijwFBVV95cUxObzN6Z29FRG53NVh5OXFtb0hJaG8xR2hUbjhSWHhUOExkaG5DWWk0ZmU3blo5TG1KNlBuYzV0eFVxYUpKcEZSd0VPdldwdWNLaXl4bEFjS0hTdnMxd0tZMHVOTTZ1d3UyN2Q2S0EzdFJQWVRTb0Y5dFV0RVNaYjU5Y1dCZ1ppSzBmLUdCbDBGVQ?oc=5
2025-04-23,MSFT,Microsoft,Is Microsoft Corporation (MSFT) the Best Stock to Buy and Hold for 20 Years? - Yahoo Finance,"EN
Sign in
Before you continue to Google
We use cookies and data to
Deliver and maintain Google services
Track outages and protect against spam, fraud, and abuse
Measure audience engagement and site statistics to understand how our services are used and enhance the quality of those services
If you choose to “Accept all,” we will also use cookies and data to
Develop and improve new services
Deliver and measure the effectiveness of ads
Show personalized content, depending on your settings
Show personalized ads, depending on your settings
If you choose to “Reject all,” we will not use cookies for these additional purposes.
Non-personalized content is influenced by things like the content you’re currently viewing, activity in your active Search session, and your location. Non-personalized ads are influenced by the content you’re currently viewing and your general location. Personalized content and ads can also include more relevant results, recommendations, and tailored ads based on past activity from this browser, like previous Google searches. We also use cookies and data to tailor the experience to be age-appropriate, if relevant.
Select “More options” to see additional information, including details about managing your privacy settings. You can also visit g.co/privacytools at any time.
Reject all
Accept all
More options
Privacy Policy
Terms of Service",https://news.google.com/rss/articles/CBMiiwFBVV95cUxNTnNqZVF2d1IxNUpxUlNQd3pueVM4VVhHM0lvRUQ3WEJGOU9MaUJreURjRXl4ZERMZy1LX1FCVXhlTEZLbWlOal93X0RXWTByWmI3THhNMmFuSUZ1QS1FTXFXSUFhSVpudEc5QzhJUFB0M2g3ZVBiN1BPYXpLVndrX1JwLU9CNkp3Uldn?oc=5
2025-04-10,MSFT,Microsoft,Is Microsoft Corporation (MSFT) the Top Tech Stock to Buy According to Billionaire Ken Fisher? - Yahoo Finance,"EN
Sign in
Before you continue to Google
We use cookies and data to
Deliver and maintain Google services
Track outages and protect against spam, fraud, and abuse
Measure audience engagement and site statistics to understand how our services are used and enhance the quality of those services
If you choose to “Accept all,” we will also use cookies and data to
Develop and improve new services
Deliver and measure the effectiveness of ads
Show personalized content, depending on your settings
Show personalized ads, depending on your settings
If you choose to “Reject all,” we will not use cookies for these additional purposes.
Non-personalized content is influenced by things like the content you’re currently viewing, activity in your active Search session, and your location. Non-personalized ads are influenced by the content you’re currently viewing and your general location. Personalized content and ads can also include more relevant results, recommendations, and tailored ads based on past activity from this browser, like previous Google searches. We also use cookies and data to tailor the experience to be age-appropriate, if relevant.
Select “More options” to see additional information, including details about managing your privacy settings. You can also visit g.co/privacytools at any time.
Reject all
Accept all
More options
Privacy Policy
Terms of Service",https://news.google.com/rss/articles/CBMiiAFBVV95cUxQQXBsUmFNNzNPZDlOWmQwTVdxODFLekdFSzBuOWNEOHB4OVRPcXRYUlBaa0hzWGNJYVExNXVNZFl3VlVGSnEwTmt4Ml95R1k1bmdDQkdNMTdaeVRZQXI4R0FqaktORHRadzBIeUZIa1IwV2hDNVl3ZG1Fc1RDZEtUZVowTGFqd290?oc=5
2025-04-28,MSFT,Microsoft,Microsoft Stock Has 'Derisked Setup' Ahead Of March-Quarter Report - Investor's Business Daily,"EN
Sign in
Before you continue to Google
We use cookies and data to
Deliver and maintain Google services
Track outages and protect against spam, fraud, and abuse
Measure audience engagement and site statistics to understand how our services are used and enhance the quality of those services
If you choose to “Accept all,” we will also use cookies and data to
Develop and improve new services
Deliver and measure the effectiveness of ads
Show personalized content, depending on your settings
Show personalized ads, depending on your settings
If you choose to “Reject all,” we will not use cookies for these additional purposes.
Non-personalized content is influenced by things like the content you’re currently viewing, activity in your active Search session, and your location. Non-personalized ads are influenced by the content you’re currently viewing and your general location. Personalized content and ads can also include more relevant results, recommendations, and tailored ads based on past activity from this browser, like previous Google searches. We also use cookies and data to tailor the experience to be age-appropriate, if relevant.
Select “More options” to see additional information, including details about managing your privacy settings. You can also visit g.co/privacytools at any time.
Reject all
Accept all
More options
Privacy Policy
Terms of Service",https://news.google.com/rss/articles/CBMimwFBVV95cUxQdEVRelpFWVljRmNoclo0Y19tN3J4SVN0Y29CMzQ1T0FWWGl3WEFiLUZDWXVMVW90aDJEaEREbXNUNnE0N25kTTgzREtzcGpDTTJmMFRycENRVG1ZTzAtS0pEbUFlMTN2ajFQREtkYVJJNmNKbHNtLXhkWFZ6NUJza2FFSkpEMTkxMEYxY0REd2dCUms3YkstRGNuZw?oc=5
2025-04-29,MSFT,Microsoft,What Analysts Think of Microsoft Stock Ahead of Earnings - Investopedia,"EN
Sign in
Before you continue to Google
We use cookies and data to
Deliver and maintain Google services
Track outages and protect against spam, fraud, and abuse
Measure audience engagement and site statistics to understand how our services are used and enhance the quality of those services
If you choose to “Accept all,” we will also use cookies and data to
Develop and improve new services
Deliver and measure the effectiveness of ads
Show personalized content, depending on your settings
Show personalized ads, depending on your settings
If you choose to “Reject all,” we will not use cookies for these additional purposes.
Non-personalized content is influenced by things like the content you’re currently viewing, activity in your active Search session, and your location. Non-personalized ads are influenced by the content you’re currently viewing and your general location. Personalized content and ads can also include more relevant results, recommendations, and tailored ads based on past activity from this browser, like previous Google searches. We also use cookies and data to tailor the experience to be age-appropriate, if relevant.
Select “More options” to see additional information, including details about managing your privacy settings. You can also visit g.co/privacytools at any time.
Reject all
Accept all
More options
Privacy Policy
Terms of Service",https://news.google.com/rss/articles/CBMisAFBVV95cUxPZENjMU9VeGd6ODJBR1pZQXRhX1g0YUZtdVFsY2lsczA3WHUtVmx4dlplMXpadkNHd0pwQ1VERWJNZkpxRXZOMUVBanA2WlBJaGF2blkzTy1zZ1Uzb3JoMVNoRUlkbWlLOHU0a2s0RlA5UUM5RjVGbGJUdng3Ukp1R3AtSktnRlh4YUQ5RndVckFrYlJpNUhDR0VKX1JRYVVLTFkzYm4xUzU3UFRwRUlnMg?oc=5
2025-04-29,MSFT,Microsoft,Microsoft Earnings Preview: Will Q3 Results Boost the Stock? - Nasdaq,"EN
Sign in
Before you continue to Google
We use cookies and data to
Deliver and maintain Google services
Track outages and protect against spam, fraud, and abuse
Measure audience engagement and site statistics to understand how our services are used and enhance the quality of those services
If you choose to “Accept all,” we will also use cookies and data to
Develop and improve new services
Deliver and measure the effectiveness of ads
Show personalized content, depending on your settings
Show personalized ads, depending on your settings
If you choose to “Reject all,” we will not use cookies for these additional purposes.
Non-personalized content is influenced by things like the content you’re currently viewing, activity in your active Search session, and your location. Non-personalized ads are influenced by the content you’re currently viewing and your general location. Personalized content and ads can also include more relevant results, recommendations, and tailored ads based on past activity from this browser, like previous Google searches. We also use cookies and data to tailor the experience to be age-appropriate, if relevant.
Select “More options” to see additional information, including details about managing your privacy settings. You can also visit g.co/privacytools at any time.
Reject all
Accept all
More options
Privacy Policy
Terms of Service",https://news.google.com/rss/articles/CBMijwFBVV95cUxOM3RVMmZhdTg5c3NmUXJtT3IwRElBQmJVREwxWHozVzBKVVNhY2ppdWhZRjF0SGt6NDFObW1BaE1HaS1nWFdudUJLcFFLRTVOZEtfd2pIYWJ5T1dNaDlYU1g4bF9BdXM1NFBwRWdlMW55M2NTRUJLQzdJTFVkTVh3bXpsSnlpN3dJLTBqX01xOA?oc=5
2025-04-25,MSFT,Microsoft,"Dear Microsoft Stock Fans, Mark Your Calendars For April 30 - Barchart.com","EN
Sign in
Before you continue to Google
We use cookies and data to
Deliver and maintain Google services
Track outages and protect against spam, fraud, and abuse
Measure audience engagement and site statistics to understand how our services are used and enhance the quality of those services
If you choose to “Accept all,” we will also use cookies and data to
Develop and improve new services
Deliver and measure the effectiveness of ads
Show personalized content, depending on your settings
Show personalized ads, depending on your settings
If you choose to “Reject all,” we will not use cookies for these additional purposes.
Non-personalized content is influenced by things like the content you’re currently viewing, activity in your active Search session, and your location. Non-personalized ads are influenced by the content you’re currently viewing and your general location. Personalized content and ads can also include more relevant results, recommendations, and tailored ads based on past activity from this browser, like previous Google searches. We also use cookies and data to tailor the experience to be age-appropriate, if relevant.
Select “More options” to see additional information, including details about managing your privacy settings. You can also visit g.co/privacytools at any time.
Reject all
Accept all
More options
Privacy Policy
Terms of Service",https://news.google.com/rss/articles/CBMipgFBVV95cUxOcDlBTnZBdmxaQTB1cG5uTy00NF9vU0pFYnN1M3BZbzJKT0lMR081aVdUbDBWRmx2dUdiQmZwZXJXVnVDOXFlSUdNUWJhZ0I0V3Z5cHg5dzNReVpsZDc1eFU1YWJDS2otVUNkRF91ZU5Ta3h4aFJpaC1CeGRWMTBaZzVSa25JamNQX1h2bGhLbFpVZlVGbTh0TjM2MWF5Y1YyV2lUelln?oc=5
2025-04-30,MSFT,Microsoft,How To Earn $500 A Month From Microsoft Stock Ahead Of Q3 Earnings - Yahoo Finance,"EN
Sign in
Before you continue to Google
We use cookies and data to
Deliver and maintain Google services
Track outages and protect against spam, fraud, and abuse
Measure audience engagement and site statistics to understand how our services are used and enhance the quality of those services
If you choose to “Accept all,” we will also use cookies and data to
Develop and improve new services
Deliver and measure the effectiveness of ads
Show personalized content, depending on your settings
Show personalized ads, depending on your settings
If you choose to “Reject all,” we will not use cookies for these additional purposes.
Non-personalized content is influenced by things like the content you’re currently viewing, activity in your active Search session, and your location. Non-personalized ads are influenced by the content you’re currently viewing and your general location. Personalized content and ads can also include more relevant results, recommendations, and tailored ads based on past activity from this browser, like previous Google searches. We also use cookies and data to tailor the experience to be age-appropriate, if relevant.
Select “More options” to see additional information, including details about managing your privacy settings. You can also visit g.co/privacytools at any time.
Reject all
Accept all
More options
Privacy Policy
Terms of Service",https://news.google.com/rss/articles/CBMiggFBVV95cUxOQkFaRE5XcE5FYXRRWlYwTHJFMlVaN1NmVnVLLTdOcnZWYWs2cXg1X0h6dnkza0F6OU5EaXBpTkFpeElCSy0yU250bnB6b0VyQW83b1ZfU1o5VXNXUFhmUF8wYWFWcUZzaWlqXzVTTWdUX1NraktfLUN2WFZ3Yi1QakdR?oc=5
2025-04-28,MSFT,Microsoft,Microsoft shares terrifying new use for AI - TheStreet,"EN
Sign in
Before you continue to Google
We use cookies and data to
Deliver and maintain Google services
Track outages and protect against spam, fraud, and abuse
Measure audience engagement and site statistics to understand how our services are used and enhance the quality of those services
If you choose to “Accept all,” we will also use cookies and data to
Develop and improve new services
Deliver and measure the effectiveness of ads
Show personalized content, depending on your settings
Show personalized ads, depending on your settings
If you choose to “Reject all,” we will not use cookies for these additional purposes.
Non-personalized content is influenced by things like the content you’re currently viewing, activity in your active Search session, and your location. Non-personalized ads are influenced by the content you’re currently viewing and your general location. Personalized content and ads can also include more relevant results, recommendations, and tailored ads based on past activity from this browser, like previous Google searches. We also use cookies and data to tailor the experience to be age-appropriate, if relevant.
Select “More options” to see additional information, including details about managing your privacy settings. You can also visit g.co/privacytools at any time.
Reject all
Accept all
More options
Privacy Policy
Terms of Service",https://news.google.com/rss/articles/CBMihwFBVV95cUxQam5za1NRejc4ZExITXpWUmpXLS1aRmxSQmMxbHo4eWs3WXdtS2RzcXlaMGN2Umo5bHVnem8wdjBjTlRWQ2h3ckc4QVd5ekZKT1ZwWDdJUzJ0SnZnZXhqYWZiaWI3WWFoaGR6S1BHdkFmVFljQkFBV3BjeVhHSTVNUHVkdTE4RUU?oc=5
2025-04-27,MSFT,Microsoft,"Apple, Microsoft, Meta, Coke, and Many More Stocks to Watch This Week - Barron's","EN
Sign in
Before you continue to Google
We use cookies and data to
Deliver and maintain Google services
Track outages and protect against spam, fraud, and abuse
Measure audience engagement and site statistics to understand how our services are used and enhance the quality of those services
If you choose to “Accept all,” we will also use cookies and data to
Develop and improve new services
Deliver and measure the effectiveness of ads
Show personalized content, depending on your settings
Show personalized ads, depending on your settings
If you choose to “Reject all,” we will not use cookies for these additional purposes.
Non-personalized content is influenced by things like the content you’re currently viewing, activity in your active Search session, and your location. Non-personalized ads are influenced by the content you’re currently viewing and your general location. Personalized content and ads can also include more relevant results, recommendations, and tailored ads based on past activity from this browser, like previous Google searches. We also use cookies and data to tailor the experience to be age-appropriate, if relevant.
Select “More options” to see additional information, including details about managing your privacy settings. You can also visit g.co/privacytools at any time.
Reject all
Accept all
More options
Privacy Policy
Terms of Service",https://news.google.com/rss/articles/CBMiiwFBVV95cUxONnJkTWtHWXRyMG5CT0xVMU1XWk1CWVlnM2U3M1cyVk94QWlxVHl2dFpTWVFadWgxYmw4RmlJdzM2UWxTa0xnTUttcTU5Y2tpSjEyRl9lbjRacDBiVFpINlZqLVA2UmNBd0hlSHJRdUo0VWJFM05tQ1JMaDRNSGdxZDBhazFaWHZueDNr?oc=5
2025-04-25,MSFT,Microsoft,"Dear Microsoft Stock Fans, Mark Your Calendars for April 30 - MSN","EN
Sign in
Before you continue to Google
We use cookies and data to
Deliver and maintain Google services
Track outages and protect against spam, fraud, and abuse
Measure audience engagement and site statistics to understand how our services are used and enhance the quality of those services
If you choose to “Accept all,” we will also use cookies and data to
Develop and improve new services
Deliver and measure the effectiveness of ads
Show personalized content, depending on your settings
Show personalized ads, depending on your settings
If you choose to “Reject all,” we will not use cookies for these additional purposes.
Non-personalized content is influenced by things like the content you’re currently viewing, activity in your active Search session, and your location. Non-personalized ads are influenced by the content you’re currently viewing and your general location. Personalized content and ads can also include more relevant results, recommendations, and tailored ads based on past activity from this browser, like previous Google searches. We also use cookies and data to tailor the experience to be age-appropriate, if relevant.
Select “More options” to see additional information, including details about managing your privacy settings. You can also visit g.co/privacytools at any time.
Reject all
Accept all
More options
Privacy Policy
Terms of Service",https://news.google.com/rss/articles/CBMizwFBVV95cUxOMnpYdWV5YzVJNTlHRVZvbThVQnZDeTJHaHo4ZGdTa09zNC1oTTBhajA1aV9HbmtQX29BendfQTNpVlV4QmwtSzhjUDFWb2tOT3Z2Z1F4TWI2MlFWNEdZZTNabHdsQkhMLWdjU1gxc0NNVVgzUmVPSjEwNklHbzNHN1RmUlhpXzdIdXhrZVZPV0RjX21DQlc0dWxRX1BqaGFZRXVvS0E5LXJGU3VsWk51dVFSZGdvWlpKMTJ1SnBJdVh0by01TkppZGp0Yy1qdU0?oc=5
2025-04-30,MSFT,Microsoft,Meta And Microsoft Will Report Earnings Today: What To Expect From Big Tech Results - Forbes,"EN
Sign in
Before you continue to Google
We use cookies and data to
Deliver and maintain Google services
Track outages and protect against spam, fraud, and abuse
Measure audience engagement and site statistics to understand how our services are used and enhance the quality of those services
If you choose to “Accept all,” we will also use cookies and data to
Develop and improve new services
Deliver and measure the effectiveness of ads
Show personalized content, depending on your settings
Show personalized ads, depending on your settings
If you choose to “Reject all,” we will not use cookies for these additional purposes.
Non-personalized content is influenced by things like the content you’re currently viewing, activity in your active Search session, and your location. Non-personalized ads are influenced by the content you’re currently viewing and your general location. Personalized content and ads can also include more relevant results, recommendations, and tailored ads based on past activity from this browser, like previous Google searches. We also use cookies and data to tailor the experience to be age-appropriate, if relevant.
Select “More options” to see additional information, including details about managing your privacy settings. You can also visit g.co/privacytools at any time.
Reject all
Accept all
More options
Privacy Policy
Terms of Service",https://news.google.com/rss/articles/CBMizgFBVV95cUxORlhvdWN3SGNzQU02SGRPQkxKcWZmcTBwbFpIcTVfdnlJOV9UWTZyci0xY2VETkRrZ2xoVkpTU2RRQ2huaWxUeElSVHlHZU5ZOVI5QVhwLWZocko0YUV0ckh4dGhkMFYwdkhTM1BfQ3BqMUhMZ09yRmVQSHp4TWlzTnl1dl9HU3lwTDhTczhjVkRFYVZXTGlVMmFwQlJGdXBmVl9NaXZwcnU3UjN3eTR2MjZLSmlUUzJ0dTFTaU5Tb1V2YWNNSFJ2amVyOGxiZw?oc=5
2025-04-28,MSFT,Microsoft,Analysts Cut Price Targets on Microsoft Stock (MSFT) Ahead of Q3 Earnings Report - TipRanks,"EN
Sign in
Before you continue to Google
We use cookies and data to
Deliver and maintain Google services
Track outages and protect against spam, fraud, and abuse
Measure audience engagement and site statistics to understand how our services are used and enhance the quality of those services
If you choose to “Accept all,” we will also use cookies and data to
Develop and improve new services
Deliver and measure the effectiveness of ads
Show personalized content, depending on your settings
Show personalized ads, depending on your settings
If you choose to “Reject all,” we will not use cookies for these additional purposes.
Non-personalized content is influenced by things like the content you’re currently viewing, activity in your active Search session, and your location. Non-personalized ads are influenced by the content you’re currently viewing and your general location. Personalized content and ads can also include more relevant results, recommendations, and tailored ads based on past activity from this browser, like previous Google searches. We also use cookies and data to tailor the experience to be age-appropriate, if relevant.
Select “More options” to see additional information, including details about managing your privacy settings. You can also visit g.co/privacytools at any time.
Reject all
Accept all
More options
Privacy Policy
Terms of Service",https://news.google.com/rss/articles/CBMirAFBVV95cUxOSlpKdGFrb0FXTW9HRlR5eEQ0eHFUU1R5SkNoY2lpMV9JTGhGLTdETXh2QTdVT2dnd0lVNFhWYXFCTDRocVlia0pWZ1IwZi1sM05Pd0ZBM05uaUoxSExWejFHT0dJVDFmWHlvSUljMTBsTUNhaUIzUnVfUmlqY25UdVdudURubkZWbXFqaG1oSmdXZmpTQmg4ZS1nTUQ1M0lXRGNick1RV0hoVHJ2?oc=5
2025-04-30,MSFT,Microsoft,"Microsoft Q3 preview: Wall Street, amid tariff fears, is looking for proof AI is paying off - Yahoo Finance","EN
Sign in
Before you continue to Google
We use cookies and data to
Deliver and maintain Google services
Track outages and protect against spam, fraud, and abuse
Measure audience engagement and site statistics to understand how our services are used and enhance the quality of those services
If you choose to “Accept all,” we will also use cookies and data to
Develop and improve new services
Deliver and measure the effectiveness of ads
Show personalized content, depending on your settings
Show personalized ads, depending on your settings
If you choose to “Reject all,” we will not use cookies for these additional purposes.
Non-personalized content is influenced by things like the content you’re currently viewing, activity in your active Search session, and your location. Non-personalized ads are influenced by the content you’re currently viewing and your general location. Personalized content and ads can also include more relevant results, recommendations, and tailored ads based on past activity from this browser, like previous Google searches. We also use cookies and data to tailor the experience to be age-appropriate, if relevant.
Select “More options” to see additional information, including details about managing your privacy settings. You can also visit g.co/privacytools at any time.
Reject all
Accept all
More options
Privacy Policy
Terms of Service",https://news.google.com/rss/articles/CBMizwFBVV95cUxNaGlBenVRU2UwMjNKSld4QnVwR29sVWRhN29aakdTc2pfR2duOHB4c2N2UktfSnNpbFNlUTNCb1lBZUJDTXRzUWk0SUYwU2VBNmZtcGw1bkU5Rmp5YlBCeU9tYy1MU2hhNkdLeE93SUZIU1duUHZzSXpnTDBuREN4V294dlBQckdLNmdLVXptbkJXZ0c2bEotU0dFSTNGM01rTlRyM0hiWFVPQ3lCMW56NEFRVldJaXlDVzBrTlNkSlFVRTMzblVLTTRaZU5Gck0?oc=5
2025-04-28,MSFT,Microsoft,"Clues From Google Earnings With Microsoft, Apple, Amazon Reports On Deck - Investor's Business Daily","EN
Sign in
Before you continue to Google
We use cookies and data to
Deliver and maintain Google services
Track outages and protect against spam, fraud, and abuse
Measure audience engagement and site statistics to understand how our services are used and enhance the quality of those services
If you choose to “Accept all,” we will also use cookies and data to
Develop and improve new services
Deliver and measure the effectiveness of ads
Show personalized content, depending on your settings
Show personalized ads, depending on your settings
If you choose to “Reject all,” we will not use cookies for these additional purposes.
Non-personalized content is influenced by things like the content you’re currently viewing, activity in your active Search session, and your location. Non-personalized ads are influenced by the content you’re currently viewing and your general location. Personalized content and ads can also include more relevant results, recommendations, and tailored ads based on past activity from this browser, like previous Google searches. We also use cookies and data to tailor the experience to be age-appropriate, if relevant.
Select “More options” to see additional information, including details about managing your privacy settings. You can also visit g.co/privacytools at any time.
Reject all
Accept all
More options
Privacy Policy
Terms of Service",https://news.google.com/rss/articles/CBMilwFBVV95cUxOWE5UNnRSdGZzTV8yb0JacU1reC04R3l5VWdEUEs0c1FJYlViaDgzdWlvRXZoWjNCTUpVLXd4dkFuWDMwb1R4Y2d6RTh2YTNVNVRYTlE1b3EtUTRKS3lJdGowVk5SbTlDb0dudnIzTkh6Uk1fckNRMVhXZ0RzOUVPbHpmblpUNUgwMHlISmZNaVRwNlV5Q1cw?oc=5
2025-04-28,MSFT,Microsoft,Time to Buy Microsoft or Meta Stock as Earnings Approach? - Nasdaq,"EN
Sign in
Before you continue to Google
We use cookies and data to
Deliver and maintain Google services
Track outages and protect against spam, fraud, and abuse
Measure audience engagement and site statistics to understand how our services are used and enhance the quality of those services
If you choose to “Accept all,” we will also use cookies and data to
Develop and improve new services
Deliver and measure the effectiveness of ads
Show personalized content, depending on your settings
Show personalized ads, depending on your settings
If you choose to “Reject all,” we will not use cookies for these additional purposes.
Non-personalized content is influenced by things like the content you’re currently viewing, activity in your active Search session, and your location. Non-personalized ads are influenced by the content you’re currently viewing and your general location. Personalized content and ads can also include more relevant results, recommendations, and tailored ads based on past activity from this browser, like previous Google searches. We also use cookies and data to tailor the experience to be age-appropriate, if relevant.
Select “More options” to see additional information, including details about managing your privacy settings. You can also visit g.co/privacytools at any time.
Reject all
Accept all
More options
Privacy Policy
Terms of Service",https://news.google.com/rss/articles/CBMiigFBVV95cUxPLTNoQXRTVnZxcE1MNERFRzg3V2ZSU1pCdXNfemUyTW5wTUZNekFVZzJ4ZnJLY3pQMk5xRi1iVi1DNi11Snh3VmZ6OEs1Nm1FSnJScUJNS3pFakcxVTZBbE5Pcmk3X01XVWRHclJidEhGUU41MjU2X0k0TkFxU21HYU9DN1lDR1R0Z2c?oc=5
2025-04-28,MSFT,Microsoft,Is Microsoft Stock a Buy Ahead of Earnings? - TipRanks,"EN
Sign in
Before you continue to Google
We use cookies and data to
Deliver and maintain Google services
Track outages and protect against spam, fraud, and abuse
Measure audience engagement and site statistics to understand how our services are used and enhance the quality of those services
If you choose to “Accept all,” we will also use cookies and data to
Develop and improve new services
Deliver and measure the effectiveness of ads
Show personalized content, depending on your settings
Show personalized ads, depending on your settings
If you choose to “Reject all,” we will not use cookies for these additional purposes.
Non-personalized content is influenced by things like the content you’re currently viewing, activity in your active Search session, and your location. Non-personalized ads are influenced by the content you’re currently viewing and your general location. Personalized content and ads can also include more relevant results, recommendations, and tailored ads based on past activity from this browser, like previous Google searches. We also use cookies and data to tailor the experience to be age-appropriate, if relevant.
Select “More options” to see additional information, including details about managing your privacy settings. You can also visit g.co/privacytools at any time.
Reject all
Accept all
More options
Privacy Policy
Terms of Service",https://news.google.com/rss/articles/CBMioAFBVV95cUxNUjBCVmpScjZ1azhEQjN4UmRaa0lHUU1xMlJxSC13MEZ4Uk5UMEpxeHpLbDRoUU9ieGp3SFFrT1p5MGcyb3B6WkJpcDBMa0xFQ0VjaEVLS1hFOTBlWDhfNGlLU2k3UjdGa1VfQzNJSnJpclc2MG40ZGxDYnRsTDhXaVR5YW5aQlBhZm9RT0VoS200ZW96S0NHd2dncEdUbDFi?oc=5
2025-04-30,MSFT,Microsoft,"If You Invested $10K In Microsoft Stock 10 Years Ago, How Much Would You Have Now? - Yahoo","EN
Sign in
Before you continue to Google
We use cookies and data to
Deliver and maintain Google services
Track outages and protect against spam, fraud, and abuse
Measure audience engagement and site statistics to understand how our services are used and enhance the quality of those services
If you choose to “Accept all,” we will also use cookies and data to
Develop and improve new services
Deliver and measure the effectiveness of ads
Show personalized content, depending on your settings
Show personalized ads, depending on your settings
If you choose to “Reject all,” we will not use cookies for these additional purposes.
Non-personalized content is influenced by things like the content you’re currently viewing, activity in your active Search session, and your location. Non-personalized ads are influenced by the content you’re currently viewing and your general location. Personalized content and ads can also include more relevant results, recommendations, and tailored ads based on past activity from this browser, like previous Google searches. We also use cookies and data to tailor the experience to be age-appropriate, if relevant.
Select “More options” to see additional information, including details about managing your privacy settings. You can also visit g.co/privacytools at any time.
Reject all
Accept all
More options
Privacy Policy
Terms of Service",https://news.google.com/rss/articles/CBMihwFBVV95cUxPelU4YTd2ZHBzRDlaai1pbm93NE5oa0VoU25rZEIzTVI1NWpPYjNpOXhxYzVqelhfcmFTQjhMZXUwNElTMUVNMngxQlRmOHh6anZwTEtULTdySlY3OFowVnVmeVA3SGxNTXRPYTFkcmppSFZqa3k1dElFc0pBSW1zS0tFcjVrSVU?oc=5
2025-04-29,MSFT,Microsoft,"Magnificent Seven Stocks Watch: Nvidia, Tesla Sell Off - Investor's Business Daily","EN
Sign in
Before you continue to Google
We use cookies and data to
Deliver and maintain Google services
Track outages and protect against spam, fraud, and abuse
Measure audience engagement and site statistics to understand how our services are used and enhance the quality of those services
If you choose to “Accept all,” we will also use cookies and data to
Develop and improve new services
Deliver and measure the effectiveness of ads
Show personalized content, depending on your settings
Show personalized ads, depending on your settings
If you choose to “Reject all,” we will not use cookies for these additional purposes.
Non-personalized content is influenced by things like the content you’re currently viewing, activity in your active Search session, and your location. Non-personalized ads are influenced by the content you’re currently viewing and your general location. Personalized content and ads can also include more relevant results, recommendations, and tailored ads based on past activity from this browser, like previous Google searches. We also use cookies and data to tailor the experience to be age-appropriate, if relevant.
Select “More options” to see additional information, including details about managing your privacy settings. You can also visit g.co/privacytools at any time.
Reject all
Accept all
More options
Privacy Policy
Terms of Service",https://news.google.com/rss/articles/CBMie0FVX3lxTFB6UE0zMU96cW1vdmN1cE1RQjd4RzlqbFVycEk2VlVNRFY3aDFmU1E2eGYyQi1XV09zTEF3SnFaZVMtMWJiV3VzVmtrSy1KNXZZYUctTXgxOFNJRkFRaFJiUkZHSjBaNHM1SU5iTmpFQ0NvYUlVeXIzaUF2aw?oc=5
2025-04-26,MSFT,Microsoft,Is Microsoft Corporation (MSFT) the Best Safe Stock to Buy According to Hedge Funds? - Yahoo Finance,"EN
Sign in
Before you continue to Google
We use cookies and data to
Deliver and maintain Google services
Track outages and protect against spam, fraud, and abuse
Measure audience engagement and site statistics to understand how our services are used and enhance the quality of those services
If you choose to “Accept all,” we will also use cookies and data to
Develop and improve new services
Deliver and measure the effectiveness of ads
Show personalized content, depending on your settings
Show personalized ads, depending on your settings
If you choose to “Reject all,” we will not use cookies for these additional purposes.
Non-personalized content is influenced by things like the content you’re currently viewing, activity in your active Search session, and your location. Non-personalized ads are influenced by the content you’re currently viewing and your general location. Personalized content and ads can also include more relevant results, recommendations, and tailored ads based on past activity from this browser, like previous Google searches. We also use cookies and data to tailor the experience to be age-appropriate, if relevant.
Select “More options” to see additional information, including details about managing your privacy settings. You can also visit g.co/privacytools at any time.
Reject all
Accept all
More options
Privacy Policy
Terms of Service",https://news.google.com/rss/articles/CBMiigFBVV95cUxPbUtYLWFIU1lBbUtMRTMxeGFJVEE5cWNvVVdEZE9ERzlSSmpweFhydENpSmdQRmc5WkJ3TFU5TEdaODl2eFgtb3dxR0t5OHl5MFhaXzFyNi1wUTg1Q3lyOWhvQmd4SFF3WDZtN2tqcHp6OWhDekYwTExmZjdCbzFsLWtHVFppVHo5eWc?oc=5
2025-04-28,MSFT,Microsoft,Jim Cramer Says Microsoft (MSFT) Stock Has Been ‘Abysmal’ - Yahoo Finance,"EN
Sign in
Before you continue to Google
We use cookies and data to
Deliver and maintain Google services
Track outages and protect against spam, fraud, and abuse
Measure audience engagement and site statistics to understand how our services are used and enhance the quality of those services
If you choose to “Accept all,” we will also use cookies and data to
Develop and improve new services
Deliver and measure the effectiveness of ads
Show personalized content, depending on your settings
Show personalized ads, depending on your settings
If you choose to “Reject all,” we will not use cookies for these additional purposes.
Non-personalized content is influenced by things like the content you’re currently viewing, activity in your active Search session, and your location. Non-personalized ads are influenced by the content you’re currently viewing and your general location. Personalized content and ads can also include more relevant results, recommendations, and tailored ads based on past activity from this browser, like previous Google searches. We also use cookies and data to tailor the experience to be age-appropriate, if relevant.
Select “More options” to see additional information, including details about managing your privacy settings. You can also visit g.co/privacytools at any time.
Reject all
Accept all
More options
Privacy Policy
Terms of Service",https://news.google.com/rss/articles/CBMiggFBVV95cUxPSThfSWY3QVhsWTFsaXFyYS1uOXd0S2tEN1dzVU90LTI4cXBxdTBqTGhXbUFyUXZQS2NtY1BmZDZUbmVhcXJMek8wX0c2Wk5icGtvbWRzQVl0RFNFMkViUFc1dkdBRllaYVBqdW1hLXM5S0MzVC1iN2RmZE1tdEVmM3FB?oc=5
2025-04-27,MSFT,Microsoft,"Prediction: This Stock Will Be Worth More Than Nvidia, Microsoft, and Apple 5 Years From Now - Yahoo Finance","EN
Sign in
Before you continue to Google
We use cookies and data to
Deliver and maintain Google services
Track outages and protect against spam, fraud, and abuse
Measure audience engagement and site statistics to understand how our services are used and enhance the quality of those services
If you choose to “Accept all,” we will also use cookies and data to
Develop and improve new services
Deliver and measure the effectiveness of ads
Show personalized content, depending on your settings
Show personalized ads, depending on your settings
If you choose to “Reject all,” we will not use cookies for these additional purposes.
Non-personalized content is influenced by things like the content you’re currently viewing, activity in your active Search session, and your location. Non-personalized ads are influenced by the content you’re currently viewing and your general location. Personalized content and ads can also include more relevant results, recommendations, and tailored ads based on past activity from this browser, like previous Google searches. We also use cookies and data to tailor the experience to be age-appropriate, if relevant.
Select “More options” to see additional information, including details about managing your privacy settings. You can also visit g.co/privacytools at any time.
Reject all
Accept all
More options
Privacy Policy
Terms of Service",https://news.google.com/rss/articles/CBMihwFBVV95cUxNb1pFWXNXM2dJM1IxSHF4cHhsbXpTVVNFRE1nVEg1ckJfQlJ4dS1Yc1FTWVE2MmMxd2ptdXpZNmVULWlCVFNXaVNrNGk1WFBGeHk2VkxYUVBWUWtJTXlPNUdqdEpHWlpITGthbnh1cE5hRDFCdFpiU1l6dUZPUVEtRE5FYmUxQk0?oc=5
2025-04-26,MSFT,Microsoft,Microsoft Corporation (MSFT): Among Billionaire Steve Cohen’s Large-Cap Stock Picks With Huge Upside Potential - Yahoo Finance,"EN
Sign in
Before you continue to Google
We use cookies and data to
Deliver and maintain Google services
Track outages and protect against spam, fraud, and abuse
Measure audience engagement and site statistics to understand how our services are used and enhance the quality of those services
If you choose to “Accept all,” we will also use cookies and data to
Develop and improve new services
Deliver and measure the effectiveness of ads
Show personalized content, depending on your settings
Show personalized ads, depending on your settings
If you choose to “Reject all,” we will not use cookies for these additional purposes.
Non-personalized content is influenced by things like the content you’re currently viewing, activity in your active Search session, and your location. Non-personalized ads are influenced by the content you’re currently viewing and your general location. Personalized content and ads can also include more relevant results, recommendations, and tailored ads based on past activity from this browser, like previous Google searches. We also use cookies and data to tailor the experience to be age-appropriate, if relevant.
Select “More options” to see additional information, including details about managing your privacy settings. You can also visit g.co/privacytools at any time.
Reject all
Accept all
More options
Privacy Policy
Terms of Service",https://news.google.com/rss/articles/CBMilAFBVV95cUxOOU93RVczeU01TUFNX1ZTSy1pYTI3cTBQQWhDTWIzMFNuam9YT2VKMVpiU0gtMnR4S181d3lnRWNfcGMwX1FFcmVXeE5FbEFxbzJtcGtQbkRqR21YRmQ3RUdvb2VITjJsc1kzNEpTZURaM2lLMFNkQm1YZlNQamEtUTlNaUh1dDEtYWdJa0d3eGkxOG5X?oc=5
2024-01-08,NVDA,Nvidia,Nvidia Stock Jumps After Launching Chips Optimized for Running AI Locally - Investopedia,"EN
Sign in
Before you continue to Google
We use cookies and data to
Deliver and maintain Google services
Track outages and protect against spam, fraud, and abuse
Measure audience engagement and site statistics to understand how our services are used and enhance the quality of those services
If you choose to “Accept all,” we will also use cookies and data to
Develop and improve new services
Deliver and measure the effectiveness of ads
Show personalized content, depending on your settings
Show personalized ads, depending on your settings
If you choose to “Reject all,” we will not use cookies for these additional purposes.
Non-personalized content is influenced by things like the content you’re currently viewing, activity in your active Search session, and your location. Non-personalized ads are influenced by the content you’re currently viewing and your general location. Personalized content and ads can also include more relevant results, recommendations, and tailored ads based on past activity from this browser, like previous Google searches. We also use cookies and data to tailor the experience to be age-appropriate, if relevant.
Select “More options” to see additional information, including details about managing your privacy settings. You can also visit g.co/privacytools at any time.
Reject all
Accept all
More options
Privacy Policy
Terms of Service",https://news.google.com/rss/articles/CBMirwFBVV95cUxPWXpJMFJwS2ZXcXNMSVpydzZFUHl0ZzhOalg2WTB1QURBYXdJd0ZuVVB5aElDY3JYS1F3cS1QMGZfZHlSQmRIamtQS1VkeGJNS3duSFRvZm92ODRrY1FHMmMwUkEwVFVjYnBqUnQ0V2gxS1p2MVFpaFJaNzV5Y3N4ME45SV9KQnltcnoxTEtOdldoa003NFhJaU1RSkdPS3JWNmM2SmNHalRNeTRvVEs4?oc=5
2024-01-10,NVDA,Nvidia,Nvidia’s stock could rise above $600 — despite signs it’s already overbought - MarketWatch,"EN
Sign in
Before you continue to Google
We use cookies and data to
Deliver and maintain Google services
Track outages and protect against spam, fraud, and abuse
Measure audience engagement and site statistics to understand how our services are used and enhance the quality of those services
If you choose to “Accept all,” we will also use cookies and data to
Develop and improve new services
Deliver and measure the effectiveness of ads
Show personalized content, depending on your settings
Show personalized ads, depending on your settings
If you choose to “Reject all,” we will not use cookies for these additional purposes.
Non-personalized content is influenced by things like the content you’re currently viewing, activity in your active Search session, and your location. Non-personalized ads are influenced by the content you’re currently viewing and your general location. Personalized content and ads can also include more relevant results, recommendations, and tailored ads based on past activity from this browser, like previous Google searches. We also use cookies and data to tailor the experience to be age-appropriate, if relevant.
Select “More options” to see additional information, including details about managing your privacy settings. You can also visit g.co/privacytools at any time.
Reject all
Accept all
More options
Privacy Policy
Terms of Service",https://news.google.com/rss/articles/CBMitAFBVV95cUxNTFg0U2pxYXJzdWM5MXZIN3NiVnNLNTFkb1V1dnBxMWE4WjU5QlVOcFF3cGVhNFlJSGNkaUV0d21WcFNSdF9hejY4MGJiVk9BOVV2bjJ5STl3SkxmSF9rUzE0enJVLTlZQ0NGSFlzUG00QnFWMUtPNjV6dVBIVjB5NEpIMDNCQ0wyV0ZXLUwtUUJzczZNb1lQOXRkNXF6V2d0d1NQUmlyXzBRazB6b3phSEw0NG4?oc=5
2024-01-10,NVDA,Nvidia,Why Nvidia Stock Skyrocketed 239% in 2023 - The Motley Fool,"EN
Sign in
Before you continue to Google
We use cookies and data to
Deliver and maintain Google services
Track outages and protect against spam, fraud, and abuse
Measure audience engagement and site statistics to understand how our services are used and enhance the quality of those services
If you choose to “Accept all,” we will also use cookies and data to
Develop and improve new services
Deliver and measure the effectiveness of ads
Show personalized content, depending on your settings
Show personalized ads, depending on your settings
If you choose to “Reject all,” we will not use cookies for these additional purposes.
Non-personalized content is influenced by things like the content you’re currently viewing, activity in your active Search session, and your location. Non-personalized ads are influenced by the content you’re currently viewing and your general location. Personalized content and ads can also include more relevant results, recommendations, and tailored ads based on past activity from this browser, like previous Google searches. We also use cookies and data to tailor the experience to be age-appropriate, if relevant.
Select “More options” to see additional information, including details about managing your privacy settings. You can also visit g.co/privacytools at any time.
Reject all
Accept all
More options
Privacy Policy
Terms of Service",https://news.google.com/rss/articles/CBMiiwFBVV95cUxPNl9mSDRQYkE3ZEtCUC1xTFY5bnZtOHFkSHhiMXNaci10aGVCUWUwTWd3dklfSTMwc1NzQmtXaWpETTF1TGJLNm9mSUdHanIyS3Q2VVZXQ2h3Wi01N0Y3Z2FmYXFKWkJZcVFLVTRvVlNjQXVFdDIxcWhjUmJWZlR1dnQ4NEdBWkYzN2NB?oc=5
2024-01-02,NVDA,Nvidia,Why is Nvidia Stock Going Up? The Rise of Nvidia - XR Today,"EN
Sign in
Before you continue to Google
We use cookies and data to
Deliver and maintain Google services
Track outages and protect against spam, fraud, and abuse
Measure audience engagement and site statistics to understand how our services are used and enhance the quality of those services
If you choose to “Accept all,” we will also use cookies and data to
Develop and improve new services
Deliver and measure the effectiveness of ads
Show personalized content, depending on your settings
Show personalized ads, depending on your settings
If you choose to “Reject all,” we will not use cookies for these additional purposes.
Non-personalized content is influenced by things like the content you’re currently viewing, activity in your active Search session, and your location. Non-personalized ads are influenced by the content you’re currently viewing and your general location. Personalized content and ads can also include more relevant results, recommendations, and tailored ads based on past activity from this browser, like previous Google searches. We also use cookies and data to tailor the experience to be age-appropriate, if relevant.
Select “More options” to see additional information, including details about managing your privacy settings. You can also visit g.co/privacytools at any time.
Reject all
Accept all
More options
Privacy Policy
Terms of Service",https://news.google.com/rss/articles/CBMijwFBVV95cUxQUzI1bTdsNDBYSjBWTm1ZQTcwS2JyVjRfbU5Ea3NBdFpVY1dCRTdkaXIyWXNmYUh2bFBSbldoUlIzTmZQc2tGZVk1RWdRU21Jdlp4VmpPZ05pY0JyRVN4MkljRGNERmdMRmx5cFdjMDAtOEl4WGlpdGpVWjE1Y1o2TnBLd1ZqS2xCRVJKbUctYw?oc=5
2024-01-03,NVDA,Nvidia,Nvidia Stock (NVDA): What to Expect in 2024 - Nasdaq,"EN
Sign in
Before you continue to Google
We use cookies and data to
Deliver and maintain Google services
Track outages and protect against spam, fraud, and abuse
Measure audience engagement and site statistics to understand how our services are used and enhance the quality of those services
If you choose to “Accept all,” we will also use cookies and data to
Develop and improve new services
Deliver and measure the effectiveness of ads
Show personalized content, depending on your settings
Show personalized ads, depending on your settings
If you choose to “Reject all,” we will not use cookies for these additional purposes.
Non-personalized content is influenced by things like the content you’re currently viewing, activity in your active Search session, and your location. Non-personalized ads are influenced by the content you’re currently viewing and your general location. Personalized content and ads can also include more relevant results, recommendations, and tailored ads based on past activity from this browser, like previous Google searches. We also use cookies and data to tailor the experience to be age-appropriate, if relevant.
Select “More options” to see additional information, including details about managing your privacy settings. You can also visit g.co/privacytools at any time.
Reject all
Accept all
More options
Privacy Policy
Terms of Service",https://news.google.com/rss/articles/CBMifEFVX3lxTE5JODJmNHBBaG80ZFRtdHFtQVBwYUtCQm51V2N3SUk3YUdJMEdPbUdUSVdpYjVBOFUwVW0zRzUtY2U1R3ZrMHk1NkVHVjcyY2VtU1dObUJab3FHQWFxeVNmM1k1QkROLWZ2WERndDZQeDB1WmtraEhMcGVNaWE?oc=5
2024-01-08,NVDA,Nvidia,Nvidia rallies to record high as chipmaker announces AI-related components - Reuters,"EN
Sign in
Before you continue to Google
We use cookies and data to
Deliver and maintain Google services
Track outages and protect against spam, fraud, and abuse
Measure audience engagement and site statistics to understand how our services are used and enhance the quality of those services
If you choose to “Accept all,” we will also use cookies and data to
Develop and improve new services
Deliver and measure the effectiveness of ads
Show personalized content, depending on your settings
Show personalized ads, depending on your settings
If you choose to “Reject all,” we will not use cookies for these additional purposes.
Non-personalized content is influenced by things like the content you’re currently viewing, activity in your active Search session, and your location. Non-personalized ads are influenced by the content you’re currently viewing and your general location. Personalized content and ads can also include more relevant results, recommendations, and tailored ads based on past activity from this browser, like previous Google searches. We also use cookies and data to tailor the experience to be age-appropriate, if relevant.
Select “More options” to see additional information, including details about managing your privacy settings. You can also visit g.co/privacytools at any time.
Reject all
Accept all
More options
Privacy Policy
Terms of Service",https://news.google.com/rss/articles/CBMitgFBVV95cUxONzZRdm1pdG1NSlJWbXV4WmdWQzliZWlXcEVtMXR2WkhTOVEzMlp6UTZsNnBKSVVzV0FtcXBmeXNPRmg1WEFCcUJaSlRiRnQ1Yk9YQkZwVWp0eURDUUNLbEdzTkpKcnRnSEo3NXNyWlN6SXhPVEt2TnBxMFI5anRMWUFGaTJ6Rmh0N1FxTnZLSFIwRFc5cnVSYi1mb2FjM1MxNEhkaDRHeXk5Z09LY0JZSDFZclNzdw?oc=5
2024-01-22,NVDA,Nvidia,NVIDIA Corporation (NVDA) Stock Rocketed Over 200% in 2023 - Yahoo Finance,"EN
Sign in
Before you continue to Google
We use cookies and data to
Deliver and maintain Google services
Track outages and protect against spam, fraud, and abuse
Measure audience engagement and site statistics to understand how our services are used and enhance the quality of those services
If you choose to “Accept all,” we will also use cookies and data to
Develop and improve new services
Deliver and measure the effectiveness of ads
Show personalized content, depending on your settings
Show personalized ads, depending on your settings
If you choose to “Reject all,” we will not use cookies for these additional purposes.
Non-personalized content is influenced by things like the content you’re currently viewing, activity in your active Search session, and your location. Non-personalized ads are influenced by the content you’re currently viewing and your general location. Personalized content and ads can also include more relevant results, recommendations, and tailored ads based on past activity from this browser, like previous Google searches. We also use cookies and data to tailor the experience to be age-appropriate, if relevant.
Select “More options” to see additional information, including details about managing your privacy settings. You can also visit g.co/privacytools at any time.
Reject all
Accept all
More options
Privacy Policy
Terms of Service",https://news.google.com/rss/articles/CBMijAFBVV95cUxQbTh5RWlWYkpxMmd1SE9jTXlraHdGRkVSYmlYQzlHZkwxMW5VYlFSMmVKbVpCVURBRVNMZy10ZjlyUVdUNVkzWmtEM2E1ck5LQ29hcm02Q1V0a2ZMSHRvNmItMFh0MEZZZV9OTG9UZjZFT29NbnZxRGhFaS0tMW03QnY1TG5QZE1ndUJ4bw?oc=5
2024-01-10,NVDA,Nvidia,CHART OF THE DAY: Nvidia breaks out of 8-month holding pattern to record high - markets.businessinsider.com,"EN
Sign in
Before you continue to Google
We use cookies and data to
Deliver and maintain Google services
Track outages and protect against spam, fraud, and abuse
Measure audience engagement and site statistics to understand how our services are used and enhance the quality of those services
If you choose to “Accept all,” we will also use cookies and data to
Develop and improve new services
Deliver and measure the effectiveness of ads
Show personalized content, depending on your settings
Show personalized ads, depending on your settings
If you choose to “Reject all,” we will not use cookies for these additional purposes.
Non-personalized content is influenced by things like the content you’re currently viewing, activity in your active Search session, and your location. Non-personalized ads are influenced by the content you’re currently viewing and your general location. Personalized content and ads can also include more relevant results, recommendations, and tailored ads based on past activity from this browser, like previous Google searches. We also use cookies and data to tailor the experience to be age-appropriate, if relevant.
Select “More options” to see additional information, including details about managing your privacy settings. You can also visit g.co/privacytools at any time.
Reject all
Accept all
More options
Privacy Policy
Terms of Service",https://news.google.com/rss/articles/CBMitwFBVV95cUxQTm5GTE1aWjNyOWlaUzdpUkU5Z1hRS2FZWEo3alJmYWtKVEROSDNFWlJjS2lYMkJJWFV1S3RLWUhuRW5nZWhyM0phYzYwM0tqcnltNFRBcDdTMkFXRVNhb1loaDBjamtQU2NlSWJHLUFPWWJZZEtNVGstQ3NlQm1aZERTQUVYb2xzLWRpbFVncWktUk5BNVNSUkNLcnpqRE1TT1ZlWkdQN0pyTlRpOVp2ZmkzS09Jc2M?oc=5
2024-01-16,NVDA,Nvidia,"AMD, Nvidia Shares Rise On Bullish Wall Street Reports - Investor's Business Daily","EN
Sign in
Before you continue to Google
We use cookies and data to
Deliver and maintain Google services
Track outages and protect against spam, fraud, and abuse
Measure audience engagement and site statistics to understand how our services are used and enhance the quality of those services
If you choose to “Accept all,” we will also use cookies and data to
Develop and improve new services
Deliver and measure the effectiveness of ads
Show personalized content, depending on your settings
Show personalized ads, depending on your settings
If you choose to “Reject all,” we will not use cookies for these additional purposes.
Non-personalized content is influenced by things like the content you’re currently viewing, activity in your active Search session, and your location. Non-personalized ads are influenced by the content you’re currently viewing and your general location. Personalized content and ads can also include more relevant results, recommendations, and tailored ads based on past activity from this browser, like previous Google searches. We also use cookies and data to tailor the experience to be age-appropriate, if relevant.
Select “More options” to see additional information, including details about managing your privacy settings. You can also visit g.co/privacytools at any time.
Reject all
Accept all
More options
Privacy Policy
Terms of Service",https://news.google.com/rss/articles/CBMiowFBVV95cUxNWkU4eC01WFJ5aW42SmNmdWoyX2xITFFpNDlwamFTdHZVTlBhTEpKc2JkS3oycW1Vdy1GS241cV9xeE9aNDJJRVVobG55VE5kN2xZQXEyRFlIVjE1SG5zRTlQTXotZ3p6eFBZUmJNdFpCZEY4VFk5aXI5dUdMNk9HTXE5c1oxaVZzT1YwdXZzSldkanlYYTJqY2s1ZjlIam1xOHFZ?oc=5
2024-01-10,NVDA,Nvidia,Nvidia Stock Is Chasing Amazon. The Case for It Surpassing the Tech Giant. - Barron's,"EN
Sign in
Before you continue to Google
We use cookies and data to
Deliver and maintain Google services
Track outages and protect against spam, fraud, and abuse
Measure audience engagement and site statistics to understand how our services are used and enhance the quality of those services
If you choose to “Accept all,” we will also use cookies and data to
Develop and improve new services
Deliver and measure the effectiveness of ads
Show personalized content, depending on your settings
Show personalized ads, depending on your settings
If you choose to “Reject all,” we will not use cookies for these additional purposes.
Non-personalized content is influenced by things like the content you’re currently viewing, activity in your active Search session, and your location. Non-personalized ads are influenced by the content you’re currently viewing and your general location. Personalized content and ads can also include more relevant results, recommendations, and tailored ads based on past activity from this browser, like previous Google searches. We also use cookies and data to tailor the experience to be age-appropriate, if relevant.
Select “More options” to see additional information, including details about managing your privacy settings. You can also visit g.co/privacytools at any time.
Reject all
Accept all
More options
Privacy Policy
Terms of Service",https://news.google.com/rss/articles/CBMihAFBVV95cUxNSk80Uk5aeGF6TlNMazlEYmVzdlhJTE5zcS1tUXh6S0dnWWNQdEtXS015Mmd2cWdxakY4WWhDVTJQdmE3RUVEOE1FSEdlaFFuNUhPc2N4MTJ2MFpzYVdEb1MtclludlQzY2dHMzZtLVhaSTdLYkhib3Y5OGh4dDRrTkdwcGE?oc=5
2024-01-10,NVDA,Nvidia,(NVDA) Nvidia’s Stock Breakout Puts Amazon Within Sight (AMZN) - Bloomberg.com,"EN
Sign in
Before you continue to Google
We use cookies and data to
Deliver and maintain Google services
Track outages and protect against spam, fraud, and abuse
Measure audience engagement and site statistics to understand how our services are used and enhance the quality of those services
If you choose to “Accept all,” we will also use cookies and data to
Develop and improve new services
Deliver and measure the effectiveness of ads
Show personalized content, depending on your settings
Show personalized ads, depending on your settings
If you choose to “Reject all,” we will not use cookies for these additional purposes.
Non-personalized content is influenced by things like the content you’re currently viewing, activity in your active Search session, and your location. Non-personalized ads are influenced by the content you’re currently viewing and your general location. Personalized content and ads can also include more relevant results, recommendations, and tailored ads based on past activity from this browser, like previous Google searches. We also use cookies and data to tailor the experience to be age-appropriate, if relevant.
Select “More options” to see additional information, including details about managing your privacy settings. You can also visit g.co/privacytools at any time.
Reject all
Accept all
More options
Privacy Policy
Terms of Service",https://news.google.com/rss/articles/CBMirwFBVV95cUxNRFJaaXM3bThMVGxBMndXOXpSdlpmaXNoY0hXbjg2blIxR0s3a3F3YkRDQjI3RjBZdnVxQVJIaVBMVWcwSWJ4WUtXTlhwTDhLSk9UR0ZGNXp1ajZiVDYyLVZ4dHlMemNmVVp2UkxfdFBvQmFqd242RFNScExFV0hmQWpKVHIzUkN0SDJqQWVQT1RVakRBLXdaM2xDUG1wbmcxVTZBSUtyM1Y5R1V5MFZR?oc=5
2024-01-08,NVDA,Nvidia,Nvidia's stock tripled last year on AI excitement. What to expect as the next stage unfolds - CNBC,"EN
Sign in
Before you continue to Google
We use cookies and data to
Deliver and maintain Google services
Track outages and protect against spam, fraud, and abuse
Measure audience engagement and site statistics to understand how our services are used and enhance the quality of those services
If you choose to “Accept all,” we will also use cookies and data to
Develop and improve new services
Deliver and measure the effectiveness of ads
Show personalized content, depending on your settings
Show personalized ads, depending on your settings
If you choose to “Reject all,” we will not use cookies for these additional purposes.
Non-personalized content is influenced by things like the content you’re currently viewing, activity in your active Search session, and your location. Non-personalized ads are influenced by the content you’re currently viewing and your general location. Personalized content and ads can also include more relevant results, recommendations, and tailored ads based on past activity from this browser, like previous Google searches. We also use cookies and data to tailor the experience to be age-appropriate, if relevant.
Select “More options” to see additional information, including details about managing your privacy settings. You can also visit g.co/privacytools at any time.
Reject all
Accept all
More options
Privacy Policy
Terms of Service",https://news.google.com/rss/articles/CBMixAFBVV95cUxPdjdYejBIT1ZZQjBHb1EweWxzOHdJdGhvdWE1ZFliMHJmcFJucC0wNFJBVGpqQjZvcXFyNUttRGVwcFVpeVZ3YjFuWDFIQllCY1N3QWhZOFE4SEhUSVRMamtsTHJlUDkwNjdIZlF6VWRqVmtGR1d3R2NRcVdVWk9UNHRQazFsUDQ1d2dkVXBvSm5fMzFLb1FwT2d3emo1UDZJX0tGTU1iSnNINWlXMll2d0xLLW9hQWxIamxRXzdvWFZ0Z3J6?oc=5
2024-01-20,NVDA,Nvidia,Where Will Nvidia Stock Be in 5 Years? - The Motley Fool,"EN
Sign in
Before you continue to Google
We use cookies and data to
Deliver and maintain Google services
Track outages and protect against spam, fraud, and abuse
Measure audience engagement and site statistics to understand how our services are used and enhance the quality of those services
If you choose to “Accept all,” we will also use cookies and data to
Develop and improve new services
Deliver and measure the effectiveness of ads
Show personalized content, depending on your settings
Show personalized ads, depending on your settings
If you choose to “Reject all,” we will not use cookies for these additional purposes.
Non-personalized content is influenced by things like the content you’re currently viewing, activity in your active Search session, and your location. Non-personalized ads are influenced by the content you’re currently viewing and your general location. Personalized content and ads can also include more relevant results, recommendations, and tailored ads based on past activity from this browser, like previous Google searches. We also use cookies and data to tailor the experience to be age-appropriate, if relevant.
Select “More options” to see additional information, including details about managing your privacy settings. You can also visit g.co/privacytools at any time.
Reject all
Accept all
More options
Privacy Policy
Terms of Service",https://news.google.com/rss/articles/CBMihwFBVV95cUxOS1B1TVpnVE1TS2VKNVBmcTRWX0FsZzExSmZkTTNzS0w1ZndIdFZtazhRN1ItZk9qZGNQam15bGR1M2x0ZmgyR0hsM2d3R3FCOEdMZUJfX0RtQ3YyWTlWUDF0RmFYQm5CNEppNW1Ta1JrZTgyZ0RKZ2JtNmZyaFNJdkZMM0k2eVE?oc=5
2024-01-18,NVDA,Nvidia,Nvidia Stock 2025 Prediction: Can NVDA Become a $2 Trillion Company? - Nasdaq,"EN
Sign in
Before you continue to Google
We use cookies and data to
Deliver and maintain Google services
Track outages and protect against spam, fraud, and abuse
Measure audience engagement and site statistics to understand how our services are used and enhance the quality of those services
If you choose to “Accept all,” we will also use cookies and data to
Develop and improve new services
Deliver and measure the effectiveness of ads
Show personalized content, depending on your settings
Show personalized ads, depending on your settings
If you choose to “Reject all,” we will not use cookies for these additional purposes.
Non-personalized content is influenced by things like the content you’re currently viewing, activity in your active Search session, and your location. Non-personalized ads are influenced by the content you’re currently viewing and your general location. Personalized content and ads can also include more relevant results, recommendations, and tailored ads based on past activity from this browser, like previous Google searches. We also use cookies and data to tailor the experience to be age-appropriate, if relevant.
Select “More options” to see additional information, including details about managing your privacy settings. You can also visit g.co/privacytools at any time.
Reject all
Accept all
More options
Privacy Policy
Terms of Service",https://news.google.com/rss/articles/CBMiowFBVV95cUxOY1cwSGRhZG1aeGk0dlJkM0k3MExNU2VrOG9NZklWNXY1T3FLaDktblp0d3JDTU16dUQ0aUFHXzV6ek1jS1VpSkpPelRxWXNubnFSUkVIa2I3NExqUXhxQ3NZdEtPckU5eVVlXzZ6ZjJYeHNZZmo4TE1FS0RTS0p3QkVqdXFobnNhWWNPMDZ3REIwdUlWbzZhZHJDT1gxWEhBQUYw?oc=5
2024-01-02,NVDA,Nvidia,‘A deceptive tactic’: Nancy Pelosi disclosed a 7-figure bet on NVIDIA over the Christmas holidays — despite recent efforts to ‘permanently ban’ lawmakers from trading stocks - Yahoo Finance,"EN
Sign in
Before you continue to Google
We use cookies and data to
Deliver and maintain Google services
Track outages and protect against spam, fraud, and abuse
Measure audience engagement and site statistics to understand how our services are used and enhance the quality of those services
If you choose to “Accept all,” we will also use cookies and data to
Develop and improve new services
Deliver and measure the effectiveness of ads
Show personalized content, depending on your settings
Show personalized ads, depending on your settings
If you choose to “Reject all,” we will not use cookies for these additional purposes.
Non-personalized content is influenced by things like the content you’re currently viewing, activity in your active Search session, and your location. Non-personalized ads are influenced by the content you’re currently viewing and your general location. Personalized content and ads can also include more relevant results, recommendations, and tailored ads based on past activity from this browser, like previous Google searches. We also use cookies and data to tailor the experience to be age-appropriate, if relevant.
Select “More options” to see additional information, including details about managing your privacy settings. You can also visit g.co/privacytools at any time.
Reject all
Accept all
More options
Privacy Policy
Terms of Service",https://news.google.com/rss/articles/CBMijgFBVV95cUxPOU9mV3RKSGFhM1NGR2paQktrRElGNmJQZUNjT0RIUnpKLVU3U2ZxV0Q3Tjg2WjFQSnkyNUxQaldaLUtxbHpSaTBHaWRvY1pUV2Q4ZFFkWHNHbkp1UERHUUtBSGx1ZTBXdzdoTzduckVybW9UOFJVS3EwVjNZMnF4VXV6UV9rcURvTXdpN1lR?oc=5
2024-01-15,NVDA,Nvidia,"Nvidia kicks off 2024 by extending its eye-popping rally, with the chipmaker's valuation up $130 billion already - markets.businessinsider.com","EN
Sign in
Before you continue to Google
We use cookies and data to
Deliver and maintain Google services
Track outages and protect against spam, fraud, and abuse
Measure audience engagement and site statistics to understand how our services are used and enhance the quality of those services
If you choose to “Accept all,” we will also use cookies and data to
Develop and improve new services
Deliver and measure the effectiveness of ads
Show personalized content, depending on your settings
Show personalized ads, depending on your settings
If you choose to “Reject all,” we will not use cookies for these additional purposes.
Non-personalized content is influenced by things like the content you’re currently viewing, activity in your active Search session, and your location. Non-personalized ads are influenced by the content you’re currently viewing and your general location. Personalized content and ads can also include more relevant results, recommendations, and tailored ads based on past activity from this browser, like previous Google searches. We also use cookies and data to tailor the experience to be age-appropriate, if relevant.
Select “More options” to see additional information, including details about managing your privacy settings. You can also visit g.co/privacytools at any time.
Reject all
Accept all
More options
Privacy Policy
Terms of Service",https://news.google.com/rss/articles/CBMixAFBVV95cUxOSVVOM2tUY1VtdUFuYjZISnlvYk9CYS1KcFpHcVpacFRnNjRmY1JTcFFlREJlM1RCdWhfODcyQkxrMzhZcDczMmd2RUpmZDRiQkVHaV9EM1JhX3ZfQ2p3bzdGTV8xRTNpZ0U2VVU3S214azZJLXBBcHBqODE5djBXM1JyRHpZWEVieDMyZ01JN2lTSTI3QmhKanFtcEhkbDM3ZC1Xa1pjeER1bHl4d0d2TWZ5dzI2WGZpN3pwLURuREFOZmdi?oc=5
2024-01-04,NVDA,Nvidia,"Amazon and Nvidia Stock Have a Lot More Growth Ahead, This Manager Says - Barron's","EN
Sign in
Before you continue to Google
We use cookies and data to
Deliver and maintain Google services
Track outages and protect against spam, fraud, and abuse
Measure audience engagement and site statistics to understand how our services are used and enhance the quality of those services
If you choose to “Accept all,” we will also use cookies and data to
Develop and improve new services
Deliver and measure the effectiveness of ads
Show personalized content, depending on your settings
Show personalized ads, depending on your settings
If you choose to “Reject all,” we will not use cookies for these additional purposes.
Non-personalized content is influenced by things like the content you’re currently viewing, activity in your active Search session, and your location. Non-personalized ads are influenced by the content you’re currently viewing and your general location. Personalized content and ads can also include more relevant results, recommendations, and tailored ads based on past activity from this browser, like previous Google searches. We also use cookies and data to tailor the experience to be age-appropriate, if relevant.
Select “More options” to see additional information, including details about managing your privacy settings. You can also visit g.co/privacytools at any time.
Reject all
Accept all
More options
Privacy Policy
Terms of Service",https://news.google.com/rss/articles/CBMioAFBVV95cUxOc0I3a2E0a3ZYNmpyU1BNR1k3WEM5bmtLT2paUmNTTHdFblFteTQ0V1JZOVc4a19ka0NzRzI0c2VVcDI5MVlrcXkxaXgzWkgyYkFvSDROVmg0WEQ0Qk4xaWkxbE5UcXh0ZWlIXzBsZWJiWFg2aFZTdUkzUUlYb2xUVVhDRGNSQ1E4X0lQQV9zYXpfRTJtMHhqUy1tYXNYR2w4?oc=5
2024-01-06,NVDA,Nvidia,"If You Invested $10,000 in Nvidia in 2020, This Is How Much You Would Have Today - The Motley Fool","EN
Sign in
Before you continue to Google
We use cookies and data to
Deliver and maintain Google services
Track outages and protect against spam, fraud, and abuse
Measure audience engagement and site statistics to understand how our services are used and enhance the quality of those services
If you choose to “Accept all,” we will also use cookies and data to
Develop and improve new services
Deliver and measure the effectiveness of ads
Show personalized content, depending on your settings
Show personalized ads, depending on your settings
If you choose to “Reject all,” we will not use cookies for these additional purposes.
Non-personalized content is influenced by things like the content you’re currently viewing, activity in your active Search session, and your location. Non-personalized ads are influenced by the content you’re currently viewing and your general location. Personalized content and ads can also include more relevant results, recommendations, and tailored ads based on past activity from this browser, like previous Google searches. We also use cookies and data to tailor the experience to be age-appropriate, if relevant.
Select “More options” to see additional information, including details about managing your privacy settings. You can also visit g.co/privacytools at any time.
Reject all
Accept all
More options
Privacy Policy
Terms of Service",https://news.google.com/rss/articles/CBMimAFBVV95cUxQbTFaR2FkVy1oRm1ya2hTN2RGdFh3NmRKenFKMGtVM2QzS2dfYlBtOWNDWmRtekNrMjVBWWlYc3lMaUJzT3VOYkU1WXE0aDExSk55Ni1BelNaaUZZeDJTOHE4d05CaV9QRTk4MVExb2JmTVBKTEFVcVBlNGpGRmJ0dDBNUDZtYjRsU1p2Q0Z4S21JVEZpVnpSaQ?oc=5
2024-01-28,NVDA,Nvidia,"Trump vs. Biden: How the 2024 election could affect Exxon, Nvidia, and other stocks - Yahoo Finance","EN
Sign in
Before you continue to Google
We use cookies and data to
Deliver and maintain Google services
Track outages and protect against spam, fraud, and abuse
Measure audience engagement and site statistics to understand how our services are used and enhance the quality of those services
If you choose to “Accept all,” we will also use cookies and data to
Develop and improve new services
Deliver and measure the effectiveness of ads
Show personalized content, depending on your settings
Show personalized ads, depending on your settings
If you choose to “Reject all,” we will not use cookies for these additional purposes.
Non-personalized content is influenced by things like the content you’re currently viewing, activity in your active Search session, and your location. Non-personalized ads are influenced by the content you’re currently viewing and your general location. Personalized content and ads can also include more relevant results, recommendations, and tailored ads based on past activity from this browser, like previous Google searches. We also use cookies and data to tailor the experience to be age-appropriate, if relevant.
Select “More options” to see additional information, including details about managing your privacy settings. You can also visit g.co/privacytools at any time.
Reject all
Accept all
More options
Privacy Policy
Terms of Service",https://news.google.com/rss/articles/CBMiwwFBVV95cUxNR29kVF8tREtiOVZoRnlxMU1sal9QMU0tekxwYTdCQUhZY1hOc2xTenY4OGpxY3pqRlRLUVZQMl9oU0hTRV9wQ0FVc0FXaDY5OGRBb1dmdjY2b1FQLTFGcm0yTEg0M3RRRGN2d2M3WjVGbEloRnhVUGpQZjlGeHV1dUlzYU16ZjVUOXJ3a2w1YTY4Q25GMkp2WkhKT3BsMWxNSlJnYWdyY3N0cWJ6Y2w4ZzdMcDJsMm0yVmVWVFV0dTliNmc?oc=5
2024-01-31,NVDA,Nvidia,Better AI Stock: Nvidia vs. Intel - Nasdaq,"EN
Sign in
Before you continue to Google
We use cookies and data to
Deliver and maintain Google services
Track outages and protect against spam, fraud, and abuse
Measure audience engagement and site statistics to understand how our services are used and enhance the quality of those services
If you choose to “Accept all,” we will also use cookies and data to
Develop and improve new services
Deliver and measure the effectiveness of ads
Show personalized content, depending on your settings
Show personalized ads, depending on your settings
If you choose to “Reject all,” we will not use cookies for these additional purposes.
Non-personalized content is influenced by things like the content you’re currently viewing, activity in your active Search session, and your location. Non-personalized ads are influenced by the content you’re currently viewing and your general location. Personalized content and ads can also include more relevant results, recommendations, and tailored ads based on past activity from this browser, like previous Google searches. We also use cookies and data to tailor the experience to be age-appropriate, if relevant.
Select “More options” to see additional information, including details about managing your privacy settings. You can also visit g.co/privacytools at any time.
Reject all
Accept all
More options
Privacy Policy
Terms of Service",https://news.google.com/rss/articles/CBMieEFVX3lxTFA3LWN2SXdPbGp1M05WVUtITDZoYmtCZndubkd6MlRGVkYxRHZMZE5mM3h6QS1JM2VkNXN6VFdyMlVOblVSU0V4WTFJVHkxeVJWWjZnY3laREhDNDlrMmFMbHV6N0Rlclc5X0ktaWNCSjFuMXAyN3RfNA?oc=5
2024-02-22,NVDA,Nvidia,"Nvidia's stock market value rose $273 billion in a day. How it rose to AI prominence, by the numbers - AP News","EN
Sign in
Before you continue to Google
We use cookies and data to
Deliver and maintain Google services
Track outages and protect against spam, fraud, and abuse
Measure audience engagement and site statistics to understand how our services are used and enhance the quality of those services
If you choose to “Accept all,” we will also use cookies and data to
Develop and improve new services
Deliver and measure the effectiveness of ads
Show personalized content, depending on your settings
Show personalized ads, depending on your settings
If you choose to “Reject all,” we will not use cookies for these additional purposes.
Non-personalized content is influenced by things like the content you’re currently viewing, activity in your active Search session, and your location. Non-personalized ads are influenced by the content you’re currently viewing and your general location. Personalized content and ads can also include more relevant results, recommendations, and tailored ads based on past activity from this browser, like previous Google searches. We also use cookies and data to tailor the experience to be age-appropriate, if relevant.
Select “More options” to see additional information, including details about managing your privacy settings. You can also visit g.co/privacytools at any time.
Reject all
Accept all
More options
Privacy Policy
Terms of Service",https://news.google.com/rss/articles/CBMisgFBVV95cUxQY0kzdXNSU2t1U056TVl4cUdSNE5yak1xQ2xrdE1TRjhNY3VDRjBIdWt3bktGR2RzUE9NSFJNaG1iQ0VoVFZ5TWJKSTBoYTBqUU9xeXhsdDhzWFZlUXpXcU1qSVhJLVhqbGVQal9nbHg0QXhTd0NOdWpnQlVkQ1ZSV3ZmSGNIVTloNWdzOVdDSF9oVVJPWEg0eWZ4aHExcTF3bGlHSUMzNU5PV2xvUEI3dDlB?oc=5
2024-02-23,NVDA,Nvidia,Nvidia adds record $277 billion in stock market value - Reuters,"EN
Sign in
Before you continue to Google
We use cookies and data to
Deliver and maintain Google services
Track outages and protect against spam, fraud, and abuse
Measure audience engagement and site statistics to understand how our services are used and enhance the quality of those services
If you choose to “Accept all,” we will also use cookies and data to
Develop and improve new services
Deliver and measure the effectiveness of ads
Show personalized content, depending on your settings
Show personalized ads, depending on your settings
If you choose to “Reject all,” we will not use cookies for these additional purposes.
Non-personalized content is influenced by things like the content you’re currently viewing, activity in your active Search session, and your location. Non-personalized ads are influenced by the content you’re currently viewing and your general location. Personalized content and ads can also include more relevant results, recommendations, and tailored ads based on past activity from this browser, like previous Google searches. We also use cookies and data to tailor the experience to be age-appropriate, if relevant.
Select “More options” to see additional information, including details about managing your privacy settings. You can also visit g.co/privacytools at any time.
Reject all
Accept all
More options
Privacy Policy
Terms of Service",https://news.google.com/rss/articles/CBMirAFBVV95cUxORTlzM2J5LU5pbUQ0NVBma0NqYjhwd3pyQ3c5R2NHY1psUEU0ZjZjeWNJQUxYdnZlMmlySi0zR1FOV3Vsckk1U2dscGFndjZOYzE4alYwQVFDZkFqUm5fRmlBOTFLdGp0R1BGQ0RzMDBEMG0zSzZZTEpQcm1aYnNXcENsRjJVN0hUY1dvZ3hPYWljaTJldGY3aHJRVFFwTkowZFhwalhBb0ZFNzRn?oc=5
2024-02-21,NVDA,Nvidia,NVIDIA Announces Financial Results for Fourth Quarter and Fiscal 2024 - NVIDIA Newsroom,"EN
Sign in
Before you continue to Google
We use cookies and data to
Deliver and maintain Google services
Track outages and protect against spam, fraud, and abuse
Measure audience engagement and site statistics to understand how our services are used and enhance the quality of those services
If you choose to “Accept all,” we will also use cookies and data to
Develop and improve new services
Deliver and measure the effectiveness of ads
Show personalized content, depending on your settings
Show personalized ads, depending on your settings
If you choose to “Reject all,” we will not use cookies for these additional purposes.
Non-personalized content is influenced by things like the content you’re currently viewing, activity in your active Search session, and your location. Non-personalized ads are influenced by the content you’re currently viewing and your general location. Personalized content and ads can also include more relevant results, recommendations, and tailored ads based on past activity from this browser, like previous Google searches. We also use cookies and data to tailor the experience to be age-appropriate, if relevant.
Select “More options” to see additional information, including details about managing your privacy settings. You can also visit g.co/privacytools at any time.
Reject all
Accept all
More options
Privacy Policy
Terms of Service",https://news.google.com/rss/articles/CBMipwFBVV95cUxOUFBYRExUUVJUbDhOSkR6WVVJT2RXZTd0MmszWm9hLTNYR0xlRmw1STlrMnFwMUlWNWdjZzRfWTRRZEtjOXk2WnRNZU9DU080elVUdzlWLWxTT1hvQVplNnVvX1phWUgzWldfc2xoSmEyZmdHakg1X240RzNrWEJ4MkN4eDBmVGZVTmN0UThBT0JZUGhHaG4yNzgzU3RuWmFCd280RzlZTQ?oc=5
2024-02-23,NVDA,Nvidia,Why has Nvidia driven stock markets to record highs? - The Guardian,"EN
Sign in
Before you continue to Google
We use cookies and data to
Deliver and maintain Google services
Track outages and protect against spam, fraud, and abuse
Measure audience engagement and site statistics to understand how our services are used and enhance the quality of those services
If you choose to “Accept all,” we will also use cookies and data to
Develop and improve new services
Deliver and measure the effectiveness of ads
Show personalized content, depending on your settings
Show personalized ads, depending on your settings
If you choose to “Reject all,” we will not use cookies for these additional purposes.
Non-personalized content is influenced by things like the content you’re currently viewing, activity in your active Search session, and your location. Non-personalized ads are influenced by the content you’re currently viewing and your general location. Personalized content and ads can also include more relevant results, recommendations, and tailored ads based on past activity from this browser, like previous Google searches. We also use cookies and data to tailor the experience to be age-appropriate, if relevant.
Select “More options” to see additional information, including details about managing your privacy settings. You can also visit g.co/privacytools at any time.
Reject all
Accept all
More options
Privacy Policy
Terms of Service",https://news.google.com/rss/articles/CBMipAFBVV95cUxNb3hGYmJNd2F5TFJWdHBzUS14N2J5dUZhbC1nc0JTTHdCZVZkdXBxRldFdGxWR0dhck1kcU9lYlZBUlBjLUh3UVlUemltNmcwZzFOSkk0R19Ebng5M0YtVmIxbERQRHZtMnlJNWRZaHVDYldMc3l1NjZLX3lKOFhwUTVrNFN3Si1Cd05aVnBSNVlQaVF2RnRYbmtpYjBWa0FXX292ZQ?oc=5
2024-02-23,NVDA,Nvidia,Markets Brief: 5 Ways Nvidia Stock Is Living Up to the AI Hype - Morningstar,"EN
Sign in
Before you continue to Google
We use cookies and data to
Deliver and maintain Google services
Track outages and protect against spam, fraud, and abuse
Measure audience engagement and site statistics to understand how our services are used and enhance the quality of those services
If you choose to “Accept all,” we will also use cookies and data to
Develop and improve new services
Deliver and measure the effectiveness of ads
Show personalized content, depending on your settings
Show personalized ads, depending on your settings
If you choose to “Reject all,” we will not use cookies for these additional purposes.
Non-personalized content is influenced by things like the content you’re currently viewing, activity in your active Search session, and your location. Non-personalized ads are influenced by the content you’re currently viewing and your general location. Personalized content and ads can also include more relevant results, recommendations, and tailored ads based on past activity from this browser, like previous Google searches. We also use cookies and data to tailor the experience to be age-appropriate, if relevant.
Select “More options” to see additional information, including details about managing your privacy settings. You can also visit g.co/privacytools at any time.
Reject all
Accept all
More options
Privacy Policy
Terms of Service",https://news.google.com/rss/articles/CBMiiwFBVV95cUxQbTVGOVlpdGhuUDZycDlEcjhpZDl3aU16ekRQbTY3c2hOY3AzNU9saVlJeUc2ZmwyMWE0ODRqYVBFOTFteGMteTFFTGJDWkt4Q21NZnV0UDY3RW1zYTJibGxxUEhad1lHaUZpampRakotR1dnRVNkZER5WDZNemVSZ1VPa0ZkTTlNLVdZ?oc=5
2024-02-24,NVDA,Nvidia,Surging Nvidia Stock Keeps Drawing In More Believers - WSJ,"EN
Sign in
Before you continue to Google
We use cookies and data to
Deliver and maintain Google services
Track outages and protect against spam, fraud, and abuse
Measure audience engagement and site statistics to understand how our services are used and enhance the quality of those services
If you choose to “Accept all,” we will also use cookies and data to
Develop and improve new services
Deliver and measure the effectiveness of ads
Show personalized content, depending on your settings
Show personalized ads, depending on your settings
If you choose to “Reject all,” we will not use cookies for these additional purposes.
Non-personalized content is influenced by things like the content you’re currently viewing, activity in your active Search session, and your location. Non-personalized ads are influenced by the content you’re currently viewing and your general location. Personalized content and ads can also include more relevant results, recommendations, and tailored ads based on past activity from this browser, like previous Google searches. We also use cookies and data to tailor the experience to be age-appropriate, if relevant.
Select “More options” to see additional information, including details about managing your privacy settings. You can also visit g.co/privacytools at any time.
Reject all
Accept all
More options
Privacy Policy
Terms of Service",https://news.google.com/rss/articles/CBMinAFBVV95cUxNX2dqSkNsMVJXLXVUMlgwOEJ3MU9sdlpVUDVDSGJ1Rnl2Y2QyOHdvVkMwWElEWjBwS1BZWWFvelpsZ05qeVNTOS1lUmJPM0ZsR0NaNnZKcFFZaXJ0ZWRpNm9GbU50UDFfd1l5MHNmM0pUQ211TEFxLUtMSlUzcnZnT3V4OWlCWG5rTERwa2RXRkloR1Y3Q3EwYTNkYjc?oc=5
2024-02-21,NVDA,Nvidia,AI boom drove Nvidia profits up 580% last year - CNN,"EN
Sign in
Before you continue to Google
We use cookies and data to
Deliver and maintain Google services
Track outages and protect against spam, fraud, and abuse
Measure audience engagement and site statistics to understand how our services are used and enhance the quality of those services
If you choose to “Accept all,” we will also use cookies and data to
Develop and improve new services
Deliver and measure the effectiveness of ads
Show personalized content, depending on your settings
Show personalized ads, depending on your settings
If you choose to “Reject all,” we will not use cookies for these additional purposes.
Non-personalized content is influenced by things like the content you’re currently viewing, activity in your active Search session, and your location. Non-personalized ads are influenced by the content you’re currently viewing and your general location. Personalized content and ads can also include more relevant results, recommendations, and tailored ads based on past activity from this browser, like previous Google searches. We also use cookies and data to tailor the experience to be age-appropriate, if relevant.
Select “More options” to see additional information, including details about managing your privacy settings. You can also visit g.co/privacytools at any time.
Reject all
Accept all
More options
Privacy Policy
Terms of Service",https://news.google.com/rss/articles/CBMidkFVX3lxTE0zVzJhV0dEZlJrY3dydWlmdGNtYUlleG9ESkwwcWFESnlfNjNYcFFyZkFvc3ExeGpWRE9WcEhZVXVSeXNXaDBUbXNncFQ4SjExZlNFeTVQeGQ5UGR2dk8wQmpLR1pjc0V4eTFIVU5pN01pOVRPT0HSAWxBVV95cUxQNXZoSjJiWjViR2NlLVdZQ2o2V1FTTVlJaXdQTkRKRzBtX1JjVnB5U3NnbEt6dEtNSGhVejU0RFQ3LXpkeGpkYnZaWXVnOVBCMmxUZHpZbkNKNk8wU3phdnh1d2YwYXhPSGdZb3o?oc=5
2024-02-26,NVDA,Nvidia,"Why Is Nvidia Stock So High, and Can NVDA Become the Biggest U.S. Company? - Nasdaq","EN
Sign in
Before you continue to Google
We use cookies and data to
Deliver and maintain Google services
Track outages and protect against spam, fraud, and abuse
Measure audience engagement and site statistics to understand how our services are used and enhance the quality of those services
If you choose to “Accept all,” we will also use cookies and data to
Develop and improve new services
Deliver and measure the effectiveness of ads
Show personalized content, depending on your settings
Show personalized ads, depending on your settings
If you choose to “Reject all,” we will not use cookies for these additional purposes.
Non-personalized content is influenced by things like the content you’re currently viewing, activity in your active Search session, and your location. Non-personalized ads are influenced by the content you’re currently viewing and your general location. Personalized content and ads can also include more relevant results, recommendations, and tailored ads based on past activity from this browser, like previous Google searches. We also use cookies and data to tailor the experience to be age-appropriate, if relevant.
Select “More options” to see additional information, including details about managing your privacy settings. You can also visit g.co/privacytools at any time.
Reject all
Accept all
More options
Privacy Policy
Terms of Service",https://news.google.com/rss/articles/CBMipwFBVV95cUxNdkN4cDFEUmJRdE5EcGxqR3BSZ09qRTRsMm1QeW5DNG9Yd1A1cHR3a0VLLWFfYzNUdW1XWW5qbVB0bDN2TXJFS2Q4QTc5Zzd3cmxQbFpmX3VSTU02NGs1QTBwRVp5M2ItREU2VU9ibHBEMy0tVWJoTTQzTmlZV2ZmbXpPaHJfVkItM3ItV04weHNQNUhmMHBmYW1LQ0FZby13cGo2eXBwQQ?oc=5
2024-02-15,NVDA,Nvidia,"Going Into Earnings, Is Nvidia Stock a Buy, a Sell, or Fairly Valued? - Morningstar","EN
Sign in
Before you continue to Google
We use cookies and data to
Deliver and maintain Google services
Track outages and protect against spam, fraud, and abuse
Measure audience engagement and site statistics to understand how our services are used and enhance the quality of those services
If you choose to “Accept all,” we will also use cookies and data to
Develop and improve new services
Deliver and measure the effectiveness of ads
Show personalized content, depending on your settings
Show personalized ads, depending on your settings
If you choose to “Reject all,” we will not use cookies for these additional purposes.
Non-personalized content is influenced by things like the content you’re currently viewing, activity in your active Search session, and your location. Non-personalized ads are influenced by the content you’re currently viewing and your general location. Personalized content and ads can also include more relevant results, recommendations, and tailored ads based on past activity from this browser, like previous Google searches. We also use cookies and data to tailor the experience to be age-appropriate, if relevant.
Select “More options” to see additional information, including details about managing your privacy settings. You can also visit g.co/privacytools at any time.
Reject all
Accept all
More options
Privacy Policy
Terms of Service",https://news.google.com/rss/articles/CBMitgFBVV95cUxQRWxScWVTeENRTEZ1Tmg4dUcwcUtvbk9ZeHJGdjBLbXZRa21sQnduNExia21iT2hodldxclN0N19YSnhQS0ZYVGxQMlplbHdtUUotOUFtZEQtOTJZZWZ1OTJLVlpJNnREOU93S0FpQzdkNHBCXzREQjdCeTZaWTR0T3kzdzkxU29xZXNDZXc4NUVxZ0VDU28xdmdBTFVJZVYzS25fMmlpUDhKWDIxT0ZCQ0dtcDJiQQ?oc=5
2024-02-22,NVDA,Nvidia,Nvidia stock surges after earnings beat estimates across the board - Yahoo Finance,"EN
Sign in
Before you continue to Google
We use cookies and data to
Deliver and maintain Google services
Track outages and protect against spam, fraud, and abuse
Measure audience engagement and site statistics to understand how our services are used and enhance the quality of those services
If you choose to “Accept all,” we will also use cookies and data to
Develop and improve new services
Deliver and measure the effectiveness of ads
Show personalized content, depending on your settings
Show personalized ads, depending on your settings
If you choose to “Reject all,” we will not use cookies for these additional purposes.
Non-personalized content is influenced by things like the content you’re currently viewing, activity in your active Search session, and your location. Non-personalized ads are influenced by the content you’re currently viewing and your general location. Personalized content and ads can also include more relevant results, recommendations, and tailored ads based on past activity from this browser, like previous Google searches. We also use cookies and data to tailor the experience to be age-appropriate, if relevant.
Select “More options” to see additional information, including details about managing your privacy settings. You can also visit g.co/privacytools at any time.
Reject all
Accept all
More options
Privacy Policy
Terms of Service",https://news.google.com/rss/articles/CBMisgFBVV95cUxQQWtaUENNWHV0cUVPT2JzTlAzYUUxMzJ6eGZqc0c5XzFiS0gxVlhFMUdkelJ1cG1RNGo2WVFDM3NkekxPR2NWTzFaaWoxQ3NzMkItWV9hcGpTejA1ZDRIbGxVazdQeUphQlRod2ZxWWs1LWc2X1Jfbk9OQnRNOXFRU0g2X01mWEZBamxlZGZtVUJYNF90RTY1cXBTUFZZWTllV2c4ZXpZMUVNRGwwQkI4b2Rn?oc=5
2024-03-01,NVDA,Nvidia,Berkshire Hathaway Doesn't Hold Nvidia Stock—Will Warren Buffett Come to Regret it? - Investopedia,"EN
Sign in
Before you continue to Google
We use cookies and data to
Deliver and maintain Google services
Track outages and protect against spam, fraud, and abuse
Measure audience engagement and site statistics to understand how our services are used and enhance the quality of those services
If you choose to “Accept all,” we will also use cookies and data to
Develop and improve new services
Deliver and measure the effectiveness of ads
Show personalized content, depending on your settings
Show personalized ads, depending on your settings
If you choose to “Reject all,” we will not use cookies for these additional purposes.
Non-personalized content is influenced by things like the content you’re currently viewing, activity in your active Search session, and your location. Non-personalized ads are influenced by the content you’re currently viewing and your general location. Personalized content and ads can also include more relevant results, recommendations, and tailored ads based on past activity from this browser, like previous Google searches. We also use cookies and data to tailor the experience to be age-appropriate, if relevant.
Select “More options” to see additional information, including details about managing your privacy settings. You can also visit g.co/privacytools at any time.
Reject all
Accept all
More options
Privacy Policy
Terms of Service",https://news.google.com/rss/articles/CBMivAFBVV95cUxNZlF6MkdjN2NWYnJPXzFyS1VpUnlWU1FRQXliTnRuTnBGNDZKcDg5dnZvUGxyZTJyMG9WbG9nYWE3eU9La2llTjhJU0RqVHBLeElraG5hMGFsbTRMX3FfRERBYWFMV1lBNm1hNXVRMEJYM0NJSW9MckNIbVd3bHBjQXFfWUF5ckF3WTAyM0dkV0hOQmFvdTI5N2VTY2Z1dGk3SnIxQnp3UEM1R2FFZHdZVEJVNy0yajk3ZElJLQ?oc=5
2024-02-20,NVDA,Nvidia,Nvidia Stock Falls 6%—Worst Day Since 2022 Ahead Of Key Earnings Report - Forbes,"EN
Sign in
Before you continue to Google
We use cookies and data to
Deliver and maintain Google services
Track outages and protect against spam, fraud, and abuse
Measure audience engagement and site statistics to understand how our services are used and enhance the quality of those services
If you choose to “Accept all,” we will also use cookies and data to
Develop and improve new services
Deliver and measure the effectiveness of ads
Show personalized content, depending on your settings
Show personalized ads, depending on your settings
If you choose to “Reject all,” we will not use cookies for these additional purposes.
Non-personalized content is influenced by things like the content you’re currently viewing, activity in your active Search session, and your location. Non-personalized ads are influenced by the content you’re currently viewing and your general location. Personalized content and ads can also include more relevant results, recommendations, and tailored ads based on past activity from this browser, like previous Google searches. We also use cookies and data to tailor the experience to be age-appropriate, if relevant.
Select “More options” to see additional information, including details about managing your privacy settings. You can also visit g.co/privacytools at any time.
Reject all
Accept all
More options
Privacy Policy
Terms of Service",https://news.google.com/rss/articles/CBMivgFBVV95cUxOMEdFXy04QUF0ZnlEMDdzWmkzTFZ5MXU1Qzk5TzY2T1p5cTc2dEdiUUQ3Nk9uMGVZbGc0TFlwT0tEaGRnZUpWTkpram1VemQyWGFWRDA1VHBWSk9fWHJDNVlpV3V3N3JnRzdweVZXLWFHUlRCNHlrMFd5ck9QX2N3SC1GNExJLXBFZGNmLW0xc0xoZTZBVlBkRE5GZEZFLWw5MmZ1THNLZTFjeFh0S1ZBSmdPNi01cF91RnRRakJn?oc=5
2024-02-22,NVDA,Nvidia,Nvidia’s growing sway over the US stock market - Reuters,"EN
Sign in
Before you continue to Google
We use cookies and data to
Deliver and maintain Google services
Track outages and protect against spam, fraud, and abuse
Measure audience engagement and site statistics to understand how our services are used and enhance the quality of those services
If you choose to “Accept all,” we will also use cookies and data to
Develop and improve new services
Deliver and measure the effectiveness of ads
Show personalized content, depending on your settings
Show personalized ads, depending on your settings
If you choose to “Reject all,” we will not use cookies for these additional purposes.
Non-personalized content is influenced by things like the content you’re currently viewing, activity in your active Search session, and your location. Non-personalized ads are influenced by the content you’re currently viewing and your general location. Personalized content and ads can also include more relevant results, recommendations, and tailored ads based on past activity from this browser, like previous Google searches. We also use cookies and data to tailor the experience to be age-appropriate, if relevant.
Select “More options” to see additional information, including details about managing your privacy settings. You can also visit g.co/privacytools at any time.
Reject all
Accept all
More options
Privacy Policy
Terms of Service",https://news.google.com/rss/articles/CBMinAFBVV95cUxOY2pqTDlfNXRNS0tBVWVkS0VBQ0RwQlg3bmt5MERoZlVOSXMwVTMtSTU3WWxEb1NlTUdYYUFoT0JmcnJadTNaNm92OEdWRWtabEZoa1Y1ZEpWUm1UMEtLQ3NNbXY0RDhlOXVrVXRMRUZJVjUyUkxGSVhsb0ZpY0tGWjNjZkN0SVl3UkV5VUZqYnMyMHROWVhLeE5xQXA?oc=5
2024-02-27,NVDA,Nvidia,"After Earnings and a Massive Rally, Is Nvidia Stock a Buy, a Sell, or Fairly Valued? - Morningstar","EN
Sign in
Before you continue to Google
We use cookies and data to
Deliver and maintain Google services
Track outages and protect against spam, fraud, and abuse
Measure audience engagement and site statistics to understand how our services are used and enhance the quality of those services
If you choose to “Accept all,” we will also use cookies and data to
Develop and improve new services
Deliver and measure the effectiveness of ads
Show personalized content, depending on your settings
Show personalized ads, depending on your settings
If you choose to “Reject all,” we will not use cookies for these additional purposes.
Non-personalized content is influenced by things like the content you’re currently viewing, activity in your active Search session, and your location. Non-personalized ads are influenced by the content you’re currently viewing and your general location. Personalized content and ads can also include more relevant results, recommendations, and tailored ads based on past activity from this browser, like previous Google searches. We also use cookies and data to tailor the experience to be age-appropriate, if relevant.
Select “More options” to see additional information, including details about managing your privacy settings. You can also visit g.co/privacytools at any time.
Reject all
Accept all
More options
Privacy Policy
Terms of Service",https://news.google.com/rss/articles/CBMiqAFBVV95cUxPYmxvRFVXdksxSTI5RWpqeDhZY0RkdnFqeENJUXkzV3ZXR0Y5N0pvUkdwdC1HNTc5SXE1dzFuWHhSS3F6QmpNdTlwTTdOSHJ0Z3Z3d3RGd2RZX3ZBMm95akRzQ1pmZVhraGUyUkhMSHh5eUNQOWdHOFVjRDNoUUt1Q0I4WmREVXlralJKWGZHWV9mdU9pV21xUFZOTmdiYWtZUEhFbmFiVGQ?oc=5
2024-03-01,NVDA,Nvidia,It’s Nvidia’s Stock Market. You Choose How to Live in It. - WSJ,"EN
Sign in
Before you continue to Google
We use cookies and data to
Deliver and maintain Google services
Track outages and protect against spam, fraud, and abuse
Measure audience engagement and site statistics to understand how our services are used and enhance the quality of those services
If you choose to “Accept all,” we will also use cookies and data to
Develop and improve new services
Deliver and measure the effectiveness of ads
Show personalized content, depending on your settings
Show personalized ads, depending on your settings
If you choose to “Reject all,” we will not use cookies for these additional purposes.
Non-personalized content is influenced by things like the content you’re currently viewing, activity in your active Search session, and your location. Non-personalized ads are influenced by the content you’re currently viewing and your general location. Personalized content and ads can also include more relevant results, recommendations, and tailored ads based on past activity from this browser, like previous Google searches. We also use cookies and data to tailor the experience to be age-appropriate, if relevant.
Select “More options” to see additional information, including details about managing your privacy settings. You can also visit g.co/privacytools at any time.
Reject all
Accept all
More options
Privacy Policy
Terms of Service",https://news.google.com/rss/articles/CBMidEFVX3lxTFBrZzdoZ2w3ZkJmWXRGTExfUk5MSno4SjdjWVFaeDlwOFdXRjhRSEtSRWktU2ZwMGZDUE1MdzNBMldvTHVHS2hyV1h3cS1zVmg5NEdmUmxhTURTRGVmMjBORDVGNjNCR0tmeFJzb3NMUDFxN2I3?oc=5
2024-02-22,NVDA,Nvidia,"Nvidia's Stock Soars, Taking Peers and Partners With It - Investopedia","EN
Sign in
Before you continue to Google
We use cookies and data to
Deliver and maintain Google services
Track outages and protect against spam, fraud, and abuse
Measure audience engagement and site statistics to understand how our services are used and enhance the quality of those services
If you choose to “Accept all,” we will also use cookies and data to
Develop and improve new services
Deliver and measure the effectiveness of ads
Show personalized content, depending on your settings
Show personalized ads, depending on your settings
If you choose to “Reject all,” we will not use cookies for these additional purposes.
Non-personalized content is influenced by things like the content you’re currently viewing, activity in your active Search session, and your location. Non-personalized ads are influenced by the content you’re currently viewing and your general location. Personalized content and ads can also include more relevant results, recommendations, and tailored ads based on past activity from this browser, like previous Google searches. We also use cookies and data to tailor the experience to be age-appropriate, if relevant.
Select “More options” to see additional information, including details about managing your privacy settings. You can also visit g.co/privacytools at any time.
Reject all
Accept all
More options
Privacy Policy
Terms of Service",https://news.google.com/rss/articles/CBMikwFBVV95cUxQb0NfTVhXXzFRVXlIR0Uzc3lrTXJ6NVAyeHRvMVpxOWxMbjFhcHBycnI1bFNQTlV3OGhvMVdoMXlDSktBYlpxbVl0dWl4em5vaTlTVFN5LUtXOFZRc29jOXR4MWx1emlCNS1fQXg5WTI2dlhnQ1laV1VCY2xvdGZVTnNLaWk4MlRwOThWWHhzb1JaRzQ?oc=5
2024-02-20,NVDA,Nvidia,"An immediate pullback could hit Nvidia's stock with its meteoric rise spurring 'fear and greed,' Bank of America says - Yahoo Finance","EN
Sign in
Before you continue to Google
We use cookies and data to
Deliver and maintain Google services
Track outages and protect against spam, fraud, and abuse
Measure audience engagement and site statistics to understand how our services are used and enhance the quality of those services
If you choose to “Accept all,” we will also use cookies and data to
Develop and improve new services
Deliver and measure the effectiveness of ads
Show personalized content, depending on your settings
Show personalized ads, depending on your settings
If you choose to “Reject all,” we will not use cookies for these additional purposes.
Non-personalized content is influenced by things like the content you’re currently viewing, activity in your active Search session, and your location. Non-personalized ads are influenced by the content you’re currently viewing and your general location. Personalized content and ads can also include more relevant results, recommendations, and tailored ads based on past activity from this browser, like previous Google searches. We also use cookies and data to tailor the experience to be age-appropriate, if relevant.
Select “More options” to see additional information, including details about managing your privacy settings. You can also visit g.co/privacytools at any time.
Reject all
Accept all
More options
Privacy Policy
Terms of Service",https://news.google.com/rss/articles/CBMiigFBVV95cUxNdzB2Rl9hOG9CTkNkWjBScl9Pa2w1ald6bmJidDYzV2ZiTU9DcTg2Q21HVzVMN04xemRtcWZFM3NsU3U3WmtJYm5CSGtfR1dKaERvYkxINlplemthbWdoZ3piUzl1RExHN1k5eWo1bElQNG9sMEU2N2dFODBMU3NJQ0dFVzdTa3lQN3c?oc=5
2024-02-20,NVDA,Nvidia,Nvidia dethrones Tesla as Wall Street's most traded stock - Reuters,"EN
Sign in
Before you continue to Google
We use cookies and data to
Deliver and maintain Google services
Track outages and protect against spam, fraud, and abuse
Measure audience engagement and site statistics to understand how our services are used and enhance the quality of those services
If you choose to “Accept all,” we will also use cookies and data to
Develop and improve new services
Deliver and measure the effectiveness of ads
Show personalized content, depending on your settings
Show personalized ads, depending on your settings
If you choose to “Reject all,” we will not use cookies for these additional purposes.
Non-personalized content is influenced by things like the content you’re currently viewing, activity in your active Search session, and your location. Non-personalized ads are influenced by the content you’re currently viewing and your general location. Personalized content and ads can also include more relevant results, recommendations, and tailored ads based on past activity from this browser, like previous Google searches. We also use cookies and data to tailor the experience to be age-appropriate, if relevant.
Select “More options” to see additional information, including details about managing your privacy settings. You can also visit g.co/privacytools at any time.
Reject all
Accept all
More options
Privacy Policy
Terms of Service",https://news.google.com/rss/articles/CBMiogFBVV95cUxOSk1BUkdhWVVvMEFuTjNINWNPS09POC01WHhJSE1aVzFtVEVrY1Y0ckttUEFySmtWMnpJVzVNM1oxRGs3eTdKRWNEUElxbzkxUEhQRm01UEZ0SE0wNmYtUUZLX01RdFU3N19nTHhvSkJ2VURfUWxOcGU5ZGxQY1R5QjR1cVprcXV4c2RDUWVMT1lKSGJlaTFSY3VPNGNhUFNsU1E?oc=5
2024-02-21,NVDA,Nvidia,Nvidia Stock Jumps 9% as Surging AI Chip Demand Sends Earnings Soaring—Key Level to Watch - Investopedia,"EN
Sign in
Before you continue to Google
We use cookies and data to
Deliver and maintain Google services
Track outages and protect against spam, fraud, and abuse
Measure audience engagement and site statistics to understand how our services are used and enhance the quality of those services
If you choose to “Accept all,” we will also use cookies and data to
Develop and improve new services
Deliver and measure the effectiveness of ads
Show personalized content, depending on your settings
Show personalized ads, depending on your settings
If you choose to “Reject all,” we will not use cookies for these additional purposes.
Non-personalized content is influenced by things like the content you’re currently viewing, activity in your active Search session, and your location. Non-personalized ads are influenced by the content you’re currently viewing and your general location. Personalized content and ads can also include more relevant results, recommendations, and tailored ads based on past activity from this browser, like previous Google searches. We also use cookies and data to tailor the experience to be age-appropriate, if relevant.
Select “More options” to see additional information, including details about managing your privacy settings. You can also visit g.co/privacytools at any time.
Reject all
Accept all
More options
Privacy Policy
Terms of Service",https://news.google.com/rss/articles/CBMipwFBVV95cUxPZDk0blNuUU9WbGhYdTVGemlaNTBWSkdQb0p2bHFkVGZ4T25xZVphRVl0RlRJazV3OUphREl0QzVnZmV3cS0yQ2d0R1RlZ01fRm1iSVh0X2FaZHZndWRFXzZoVmZva3RIajFTa0tycXRxNTM0cFRPTllTN2FzemFIcTkxZlFTakM5U1RJUTAxampNU3BreHdGYUxMVldLUWt0a3NnSTFiaw?oc=5
2024-02-22,NVDA,Nvidia,"Nvidia Added $272 Billion in Market Value Thursday, the Largest One-Day Gain Ever - Investopedia","EN
Sign in
Before you continue to Google
We use cookies and data to
Deliver and maintain Google services
Track outages and protect against spam, fraud, and abuse
Measure audience engagement and site statistics to understand how our services are used and enhance the quality of those services
If you choose to “Accept all,” we will also use cookies and data to
Develop and improve new services
Deliver and measure the effectiveness of ads
Show personalized content, depending on your settings
Show personalized ads, depending on your settings
If you choose to “Reject all,” we will not use cookies for these additional purposes.
Non-personalized content is influenced by things like the content you’re currently viewing, activity in your active Search session, and your location. Non-personalized ads are influenced by the content you’re currently viewing and your general location. Personalized content and ads can also include more relevant results, recommendations, and tailored ads based on past activity from this browser, like previous Google searches. We also use cookies and data to tailor the experience to be age-appropriate, if relevant.
Select “More options” to see additional information, including details about managing your privacy settings. You can also visit g.co/privacytools at any time.
Reject all
Accept all
More options
Privacy Policy
Terms of Service",https://news.google.com/rss/articles/CBMiuwFBVV95cUxPYmxvenVJVXdieWNaa1Zrcjd6R0Y2MFZWSVo2YVU0QWl3REFmZGdkSFBhR0tFTzN6bDBfMlBpOXNpWlgzRktPbDdkYWJucF9fMEVVbE81ZV9iRDhrRlBBc1Z0amJ2VFBQZmhzLUl5UTE1MWJYYjRTeUtFWmxmNjFXbVFaUmlUMHFLeEljTWdHQ1BCbUwzSjVvT01tUXN2dzFNeTNuamkwMC1RVjJHV0llN0xzcjVHanhqLU5V?oc=5
2024-03-18,NVDA,Nvidia,"If Nvidia Keeps Rising Like This, It Will Be Bigger Than the Global Economy (Published 2024) - The New York Times","EN
Sign in
Before you continue to Google
We use cookies and data to
Deliver and maintain Google services
Track outages and protect against spam, fraud, and abuse
Measure audience engagement and site statistics to understand how our services are used and enhance the quality of those services
If you choose to “Accept all,” we will also use cookies and data to
Develop and improve new services
Deliver and measure the effectiveness of ads
Show personalized content, depending on your settings
Show personalized ads, depending on your settings
If you choose to “Reject all,” we will not use cookies for these additional purposes.
Non-personalized content is influenced by things like the content you’re currently viewing, activity in your active Search session, and your location. Non-personalized ads are influenced by the content you’re currently viewing and your general location. Personalized content and ads can also include more relevant results, recommendations, and tailored ads based on past activity from this browser, like previous Google searches. We also use cookies and data to tailor the experience to be age-appropriate, if relevant.
Select “More options” to see additional information, including details about managing your privacy settings. You can also visit g.co/privacytools at any time.
Reject all
Accept all
More options
Privacy Policy
Terms of Service",https://news.google.com/rss/articles/CBMihAFBVV95cUxOa0h6X0N6bkdEM3A5TldXVjJRT0E3TkVFalVvZG1RV3VIRkxxNFJkRW1JVm4xS1FIMU8wS0oyV2p2WVlVZkd5UHJYVU9rNXJCZFBZei1hcEZIb3RTV1g4WVNVLWo0a1Z4MkY0YjY1ZWtueEFia2E2aXQ2OVNtSFhwd2pwMDM?oc=5
2024-03-13,NVDA,Nvidia,Will Nvidia Stock Split In 2024? What Investors Should Watch For In December - Forbes,"EN
Sign in
Before you continue to Google
We use cookies and data to
Deliver and maintain Google services
Track outages and protect against spam, fraud, and abuse
Measure audience engagement and site statistics to understand how our services are used and enhance the quality of those services
If you choose to “Accept all,” we will also use cookies and data to
Develop and improve new services
Deliver and measure the effectiveness of ads
Show personalized content, depending on your settings
Show personalized ads, depending on your settings
If you choose to “Reject all,” we will not use cookies for these additional purposes.
Non-personalized content is influenced by things like the content you’re currently viewing, activity in your active Search session, and your location. Non-personalized ads are influenced by the content you’re currently viewing and your general location. Personalized content and ads can also include more relevant results, recommendations, and tailored ads based on past activity from this browser, like previous Google searches. We also use cookies and data to tailor the experience to be age-appropriate, if relevant.
Select “More options” to see additional information, including details about managing your privacy settings. You can also visit g.co/privacytools at any time.
Reject all
Accept all
More options
Privacy Policy
Terms of Service",https://news.google.com/rss/articles/CBMihgFBVV95cUxPcDhITmN2NDg3TkdQZkdHWGtQWGp0UndhTGx3cXhIZTFzOVFwN2g0TjhJRFhLZ0t4UGlUclQzX3puZnpjM3gtUXM5Tnd2R0NJR3JoT3o3bGp2YXdTVzI2dUtqS3BrbnVUbVotQVZvalhNdHhYTzZ6RTZnTlN2a2E3dk5FVHAyQQ?oc=5
2024-03-19,NVDA,Nvidia,Nvidia stock climbs as CFO says new chip to ship in 2024 - Reuters,"EN
Sign in
Before you continue to Google
We use cookies and data to
Deliver and maintain Google services
Track outages and protect against spam, fraud, and abuse
Measure audience engagement and site statistics to understand how our services are used and enhance the quality of those services
If you choose to “Accept all,” we will also use cookies and data to
Develop and improve new services
Deliver and measure the effectiveness of ads
Show personalized content, depending on your settings
Show personalized ads, depending on your settings
If you choose to “Reject all,” we will not use cookies for these additional purposes.
Non-personalized content is influenced by things like the content you’re currently viewing, activity in your active Search session, and your location. Non-personalized ads are influenced by the content you’re currently viewing and your general location. Personalized content and ads can also include more relevant results, recommendations, and tailored ads based on past activity from this browser, like previous Google searches. We also use cookies and data to tailor the experience to be age-appropriate, if relevant.
Select “More options” to see additional information, including details about managing your privacy settings. You can also visit g.co/privacytools at any time.
Reject all
Accept all
More options
Privacy Policy
Terms of Service",https://news.google.com/rss/articles/CBMimwFBVV95cUxQcUhHd1RlQjB2SHdvR21hZTdUNVY0ZTJWMHJrY3BZZ2hEV2x3M1RyU1ZLT09hbmZBUWd4WVluaUEtaXFQOGF1OVozazJua3JLbjN4TWxpajlTOUhlZ3h3U2JvR1JBX083UG5BVTB5VkdFVWFvbGdUOUpVMGJfZElBNGswbXhYR2YwOHdGdXJsSXQzZExyblp3ZjM3QQ?oc=5
2024-03-28,NVDA,Nvidia,Nvidia Stock Had a Blockbuster Q1 Amid AI-Driven Frenzy—Watch This Key Chart Pattern - Investopedia,"EN
Sign in
Before you continue to Google
We use cookies and data to
Deliver and maintain Google services
Track outages and protect against spam, fraud, and abuse
Measure audience engagement and site statistics to understand how our services are used and enhance the quality of those services
If you choose to “Accept all,” we will also use cookies and data to
Develop and improve new services
Deliver and measure the effectiveness of ads
Show personalized content, depending on your settings
Show personalized ads, depending on your settings
If you choose to “Reject all,” we will not use cookies for these additional purposes.
Non-personalized content is influenced by things like the content you’re currently viewing, activity in your active Search session, and your location. Non-personalized ads are influenced by the content you’re currently viewing and your general location. Personalized content and ads can also include more relevant results, recommendations, and tailored ads based on past activity from this browser, like previous Google searches. We also use cookies and data to tailor the experience to be age-appropriate, if relevant.
Select “More options” to see additional information, including details about managing your privacy settings. You can also visit g.co/privacytools at any time.
Reject all
Accept all
More options
Privacy Policy
Terms of Service",https://news.google.com/rss/articles/CBMilwFBVV95cUxPSl9xSEozc0pBVlNBTHRiazN6UzV6MG1VSm1jWXRSR1BZTXlUMzE1QlVrcWZKLV9PbmE2Q1ktamJMZGFSSGRrOW5qdW1lazh2YTdPdkVJOEJITUkwZWxsc2Jjb19STTBxNDB4bkt5TnFVcFZwZkhpVF9tNVBnZGx1dEJJbTNFMUJMdzFoeV8xaHBzUmZZNUdn?oc=5
2024-03-08,NVDA,Nvidia,Nvidia’s stock completes dramatic reversal lower not seen in almost seven years - MarketWatch,"EN
Sign in
Before you continue to Google
We use cookies and data to
Deliver and maintain Google services
Track outages and protect against spam, fraud, and abuse
Measure audience engagement and site statistics to understand how our services are used and enhance the quality of those services
If you choose to “Accept all,” we will also use cookies and data to
Develop and improve new services
Deliver and measure the effectiveness of ads
Show personalized content, depending on your settings
Show personalized ads, depending on your settings
If you choose to “Reject all,” we will not use cookies for these additional purposes.
Non-personalized content is influenced by things like the content you’re currently viewing, activity in your active Search session, and your location. Non-personalized ads are influenced by the content you’re currently viewing and your general location. Personalized content and ads can also include more relevant results, recommendations, and tailored ads based on past activity from this browser, like previous Google searches. We also use cookies and data to tailor the experience to be age-appropriate, if relevant.
Select “More options” to see additional information, including details about managing your privacy settings. You can also visit g.co/privacytools at any time.
Reject all
Accept all
More options
Privacy Policy
Terms of Service",https://news.google.com/rss/articles/CBMitwFBVV95cUxPSzN5X3lXQnFza29FTE5Mdi1sYmFsMk01VWFxbEx5RWg2dzV4bUxQc0phNC1hZFAwY252Z21Jb1hoRl9HQy13QURtNmRvT2xsQU5XcFpVeEdhaWRaWVp5SDI1QVYtMG5jNjRNX0hJd0FmN1hJOXM2Q2pXUUZmeE1yUnFkUW1ZeUhnWG5wUWwxOFdXT3JFMHViWS1vNlU2NHRrakNNYXlMUEl1SEhFYnUyLTg5aFBQUUU?oc=5
2024-03-01,NVDA,Nvidia,It’s Nvidia’s Stock Market. You Choose How to Live in It. - WSJ,"EN
Sign in
Before you continue to Google
We use cookies and data to
Deliver and maintain Google services
Track outages and protect against spam, fraud, and abuse
Measure audience engagement and site statistics to understand how our services are used and enhance the quality of those services
If you choose to “Accept all,” we will also use cookies and data to
Develop and improve new services
Deliver and measure the effectiveness of ads
Show personalized content, depending on your settings
Show personalized ads, depending on your settings
If you choose to “Reject all,” we will not use cookies for these additional purposes.
Non-personalized content is influenced by things like the content you’re currently viewing, activity in your active Search session, and your location. Non-personalized ads are influenced by the content you’re currently viewing and your general location. Personalized content and ads can also include more relevant results, recommendations, and tailored ads based on past activity from this browser, like previous Google searches. We also use cookies and data to tailor the experience to be age-appropriate, if relevant.
Select “More options” to see additional information, including details about managing your privacy settings. You can also visit g.co/privacytools at any time.
Reject all
Accept all
More options
Privacy Policy
Terms of Service",https://news.google.com/rss/articles/CBMidEFVX3lxTFBrZzdoZ2w3ZkJmWXRGTExfUk5MSno4SjdjWVFaeDlwOFdXRjhRSEtSRWktU2ZwMGZDUE1MdzNBMldvTHVHS2hyV1h3cS1zVmg5NEdmUmxhTURTRGVmMjBORDVGNjNCR0tmeFJzb3NMUDFxN2I3?oc=5
2024-03-08,NVDA,Nvidia,Cathie Wood Is Worried About Nvidia Stock. She Isn’t the Only One. - Barron's,"EN
Sign in
Before you continue to Google
We use cookies and data to
Deliver and maintain Google services
Track outages and protect against spam, fraud, and abuse
Measure audience engagement and site statistics to understand how our services are used and enhance the quality of those services
If you choose to “Accept all,” we will also use cookies and data to
Develop and improve new services
Deliver and measure the effectiveness of ads
Show personalized content, depending on your settings
Show personalized ads, depending on your settings
If you choose to “Reject all,” we will not use cookies for these additional purposes.
Non-personalized content is influenced by things like the content you’re currently viewing, activity in your active Search session, and your location. Non-personalized ads are influenced by the content you’re currently viewing and your general location. Personalized content and ads can also include more relevant results, recommendations, and tailored ads based on past activity from this browser, like previous Google searches. We also use cookies and data to tailor the experience to be age-appropriate, if relevant.
Select “More options” to see additional information, including details about managing your privacy settings. You can also visit g.co/privacytools at any time.
Reject all
Accept all
More options
Privacy Policy
Terms of Service",https://news.google.com/rss/articles/CBMijAFBVV95cUxOb3pmRnBFakNfS0JPR1dxTnBva0NYN2ZueWN6aDl2dHNxTkNfelRKMVVjc2tTdGd0Mm45cHQtMDJmeERnc1VhVnVsQ3hINU94VUNQUmFjTWIzZmI4d2I3X1JjV3VLdjlWM0llYnZzdkR6VFVxZlZ5OGZ3dldjczV2aE9Kb0xCeGwxMVNnOQ?oc=5
2024-03-05,NVDA,Nvidia,Here's the Big Reason Nvidia Stock Has Exploded 258% Higher in the Past Year - Nasdaq,"EN
Sign in
Before you continue to Google
We use cookies and data to
Deliver and maintain Google services
Track outages and protect against spam, fraud, and abuse
Measure audience engagement and site statistics to understand how our services are used and enhance the quality of those services
If you choose to “Accept all,” we will also use cookies and data to
Develop and improve new services
Deliver and measure the effectiveness of ads
Show personalized content, depending on your settings
Show personalized ads, depending on your settings
If you choose to “Reject all,” we will not use cookies for these additional purposes.
Non-personalized content is influenced by things like the content you’re currently viewing, activity in your active Search session, and your location. Non-personalized ads are influenced by the content you’re currently viewing and your general location. Personalized content and ads can also include more relevant results, recommendations, and tailored ads based on past activity from this browser, like previous Google searches. We also use cookies and data to tailor the experience to be age-appropriate, if relevant.
Select “More options” to see additional information, including details about managing your privacy settings. You can also visit g.co/privacytools at any time.
Reject all
Accept all
More options
Privacy Policy
Terms of Service",https://news.google.com/rss/articles/CBMiqgFBVV95cUxONnlSVmkyQ29zLWwwZEgxSjkxaHllNzZsS1R2aGx2a2xPcXZCVThGQ1U1eHFMcWhTR2VCNEswcDNtdEVDNGcyYldmNjZoY1hSZ2tvU2tuTU1hekdWM1BhVzBZUVpnekY0WEdLdWpUeTBaTjhUWXhHbXZscnZLcG5vYkMwS0hiNHN4TnU0bTNKWG0xWlduYndCSlZ5Y0lTRE9sRTlwWDQxRjRsUQ?oc=5
2024-03-14,NVDA,Nvidia,"Believe It or Not, Nvidia Stock (NASDAQ:NVDA) Still Isn’t Expensive - Yahoo Finance","EN
Sign in
Before you continue to Google
We use cookies and data to
Deliver and maintain Google services
Track outages and protect against spam, fraud, and abuse
Measure audience engagement and site statistics to understand how our services are used and enhance the quality of those services
If you choose to “Accept all,” we will also use cookies and data to
Develop and improve new services
Deliver and measure the effectiveness of ads
Show personalized content, depending on your settings
Show personalized ads, depending on your settings
If you choose to “Reject all,” we will not use cookies for these additional purposes.
Non-personalized content is influenced by things like the content you’re currently viewing, activity in your active Search session, and your location. Non-personalized ads are influenced by the content you’re currently viewing and your general location. Personalized content and ads can also include more relevant results, recommendations, and tailored ads based on past activity from this browser, like previous Google searches. We also use cookies and data to tailor the experience to be age-appropriate, if relevant.
Select “More options” to see additional information, including details about managing your privacy settings. You can also visit g.co/privacytools at any time.
Reject all
Accept all
More options
Privacy Policy
Terms of Service",https://news.google.com/rss/articles/CBMigwFBVV95cUxQV0xhZUdKUnBoRzg4SVFhcmFvMXdubVpnb3pDa2JJeHNQTTZtQkhJdG9QUjJCTnRQMkliTTdIREozdGpCclhmV0F6cndwakU1b3JUa29VeDBISTUxT2hkVWpTWE1HdDdpM1hSckF3Y0l5UHFvUUtiTGw0Nmg5eF9NOGV2VQ?oc=5
2024-03-26,NVDA,Nvidia,Nvidia Traders Find Reasons to Worry Beyond Sky-High Stock Price - Bloomberg.com,"EN
Sign in
Before you continue to Google
We use cookies and data to
Deliver and maintain Google services
Track outages and protect against spam, fraud, and abuse
Measure audience engagement and site statistics to understand how our services are used and enhance the quality of those services
If you choose to “Accept all,” we will also use cookies and data to
Develop and improve new services
Deliver and measure the effectiveness of ads
Show personalized content, depending on your settings
Show personalized ads, depending on your settings
If you choose to “Reject all,” we will not use cookies for these additional purposes.
Non-personalized content is influenced by things like the content you’re currently viewing, activity in your active Search session, and your location. Non-personalized ads are influenced by the content you’re currently viewing and your general location. Personalized content and ads can also include more relevant results, recommendations, and tailored ads based on past activity from this browser, like previous Google searches. We also use cookies and data to tailor the experience to be age-appropriate, if relevant.
Select “More options” to see additional information, including details about managing your privacy settings. You can also visit g.co/privacytools at any time.
Reject all
Accept all
More options
Privacy Policy
Terms of Service",https://news.google.com/rss/articles/CBMitgFBVV95cUxPcTdNNnk3dTJUQUpiaTdHam9lUko5bDZLUk5SYThMTVhMMWE2c1U1Z3lkdHhFTkNBNjAya3RsT1VhamFoZEM5ZDE2QVBsWTVqSUNzRF9qRkZCanVnbjlkNEo4UnVXRFZ1YzhndXM4WVJrU2JDdVdqdmtNaGg2eGt3SUlzS3JvdHFnZGhqbTVyNmdVSmRsekkwbkhPa0F5dkprQm40SDlGemktemRYN0FLMDNFQ2JDQQ?oc=5
2024-03-19,NVDA,Nvidia,What Does Enron Teach Us About NVIDIA? - Columbia Business School,"EN
Sign in
Before you continue to Google
We use cookies and data to
Deliver and maintain Google services
Track outages and protect against spam, fraud, and abuse
Measure audience engagement and site statistics to understand how our services are used and enhance the quality of those services
If you choose to “Accept all,” we will also use cookies and data to
Develop and improve new services
Deliver and measure the effectiveness of ads
Show personalized content, depending on your settings
Show personalized ads, depending on your settings
If you choose to “Reject all,” we will not use cookies for these additional purposes.
Non-personalized content is influenced by things like the content you’re currently viewing, activity in your active Search session, and your location. Non-personalized ads are influenced by the content you’re currently viewing and your general location. Personalized content and ads can also include more relevant results, recommendations, and tailored ads based on past activity from this browser, like previous Google searches. We also use cookies and data to tailor the experience to be age-appropriate, if relevant.
Select “More options” to see additional information, including details about managing your privacy settings. You can also visit g.co/privacytools at any time.
Reject all
Accept all
More options
Privacy Policy
Terms of Service",https://news.google.com/rss/articles/CBMimgFBVV95cUxNSDFjUEZkcVFPS3VQNVl6eURrbGdaa2l5R054Nl9feGY3V1loeVZEY3dRMDVuVVRRb0NVdTdZbGZOcGVhczZWZXlrbXV0OGpNMXFpQ2dfSEVrUXV1RVNzcmd6VnlkN1BkbWcyQ2Z6LTN1LXA5UTJkMVJvbkhzZ3Z6TnhSczRYdi1lUnUxQzhxcExYM3FyUGdRSlBR?oc=5
2024-03-05,NVDA,Nvidia,Is Nvidia stock in a bubble that will burst? Wall Street can't make up its mind - qz.com,"EN
Sign in
Before you continue to Google
We use cookies and data to
Deliver and maintain Google services
Track outages and protect against spam, fraud, and abuse
Measure audience engagement and site statistics to understand how our services are used and enhance the quality of those services
If you choose to “Accept all,” we will also use cookies and data to
Develop and improve new services
Deliver and measure the effectiveness of ads
Show personalized content, depending on your settings
Show personalized ads, depending on your settings
If you choose to “Reject all,” we will not use cookies for these additional purposes.
Non-personalized content is influenced by things like the content you’re currently viewing, activity in your active Search session, and your location. Non-personalized ads are influenced by the content you’re currently viewing and your general location. Personalized content and ads can also include more relevant results, recommendations, and tailored ads based on past activity from this browser, like previous Google searches. We also use cookies and data to tailor the experience to be age-appropriate, if relevant.
Select “More options” to see additional information, including details about managing your privacy settings. You can also visit g.co/privacytools at any time.
Reject all
Accept all
More options
Privacy Policy
Terms of Service",https://news.google.com/rss/articles/CBMihAFBVV95cUxPZmFLU2FTZHp2NzNrOHlPRHVUNW03MEwta3VuTllKSHN2UnFrbVZqQmktQWN1aXd0NWU1dkQ5SjlIekxaNjlUR0M5cllPSWRpVWZEUU44YktQbUxhWGU3cGxZWlp6N3RNZ1pDcEtzcmE0OXZ0el9udXNyOHljb3pteTBWQW0?oc=5
2024-03-10,NVDA,Nvidia,Nvidia Stock in Focus After Friday's 10% Intraday Reversal—Key Price Level to Watch - Investopedia,"EN
Sign in
Before you continue to Google
We use cookies and data to
Deliver and maintain Google services
Track outages and protect against spam, fraud, and abuse
Measure audience engagement and site statistics to understand how our services are used and enhance the quality of those services
If you choose to “Accept all,” we will also use cookies and data to
Develop and improve new services
Deliver and measure the effectiveness of ads
Show personalized content, depending on your settings
Show personalized ads, depending on your settings
If you choose to “Reject all,” we will not use cookies for these additional purposes.
Non-personalized content is influenced by things like the content you’re currently viewing, activity in your active Search session, and your location. Non-personalized ads are influenced by the content you’re currently viewing and your general location. Personalized content and ads can also include more relevant results, recommendations, and tailored ads based on past activity from this browser, like previous Google searches. We also use cookies and data to tailor the experience to be age-appropriate, if relevant.
Select “More options” to see additional information, including details about managing your privacy settings. You can also visit g.co/privacytools at any time.
Reject all
Accept all
More options
Privacy Policy
Terms of Service",https://news.google.com/rss/articles/CBMimgFBVV95cUxQWkEwVk9ibm1MRmJzTGdGMS11Wlc2RmI4OEQ0OERDck1aeDc2MDJKa2VFYlR5cEo1d3ItRVFfMFNxd3NJODlySXBpVWk3Q0d1bGIyOVQxd0ItelRxbEY0bGhwNmV1OHZvQ1BqTThRV25WMVhad2FZVHQwOGdYUzVEOGwtbm1ZM0tqUzAzTjYxTFVMeS0yRFRGY1lR?oc=5
2024-03-19,NVDA,Nvidia,"Nvidia’s stock gets its ‘Taylor Swift’ moment, and the bulls are cheering - MarketWatch","EN
Sign in
Before you continue to Google
We use cookies and data to
Deliver and maintain Google services
Track outages and protect against spam, fraud, and abuse
Measure audience engagement and site statistics to understand how our services are used and enhance the quality of those services
If you choose to “Accept all,” we will also use cookies and data to
Develop and improve new services
Deliver and measure the effectiveness of ads
Show personalized content, depending on your settings
Show personalized ads, depending on your settings
If you choose to “Reject all,” we will not use cookies for these additional purposes.
Non-personalized content is influenced by things like the content you’re currently viewing, activity in your active Search session, and your location. Non-personalized ads are influenced by the content you’re currently viewing and your general location. Personalized content and ads can also include more relevant results, recommendations, and tailored ads based on past activity from this browser, like previous Google searches. We also use cookies and data to tailor the experience to be age-appropriate, if relevant.
Select “More options” to see additional information, including details about managing your privacy settings. You can also visit g.co/privacytools at any time.
Reject all
Accept all
More options
Privacy Policy
Terms of Service",https://news.google.com/rss/articles/CBMixAFBVV95cUxQTjJfYm1zeUZ2Y3pTbUxSU2xMSVQ5ZWFIcDZGb25fMmVJYkhPekwwUm1YOHU5RUZTT0NCeFhIRzFXa0tOam9ZTlpJOWNHNm1LcG5DWEVLUWVjaE5NaEgwT1hQWUtwMGh4OW9ibERfQWdTNGtBV3hvUklMcXpPWTRlaG82NjNzOXk5dGY2V2NFWGFJaWlzSG1rcjZKOFk5ME12MWI2RWFsdDFCSDRtRWVmQm15akhHMkdZdFFtd0V1cGMyVHN3?oc=5
2024-03-09,NVDA,Nvidia,5 Things to Know About Heavy Insider Selling on Nvidia Stock - Nasdaq,"EN
Sign in
Before you continue to Google
We use cookies and data to
Deliver and maintain Google services
Track outages and protect against spam, fraud, and abuse
Measure audience engagement and site statistics to understand how our services are used and enhance the quality of those services
If you choose to “Accept all,” we will also use cookies and data to
Develop and improve new services
Deliver and measure the effectiveness of ads
Show personalized content, depending on your settings
Show personalized ads, depending on your settings
If you choose to “Reject all,” we will not use cookies for these additional purposes.
Non-personalized content is influenced by things like the content you’re currently viewing, activity in your active Search session, and your location. Non-personalized ads are influenced by the content you’re currently viewing and your general location. Personalized content and ads can also include more relevant results, recommendations, and tailored ads based on past activity from this browser, like previous Google searches. We also use cookies and data to tailor the experience to be age-appropriate, if relevant.
Select “More options” to see additional information, including details about managing your privacy settings. You can also visit g.co/privacytools at any time.
Reject all
Accept all
More options
Privacy Policy
Terms of Service",https://news.google.com/rss/articles/CBMilwFBVV95cUxNdTM4VldUejRZdzJOOTNUa3lLSFY3V1RuanBFRUtBMWVVWkd0MnlyQlVfTUJoMGhuOHhEQUVodU5RMm8zaklhMWZXcHp0Vk85WkJkR3k2empKNk1fVEdEZmFQNm1zZHUxUExQcDhqV0oydHNfdHlzUXQzZzZFMnJHUWJLWGJxaEFWUjBLSXJCWVJ2TXUxMlFj?oc=5
2024-03-04,NVDA,Nvidia,Nvidia’s Surge Stokes Talk of a Bubble - WSJ,"EN
Sign in
Before you continue to Google
We use cookies and data to
Deliver and maintain Google services
Track outages and protect against spam, fraud, and abuse
Measure audience engagement and site statistics to understand how our services are used and enhance the quality of those services
If you choose to “Accept all,” we will also use cookies and data to
Develop and improve new services
Deliver and measure the effectiveness of ads
Show personalized content, depending on your settings
Show personalized ads, depending on your settings
If you choose to “Reject all,” we will not use cookies for these additional purposes.
Non-personalized content is influenced by things like the content you’re currently viewing, activity in your active Search session, and your location. Non-personalized ads are influenced by the content you’re currently viewing and your general location. Personalized content and ads can also include more relevant results, recommendations, and tailored ads based on past activity from this browser, like previous Google searches. We also use cookies and data to tailor the experience to be age-appropriate, if relevant.
Select “More options” to see additional information, including details about managing your privacy settings. You can also visit g.co/privacytools at any time.
Reject all
Accept all
More options
Privacy Policy
Terms of Service",https://news.google.com/rss/articles/CBMigwFBVV95cUxNNUt2bzl6MWRnV0RjNXJWSTAtWHl3WmtTckxhTFg1emttaTBsQ3QycVdlb25penE2SF9zdHI0QmNRYVo3d0RqYko3Ulh0U2o2QzZJVVcyQzZFbDE4aVZSV0VHTS1KSUFKbVRENmdVQk1RRTlibTBjRkdQYVpDWkgxVF9HNA?oc=5
2024-03-01,NVDA,Nvidia,Berkshire Hathaway Doesn't Hold Nvidia Stock—Will Warren Buffett Come to Regret it? - Investopedia,"EN
Sign in
Before you continue to Google
We use cookies and data to
Deliver and maintain Google services
Track outages and protect against spam, fraud, and abuse
Measure audience engagement and site statistics to understand how our services are used and enhance the quality of those services
If you choose to “Accept all,” we will also use cookies and data to
Develop and improve new services
Deliver and measure the effectiveness of ads
Show personalized content, depending on your settings
Show personalized ads, depending on your settings
If you choose to “Reject all,” we will not use cookies for these additional purposes.
Non-personalized content is influenced by things like the content you’re currently viewing, activity in your active Search session, and your location. Non-personalized ads are influenced by the content you’re currently viewing and your general location. Personalized content and ads can also include more relevant results, recommendations, and tailored ads based on past activity from this browser, like previous Google searches. We also use cookies and data to tailor the experience to be age-appropriate, if relevant.
Select “More options” to see additional information, including details about managing your privacy settings. You can also visit g.co/privacytools at any time.
Reject all
Accept all
More options
Privacy Policy
Terms of Service",https://news.google.com/rss/articles/CBMivAFBVV95cUxNZlF6MkdjN2NWYnJPXzFyS1VpUnlWU1FRQXliTnRuTnBGNDZKcDg5dnZvUGxyZTJyMG9WbG9nYWE3eU9La2llTjhJU0RqVHBLeElraG5hMGFsbTRMX3FfRERBYWFMV1lBNm1hNXVRMEJYM0NJSW9MckNIbVd3bHBjQXFfWUF5ckF3WTAyM0dkV0hOQmFvdTI5N2VTY2Z1dGk3SnIxQnp3UEM1R2FFZHdZVEJVNy0yajk3ZElJLQ?oc=5
2024-03-22,NVDA,Nvidia,Nvidia’s stock racks up new records. Why bulls say the party can keep going. - MarketWatch,"EN
Sign in
Before you continue to Google
We use cookies and data to
Deliver and maintain Google services
Track outages and protect against spam, fraud, and abuse
Measure audience engagement and site statistics to understand how our services are used and enhance the quality of those services
If you choose to “Accept all,” we will also use cookies and data to
Develop and improve new services
Deliver and measure the effectiveness of ads
Show personalized content, depending on your settings
Show personalized ads, depending on your settings
If you choose to “Reject all,” we will not use cookies for these additional purposes.
Non-personalized content is influenced by things like the content you’re currently viewing, activity in your active Search session, and your location. Non-personalized ads are influenced by the content you’re currently viewing and your general location. Personalized content and ads can also include more relevant results, recommendations, and tailored ads based on past activity from this browser, like previous Google searches. We also use cookies and data to tailor the experience to be age-appropriate, if relevant.
Select “More options” to see additional information, including details about managing your privacy settings. You can also visit g.co/privacytools at any time.
Reject all
Accept all
More options
Privacy Policy
Terms of Service",https://news.google.com/rss/articles/CBMitwFBVV95cUxNajV0MzV5eVg1Ty1oNi0ycjhjbzNoY1NCV3BfQktXWnpLRDF6U2JUUDNsOFNybFk5SzJhSTg5NGxVQW0wM2M4RzItR1pzVWUwNGdGVTR2LThDUWlpUzhfVzJ4SHpPSlJNbUlCOGduT1lmc3MwYnJQMUxPaW5kbHNfbVFpTHpEUm5Rb0IzZU5JTDNrWjh4ZjlXMmVjVDNVeGNMZ0hwNHg2QVZtTXhWa2lMNVBReUFMYTg?oc=5
2024-03-15,NVDA,Nvidia,3 Brilliant Reasons to Buy Nvidia Stock Right Now - Nasdaq,"EN
Sign in
Before you continue to Google
We use cookies and data to
Deliver and maintain Google services
Track outages and protect against spam, fraud, and abuse
Measure audience engagement and site statistics to understand how our services are used and enhance the quality of those services
If you choose to “Accept all,” we will also use cookies and data to
Develop and improve new services
Deliver and measure the effectiveness of ads
Show personalized content, depending on your settings
Show personalized ads, depending on your settings
If you choose to “Reject all,” we will not use cookies for these additional purposes.
Non-personalized content is influenced by things like the content you’re currently viewing, activity in your active Search session, and your location. Non-personalized ads are influenced by the content you’re currently viewing and your general location. Personalized content and ads can also include more relevant results, recommendations, and tailored ads based on past activity from this browser, like previous Google searches. We also use cookies and data to tailor the experience to be age-appropriate, if relevant.
Select “More options” to see additional information, including details about managing your privacy settings. You can also visit g.co/privacytools at any time.
Reject all
Accept all
More options
Privacy Policy
Terms of Service",https://news.google.com/rss/articles/CBMiiAFBVV95cUxOLUpNNkx0aDJKQzg0WFZXM05ic1dlaTdsVzdVS2lPdm1abmpUQmlYLTd2M0hKRDJvZGJMeS1qSEp0R1FDRURtbFgtbVlFY3BXNlYycU9IX1hRUFFBd2Q4amN6ZVpGRUdhRXhrbF8yZ3d2NjVnZzE0dnRVVFFaejZtS2FTa25qQWw4?oc=5
2024-03-05,NVDA,Nvidia,"As 'AI Bubble' Chatter Grows, Is Nvidia Stock Overvalued? - Nasdaq","EN
Sign in
Before you continue to Google
We use cookies and data to
Deliver and maintain Google services
Track outages and protect against spam, fraud, and abuse
Measure audience engagement and site statistics to understand how our services are used and enhance the quality of those services
If you choose to “Accept all,” we will also use cookies and data to
Develop and improve new services
Deliver and measure the effectiveness of ads
Show personalized content, depending on your settings
Show personalized ads, depending on your settings
If you choose to “Reject all,” we will not use cookies for these additional purposes.
Non-personalized content is influenced by things like the content you’re currently viewing, activity in your active Search session, and your location. Non-personalized ads are influenced by the content you’re currently viewing and your general location. Personalized content and ads can also include more relevant results, recommendations, and tailored ads based on past activity from this browser, like previous Google searches. We also use cookies and data to tailor the experience to be age-appropriate, if relevant.
Select “More options” to see additional information, including details about managing your privacy settings. You can also visit g.co/privacytools at any time.
Reject all
Accept all
More options
Privacy Policy
Terms of Service",https://news.google.com/rss/articles/CBMijgFBVV95cUxNemtWaTNWbElQc3JMcm9zS0RiZzVXbXJ2eEtsUVJkYlVCeWVzMlJLejFsbGp3b09HN2FzeWc5em4xcEVxTmhQZloyRm5pVzlGaHE0UXJ3QmlKa0NmT0FfMVJWY241N3p3Y3h6TEZ5SVN3RGIxTFotMXZQY2k1WDYwRFhrUHV6VUJ4bDM4d1hR?oc=5
2024-04-22,NVDA,Nvidia,Nvidia Stock Rises After Largest One-Day Decline on Record - WSJ,"EN
Sign in
Before you continue to Google
We use cookies and data to
Deliver and maintain Google services
Track outages and protect against spam, fraud, and abuse
Measure audience engagement and site statistics to understand how our services are used and enhance the quality of those services
If you choose to “Accept all,” we will also use cookies and data to
Develop and improve new services
Deliver and measure the effectiveness of ads
Show personalized content, depending on your settings
Show personalized ads, depending on your settings
If you choose to “Reject all,” we will not use cookies for these additional purposes.
Non-personalized content is influenced by things like the content you’re currently viewing, activity in your active Search session, and your location. Non-personalized ads are influenced by the content you’re currently viewing and your general location. Personalized content and ads can also include more relevant results, recommendations, and tailored ads based on past activity from this browser, like previous Google searches. We also use cookies and data to tailor the experience to be age-appropriate, if relevant.
Select “More options” to see additional information, including details about managing your privacy settings. You can also visit g.co/privacytools at any time.
Reject all
Accept all
More options
Privacy Policy
Terms of Service",https://news.google.com/rss/articles/CBMi7AFBVV95cUxPSlc4ZFhaQVo0MTJhYWhBWEQybHFvdWw5YVVnWXQ2SktEZHgyRzhQOXF1UkV4dm11aklFdjhrYkRjWDJCblFOVkkxVk9QY0ZjckhYWHliVDl3MUNxeVB3ek5DTUNEWkgxb01CUEJlMXl1eFNxSHJ6M0ViNHB5V1BFVl9wbWh5cWNsWEZlZy1kb29KVk40U1U0M2hCT1VKZWtjM3l6NG53TDFIaFR5UDVDVFN3OFhsbTFKTjMyMkpIVGtycDQ2dlhpQXI3YlJlTzRoMHRmNDBTLVhSMi0yUUFTUGc2S3JpQW5VeF9jLQ?oc=5
2024-04-19,NVDA,Nvidia,Nvidia drops 10% as investors see risk in Big Tech shares - Financial Times,"EN
Sign in
Before you continue to Google
We use cookies and data to
Deliver and maintain Google services
Track outages and protect against spam, fraud, and abuse
Measure audience engagement and site statistics to understand how our services are used and enhance the quality of those services
If you choose to “Accept all,” we will also use cookies and data to
Develop and improve new services
Deliver and measure the effectiveness of ads
Show personalized content, depending on your settings
Show personalized ads, depending on your settings
If you choose to “Reject all,” we will not use cookies for these additional purposes.
Non-personalized content is influenced by things like the content you’re currently viewing, activity in your active Search session, and your location. Non-personalized ads are influenced by the content you’re currently viewing and your general location. Personalized content and ads can also include more relevant results, recommendations, and tailored ads based on past activity from this browser, like previous Google searches. We also use cookies and data to tailor the experience to be age-appropriate, if relevant.
Select “More options” to see additional information, including details about managing your privacy settings. You can also visit g.co/privacytools at any time.
Reject all
Accept all
More options
Privacy Policy
Terms of Service",https://news.google.com/rss/articles/CBMicEFVX3lxTFBadTVsMEJINHBWdUpwLXR3RTJMbmIzekwwRmxMMktEcnY5ZlZJNHFBR0VocjFqby1SN0ZVaVdGbDVWaWtpODNtUzNYNUFnTmZhS0JsT2FicjJ5T3R3bU5kcVJWSlZCUWN2Y1hzWmRrUG8?oc=5
2024-04-26,NVDA,Nvidia,Missed Nvidia’s Stock Price Rally? Check Out These 7 AI Stocks Instead: April 2025 Edition - Forbes,"EN
Sign in
Before you continue to Google
We use cookies and data to
Deliver and maintain Google services
Track outages and protect against spam, fraud, and abuse
Measure audience engagement and site statistics to understand how our services are used and enhance the quality of those services
If you choose to “Accept all,” we will also use cookies and data to
Develop and improve new services
Deliver and measure the effectiveness of ads
Show personalized content, depending on your settings
Show personalized ads, depending on your settings
If you choose to “Reject all,” we will not use cookies for these additional purposes.
Non-personalized content is influenced by things like the content you’re currently viewing, activity in your active Search session, and your location. Non-personalized ads are influenced by the content you’re currently viewing and your general location. Personalized content and ads can also include more relevant results, recommendations, and tailored ads based on past activity from this browser, like previous Google searches. We also use cookies and data to tailor the experience to be age-appropriate, if relevant.
Select “More options” to see additional information, including details about managing your privacy settings. You can also visit g.co/privacytools at any time.
Reject all
Accept all
More options
Privacy Policy
Terms of Service",https://news.google.com/rss/articles/CBMipwFBVV95cUxPSXRHQUMtYUwwTXFnN28tZDlEc1RoOHhGandVd2dpZUhEbU96cHhMb3dMNmhhSFMtQy1WN3FiVnNDRFlNanpfY2pqcjB3QnFTS1NNZzJlTzVsdnFtaURCZTBVc0c0TnJLcjdsVnNJMUtsMDVrd0VhdEZZWENMLWFvRG1Gekdab1ZveVVtVlcyVFpPZ3RKdU9XU05qZUFGaXdMaTg3QTkxbw?oc=5
2024-04-12,NVDA,Nvidia,Nvidia Stock (NASDAQ:NVDA): More Cyclical Than You’d Think - Yahoo Finance,"EN
Sign in
Before you continue to Google
We use cookies and data to
Deliver and maintain Google services
Track outages and protect against spam, fraud, and abuse
Measure audience engagement and site statistics to understand how our services are used and enhance the quality of those services
If you choose to “Accept all,” we will also use cookies and data to
Develop and improve new services
Deliver and measure the effectiveness of ads
Show personalized content, depending on your settings
Show personalized ads, depending on your settings
If you choose to “Reject all,” we will not use cookies for these additional purposes.
Non-personalized content is influenced by things like the content you’re currently viewing, activity in your active Search session, and your location. Non-personalized ads are influenced by the content you’re currently viewing and your general location. Personalized content and ads can also include more relevant results, recommendations, and tailored ads based on past activity from this browser, like previous Google searches. We also use cookies and data to tailor the experience to be age-appropriate, if relevant.
Select “More options” to see additional information, including details about managing your privacy settings. You can also visit g.co/privacytools at any time.
Reject all
Accept all
More options
Privacy Policy
Terms of Service",https://news.google.com/rss/articles/CBMigAFBVV95cUxOa19aOWVRdE10N0h0SDJnMS1ySmJPcTNzRjhzZld1dml4YXdkTmpFQWRKOGNYRWNpaUFWZWNncTlaSElmSnJmbUlJaU5UZHFHYlV3ZUFER0tNNDVtVWtGV0NCU29qRTQ0STdHNXl2ZkNWbkk4dEJ2b0Zsb0NUUEJuQQ?oc=5
2024-04-29,NVDA,Nvidia,"The latest evidence Nvidia’s stock is a ‘no brainer,’ according to this analyst - MarketWatch","EN
Sign in
Before you continue to Google
We use cookies and data to
Deliver and maintain Google services
Track outages and protect against spam, fraud, and abuse
Measure audience engagement and site statistics to understand how our services are used and enhance the quality of those services
If you choose to “Accept all,” we will also use cookies and data to
Develop and improve new services
Deliver and measure the effectiveness of ads
Show personalized content, depending on your settings
Show personalized ads, depending on your settings
If you choose to “Reject all,” we will not use cookies for these additional purposes.
Non-personalized content is influenced by things like the content you’re currently viewing, activity in your active Search session, and your location. Non-personalized ads are influenced by the content you’re currently viewing and your general location. Personalized content and ads can also include more relevant results, recommendations, and tailored ads based on past activity from this browser, like previous Google searches. We also use cookies and data to tailor the experience to be age-appropriate, if relevant.
Select “More options” to see additional information, including details about managing your privacy settings. You can also visit g.co/privacytools at any time.
Reject all
Accept all
More options
Privacy Policy
Terms of Service",https://news.google.com/rss/articles/CBMiugFBVV95cUxQTkhkUFh1RTVNYTdpYTluUjVhdHlpWUJrQUh0ancxTnRFaW54aXZBRWZTS3pvaV9GWTNiTUQ4aHBFSFg3WVJLN3NyMzlvdURtbXB1VzI0Ny1OUVUyWG1yd3pnemxfRUZaVnBaQThrMHdMVmFVZ1dkaVo2bV8yX0ZnM05EWENKdHd4cFBPX2g2SUxpVjRzNTFMOG1leUR0LXVKR0lRclRGbEFyZzB1WFpKZFNQSG5JazN0M1E?oc=5
2024-04-22,NVDA,Nvidia,AI Bubble? Why This Veteran Nvidia Stock Analyst Isn't Worried. - Investor's Business Daily,"EN
Sign in
Before you continue to Google
We use cookies and data to
Deliver and maintain Google services
Track outages and protect against spam, fraud, and abuse
Measure audience engagement and site statistics to understand how our services are used and enhance the quality of those services
If you choose to “Accept all,” we will also use cookies and data to
Develop and improve new services
Deliver and measure the effectiveness of ads
Show personalized content, depending on your settings
Show personalized ads, depending on your settings
If you choose to “Reject all,” we will not use cookies for these additional purposes.
Non-personalized content is influenced by things like the content you’re currently viewing, activity in your active Search session, and your location. Non-personalized ads are influenced by the content you’re currently viewing and your general location. Personalized content and ads can also include more relevant results, recommendations, and tailored ads based on past activity from this browser, like previous Google searches. We also use cookies and data to tailor the experience to be age-appropriate, if relevant.
Select “More options” to see additional information, including details about managing your privacy settings. You can also visit g.co/privacytools at any time.
Reject all
Accept all
More options
Privacy Policy
Terms of Service",https://news.google.com/rss/articles/CBMingFBVV95cUxOWVhjVmtxZmFBTUhDM0dsaHdzUU1WdkFQSjVFOElQZjV4U2RGemxMcHpZM0JjZ05ncC1yUGplNElVOUVWQ2g5T2pSakRESk9ndmc3VU9VVWp5T2wzWmlzZ0hvVmxORHAtWjZhdUlZRWJvTEg1RmlrdU1HbkZxU0ZDSVYweUR2MjctYlpOYnZtOXpkQmtOMTdpNk5rN0xRZw?oc=5
2024-04-08,NVDA,Nvidia,Nvidia Stock Dips Despite Analyst Seeing Much Higher Demand for Chips - Barron's,"EN
Sign in
Before you continue to Google
We use cookies and data to
Deliver and maintain Google services
Track outages and protect against spam, fraud, and abuse
Measure audience engagement and site statistics to understand how our services are used and enhance the quality of those services
If you choose to “Accept all,” we will also use cookies and data to
Develop and improve new services
Deliver and measure the effectiveness of ads
Show personalized content, depending on your settings
Show personalized ads, depending on your settings
If you choose to “Reject all,” we will not use cookies for these additional purposes.
Non-personalized content is influenced by things like the content you’re currently viewing, activity in your active Search session, and your location. Non-personalized ads are influenced by the content you’re currently viewing and your general location. Personalized content and ads can also include more relevant results, recommendations, and tailored ads based on past activity from this browser, like previous Google searches. We also use cookies and data to tailor the experience to be age-appropriate, if relevant.
Select “More options” to see additional information, including details about managing your privacy settings. You can also visit g.co/privacytools at any time.
Reject all
Accept all
More options
Privacy Policy
Terms of Service",https://news.google.com/rss/articles/CBMieEFVX3lxTE9mdVB0UFllVllLTl9Zd1RYVFJYaDRiNi1rZUx5MU82VlNLM3ZxZ0dsNlFMYmxkWnZlOGYya0pHLWhqVWZzT3M5VG8zeDFUbG1RZnlVY0pJTEFkV3VockpYeUJkdHNDalJkcUNkTDhFa21CekdGckVxQQ?oc=5
2024-04-09,NVDA,Nvidia,Veteran analyst delivers blunt warning about Nvidia's stock - TheStreet,"EN
Sign in
Before you continue to Google
We use cookies and data to
Deliver and maintain Google services
Track outages and protect against spam, fraud, and abuse
Measure audience engagement and site statistics to understand how our services are used and enhance the quality of those services
If you choose to “Accept all,” we will also use cookies and data to
Develop and improve new services
Deliver and measure the effectiveness of ads
Show personalized content, depending on your settings
Show personalized ads, depending on your settings
If you choose to “Reject all,” we will not use cookies for these additional purposes.
Non-personalized content is influenced by things like the content you’re currently viewing, activity in your active Search session, and your location. Non-personalized ads are influenced by the content you’re currently viewing and your general location. Personalized content and ads can also include more relevant results, recommendations, and tailored ads based on past activity from this browser, like previous Google searches. We also use cookies and data to tailor the experience to be age-appropriate, if relevant.
Select “More options” to see additional information, including details about managing your privacy settings. You can also visit g.co/privacytools at any time.
Reject all
Accept all
More options
Privacy Policy
Terms of Service",https://news.google.com/rss/articles/CBMimwFBVV95cUxQbDNROE9DLTk4TVFXeWRUQjhaQll3SEFBVG56R0tYNmhTMnBUNVB1UzRjbzM4SnFiNzNXdExZMkoyZGJPSjZiUUdneXpPMmhiYTFBNm45NnNUQXBYWkc5Vm4yTTZzQXJua1RiZHpVYnhPRm9JN0RDdmpJRm5qNDIzZWhxWFJGbmhueW4tT1NhV3VmeFRUVHM0TGVKWQ?oc=5
2024-04-24,NVDA,Nvidia,"They bought Nvidia stock before the hype. It's paid for cars, vacations, and a deposit on a dream home. - markets.businessinsider.com","EN
Sign in
Before you continue to Google
We use cookies and data to
Deliver and maintain Google services
Track outages and protect against spam, fraud, and abuse
Measure audience engagement and site statistics to understand how our services are used and enhance the quality of those services
If you choose to “Accept all,” we will also use cookies and data to
Develop and improve new services
Deliver and measure the effectiveness of ads
Show personalized content, depending on your settings
Show personalized ads, depending on your settings
If you choose to “Reject all,” we will not use cookies for these additional purposes.
Non-personalized content is influenced by things like the content you’re currently viewing, activity in your active Search session, and your location. Non-personalized ads are influenced by the content you’re currently viewing and your general location. Personalized content and ads can also include more relevant results, recommendations, and tailored ads based on past activity from this browser, like previous Google searches. We also use cookies and data to tailor the experience to be age-appropriate, if relevant.
Select “More options” to see additional information, including details about managing your privacy settings. You can also visit g.co/privacytools at any time.
Reject all
Accept all
More options
Privacy Policy
Terms of Service",https://news.google.com/rss/articles/CBMiwgFBVV95cUxQMWhBTDE1S3NxSzhweVBqZldBUER5ZE45M0tUTko1UjB2eTIzRkZmUzBCWEROdHcwSklSUDRlaTJHV2VvMEF6ZkdncXlqVkZzZXEyVUlLYXI0bTJWNTdfQXA5WS1uRDZXRnRlTy13REIzZFByMzRxYVhveTNJcmJtZk1pdUJYQm9Vc0tLX3pOYWVQZGg1SzJfOEoyUkpYTER6RlBxYVdSNjcyU1IwLS0xN08tbjQydVFBZWttR2FMRzh1UQ?oc=5
2024-04-10,NVDA,Nvidia,Nvidia enters correction territory as stock falls 10% from all-time highs - CNBC,"EN
Sign in
Before you continue to Google
We use cookies and data to
Deliver and maintain Google services
Track outages and protect against spam, fraud, and abuse
Measure audience engagement and site statistics to understand how our services are used and enhance the quality of those services
If you choose to “Accept all,” we will also use cookies and data to
Develop and improve new services
Deliver and measure the effectiveness of ads
Show personalized content, depending on your settings
Show personalized ads, depending on your settings
If you choose to “Reject all,” we will not use cookies for these additional purposes.
Non-personalized content is influenced by things like the content you’re currently viewing, activity in your active Search session, and your location. Non-personalized ads are influenced by the content you’re currently viewing and your general location. Personalized content and ads can also include more relevant results, recommendations, and tailored ads based on past activity from this browser, like previous Google searches. We also use cookies and data to tailor the experience to be age-appropriate, if relevant.
Select “More options” to see additional information, including details about managing your privacy settings. You can also visit g.co/privacytools at any time.
Reject all
Accept all
More options
Privacy Policy
Terms of Service",https://news.google.com/rss/articles/CBMipwFBVV95cUxQRVAtdWdwSHQzQjRWUzFpaXNWOUlncWJENG4xWjlENjFxdUJzS2JJTWFiamg2aTJqSXlXQWV1eU9FbWRxV1Njd1gxQjdzcUs1Q0pNbTREUk0yZ2hoS05QWk1SQk5fYTQtSXl0dktUOUZzeVpaM05JdEU0LVJ2WDRrV09ZN0xaWjU0NTBhMU0xUE1tcEFOcXpreTJtRkF4UE5lTHE4d3Fua9IBrAFBVV95cUxOWXpnY3FiQ2lpcFdqTm1fWHVFdHRDV0NfX0FiUGhJUHlXN2FocDJrZGh0cVFkSlVSUklzY1ZKTkRLRzRjRmllMi1zN01SVHVOc1lwYWtjX01QRUN0ZHRuQjBkY3BzQ3Jsc2lvMFhETnYwQjZ3azVRdXNScWpXWWx4UTQ2YTgzM2NTVUNNTEMxb090Umd6VUNRVUhWd2xjcER5QXZpYUFMLTliQVo0?oc=5
2024-04-23,NVDA,Nvidia,What Exactly Does Nvidia Do? - Yahoo Finance,"EN
Sign in
Before you continue to Google
We use cookies and data to
Deliver and maintain Google services
Track outages and protect against spam, fraud, and abuse
Measure audience engagement and site statistics to understand how our services are used and enhance the quality of those services
If you choose to “Accept all,” we will also use cookies and data to
Develop and improve new services
Deliver and measure the effectiveness of ads
Show personalized content, depending on your settings
Show personalized ads, depending on your settings
If you choose to “Reject all,” we will not use cookies for these additional purposes.
Non-personalized content is influenced by things like the content you’re currently viewing, activity in your active Search session, and your location. Non-personalized ads are influenced by the content you’re currently viewing and your general location. Personalized content and ads can also include more relevant results, recommendations, and tailored ads based on past activity from this browser, like previous Google searches. We also use cookies and data to tailor the experience to be age-appropriate, if relevant.
Select “More options” to see additional information, including details about managing your privacy settings. You can also visit g.co/privacytools at any time.
Reject all
Accept all
More options
Privacy Policy
Terms of Service",https://news.google.com/rss/articles/CBMic0FVX3lxTE43QzhfUHp2a3RqS3NPX0xuVHJTbkgtMGtEV0FFNm5SeFBmTldPalVTMVQxeTNPaGw5bXIzNy1fbWxlZXdWRVFJdU95b1k0M3ZEcUZKbDZlX185UkhUUmJuN25kQ0NxMVhDZWFnMWRHLVpaelE?oc=5
2024-04-22,NVDA,Nvidia,Nvidia’s sharp stock selloff sparks this analyst’s call to buy the dip - MarketWatch,"EN
Sign in
Before you continue to Google
We use cookies and data to
Deliver and maintain Google services
Track outages and protect against spam, fraud, and abuse
Measure audience engagement and site statistics to understand how our services are used and enhance the quality of those services
If you choose to “Accept all,” we will also use cookies and data to
Develop and improve new services
Deliver and measure the effectiveness of ads
Show personalized content, depending on your settings
Show personalized ads, depending on your settings
If you choose to “Reject all,” we will not use cookies for these additional purposes.
Non-personalized content is influenced by things like the content you’re currently viewing, activity in your active Search session, and your location. Non-personalized ads are influenced by the content you’re currently viewing and your general location. Personalized content and ads can also include more relevant results, recommendations, and tailored ads based on past activity from this browser, like previous Google searches. We also use cookies and data to tailor the experience to be age-appropriate, if relevant.
Select “More options” to see additional information, including details about managing your privacy settings. You can also visit g.co/privacytools at any time.
Reject all
Accept all
More options
Privacy Policy
Terms of Service",https://news.google.com/rss/articles/CBMisAFBVV95cUxOelRra0duOFkxVDJJR1ZOQXExVGhndS1EQXgwREZ2LUlqYkNlNjdhUmN4b1hyVGxEMjZQcHBaVElnYlQ1TFBVWXBsNnhnZjN5NXlHdkMzV0I0eDg3bFVqNjQzMHJscWJ0Z1R0UkVCTTYzSGZjeUpDYWZxcElpWGw0T0RXX2c3Qjdvb3YwRlA1Q01ybmJpNmlfOTg3bzAzXy1XdFZNcTg4RG1oVGsxM2padw?oc=5
2024-04-09,NVDA,Nvidia,"Nvidia Stock Is Stuttering. A Steep Drop Could Lie Ahead, Says a Bear. - Barron's","EN
Sign in
Before you continue to Google
We use cookies and data to
Deliver and maintain Google services
Track outages and protect against spam, fraud, and abuse
Measure audience engagement and site statistics to understand how our services are used and enhance the quality of those services
If you choose to “Accept all,” we will also use cookies and data to
Develop and improve new services
Deliver and measure the effectiveness of ads
Show personalized content, depending on your settings
Show personalized ads, depending on your settings
If you choose to “Reject all,” we will not use cookies for these additional purposes.
Non-personalized content is influenced by things like the content you’re currently viewing, activity in your active Search session, and your location. Non-personalized ads are influenced by the content you’re currently viewing and your general location. Personalized content and ads can also include more relevant results, recommendations, and tailored ads based on past activity from this browser, like previous Google searches. We also use cookies and data to tailor the experience to be age-appropriate, if relevant.
Select “More options” to see additional information, including details about managing your privacy settings. You can also visit g.co/privacytools at any time.
Reject all
Accept all
More options
Privacy Policy
Terms of Service",https://news.google.com/rss/articles/CBMieEFVX3lxTE5rOTZqaklIY3R6TTlCcWNGZFh6aElfZDg0ZnZVUGxFelY1QTF3Y3JFVjQzM21jSVEtOXFob1d2ZlJkYkFWWW04RGpzaXpiamdxUWpqRTNIejBpVERlcG1sd240WGdpVEw1THVxNzV4YXhpU1NxaWpsZw?oc=5
2024-04-11,NVDA,Nvidia,"Why Nvidia Stock Could Top $1,000 A Share After May Earnings Report - Forbes","EN
Sign in
Before you continue to Google
We use cookies and data to
Deliver and maintain Google services
Track outages and protect against spam, fraud, and abuse
Measure audience engagement and site statistics to understand how our services are used and enhance the quality of those services
If you choose to “Accept all,” we will also use cookies and data to
Develop and improve new services
Deliver and measure the effectiveness of ads
Show personalized content, depending on your settings
Show personalized ads, depending on your settings
If you choose to “Reject all,” we will not use cookies for these additional purposes.
Non-personalized content is influenced by things like the content you’re currently viewing, activity in your active Search session, and your location. Non-personalized ads are influenced by the content you’re currently viewing and your general location. Personalized content and ads can also include more relevant results, recommendations, and tailored ads based on past activity from this browser, like previous Google searches. We also use cookies and data to tailor the experience to be age-appropriate, if relevant.
Select “More options” to see additional information, including details about managing your privacy settings. You can also visit g.co/privacytools at any time.
Reject all
Accept all
More options
Privacy Policy
Terms of Service",https://news.google.com/rss/articles/CBMiuAFBVV95cUxNUERGUFdhaHlXLXdvb0lzbEhfdUFOaGVTMUNFVFBXZ1BjMHU5WjJlRFdiSVB0Ymx2cGZyTTFrSjNSRjRobjB3S1p6RnBuVEkwOEZLajh0YUtlUEJHT215ODdHeDJydmp3a3lPeWtWM3VNc2h1WUlFWUZsaTdNaFlaNnFBWXVtTEtiNVQ3SWNXR0hwVW1UUkMwbmY1WEZSTTRkc2hlbDhCZkxSMFVTTWtPRzFhdnZxdUtk?oc=5
2024-04-19,NVDA,Nvidia,Nvidia’s stock plunge leads ‘Magnificent Seven’ to a record weekly market-cap loss - MarketWatch,"EN
Sign in
Before you continue to Google
We use cookies and data to
Deliver and maintain Google services
Track outages and protect against spam, fraud, and abuse
Measure audience engagement and site statistics to understand how our services are used and enhance the quality of those services
If you choose to “Accept all,” we will also use cookies and data to
Develop and improve new services
Deliver and measure the effectiveness of ads
Show personalized content, depending on your settings
Show personalized ads, depending on your settings
If you choose to “Reject all,” we will not use cookies for these additional purposes.
Non-personalized content is influenced by things like the content you’re currently viewing, activity in your active Search session, and your location. Non-personalized ads are influenced by the content you’re currently viewing and your general location. Personalized content and ads can also include more relevant results, recommendations, and tailored ads based on past activity from this browser, like previous Google searches. We also use cookies and data to tailor the experience to be age-appropriate, if relevant.
Select “More options” to see additional information, including details about managing your privacy settings. You can also visit g.co/privacytools at any time.
Reject all
Accept all
More options
Privacy Policy
Terms of Service",https://news.google.com/rss/articles/CBMivAFBVV95cUxQbGhnTFkwR2ZFdUtXdDFsMmdpRzZsSk5wVmpMUlFoVGZtY0ZJa0dwamdQaDZaWkx2YkZCNlRoMGVMWTZwaUYwd2o1Uk5KeWdlR3BWWDRqZVZfUVAydTZyOG9lRUtUMUxvc2U0Ti1Wc3dqOGdjVllKYkxfSmRKLS10bkhSZEE2Nk9vT1dNTjNOZFcwS0NuaURHVmNfZWE1Z0JvRVVWSlNIbVR2SmZXaFZ5bFRFS212SlZLM3ZuTw?oc=5
2024-04-29,NVDA,Nvidia,Billionaires Are Selling Nvidia Stock and Buying This Supercharged AI Index Fund Instead - Yahoo Finance,"EN
Sign in
Before you continue to Google
We use cookies and data to
Deliver and maintain Google services
Track outages and protect against spam, fraud, and abuse
Measure audience engagement and site statistics to understand how our services are used and enhance the quality of those services
If you choose to “Accept all,” we will also use cookies and data to
Develop and improve new services
Deliver and measure the effectiveness of ads
Show personalized content, depending on your settings
Show personalized ads, depending on your settings
If you choose to “Reject all,” we will not use cookies for these additional purposes.
Non-personalized content is influenced by things like the content you’re currently viewing, activity in your active Search session, and your location. Non-personalized ads are influenced by the content you’re currently viewing and your general location. Personalized content and ads can also include more relevant results, recommendations, and tailored ads based on past activity from this browser, like previous Google searches. We also use cookies and data to tailor the experience to be age-appropriate, if relevant.
Select “More options” to see additional information, including details about managing your privacy settings. You can also visit g.co/privacytools at any time.
Reject all
Accept all
More options
Privacy Policy
Terms of Service",https://news.google.com/rss/articles/CBMijwFBVV95cUxPNHAtbDQyQnM4T0NZNFhTZGxQMGhDMzNvZkRRektIX1ZXWUlRU0tUUXBSWmJvczNUUW95ZjNpSTZxQVZuNHMxNWlIQTBJNHFMTXkwQ2JXT3M1ckJFYWNpV1pUTnNEUkZVSjRMUzJwT3RJTXMzZk5xMHh1cFlmREk3Y2NzNkpOVTdUTFY4R3hEVQ?oc=5
2024-04-29,NVDA,Nvidia,Nvidia Stock Today: Why Jensen Huang Is Looking Beyond Big Tech for Chip Demand - Barron's,"EN
Sign in
Before you continue to Google
We use cookies and data to
Deliver and maintain Google services
Track outages and protect against spam, fraud, and abuse
Measure audience engagement and site statistics to understand how our services are used and enhance the quality of those services
If you choose to “Accept all,” we will also use cookies and data to
Develop and improve new services
Deliver and measure the effectiveness of ads
Show personalized content, depending on your settings
Show personalized ads, depending on your settings
If you choose to “Reject all,” we will not use cookies for these additional purposes.
Non-personalized content is influenced by things like the content you’re currently viewing, activity in your active Search session, and your location. Non-personalized ads are influenced by the content you’re currently viewing and your general location. Personalized content and ads can also include more relevant results, recommendations, and tailored ads based on past activity from this browser, like previous Google searches. We also use cookies and data to tailor the experience to be age-appropriate, if relevant.
Select “More options” to see additional information, including details about managing your privacy settings. You can also visit g.co/privacytools at any time.
Reject all
Accept all
More options
Privacy Policy
Terms of Service",https://news.google.com/rss/articles/CBMieEFVX3lxTE5sOUVSV1pCbDhsaWZsUWVxUnpiNG4yMTlPN0w2ZjFfb1hrQWNaNTBCelFROWN6V2xwbnotUkVRQnVFU2d3OVBDR2tfZnFneE9SSzRsMFdULXFfcUotZ3I5TTJvLXNMRmhxRWY3QWhxNVdSQUtfLWMxTw?oc=5
2024-04-18,NVDA,Nvidia,Nvidia Stock Is Wavering. What Taiwan Semi's Earnings Mean for the Chip Maker. - Barron's,"EN
Sign in
Before you continue to Google
We use cookies and data to
Deliver and maintain Google services
Track outages and protect against spam, fraud, and abuse
Measure audience engagement and site statistics to understand how our services are used and enhance the quality of those services
If you choose to “Accept all,” we will also use cookies and data to
Develop and improve new services
Deliver and measure the effectiveness of ads
Show personalized content, depending on your settings
Show personalized ads, depending on your settings
If you choose to “Reject all,” we will not use cookies for these additional purposes.
Non-personalized content is influenced by things like the content you’re currently viewing, activity in your active Search session, and your location. Non-personalized ads are influenced by the content you’re currently viewing and your general location. Personalized content and ads can also include more relevant results, recommendations, and tailored ads based on past activity from this browser, like previous Google searches. We also use cookies and data to tailor the experience to be age-appropriate, if relevant.
Select “More options” to see additional information, including details about managing your privacy settings. You can also visit g.co/privacytools at any time.
Reject all
Accept all
More options
Privacy Policy
Terms of Service",https://news.google.com/rss/articles/CBMieEFVX3lxTFBMUHR4bHhDc1JJaHBGZEppT3ViTFhHOVYyWEFwN1B3UllTZldwbzJxaFE4bGMyNnZGRzhYdGluUlpqamtjNTFSa3RyaDlYVHBmNHFXeTZEb1ZicWlXRDcxa3RVMExLekE3TzY5RHFhTkdwMmhsTlJ4Zg?oc=5
2024-04-16,NVDA,Nvidia,"AMD’s stock can surge 40%, this new bull says — even as Nvidia still dominates - MarketWatch","EN
Sign in
Before you continue to Google
We use cookies and data to
Deliver and maintain Google services
Track outages and protect against spam, fraud, and abuse
Measure audience engagement and site statistics to understand how our services are used and enhance the quality of those services
If you choose to “Accept all,” we will also use cookies and data to
Develop and improve new services
Deliver and measure the effectiveness of ads
Show personalized content, depending on your settings
Show personalized ads, depending on your settings
If you choose to “Reject all,” we will not use cookies for these additional purposes.
Non-personalized content is influenced by things like the content you’re currently viewing, activity in your active Search session, and your location. Non-personalized ads are influenced by the content you’re currently viewing and your general location. Personalized content and ads can also include more relevant results, recommendations, and tailored ads based on past activity from this browser, like previous Google searches. We also use cookies and data to tailor the experience to be age-appropriate, if relevant.
Select “More options” to see additional information, including details about managing your privacy settings. You can also visit g.co/privacytools at any time.
Reject all
Accept all
More options
Privacy Policy
Terms of Service",https://news.google.com/rss/articles/CBMitwFBVV95cUxNY1dpVWg1TlpHOTdORG1xdlVGWFdSanF5WndxSlJQeXVYYUxRcTV0ekJXb0NrOGUyN1FiWkx6a3g0dWtGVGlUQ0dobDRsYUJkTWhsbDBfWWNPakhjQUxUZWVuRGFWV0hpS2IzOEFOMFh2TzVJTHVJQ1E4UU81SXptTmprVnQzYlVfb3Nqa1NnWTBGcDJvbDB1eDBrdE1oT08tXzRkTlZsTHhxNDcwYXgzLWxmc3hYOUU?oc=5
2024-04-03,NVDA,Nvidia,Nvidia Stock Drops. Its Supply Chain Is in Focus After Quake. - Barron's,"EN
Sign in
Before you continue to Google
We use cookies and data to
Deliver and maintain Google services
Track outages and protect against spam, fraud, and abuse
Measure audience engagement and site statistics to understand how our services are used and enhance the quality of those services
If you choose to “Accept all,” we will also use cookies and data to
Develop and improve new services
Deliver and measure the effectiveness of ads
Show personalized content, depending on your settings
Show personalized ads, depending on your settings
If you choose to “Reject all,” we will not use cookies for these additional purposes.
Non-personalized content is influenced by things like the content you’re currently viewing, activity in your active Search session, and your location. Non-personalized ads are influenced by the content you’re currently viewing and your general location. Personalized content and ads can also include more relevant results, recommendations, and tailored ads based on past activity from this browser, like previous Google searches. We also use cookies and data to tailor the experience to be age-appropriate, if relevant.
Select “More options” to see additional information, including details about managing your privacy settings. You can also visit g.co/privacytools at any time.
Reject all
Accept all
More options
Privacy Policy
Terms of Service",https://news.google.com/rss/articles/CBMieEFVX3lxTE5qdnpSMV9oX0YxbzZoQ0ZjNC1MQWNwLXZPclVHc0FrbjRya2NYS2hCZTEzWmUtNnp5UXZ1NXczb3Q0VTZQVGhSaDIzYUQzSXBFbmtJWmdKX2RhRW8zX2ROWVgxYWRidlZybFN4RW41TURfOVR2NHdhZA?oc=5
2024-05-22,NVDA,Nvidia,NVIDIA Announces Financial Results for First Quarter Fiscal 2025 - NVIDIA Newsroom,"EN
Sign in
Before you continue to Google
We use cookies and data to
Deliver and maintain Google services
Track outages and protect against spam, fraud, and abuse
Measure audience engagement and site statistics to understand how our services are used and enhance the quality of those services
If you choose to “Accept all,” we will also use cookies and data to
Develop and improve new services
Deliver and measure the effectiveness of ads
Show personalized content, depending on your settings
Show personalized ads, depending on your settings
If you choose to “Reject all,” we will not use cookies for these additional purposes.
Non-personalized content is influenced by things like the content you’re currently viewing, activity in your active Search session, and your location. Non-personalized ads are influenced by the content you’re currently viewing and your general location. Personalized content and ads can also include more relevant results, recommendations, and tailored ads based on past activity from this browser, like previous Google searches. We also use cookies and data to tailor the experience to be age-appropriate, if relevant.
Select “More options” to see additional information, including details about managing your privacy settings. You can also visit g.co/privacytools at any time.
Reject all
Accept all
More options
Privacy Policy
Terms of Service",https://news.google.com/rss/articles/CBMioAFBVV95cUxQclk1bTBCcnZoaEZxdHRRSmticG9Kd0NhTkdzWGliX1Z0NEZYRTVlVzNVVEhfNzh2bGUyc0N6Zkx6U1djMmQ5TUR5eGFMWnNhNjhhSUQ3N0NCcjRNckJhVk1laGJCZURIUk1lY0xITFdicFJoTDNIcWU5ZTY3LUFmbmJHMnlvbHFKbVBJUzgyaS1SUGE0NGdqajJuQjA4N3VO?oc=5
2024-05-23,NVDA,Nvidia,"Nvidia stock pops 9%, tops $1,000 after earnings beat forecasts, announces stock split and dividend hike - Yahoo Finance","EN
Sign in
Before you continue to Google
We use cookies and data to
Deliver and maintain Google services
Track outages and protect against spam, fraud, and abuse
Measure audience engagement and site statistics to understand how our services are used and enhance the quality of those services
If you choose to “Accept all,” we will also use cookies and data to
Develop and improve new services
Deliver and measure the effectiveness of ads
Show personalized content, depending on your settings
Show personalized ads, depending on your settings
If you choose to “Reject all,” we will not use cookies for these additional purposes.
Non-personalized content is influenced by things like the content you’re currently viewing, activity in your active Search session, and your location. Non-personalized ads are influenced by the content you’re currently viewing and your general location. Personalized content and ads can also include more relevant results, recommendations, and tailored ads based on past activity from this browser, like previous Google searches. We also use cookies and data to tailor the experience to be age-appropriate, if relevant.
Select “More options” to see additional information, including details about managing your privacy settings. You can also visit g.co/privacytools at any time.
Reject all
Accept all
More options
Privacy Policy
Terms of Service",https://news.google.com/rss/articles/CBMi3gFBVV95cUxQVkJwNjJ5UVpLWjZLamppRUZMWHY5ZzVBVmpNcDdiZDU2S1lXNWtnOVRLTHZhRGllTGF6RFN5dHdMSmxUNFBJeE1hWVJnSnpneUxFSlBPX1lEUTNic1RxaHBYT3FmbU9TS2RqZ0hhUXYyQVRVQ3Brd2VYbUFTMVZma1FEdGN0VFlyVEc5SXpqRUJvY094Ums5OHI5RnhoQlNjdFRUMnNqMU9OQ1pUbVVWMEptWVJoWGtkOTBNeE5rb1NVOHBuVDVqdXR0WU04UDU2NzA0SE9YaGFCb3d6TlE?oc=5
2024-05-24,NVDA,Nvidia,What Does Nvidia's Stock Split Mean for Investors? - Morningstar,"EN
Sign in
Before you continue to Google
We use cookies and data to
Deliver and maintain Google services
Track outages and protect against spam, fraud, and abuse
Measure audience engagement and site statistics to understand how our services are used and enhance the quality of those services
If you choose to “Accept all,” we will also use cookies and data to
Develop and improve new services
Deliver and measure the effectiveness of ads
Show personalized content, depending on your settings
Show personalized ads, depending on your settings
If you choose to “Reject all,” we will not use cookies for these additional purposes.
Non-personalized content is influenced by things like the content you’re currently viewing, activity in your active Search session, and your location. Non-personalized ads are influenced by the content you’re currently viewing and your general location. Personalized content and ads can also include more relevant results, recommendations, and tailored ads based on past activity from this browser, like previous Google searches. We also use cookies and data to tailor the experience to be age-appropriate, if relevant.
Select “More options” to see additional information, including details about managing your privacy settings. You can also visit g.co/privacytools at any time.
Reject all
Accept all
More options
Privacy Policy
Terms of Service",https://news.google.com/rss/articles/CBMinwFBVV95cUxOT3lZaElUOFYyYy1Yb3JpZk1vREpkS3l2Z3NBcUltN3d5dk0yeTM5LTUtTllhLVM1MUNOd3ZodEVXcHRpSHBUOUdZZzVCbUFuTXVmQ2lrSl8wY2xWRldndXFINElaMlJ3OV9pWm9GQmE2SnJmbG5WSE1TUHBXU0RHV3dnLUdiOUVZZm5KN3hPN0VJNS1KdU1nRTJnUS0yXzg?oc=5
2024-05-28,NVDA,Nvidia,Nvidia Stock Hits Fresh Record High—Here’s Why - Investopedia,"EN
Sign in
Before you continue to Google
We use cookies and data to
Deliver and maintain Google services
Track outages and protect against spam, fraud, and abuse
Measure audience engagement and site statistics to understand how our services are used and enhance the quality of those services
If you choose to “Accept all,” we will also use cookies and data to
Develop and improve new services
Deliver and measure the effectiveness of ads
Show personalized content, depending on your settings
Show personalized ads, depending on your settings
If you choose to “Reject all,” we will not use cookies for these additional purposes.
Non-personalized content is influenced by things like the content you’re currently viewing, activity in your active Search session, and your location. Non-personalized ads are influenced by the content you’re currently viewing and your general location. Personalized content and ads can also include more relevant results, recommendations, and tailored ads based on past activity from this browser, like previous Google searches. We also use cookies and data to tailor the experience to be age-appropriate, if relevant.
Select “More options” to see additional information, including details about managing your privacy settings. You can also visit g.co/privacytools at any time.
Reject all
Accept all
More options
Privacy Policy
Terms of Service",https://news.google.com/rss/articles/CBMisAFBVV95cUxOMmxFS1ZCRXNXZDVLaWpCYlRmWW51bFo0V2hxdlZCVHA4ZnBITDBzMndxQk94QzBVSmlVMWVJT3pfbktaNEdnbnQxeGZFVll3dEtrdU1mckE4aFo2bDhDZGRIaWVIb3BMbURBQW14SVNMV1k1MGtwblZpd3BkMGVuTjBhZ2FnWmtYZlRIM0xkMUdKR2t1dExsSTBUdlROSEU1Q1NyRHA1RVFRa0E3S0VjSw?oc=5
2024-05-22,NVDA,Nvidia,Nvidia announces stock split as revenue surges on AI demand - Axios,"EN
Sign in
Before you continue to Google
We use cookies and data to
Deliver and maintain Google services
Track outages and protect against spam, fraud, and abuse
Measure audience engagement and site statistics to understand how our services are used and enhance the quality of those services
If you choose to “Accept all,” we will also use cookies and data to
Develop and improve new services
Deliver and measure the effectiveness of ads
Show personalized content, depending on your settings
Show personalized ads, depending on your settings
If you choose to “Reject all,” we will not use cookies for these additional purposes.
Non-personalized content is influenced by things like the content you’re currently viewing, activity in your active Search session, and your location. Non-personalized ads are influenced by the content you’re currently viewing and your general location. Personalized content and ads can also include more relevant results, recommendations, and tailored ads based on past activity from this browser, like previous Google searches. We also use cookies and data to tailor the experience to be age-appropriate, if relevant.
Select “More options” to see additional information, including details about managing your privacy settings. You can also visit g.co/privacytools at any time.
Reject all
Accept all
More options
Privacy Policy
Terms of Service",https://news.google.com/rss/articles/CBMicEFVX3lxTE5HOTBoSkM5RFZOWHNBbnJDM0pKeHlacS11V2p6QnF4WHhzS0lZREtfM2FMX0RVZ3N6RlB6czNGNlM2eW5NQk5BYUcza0ZsRGlXOHdEU2g2aE1LZFZ4YlRlcGNiZWhqNkphUF96VDJMcVQ?oc=5
2024-05-30,NVDA,Nvidia,"After Earnings, Is Nvidia Stock a Buy, Sell, or Fairly Valued? - Morningstar","EN
Sign in
Before you continue to Google
We use cookies and data to
Deliver and maintain Google services
Track outages and protect against spam, fraud, and abuse
Measure audience engagement and site statistics to understand how our services are used and enhance the quality of those services
If you choose to “Accept all,” we will also use cookies and data to
Develop and improve new services
Deliver and measure the effectiveness of ads
Show personalized content, depending on your settings
Show personalized ads, depending on your settings
If you choose to “Reject all,” we will not use cookies for these additional purposes.
Non-personalized content is influenced by things like the content you’re currently viewing, activity in your active Search session, and your location. Non-personalized ads are influenced by the content you’re currently viewing and your general location. Personalized content and ads can also include more relevant results, recommendations, and tailored ads based on past activity from this browser, like previous Google searches. We also use cookies and data to tailor the experience to be age-appropriate, if relevant.
Select “More options” to see additional information, including details about managing your privacy settings. You can also visit g.co/privacytools at any time.
Reject all
Accept all
More options
Privacy Policy
Terms of Service",https://news.google.com/rss/articles/CBMimAFBVV95cUxOV2VfVUVEQjBZRjRPLW44ODNieThjWTRXYzB0U1U4QUlFMEJ6bHQ1d05CRWJLRUV2S2pHWWJ2VVlpNDNMMHA1OGJ3RWxpS0N0Q1F1ZGNGU09vZ0t6TkVrMXJ3TXdzTlF5RENoQXdzaVAwY3VnZzRvYUtFUVFiUUQ0U0NRLThCaG9uc09WVEVYNnU4MkpSa3NCXw?oc=5
2024-05-22,NVDA,Nvidia,Nvidia Stock Is Splitting 10-For-1: What It Means And How To Profit - Forbes,"EN
Sign in
Before you continue to Google
We use cookies and data to
Deliver and maintain Google services
Track outages and protect against spam, fraud, and abuse
Measure audience engagement and site statistics to understand how our services are used and enhance the quality of those services
If you choose to “Accept all,” we will also use cookies and data to
Develop and improve new services
Deliver and measure the effectiveness of ads
Show personalized content, depending on your settings
Show personalized ads, depending on your settings
If you choose to “Reject all,” we will not use cookies for these additional purposes.
Non-personalized content is influenced by things like the content you’re currently viewing, activity in your active Search session, and your location. Non-personalized ads are influenced by the content you’re currently viewing and your general location. Personalized content and ads can also include more relevant results, recommendations, and tailored ads based on past activity from this browser, like previous Google searches. We also use cookies and data to tailor the experience to be age-appropriate, if relevant.
Select “More options” to see additional information, including details about managing your privacy settings. You can also visit g.co/privacytools at any time.
Reject all
Accept all
More options
Privacy Policy
Terms of Service",https://news.google.com/rss/articles/CBMiuAFBVV95cUxNSU5wSWJ3Uy1KcVZpdFlnRnJ2X2U0UDNKQUlfbjB4ZHZ2NjdxVDFkU2dELUFNRDRzUVhyMGlsS3JNTW1LMHZnb2NRZ0kzaWdoX1ktSnczMS0xQ0g0ejQ3eWZDSUFsWXJhUDVwX3FZaUZHaTMzOHhFdEJaeThOZFBZblc5Wk1OdzhRakM2Ujh1TXBnX3czZU43MGlRS2pmbUJ4SnN0TGFxQXpCa3RrdDRBMkxxMVFBajRO?oc=5
2024-05-20,NVDA,Nvidia,Traders Brace for a Big Swing in Nvidia Stock After Earnings - WSJ,"EN
Sign in
Before you continue to Google
We use cookies and data to
Deliver and maintain Google services
Track outages and protect against spam, fraud, and abuse
Measure audience engagement and site statistics to understand how our services are used and enhance the quality of those services
If you choose to “Accept all,” we will also use cookies and data to
Develop and improve new services
Deliver and measure the effectiveness of ads
Show personalized content, depending on your settings
Show personalized ads, depending on your settings
If you choose to “Reject all,” we will not use cookies for these additional purposes.
Non-personalized content is influenced by things like the content you’re currently viewing, activity in your active Search session, and your location. Non-personalized ads are influenced by the content you’re currently viewing and your general location. Personalized content and ads can also include more relevant results, recommendations, and tailored ads based on past activity from this browser, like previous Google searches. We also use cookies and data to tailor the experience to be age-appropriate, if relevant.
Select “More options” to see additional information, including details about managing your privacy settings. You can also visit g.co/privacytools at any time.
Reject all
Accept all
More options
Privacy Policy
Terms of Service",https://news.google.com/rss/articles/CBMi7AFBVV95cUxOQndYalg5TkM0MExTOTI2a0ktVEFiM3VkUjNfX3NnWV91bndqZ3VSczFQeEhxWjdjM1VyRlIwZEx4MmFnWnBnam5nSVMzNUxfbElybUphWWtqOWFCcWlrdG1jLWJSZFgxekZ3ZFJLdzl5QkthY2NuVUZHMFl3anQ2SWlUNEVmWmd2X0JsYllZY1Jnck9ITi0zbHBhTTFGMWlpeDB2dmVNeDBLblo5NWxMMEFFcXM2aUdUcDk5NXVvUGpNdkNCWnUwbTc1eDgtenlhZVloNFFIR3QzZ0E5OVhUODZpUnBOZHQ4YkVfSA?oc=5
2024-05-22,NVDA,Nvidia,Stocks fall after Fed minutes; Nvidia shares climb after the bell - Reuters,"EN
Sign in
Before you continue to Google
We use cookies and data to
Deliver and maintain Google services
Track outages and protect against spam, fraud, and abuse
Measure audience engagement and site statistics to understand how our services are used and enhance the quality of those services
If you choose to “Accept all,” we will also use cookies and data to
Develop and improve new services
Deliver and measure the effectiveness of ads
Show personalized content, depending on your settings
Show personalized ads, depending on your settings
If you choose to “Reject all,” we will not use cookies for these additional purposes.
Non-personalized content is influenced by things like the content you’re currently viewing, activity in your active Search session, and your location. Non-personalized ads are influenced by the content you’re currently viewing and your general location. Personalized content and ads can also include more relevant results, recommendations, and tailored ads based on past activity from this browser, like previous Google searches. We also use cookies and data to tailor the experience to be age-appropriate, if relevant.
Select “More options” to see additional information, including details about managing your privacy settings. You can also visit g.co/privacytools at any time.
Reject all
Accept all
More options
Privacy Policy
Terms of Service",https://news.google.com/rss/articles/CBMisgFBVV95cUxNRlZUNXVETTA2RzBMX2ktQTRsTTltX3R5dmRqdktpVlJrTy1raHkxQjlwZ09nUS1hZDNjSzJsQjF5LWE3RlJVMmdLUHByX2N0dVJJR0MtS29kbDlfY1ZqNkZYNzYxaV8tOV9UUl9vdXhOLWc5YUdENTRlZ1ZsdHlUNmtibnNMb05zYlR6UVlzLVdadTVkS0xBeGdZTjNFREFyTUxVc09XREJPSTNXT0hHcjN3?oc=5
2024-05-30,NVDA,Nvidia,When does the Nvidia stock split happen? What you need to know - USA Today,"EN
Sign in
Before you continue to Google
We use cookies and data to
Deliver and maintain Google services
Track outages and protect against spam, fraud, and abuse
Measure audience engagement and site statistics to understand how our services are used and enhance the quality of those services
If you choose to “Accept all,” we will also use cookies and data to
Develop and improve new services
Deliver and measure the effectiveness of ads
Show personalized content, depending on your settings
Show personalized ads, depending on your settings
If you choose to “Reject all,” we will not use cookies for these additional purposes.
Non-personalized content is influenced by things like the content you’re currently viewing, activity in your active Search session, and your location. Non-personalized ads are influenced by the content you’re currently viewing and your general location. Personalized content and ads can also include more relevant results, recommendations, and tailored ads based on past activity from this browser, like previous Google searches. We also use cookies and data to tailor the experience to be age-appropriate, if relevant.
Select “More options” to see additional information, including details about managing your privacy settings. You can also visit g.co/privacytools at any time.
Reject all
Accept all
More options
Privacy Policy
Terms of Service",https://news.google.com/rss/articles/CBMipAFBVV95cUxNQmgzMGVCSkRUMlRYVjA3TlcwbUpiR2s1b0YxNk1FaU1fRHZQUFJmd0JpeVNzbjh5d3hVY21JdUI3Zmo0dVZQWHN0XzNlTHZtUlpSdGlETWZaa0NwcnVObHdvd010RGdTd0h6cVBPajhtYVZkX1ZuNklaRUx2SlNkcFZhLWxlV3FLT0RSSF9OM0luYlJ0dWRXcDZHT0lOaUFrSE13NA?oc=5
2024-05-22,NVDA,Nvidia,Nvidia announces 10-for-1 stock split after AI-driven boom in share price - CNBC,"EN
Sign in
Before you continue to Google
We use cookies and data to
Deliver and maintain Google services
Track outages and protect against spam, fraud, and abuse
Measure audience engagement and site statistics to understand how our services are used and enhance the quality of those services
If you choose to “Accept all,” we will also use cookies and data to
Develop and improve new services
Deliver and measure the effectiveness of ads
Show personalized content, depending on your settings
Show personalized ads, depending on your settings
If you choose to “Reject all,” we will not use cookies for these additional purposes.
Non-personalized content is influenced by things like the content you’re currently viewing, activity in your active Search session, and your location. Non-personalized ads are influenced by the content you’re currently viewing and your general location. Personalized content and ads can also include more relevant results, recommendations, and tailored ads based on past activity from this browser, like previous Google searches. We also use cookies and data to tailor the experience to be age-appropriate, if relevant.
Select “More options” to see additional information, including details about managing your privacy settings. You can also visit g.co/privacytools at any time.
Reject all
Accept all
More options
Privacy Policy
Terms of Service",https://news.google.com/rss/articles/CBMif0FVX3lxTFBWeGpMaTRPOUtDNmlFRnVYUkpjWkhoN19QYk5vYXRCVmx0NjF6Qi0yQ2tVQi1rY3pZZloyS2tQZmJlc2ZKMjdyZ3YxMzRIWWN1eGVvczlLckFXaTYwWURZZ0xvbmY2V2xMeUxRakViZkttbl81dGFib1dEUkY2aW_SAYQBQVVfeXFMT2tpMHRpYUZZcGJvcFVGcjlJSU5iX09Pczd3cWFEeExmRndvVF9Gdm1pM25jTjctNF8yWGJFbGUxeF9YRFBibzBlUkZLbC13ZlpEQkUwaWFRTzZTN3B4cnpGb05panNhdmVRWmhaU09aYTNUTEQtNHVQbno1NXNfN2p4VGU0?oc=5
2024-05-23,NVDA,Nvidia,Nvidia's 10-for-1 Stock Split Is Coming—What You Need To Know - Investopedia,"EN
Sign in
Before you continue to Google
We use cookies and data to
Deliver and maintain Google services
Track outages and protect against spam, fraud, and abuse
Measure audience engagement and site statistics to understand how our services are used and enhance the quality of those services
If you choose to “Accept all,” we will also use cookies and data to
Develop and improve new services
Deliver and measure the effectiveness of ads
Show personalized content, depending on your settings
Show personalized ads, depending on your settings
If you choose to “Reject all,” we will not use cookies for these additional purposes.
Non-personalized content is influenced by things like the content you’re currently viewing, activity in your active Search session, and your location. Non-personalized ads are influenced by the content you’re currently viewing and your general location. Personalized content and ads can also include more relevant results, recommendations, and tailored ads based on past activity from this browser, like previous Google searches. We also use cookies and data to tailor the experience to be age-appropriate, if relevant.
Select “More options” to see additional information, including details about managing your privacy settings. You can also visit g.co/privacytools at any time.
Reject all
Accept all
More options
Privacy Policy
Terms of Service",https://news.google.com/rss/articles/CBMinAFBVV95cUxObS1JMkRvTlJEMTF4U2NmY3VZdzdSVXQydjZRc3NuTHA1TWVOOThZOWlzNk1kUTJsYmNIUnJ6ZVhhUnY2R3V6dnZ5d2JLS1NMRmZ0ODNyaXE3OHhXNFB5TUVWUElwalVpM05JSnptclhEZ3FxWVFmVlA2ZFRhczhLaDVpUDNoU3lOLWxaMVk3OWVyZWd5S0xYNC04ckM?oc=5
2024-05-23,NVDA,Nvidia,"Nvidia Stock Rises After Earnings Beat Estimates, Company Announces 10-for-1 Split - WSJ","EN
Sign in
Before you continue to Google
We use cookies and data to
Deliver and maintain Google services
Track outages and protect against spam, fraud, and abuse
Measure audience engagement and site statistics to understand how our services are used and enhance the quality of those services
If you choose to “Accept all,” we will also use cookies and data to
Develop and improve new services
Deliver and measure the effectiveness of ads
Show personalized content, depending on your settings
Show personalized ads, depending on your settings
If you choose to “Reject all,” we will not use cookies for these additional purposes.
Non-personalized content is influenced by things like the content you’re currently viewing, activity in your active Search session, and your location. Non-personalized ads are influenced by the content you’re currently viewing and your general location. Personalized content and ads can also include more relevant results, recommendations, and tailored ads based on past activity from this browser, like previous Google searches. We also use cookies and data to tailor the experience to be age-appropriate, if relevant.
Select “More options” to see additional information, including details about managing your privacy settings. You can also visit g.co/privacytools at any time.
Reject all
Accept all
More options
Privacy Policy
Terms of Service",https://news.google.com/rss/articles/CBMi0wFBVV95cUxPNGNjMS0tMmozZGxLZEdNYl9HNXlfR1QtNjlxRHJJeExWVXZQaWN4TFF3WW5aZ281TEZZNkwyUmxzaTRPcTl5a1hvQl96ZV94OURlOW5yWlo0UmdoQ2lxeFVSSjJ0M0lCR3hPUTJENTQyZlpsYjhXajBLOXgxYUdOYTBOQ1BrRmNjZlJYUVVlMTIyTUhsd240NUo5OWExandXaXRRQWpvZXJ0VmZ4Y2tNcGZXYmlvTlV2NWM5blk5dDY3Smd0c1VCeXNPQXZlb1JXb0pv?oc=5
2024-05-30,NVDA,Nvidia,Why Nvidia's stock surge doesn’t bode well for the market - Yahoo Finance,"EN
Sign in
Before you continue to Google
We use cookies and data to
Deliver and maintain Google services
Track outages and protect against spam, fraud, and abuse
Measure audience engagement and site statistics to understand how our services are used and enhance the quality of those services
If you choose to “Accept all,” we will also use cookies and data to
Develop and improve new services
Deliver and measure the effectiveness of ads
Show personalized content, depending on your settings
Show personalized ads, depending on your settings
If you choose to “Reject all,” we will not use cookies for these additional purposes.
Non-personalized content is influenced by things like the content you’re currently viewing, activity in your active Search session, and your location. Non-personalized ads are influenced by the content you’re currently viewing and your general location. Personalized content and ads can also include more relevant results, recommendations, and tailored ads based on past activity from this browser, like previous Google searches. We also use cookies and data to tailor the experience to be age-appropriate, if relevant.
Select “More options” to see additional information, including details about managing your privacy settings. You can also visit g.co/privacytools at any time.
Reject all
Accept all
More options
Privacy Policy
Terms of Service",https://news.google.com/rss/articles/CBMiowFBVV95cUxNQnR4WWhxd2FIWWkzNUQtekduZlRrMVNZQUpVWloxSjUyQkg1QmJZMVQ4T1ZRdFg2em5pbzUtdFJJRm94aHdBRHZXbmlVaFBLX0JYbjBMQUxQTVRqNWRSMnZIU0xvUndYeU5RaXF4YklzNWFiMUEyZWk4WG80LXBEb19LSEx2OW0xdVZYdHRXZUo2Yk5oQUF6d3JLa2FvbWpZZWdR?oc=5
2024-05-29,NVDA,Nvidia,Nvidia's Stock Earnings And Stock Split: What's Next for AI Investing December 2024 Edition - Forbes,"EN
Sign in
Before you continue to Google
We use cookies and data to
Deliver and maintain Google services
Track outages and protect against spam, fraud, and abuse
Measure audience engagement and site statistics to understand how our services are used and enhance the quality of those services
If you choose to “Accept all,” we will also use cookies and data to
Develop and improve new services
Deliver and measure the effectiveness of ads
Show personalized content, depending on your settings
Show personalized ads, depending on your settings
If you choose to “Reject all,” we will not use cookies for these additional purposes.
Non-personalized content is influenced by things like the content you’re currently viewing, activity in your active Search session, and your location. Non-personalized ads are influenced by the content you’re currently viewing and your general location. Personalized content and ads can also include more relevant results, recommendations, and tailored ads based on past activity from this browser, like previous Google searches. We also use cookies and data to tailor the experience to be age-appropriate, if relevant.
Select “More options” to see additional information, including details about managing your privacy settings. You can also visit g.co/privacytools at any time.
Reject all
Accept all
More options
Privacy Policy
Terms of Service",https://news.google.com/rss/articles/CBMiqwFBVV95cUxPS3l0SVUyaU5aYUdyVFlPTUVuVXhoODFVOGZGVmtJY2VzanZnTTd3cTBXeXlmODI4TnF5eUswdnYzMHJ6cjg1ZG5FSElEZHlRRWp4QkZrV2xBWUpabFhQcVo5TWMxNVBlU1ltUnpmSHFMbXlsM3BfMzZUSHBTekhQRjkwZ2hMMFRSMUdMWjM4UVhxU2tUczAwUXI3S2tYUkdrZFNwZFQ2OHRDZE0?oc=5
2024-05-24,NVDA,Nvidia,"Nvidia's split of soaring stock could boost retail investor appeal, Dow chances - Reuters","EN
Sign in
Before you continue to Google
We use cookies and data to
Deliver and maintain Google services
Track outages and protect against spam, fraud, and abuse
Measure audience engagement and site statistics to understand how our services are used and enhance the quality of those services
If you choose to “Accept all,” we will also use cookies and data to
Develop and improve new services
Deliver and measure the effectiveness of ads
Show personalized content, depending on your settings
Show personalized ads, depending on your settings
If you choose to “Reject all,” we will not use cookies for these additional purposes.
Non-personalized content is influenced by things like the content you’re currently viewing, activity in your active Search session, and your location. Non-personalized ads are influenced by the content you’re currently viewing and your general location. Personalized content and ads can also include more relevant results, recommendations, and tailored ads based on past activity from this browser, like previous Google searches. We also use cookies and data to tailor the experience to be age-appropriate, if relevant.
Select “More options” to see additional information, including details about managing your privacy settings. You can also visit g.co/privacytools at any time.
Reject all
Accept all
More options
Privacy Policy
Terms of Service",https://news.google.com/rss/articles/CBMivgFBVV95cUxOS3N2cFVYTGJjeE1qbk5tdkpZSzAzSU1DYTJIWUYtQ0FDRTlXejVTSXhYZnpMaEhraHZ1SWtfVDZJZjk4ZE1pSDg4RmJydkU3V2pxeVYzUndnU1JWbXM0LXJRNzRydWdHUkRQMTFMeTZYSExNNmMwcTVPVDdJQURzYTVNemwxSHc3ZW43SUxWdi1ORlFZNG5POHRCQWFHdVlmTHlDa1Npel8ycUpYTHNFV0N0Z2dRc2IxWjFXdUF3?oc=5
2024-05-23,NVDA,Nvidia,How Much More Room Does Nvidia's Stock Have To Rise? - Investopedia,"EN
Sign in
Before you continue to Google
We use cookies and data to
Deliver and maintain Google services
Track outages and protect against spam, fraud, and abuse
Measure audience engagement and site statistics to understand how our services are used and enhance the quality of those services
If you choose to “Accept all,” we will also use cookies and data to
Develop and improve new services
Deliver and measure the effectiveness of ads
Show personalized content, depending on your settings
Show personalized ads, depending on your settings
If you choose to “Reject all,” we will not use cookies for these additional purposes.
Non-personalized content is influenced by things like the content you’re currently viewing, activity in your active Search session, and your location. Non-personalized ads are influenced by the content you’re currently viewing and your general location. Personalized content and ads can also include more relevant results, recommendations, and tailored ads based on past activity from this browser, like previous Google searches. We also use cookies and data to tailor the experience to be age-appropriate, if relevant.
Select “More options” to see additional information, including details about managing your privacy settings. You can also visit g.co/privacytools at any time.
Reject all
Accept all
More options
Privacy Policy
Terms of Service",https://news.google.com/rss/articles/CBMilwFBVV95cUxQZGpVdmRIbXhsVmFQTHBaZGtNU0ZwdjJ2QUNfa0sxTXlWbG1PTS13dXljVWstSVA1c3dPSUxIM05RZ1hab0xURTFEeE5yMkluU0V0S2UxU2ZVVEE3ejU1enQ5S2NhaElEZHZDV1YxTlVpMkh6MGN4Nk1pX01Xalg2ZWdLdmJnOGQwVndiSGJaeE14emJIOEtZ?oc=5
2024-05-26,NVDA,Nvidia,Why Nvidia stock isn't in a massive bubble - Yahoo Finance,"EN
Sign in
Before you continue to Google
We use cookies and data to
Deliver and maintain Google services
Track outages and protect against spam, fraud, and abuse
Measure audience engagement and site statistics to understand how our services are used and enhance the quality of those services
If you choose to “Accept all,” we will also use cookies and data to
Develop and improve new services
Deliver and measure the effectiveness of ads
Show personalized content, depending on your settings
Show personalized ads, depending on your settings
If you choose to “Reject all,” we will not use cookies for these additional purposes.
Non-personalized content is influenced by things like the content you’re currently viewing, activity in your active Search session, and your location. Non-personalized ads are influenced by the content you’re currently viewing and your general location. Personalized content and ads can also include more relevant results, recommendations, and tailored ads based on past activity from this browser, like previous Google searches. We also use cookies and data to tailor the experience to be age-appropriate, if relevant.
Select “More options” to see additional information, including details about managing your privacy settings. You can also visit g.co/privacytools at any time.
Reject all
Accept all
More options
Privacy Policy
Terms of Service",https://news.google.com/rss/articles/CBMikAFBVV95cUxOVTNVazRfcHVyTExpZTljQ3RZSkF1Mk5pbDFpRDdBekRHZ2ZSajlqa2ktSmdDTUkycXJUSExxN1ZzdGZtWEl6NUxqX3Y4ZEhxZk94d1BBMk5kUTNBR3ZoNmpoajRFN2lwTXI1V2psLW9sMDZFMTZURnRISXN4MzA4M3pOZXNxaXhocUJ0VlRaQUo?oc=5
2024-05-28,NVDA,Nvidia,Nvidia stock leaps to latest record — thanks to Elon Musk - Yahoo Finance,"EN
Sign in
Before you continue to Google
We use cookies and data to
Deliver and maintain Google services
Track outages and protect against spam, fraud, and abuse
Measure audience engagement and site statistics to understand how our services are used and enhance the quality of those services
If you choose to “Accept all,” we will also use cookies and data to
Develop and improve new services
Deliver and measure the effectiveness of ads
Show personalized content, depending on your settings
Show personalized ads, depending on your settings
If you choose to “Reject all,” we will not use cookies for these additional purposes.
Non-personalized content is influenced by things like the content you’re currently viewing, activity in your active Search session, and your location. Non-personalized ads are influenced by the content you’re currently viewing and your general location. Personalized content and ads can also include more relevant results, recommendations, and tailored ads based on past activity from this browser, like previous Google searches. We also use cookies and data to tailor the experience to be age-appropriate, if relevant.
Select “More options” to see additional information, including details about managing your privacy settings. You can also visit g.co/privacytools at any time.
Reject all
Accept all
More options
Privacy Policy
Terms of Service",https://news.google.com/rss/articles/CBMipAFBVV95cUxPUEdVdnpLVXJUeUE0U25nUHRBcXQ3T2hKOTYwZi1ER1FxOUVfMjZaTmRtYkk3X1M2em03Q1gwa2dWS0NnSk9sZXMzRjMyUHRUdmxidU92ZXhBdFF1c0dQcTl3dktTV1l0bWxuSngxWFBoYllnQlVvNXBLTlZvOTdsZFBIZTQ4WmNncUFxbHAzckh0Tlo3UWhfRW1sSnh2c0pEekZ2Yg?oc=5
2024-05-24,NVDA,Nvidia,Nvidia's stock split isn't something for investors to ignore: Morning Brief - Yahoo Finance,"EN
Sign in
Before you continue to Google
We use cookies and data to
Deliver and maintain Google services
Track outages and protect against spam, fraud, and abuse
Measure audience engagement and site statistics to understand how our services are used and enhance the quality of those services
If you choose to “Accept all,” we will also use cookies and data to
Develop and improve new services
Deliver and measure the effectiveness of ads
Show personalized content, depending on your settings
Show personalized ads, depending on your settings
If you choose to “Reject all,” we will not use cookies for these additional purposes.
Non-personalized content is influenced by things like the content you’re currently viewing, activity in your active Search session, and your location. Non-personalized ads are influenced by the content you’re currently viewing and your general location. Personalized content and ads can also include more relevant results, recommendations, and tailored ads based on past activity from this browser, like previous Google searches. We also use cookies and data to tailor the experience to be age-appropriate, if relevant.
Select “More options” to see additional information, including details about managing your privacy settings. You can also visit g.co/privacytools at any time.
Reject all
Accept all
More options
Privacy Policy
Terms of Service",https://news.google.com/rss/articles/CBMiugFBVV95cUxQVTN4YzY5MjJ1NlRRa2k2Q1R3QTdBYXEwTWZiRXd4NUdMZXp5SmNtTjQwbG9xalB2VWozaGtZeUhTZUdXeE5KRXNIX1RpcXZRcFBxeHpBVFRMWDBIbGlZNldGNkxtMnF5Wjg1Y0VnRXlJaENGbllVTnpUVUJLYmNwbFFNcEoxVTBoTEhLS3U2TjhPbWR0MUI2MWRwczh5LW1RVXdLVUZkMHhxalFzaklGNWxlRjlrazNkc2c?oc=5
2024-06-11,NVDA,Nvidia,What Does Nvidia’s Stock Split Mean for Investors? - Morningstar,"EN
Sign in
Before you continue to Google
We use cookies and data to
Deliver and maintain Google services
Track outages and protect against spam, fraud, and abuse
Measure audience engagement and site statistics to understand how our services are used and enhance the quality of those services
If you choose to “Accept all,” we will also use cookies and data to
Develop and improve new services
Deliver and measure the effectiveness of ads
Show personalized content, depending on your settings
Show personalized ads, depending on your settings
If you choose to “Reject all,” we will not use cookies for these additional purposes.
Non-personalized content is influenced by things like the content you’re currently viewing, activity in your active Search session, and your location. Non-personalized ads are influenced by the content you’re currently viewing and your general location. Personalized content and ads can also include more relevant results, recommendations, and tailored ads based on past activity from this browser, like previous Google searches. We also use cookies and data to tailor the experience to be age-appropriate, if relevant.
Select “More options” to see additional information, including details about managing your privacy settings. You can also visit g.co/privacytools at any time.
Reject all
Accept all
More options
Privacy Policy
Terms of Service",https://news.google.com/rss/articles/CBMihwFBVV95cUxPeDVDNWpHSFFGRWhtaktEV1phMmM5NDMtMkJmOVFHSFBsclBlelJzQURlaHpadVZSblFSellmTkh3Qjl4NFdCZmZ2SEFQQTdHbHl0VWVnUTZnNnFQMThXMDkwYm14QlRpc3FBcEQzRVhoRXBOcjFlMUxsNVppZHZmR3pDejdzdlE?oc=5
2024-06-10,NVDA,Nvidia,Nvidia 10-for-1 stock split goes into effect after stock price for the chipmaker doubled this year - AP News,"EN
Sign in
Before you continue to Google
We use cookies and data to
Deliver and maintain Google services
Track outages and protect against spam, fraud, and abuse
Measure audience engagement and site statistics to understand how our services are used and enhance the quality of those services
If you choose to “Accept all,” we will also use cookies and data to
Develop and improve new services
Deliver and measure the effectiveness of ads
Show personalized content, depending on your settings
Show personalized ads, depending on your settings
If you choose to “Reject all,” we will not use cookies for these additional purposes.
Non-personalized content is influenced by things like the content you’re currently viewing, activity in your active Search session, and your location. Non-personalized ads are influenced by the content you’re currently viewing and your general location. Personalized content and ads can also include more relevant results, recommendations, and tailored ads based on past activity from this browser, like previous Google searches. We also use cookies and data to tailor the experience to be age-appropriate, if relevant.
Select “More options” to see additional information, including details about managing your privacy settings. You can also visit g.co/privacytools at any time.
Reject all
Accept all
More options
Privacy Policy
Terms of Service",https://news.google.com/rss/articles/CBMieEFVX3lxTE9WLTFZWTVlV2NnZFZzdWxXSHNaVDFSNGRackFuYVZqLVRTTTVha3Jvd1lGb0pfU3hRQXA3d0lQQVVoLWhhRk5WWmRNRkVGZ3hvN0FBdnlOOGZiZlFXS0NUZHpDQ2YyWnhqSUFZaDdaRkRra0FlaW5aVQ?oc=5
2024-06-25,NVDA,Nvidia,Why Nvidia's stock price has dropped - ABC News,"EN
Sign in
Before you continue to Google
We use cookies and data to
Deliver and maintain Google services
Track outages and protect against spam, fraud, and abuse
Measure audience engagement and site statistics to understand how our services are used and enhance the quality of those services
If you choose to “Accept all,” we will also use cookies and data to
Develop and improve new services
Deliver and measure the effectiveness of ads
Show personalized content, depending on your settings
Show personalized ads, depending on your settings
If you choose to “Reject all,” we will not use cookies for these additional purposes.
Non-personalized content is influenced by things like the content you’re currently viewing, activity in your active Search session, and your location. Non-personalized ads are influenced by the content you’re currently viewing and your general location. Personalized content and ads can also include more relevant results, recommendations, and tailored ads based on past activity from this browser, like previous Google searches. We also use cookies and data to tailor the experience to be age-appropriate, if relevant.
Select “More options” to see additional information, including details about managing your privacy settings. You can also visit g.co/privacytools at any time.
Reject all
Accept all
More options
Privacy Policy
Terms of Service",https://news.google.com/rss/articles/CBMihAFBVV95cUxOX3NfY0RjRDRQZlhDdEMzazhoaGR6ZGpDYnpELVlhMlVJQzdXcVJEOTJ3MGRZVHpzWW5qdV9LYkI5TGlMdE9sOFl1SnUxXzBiQ1B0Y18wVTd6YzlaRUVQMXhWTWpRXzhGY29kYi1rekFEYi1aN3Z4Rk9RbWZqVWhVX3Y1ODHSAYoBQVVfeXFMTnA3MURsWE8wamxkc0tSOE1CNVBBcjd1ekQ5ejRyN0FKZjZlU3JVYmV1OE83aW4weVBEY05pcWFMaDhPY3hmcUVWQ2ZGYkFUT0FKamdqazN1TDlYeklabkozdWJMUDVLUjVYVC1KdmZkQU53ZlNrR003T3FvNXF2WHlFY01KWDdxZEpR?oc=5
2024-06-06,NVDA,Nvidia,Nvidia stock pulls back after topping $3 trillion market cap mark - Yahoo Finance,"EN
Sign in
Before you continue to Google
We use cookies and data to
Deliver and maintain Google services
Track outages and protect against spam, fraud, and abuse
Measure audience engagement and site statistics to understand how our services are used and enhance the quality of those services
If you choose to “Accept all,” we will also use cookies and data to
Develop and improve new services
Deliver and measure the effectiveness of ads
Show personalized content, depending on your settings
Show personalized ads, depending on your settings
If you choose to “Reject all,” we will not use cookies for these additional purposes.
Non-personalized content is influenced by things like the content you’re currently viewing, activity in your active Search session, and your location. Non-personalized ads are influenced by the content you’re currently viewing and your general location. Personalized content and ads can also include more relevant results, recommendations, and tailored ads based on past activity from this browser, like previous Google searches. We also use cookies and data to tailor the experience to be age-appropriate, if relevant.
Select “More options” to see additional information, including details about managing your privacy settings. You can also visit g.co/privacytools at any time.
Reject all
Accept all
More options
Privacy Policy
Terms of Service",https://news.google.com/rss/articles/CBMirwFBVV95cUxNcjFVUnp5V25uZjh2QXpaOWVhMmFfbXdCdnpkVXlWdG03VXlWLWJHc3VBVDFlRk5MOEM4THNaSDBqUkxXVjdXMEttZ1BlY3FJN2xLYUM4WEFSRXRHTUVxVXRoRFY5ZmZjdWNORlMyQmpVNmdHUnJ0QU1TSmk5QVpYcWkyVTdBdDlPT01CNUxKYmR5aUlpemJqbldoSlRobkxuUlNfNkNmOGh2ZmhDV053?oc=5
2024-06-25,NVDA,Nvidia,Nvidia shares rebound after steep sell-off - CNN,"EN
Sign in
Before you continue to Google
We use cookies and data to
Deliver and maintain Google services
Track outages and protect against spam, fraud, and abuse
Measure audience engagement and site statistics to understand how our services are used and enhance the quality of those services
If you choose to “Accept all,” we will also use cookies and data to
Develop and improve new services
Deliver and measure the effectiveness of ads
Show personalized content, depending on your settings
Show personalized ads, depending on your settings
If you choose to “Reject all,” we will not use cookies for these additional purposes.
Non-personalized content is influenced by things like the content you’re currently viewing, activity in your active Search session, and your location. Non-personalized ads are influenced by the content you’re currently viewing and your general location. Personalized content and ads can also include more relevant results, recommendations, and tailored ads based on past activity from this browser, like previous Google searches. We also use cookies and data to tailor the experience to be age-appropriate, if relevant.
Select “More options” to see additional information, including details about managing your privacy settings. You can also visit g.co/privacytools at any time.
Reject all
Accept all
More options
Privacy Policy
Terms of Service",https://news.google.com/rss/articles/CBMimAFBVV95cUxNS2VPM2dkZGxGa0I0T01sQmVXdV9zR1pMbTdCWTdyM1hGVnk1OUgzRFY1U2VDb1hPMWp5Y3hNMkJBMGNyelJYVjRiOXVXQ1Y4ZjIwUWo2eVZhZjB0Mm81VldMakRIXzhGM2lFa2I5c3h4S3hJemdtWkpNMXpSamRlbmE0SVpyOHplLWw3LU5oLVhCNXl6V3F1ZNIBjwFBVV95cUxQVS1hdXZBWjh4ZkNHUzJ5ZmpRRUMwd0xFRlFiOXNpaGdHbWNqc1NHdEdfdUhKeWhMblphRFNCclM2TFlEbG9iUmZROWtLMDh4QzktZ0wwWkRCSGJHdFpXSG5VMktnaERTellvX0tEUXFJcnRrcldjdlJNeDcyeDlPZVBZRXlZRXhPbnJidEJuSQ?oc=5
2024-06-06,NVDA,Nvidia,What You Need To Know Ahead of Nvidia's 10-for-1 Stock Split on Friday - Investopedia,"EN
Sign in
Before you continue to Google
We use cookies and data to
Deliver and maintain Google services
Track outages and protect against spam, fraud, and abuse
Measure audience engagement and site statistics to understand how our services are used and enhance the quality of those services
If you choose to “Accept all,” we will also use cookies and data to
Develop and improve new services
Deliver and measure the effectiveness of ads
Show personalized content, depending on your settings
Show personalized ads, depending on your settings
If you choose to “Reject all,” we will not use cookies for these additional purposes.
Non-personalized content is influenced by things like the content you’re currently viewing, activity in your active Search session, and your location. Non-personalized ads are influenced by the content you’re currently viewing and your general location. Personalized content and ads can also include more relevant results, recommendations, and tailored ads based on past activity from this browser, like previous Google searches. We also use cookies and data to tailor the experience to be age-appropriate, if relevant.
Select “More options” to see additional information, including details about managing your privacy settings. You can also visit g.co/privacytools at any time.
Reject all
Accept all
More options
Privacy Policy
Terms of Service",https://news.google.com/rss/articles/CBMiqAFBVV95cUxOVS1oNWZDZXQ0RW42VEk4eHIydjNSN0hRdDBzcUZGRWh0clgxOUdCV2ROREd1ZTV2YktlZHhqX3dYSGJ6TF9rSXVDdDhEVXliV0doV1ZITWZIblQtWUNvOEQyZFZlanZ3M2s5cENoM0lpTUdXZEFTeXZRUDczc3Z6eXB4RHhYY0FJUjhDQjRHQ2o5dU5xYjk2d2hpMUpRRXc2THhhb250VmQ?oc=5
2024-06-10,NVDA,Nvidia,Nvidia Shares Now Trading At Just $120 After Stock Split In Wake Of Monstrous Run - Forbes,"EN
Sign in
Before you continue to Google
We use cookies and data to
Deliver and maintain Google services
Track outages and protect against spam, fraud, and abuse
Measure audience engagement and site statistics to understand how our services are used and enhance the quality of those services
If you choose to “Accept all,” we will also use cookies and data to
Develop and improve new services
Deliver and measure the effectiveness of ads
Show personalized content, depending on your settings
Show personalized ads, depending on your settings
If you choose to “Reject all,” we will not use cookies for these additional purposes.
Non-personalized content is influenced by things like the content you’re currently viewing, activity in your active Search session, and your location. Non-personalized ads are influenced by the content you’re currently viewing and your general location. Personalized content and ads can also include more relevant results, recommendations, and tailored ads based on past activity from this browser, like previous Google searches. We also use cookies and data to tailor the experience to be age-appropriate, if relevant.
Select “More options” to see additional information, including details about managing your privacy settings. You can also visit g.co/privacytools at any time.
Reject all
Accept all
More options
Privacy Policy
Terms of Service",https://news.google.com/rss/articles/CBMiywFBVV95cUxPZ3oyNWdwcmkxUnl6OGJUMnZ6bVhvWTA0T1ZsRF9zWEdzUGVGVU9wVGlPd0YwbmxIaDNpaDRHeEJvWGNadFZJVWVsWmZzQW9tVU8xbmpvamQ1WGRNenl3Zzl5QTdaVXBJbVJ4VnVPNG1SOXdwZ05FVHFHX1hMcnloOGJlVEthcThVY0s1RXFYcXFYS1RIaVhyaXNnMEpkQkhYb2h0b3JFVnhBTzR3WE1laVpnMW55S3VHWDl6VWtaYzhMN2plWnVFenQ4cw?oc=5
2024-05-30,NVDA,Nvidia,When does the Nvidia stock split happen? What you need to know - USA Today,"EN
Sign in
Before you continue to Google
We use cookies and data to
Deliver and maintain Google services
Track outages and protect against spam, fraud, and abuse
Measure audience engagement and site statistics to understand how our services are used and enhance the quality of those services
If you choose to “Accept all,” we will also use cookies and data to
Develop and improve new services
Deliver and measure the effectiveness of ads
Show personalized content, depending on your settings
Show personalized ads, depending on your settings
If you choose to “Reject all,” we will not use cookies for these additional purposes.
Non-personalized content is influenced by things like the content you’re currently viewing, activity in your active Search session, and your location. Non-personalized ads are influenced by the content you’re currently viewing and your general location. Personalized content and ads can also include more relevant results, recommendations, and tailored ads based on past activity from this browser, like previous Google searches. We also use cookies and data to tailor the experience to be age-appropriate, if relevant.
Select “More options” to see additional information, including details about managing your privacy settings. You can also visit g.co/privacytools at any time.
Reject all
Accept all
More options
Privacy Policy
Terms of Service",https://news.google.com/rss/articles/CBMipAFBVV95cUxNQmgzMGVCSkRUMlRYVjA3TlcwbUpiR2s1b0YxNk1FaU1fRHZQUFJmd0JpeVNzbjh5d3hVY21JdUI3Zmo0dVZQWHN0XzNlTHZtUlpSdGlETWZaa0NwcnVObHdvd010RGdTd0h6cVBPajhtYVZkX1ZuNklaRUx2SlNkcFZhLWxlV3FLT0RSSF9OM0luYlJ0dWRXcDZHT0lOaUFrSE13NA?oc=5
2024-06-25,NVDA,Nvidia,"All eyes are on Nvidia’s stock, so what’s been going on? - AP News","EN
Sign in
Before you continue to Google
We use cookies and data to
Deliver and maintain Google services
Track outages and protect against spam, fraud, and abuse
Measure audience engagement and site statistics to understand how our services are used and enhance the quality of those services
If you choose to “Accept all,” we will also use cookies and data to
Develop and improve new services
Deliver and measure the effectiveness of ads
Show personalized content, depending on your settings
Show personalized ads, depending on your settings
If you choose to “Reject all,” we will not use cookies for these additional purposes.
Non-personalized content is influenced by things like the content you’re currently viewing, activity in your active Search session, and your location. Non-personalized ads are influenced by the content you’re currently viewing and your general location. Personalized content and ads can also include more relevant results, recommendations, and tailored ads based on past activity from this browser, like previous Google searches. We also use cookies and data to tailor the experience to be age-appropriate, if relevant.
Select “More options” to see additional information, including details about managing your privacy settings. You can also visit g.co/privacytools at any time.
Reject all
Accept all
More options
Privacy Policy
Terms of Service",https://news.google.com/rss/articles/CBMilAFBVV95cUxPM0lRYWJVLVlNdkdsSlVQTU9EOEJQQ0dXWE9tSHB3V1BRS2xBdkVic0VaU3VfdFFId3hvOFFQMlpzZ2xPcjFsY0ItVU1URWRRMHQ0RDRxMXl3Ukxub1RMWW96X0ZLUHhkXzZSZGJxVVFub1J5YVFnVzNaWEdUd0phZk9KclJSZklqLTVmSzB6UWVfYXJH?oc=5
2024-06-10,NVDA,Nvidia,Nvidia stock rises after 10-for-1 stock split - Yahoo Finance,"EN
Sign in
Before you continue to Google
We use cookies and data to
Deliver and maintain Google services
Track outages and protect against spam, fraud, and abuse
Measure audience engagement and site statistics to understand how our services are used and enhance the quality of those services
If you choose to “Accept all,” we will also use cookies and data to
Develop and improve new services
Deliver and measure the effectiveness of ads
Show personalized content, depending on your settings
Show personalized ads, depending on your settings
If you choose to “Reject all,” we will not use cookies for these additional purposes.
Non-personalized content is influenced by things like the content you’re currently viewing, activity in your active Search session, and your location. Non-personalized ads are influenced by the content you’re currently viewing and your general location. Personalized content and ads can also include more relevant results, recommendations, and tailored ads based on past activity from this browser, like previous Google searches. We also use cookies and data to tailor the experience to be age-appropriate, if relevant.
Select “More options” to see additional information, including details about managing your privacy settings. You can also visit g.co/privacytools at any time.
Reject all
Accept all
More options
Privacy Policy
Terms of Service",https://news.google.com/rss/articles/CBMilgFBVV95cUxNTlpIbUZPbzZoSWRqWlFkcVRGNnBIMmRmOHd0eWNMQXBMdGkydFVJZmFtRGJSZVp0NWpJUkxPR1ZiTlBCY2l2ODl2dVlsWU9HaHBuYTBmTFFkVXA3WWJnSkVNV2ZQb0VXeVYzRUN4eWtIbFFoYnBpeFo5cmI4OGZQNzdUU0xqanRIUVhUQWVIWlZyelFUbnc?oc=5
2024-05-30,NVDA,Nvidia,"After Earnings, Is Nvidia Stock a Buy, Sell, or Fairly Valued? - Morningstar","EN
Sign in
Before you continue to Google
We use cookies and data to
Deliver and maintain Google services
Track outages and protect against spam, fraud, and abuse
Measure audience engagement and site statistics to understand how our services are used and enhance the quality of those services
If you choose to “Accept all,” we will also use cookies and data to
Develop and improve new services
Deliver and measure the effectiveness of ads
Show personalized content, depending on your settings
Show personalized ads, depending on your settings
If you choose to “Reject all,” we will not use cookies for these additional purposes.
Non-personalized content is influenced by things like the content you’re currently viewing, activity in your active Search session, and your location. Non-personalized ads are influenced by the content you’re currently viewing and your general location. Personalized content and ads can also include more relevant results, recommendations, and tailored ads based on past activity from this browser, like previous Google searches. We also use cookies and data to tailor the experience to be age-appropriate, if relevant.
Select “More options” to see additional information, including details about managing your privacy settings. You can also visit g.co/privacytools at any time.
Reject all
Accept all
More options
Privacy Policy
Terms of Service",https://news.google.com/rss/articles/CBMimAFBVV95cUxOV2VfVUVEQjBZRjRPLW44ODNieThjWTRXYzB0U1U4QUlFMEJ6bHQ1d05CRWJLRUV2S2pHWWJ2VVlpNDNMMHA1OGJ3RWxpS0N0Q1F1ZGNGU09vZ0t6TkVrMXJ3TXdzTlF5RENoQXdzaVAwY3VnZzRvYUtFUVFiUUQ0U0NRLThCaG9uc09WVEVYNnU4MkpSa3NCXw?oc=5
2024-06-05,NVDA,Nvidia,Nvidia Stock Hits New All-Time High Ahead Of 10-For-1 Split - Forbes,"EN
Sign in
Before you continue to Google
We use cookies and data to
Deliver and maintain Google services
Track outages and protect against spam, fraud, and abuse
Measure audience engagement and site statistics to understand how our services are used and enhance the quality of those services
If you choose to “Accept all,” we will also use cookies and data to
Develop and improve new services
Deliver and measure the effectiveness of ads
Show personalized content, depending on your settings
Show personalized ads, depending on your settings
If you choose to “Reject all,” we will not use cookies for these additional purposes.
Non-personalized content is influenced by things like the content you’re currently viewing, activity in your active Search session, and your location. Non-personalized ads are influenced by the content you’re currently viewing and your general location. Personalized content and ads can also include more relevant results, recommendations, and tailored ads based on past activity from this browser, like previous Google searches. We also use cookies and data to tailor the experience to be age-appropriate, if relevant.
Select “More options” to see additional information, including details about managing your privacy settings. You can also visit g.co/privacytools at any time.
Reject all
Accept all
More options
Privacy Policy
Terms of Service",https://news.google.com/rss/articles/CBMirwFBVV95cUxOLTdqXzI2bnd0eURBRUhnU3dwVDlZbjdlMUVGMnNON1RoUkNxSGpYQ3U2Z1hsRlk3VXpWZ0psejBCcHUtQWxSWmY5d0xYcU42X2tNUVpmSzBGamJ2Y0JOazhHZ2VLWWIyWW5WaTM5MF9hcHIyLXpGcWpOTlF6M2dLYVA1WXhqX2ZpYUozZ0l6M1RUOTFhSW5ReG4tXzJ1T3QwR3pWVFlVbHhSY3VhbGNZ?oc=5
2024-06-10,NVDA,Nvidia,Nvidia's First Trading Day After Its Stock Split Brings Slight Gain and Price-Target Hikes - Investopedia,"EN
Sign in
Before you continue to Google
We use cookies and data to
Deliver and maintain Google services
Track outages and protect against spam, fraud, and abuse
Measure audience engagement and site statistics to understand how our services are used and enhance the quality of those services
If you choose to “Accept all,” we will also use cookies and data to
Develop and improve new services
Deliver and measure the effectiveness of ads
Show personalized content, depending on your settings
Show personalized ads, depending on your settings
If you choose to “Reject all,” we will not use cookies for these additional purposes.
Non-personalized content is influenced by things like the content you’re currently viewing, activity in your active Search session, and your location. Non-personalized ads are influenced by the content you’re currently viewing and your general location. Personalized content and ads can also include more relevant results, recommendations, and tailored ads based on past activity from this browser, like previous Google searches. We also use cookies and data to tailor the experience to be age-appropriate, if relevant.
Select “More options” to see additional information, including details about managing your privacy settings. You can also visit g.co/privacytools at any time.
Reject all
Accept all
More options
Privacy Policy
Terms of Service",https://news.google.com/rss/articles/CBMitgFBVV95cUxPX3pPSkcwYlpVY3UwWGFyU0xZYWkyN2FxZ091U01PRDMwY01sUmJuc0d3Q2hVY0VTdnRlbUY2V1owdzI3LUxPTzlXbGlySkNQeUVWRG1KaFVnZVBmVFY0bVFOdnVvNl9yUnEyc2QyTkpUN3RXVHREZWNZbVFaenpQREVrTkJ6WnlUM3paVjdGMFBoSVRLeU13VGs5WVJ5dVU2UGZkRU8xaFdmWktFb19HOVV5UUZYUQ?oc=5
2024-06-18,NVDA,Nvidia,"Nvidia's stock market value topped $3.3 trillion. How it became No. 1 in the S&P 500, by the numbers - AP News","EN
Sign in
Before you continue to Google
We use cookies and data to
Deliver and maintain Google services
Track outages and protect against spam, fraud, and abuse
Measure audience engagement and site statistics to understand how our services are used and enhance the quality of those services
If you choose to “Accept all,” we will also use cookies and data to
Develop and improve new services
Deliver and measure the effectiveness of ads
Show personalized content, depending on your settings
Show personalized ads, depending on your settings
If you choose to “Reject all,” we will not use cookies for these additional purposes.
Non-personalized content is influenced by things like the content you’re currently viewing, activity in your active Search session, and your location. Non-personalized ads are influenced by the content you’re currently viewing and your general location. Personalized content and ads can also include more relevant results, recommendations, and tailored ads based on past activity from this browser, like previous Google searches. We also use cookies and data to tailor the experience to be age-appropriate, if relevant.
Select “More options” to see additional information, including details about managing your privacy settings. You can also visit g.co/privacytools at any time.
Reject all
Accept all
More options
Privacy Policy
Terms of Service",https://news.google.com/rss/articles/CBMirwFBVV95cUxPNzROUGhpcElWelprbzNWOHJQeklzZ2RpNTZXSzdHcl9iaXotYWZNckcyN3pRSUxpN1ZVX2Vub1U5M21iV083VGt1cDRiVEpMUnRZX1NBMDRNcXNYU2FNNGtIWHlEYzVEcTl6ZFd0RHhHZWc2Uks4S1R0dXQ2STdLc2FxZjFmbF9qS1FTNHRiSndacUJNOUFXOEliOGhra2FjMGxfSzFKRWR0RU94VHFJ?oc=5
2024-06-18,NVDA,Nvidia,Nvidia overtakes Microsoft as most valuable stock in the world - Yahoo Finance,"EN
Sign in
Before you continue to Google
We use cookies and data to
Deliver and maintain Google services
Track outages and protect against spam, fraud, and abuse
Measure audience engagement and site statistics to understand how our services are used and enhance the quality of those services
If you choose to “Accept all,” we will also use cookies and data to
Develop and improve new services
Deliver and measure the effectiveness of ads
Show personalized content, depending on your settings
Show personalized ads, depending on your settings
If you choose to “Reject all,” we will not use cookies for these additional purposes.
Non-personalized content is influenced by things like the content you’re currently viewing, activity in your active Search session, and your location. Non-personalized ads are influenced by the content you’re currently viewing and your general location. Personalized content and ads can also include more relevant results, recommendations, and tailored ads based on past activity from this browser, like previous Google searches. We also use cookies and data to tailor the experience to be age-appropriate, if relevant.
Select “More options” to see additional information, including details about managing your privacy settings. You can also visit g.co/privacytools at any time.
Reject all
Accept all
More options
Privacy Policy
Terms of Service",https://news.google.com/rss/articles/CBMirAFBVV95cUxNR0VQR25FT1VYY2daOFJ6QXhCX2ZWeFpHMzhyMUVaZHp0TFJPR3UycmFlOXJmUXdyWnl5NUZtVmttNlpGOC0tSkpIeG5oT1p0S3JucGF4c3FvTlJJdjhIdm9oN085Q3dvLUJjSXlHZVBQUDBUOUpLbG5Xbm1FNjJvQ1N3a3gyaGJsbjBZZ0o3RzNtZFNiZ3JCbzJfNHptRTN2SFh5X01zNW5RMWFF?oc=5
2024-06-24,NVDA,Nvidia,Nvidia Stock Continues Falling From Record High—Key Price Levels to Watch - Investopedia,"EN
Sign in
Before you continue to Google
We use cookies and data to
Deliver and maintain Google services
Track outages and protect against spam, fraud, and abuse
Measure audience engagement and site statistics to understand how our services are used and enhance the quality of those services
If you choose to “Accept all,” we will also use cookies and data to
Develop and improve new services
Deliver and measure the effectiveness of ads
Show personalized content, depending on your settings
Show personalized ads, depending on your settings
If you choose to “Reject all,” we will not use cookies for these additional purposes.
Non-personalized content is influenced by things like the content you’re currently viewing, activity in your active Search session, and your location. Non-personalized ads are influenced by the content you’re currently viewing and your general location. Personalized content and ads can also include more relevant results, recommendations, and tailored ads based on past activity from this browser, like previous Google searches. We also use cookies and data to tailor the experience to be age-appropriate, if relevant.
Select “More options” to see additional information, including details about managing your privacy settings. You can also visit g.co/privacytools at any time.
Reject all
Accept all
More options
Privacy Policy
Terms of Service",https://news.google.com/rss/articles/CBMirwFBVV95cUxQWXNJRmRvWDk3WUpGcU94RlZya2tBakhUT0JVOHQ5amtvaTBIb0RuV09tSHlRUWVLUVp4ckdVVGhsMFZtVDd5MFBvQ2x1U1dybGJfbF91NDN1b0dKWmRMT2xvcWpaQWVuczBMeHd5OC1QWWJScjFqaXJteHBkNWtBcmNrVVNmYi15M1p1NXpzT2MzVVU1VmwwdXlMZkk5aVJscHJwQzJReFRMV2xjOUY0?oc=5
2024-06-25,NVDA,Nvidia,Nvidia stock falls more than 6% as investors rotate out of chip heavyweight - Yahoo Finance,"EN
Sign in
Before you continue to Google
We use cookies and data to
Deliver and maintain Google services
Track outages and protect against spam, fraud, and abuse
Measure audience engagement and site statistics to understand how our services are used and enhance the quality of those services
If you choose to “Accept all,” we will also use cookies and data to
Develop and improve new services
Deliver and measure the effectiveness of ads
Show personalized content, depending on your settings
Show personalized ads, depending on your settings
If you choose to “Reject all,” we will not use cookies for these additional purposes.
Non-personalized content is influenced by things like the content you’re currently viewing, activity in your active Search session, and your location. Non-personalized ads are influenced by the content you’re currently viewing and your general location. Personalized content and ads can also include more relevant results, recommendations, and tailored ads based on past activity from this browser, like previous Google searches. We also use cookies and data to tailor the experience to be age-appropriate, if relevant.
Select “More options” to see additional information, including details about managing your privacy settings. You can also visit g.co/privacytools at any time.
Reject all
Accept all
More options
Privacy Policy
Terms of Service",https://news.google.com/rss/articles/CBMivAFBVV95cUxNTnZ5YzVYMjB4TmhsN25URFBxUlZCMGNDTUFLdk1zS0FxWjUwUlBENkJTNllLdkx2VFVOLWRhS1VtOU9JMUQ0MkRIZzAzTGRCR0g4MkhLcC1pa1BrdzJDS25BUjlKemc2SFZ0bVhfREkyZ0JIcXExdlRsLWhaQjRLUmtORmdMY2xGbHFEb2ZNUDF0akNXWFdTOU5HR0V1bjRMQmt2aU8zTmNrYmRJMlRrVXN6ajJUZWt1T3YtRw?oc=5
2024-05-30,NVDA,Nvidia,Why Nvidia's stock surge doesn’t bode well for the market - Yahoo Finance,"EN
Sign in
Before you continue to Google
We use cookies and data to
Deliver and maintain Google services
Track outages and protect against spam, fraud, and abuse
Measure audience engagement and site statistics to understand how our services are used and enhance the quality of those services
If you choose to “Accept all,” we will also use cookies and data to
Develop and improve new services
Deliver and measure the effectiveness of ads
Show personalized content, depending on your settings
Show personalized ads, depending on your settings
If you choose to “Reject all,” we will not use cookies for these additional purposes.
Non-personalized content is influenced by things like the content you’re currently viewing, activity in your active Search session, and your location. Non-personalized ads are influenced by the content you’re currently viewing and your general location. Personalized content and ads can also include more relevant results, recommendations, and tailored ads based on past activity from this browser, like previous Google searches. We also use cookies and data to tailor the experience to be age-appropriate, if relevant.
Select “More options” to see additional information, including details about managing your privacy settings. You can also visit g.co/privacytools at any time.
Reject all
Accept all
More options
Privacy Policy
Terms of Service",https://news.google.com/rss/articles/CBMiowFBVV95cUxNQnR4WWhxd2FIWWkzNUQtekduZlRrMVNZQUpVWloxSjUyQkg1QmJZMVQ4T1ZRdFg2em5pbzUtdFJJRm94aHdBRHZXbmlVaFBLX0JYbjBMQUxQTVRqNWRSMnZIU0xvUndYeU5RaXF4YklzNWFiMUEyZWk4WG80LXBEb19LSEx2OW0xdVZYdHRXZUo2Yk5oQUF6d3JLa2FvbWpZZWdR?oc=5
2024-06-26,NVDA,Nvidia,Nvidia stock set to continue rebound after snapping a 3-day rout - Yahoo Finance,"EN
Sign in
Before you continue to Google
We use cookies and data to
Deliver and maintain Google services
Track outages and protect against spam, fraud, and abuse
Measure audience engagement and site statistics to understand how our services are used and enhance the quality of those services
If you choose to “Accept all,” we will also use cookies and data to
Develop and improve new services
Deliver and measure the effectiveness of ads
Show personalized content, depending on your settings
Show personalized ads, depending on your settings
If you choose to “Reject all,” we will not use cookies for these additional purposes.
Non-personalized content is influenced by things like the content you’re currently viewing, activity in your active Search session, and your location. Non-personalized ads are influenced by the content you’re currently viewing and your general location. Personalized content and ads can also include more relevant results, recommendations, and tailored ads based on past activity from this browser, like previous Google searches. We also use cookies and data to tailor the experience to be age-appropriate, if relevant.
Select “More options” to see additional information, including details about managing your privacy settings. You can also visit g.co/privacytools at any time.
Reject all
Accept all
More options
Privacy Policy
Terms of Service",https://news.google.com/rss/articles/CBMirwFBVV95cUxOUDhhWk1qdjhKaFpQQWNMVjNxcUtqVWtSVGpfMGlnRXVlT05GdjRCN0Zkdk9tMmpCLThCdHllRHo2XzNmUm1yMGd2a3RqUnZUTlVzdWxkZEI0MVVVSXlKS1Fxd3ZQVDJCM1IydnFqeG5lQ1ZFQW9YOE5WZ19wcFh0b3BFUE1nQlh2ODNVZ2JkbWFUQndENEpzdmJIc2ltMEJUQkhjSWJWWFRKX0RkNmhV?oc=5
2024-06-10,NVDA,Nvidia,Why Is Everyone Talking About Nvidia's Stock Split? - Yahoo Finance,"EN
Sign in
Before you continue to Google
We use cookies and data to
Deliver and maintain Google services
Track outages and protect against spam, fraud, and abuse
Measure audience engagement and site statistics to understand how our services are used and enhance the quality of those services
If you choose to “Accept all,” we will also use cookies and data to
Develop and improve new services
Deliver and measure the effectiveness of ads
Show personalized content, depending on your settings
Show personalized ads, depending on your settings
If you choose to “Reject all,” we will not use cookies for these additional purposes.
Non-personalized content is influenced by things like the content you’re currently viewing, activity in your active Search session, and your location. Non-personalized ads are influenced by the content you’re currently viewing and your general location. Personalized content and ads can also include more relevant results, recommendations, and tailored ads based on past activity from this browser, like previous Google searches. We also use cookies and data to tailor the experience to be age-appropriate, if relevant.
Select “More options” to see additional information, including details about managing your privacy settings. You can also visit g.co/privacytools at any time.
Reject all
Accept all
More options
Privacy Policy
Terms of Service",https://news.google.com/rss/articles/CBMihwFBVV95cUxQWnZqbWRzaWp0MnJxREZmMkxOZW1SZzQ3RlZkOUU4NUJnb1ZDcGdvMXE1dk90NmF6T3hIcVcwWFJraXdwNTN0NU40RWduSzhtaXlvN2dWM3UzejYtMWlDMUZxQzVRTTZKVFZIdnd5VWF3aXFOZnpnV1pJSWRCV3h3MG9TbGdGSzQ?oc=5
2024-06-30,NVDA,Nvidia,Why Nvidia stock is now in treacherous waters: Morning Brief - Yahoo Finance,"EN
Sign in
Before you continue to Google
We use cookies and data to
Deliver and maintain Google services
Track outages and protect against spam, fraud, and abuse
Measure audience engagement and site statistics to understand how our services are used and enhance the quality of those services
If you choose to “Accept all,” we will also use cookies and data to
Develop and improve new services
Deliver and measure the effectiveness of ads
Show personalized content, depending on your settings
Show personalized ads, depending on your settings
If you choose to “Reject all,” we will not use cookies for these additional purposes.
Non-personalized content is influenced by things like the content you’re currently viewing, activity in your active Search session, and your location. Non-personalized ads are influenced by the content you’re currently viewing and your general location. Personalized content and ads can also include more relevant results, recommendations, and tailored ads based on past activity from this browser, like previous Google searches. We also use cookies and data to tailor the experience to be age-appropriate, if relevant.
Select “More options” to see additional information, including details about managing your privacy settings. You can also visit g.co/privacytools at any time.
Reject all
Accept all
More options
Privacy Policy
Terms of Service",https://news.google.com/rss/articles/CBMiqAFBVV95cUxNU2VxdVdsazNIRV9PMjg0Y1lIOVd6NUVmSEwyS3AxVDJEeXViTmtqMGlGeDd2bVNJTDViYTRESXVtMmlNM082U2NwOE1sRVhRU0dVNy1RQ3lNRUExQ2ZSMW92bDkzUHA2ejB6c2tiWGgzc2R0T3B0c2dXSXNhazdOX0VZNlg2Q29rMzBPVnhmSjRqV0xXYnBnYWtNTVhnek5BMGNselpfRy0?oc=5
2024-07-15,NVDA,Nvidia,Nvidia investor dilemma: how much is too much in a stock portfolio? - Reuters,"EN
Sign in
Before you continue to Google
We use cookies and data to
Deliver and maintain Google services
Track outages and protect against spam, fraud, and abuse
Measure audience engagement and site statistics to understand how our services are used and enhance the quality of those services
If you choose to “Accept all,” we will also use cookies and data to
Develop and improve new services
Deliver and measure the effectiveness of ads
Show personalized content, depending on your settings
Show personalized ads, depending on your settings
If you choose to “Reject all,” we will not use cookies for these additional purposes.
Non-personalized content is influenced by things like the content you’re currently viewing, activity in your active Search session, and your location. Non-personalized ads are influenced by the content you’re currently viewing and your general location. Personalized content and ads can also include more relevant results, recommendations, and tailored ads based on past activity from this browser, like previous Google searches. We also use cookies and data to tailor the experience to be age-appropriate, if relevant.
Select “More options” to see additional information, including details about managing your privacy settings. You can also visit g.co/privacytools at any time.
Reject all
Accept all
More options
Privacy Policy
Terms of Service",https://news.google.com/rss/articles/CBMiqwFBVV95cUxNcWw1S0Rtbk5EUUlaNWU0amdoOHJfa3o1M0ZxY1U3RHFrRnE4di1ycXdZdlZLcDluU3k4N3BxNHhRaV9PUWtzTlBfbDdBRlhKZDF0ZE82SjBUM1BuZmhMSVBodUEza0lKckZHb0VtMGlaRzAyN096U3FaU0U5OVlpZzdwb3ZrLTg0czVmdHpxYmN0R3RPbnZUY3lxY08zNnI2Z21EM0l0UldBTHc?oc=5
2024-07-22,NVDA,Nvidia,"Nvidia Stock Rises Monday, Helping Fuel S&P 500 and Nasdaq Gains—Here's Why - Investopedia","EN
Sign in
Before you continue to Google
We use cookies and data to
Deliver and maintain Google services
Track outages and protect against spam, fraud, and abuse
Measure audience engagement and site statistics to understand how our services are used and enhance the quality of those services
If you choose to “Accept all,” we will also use cookies and data to
Develop and improve new services
Deliver and measure the effectiveness of ads
Show personalized content, depending on your settings
Show personalized ads, depending on your settings
If you choose to “Reject all,” we will not use cookies for these additional purposes.
Non-personalized content is influenced by things like the content you’re currently viewing, activity in your active Search session, and your location. Non-personalized ads are influenced by the content you’re currently viewing and your general location. Personalized content and ads can also include more relevant results, recommendations, and tailored ads based on past activity from this browser, like previous Google searches. We also use cookies and data to tailor the experience to be age-appropriate, if relevant.
Select “More options” to see additional information, including details about managing your privacy settings. You can also visit g.co/privacytools at any time.
Reject all
Accept all
More options
Privacy Policy
Terms of Service",https://news.google.com/rss/articles/CBMitwFBVV95cUxNQ01pdFJ6YTJoTThTQmcyUFN2V2ZlMU1TcFZDc3RrLXBKOGdoTXVoRWFmVDMtUDZkNEpIa0pjS1p1OHVmNURaVlBNODhvTjdLdjB5c2xFbkVPNXEyNHl3NEV1RnItaHB2ODJEM2VkWjNteDJDdjZMVDlpdlRqRXhjUWFJbXJlbC1abXhNQ0RUV0lTWGZQS2IxcUh5R1FEZE5BZTVVZS16dzRuNTVSM3dnWFB4aWhaQjg?oc=5
2024-07-12,NVDA,Nvidia,"Nvidia’s stock bounces back and could rally another 30%, analyst says - MarketWatch","EN
Sign in
Before you continue to Google
We use cookies and data to
Deliver and maintain Google services
Track outages and protect against spam, fraud, and abuse
Measure audience engagement and site statistics to understand how our services are used and enhance the quality of those services
If you choose to “Accept all,” we will also use cookies and data to
Develop and improve new services
Deliver and measure the effectiveness of ads
Show personalized content, depending on your settings
Show personalized ads, depending on your settings
If you choose to “Reject all,” we will not use cookies for these additional purposes.
Non-personalized content is influenced by things like the content you’re currently viewing, activity in your active Search session, and your location. Non-personalized ads are influenced by the content you’re currently viewing and your general location. Personalized content and ads can also include more relevant results, recommendations, and tailored ads based on past activity from this browser, like previous Google searches. We also use cookies and data to tailor the experience to be age-appropriate, if relevant.
Select “More options” to see additional information, including details about managing your privacy settings. You can also visit g.co/privacytools at any time.
Reject all
Accept all
More options
Privacy Policy
Terms of Service",https://news.google.com/rss/articles/CBMirgFBVV95cUxQQ01YWFlRYXBRMFNwOE1BMGZCb0R4X09FTk5aT1p4UkRZQ2MyV2ZrSWhNX1RwVEVvdGs2ZUw0b2lES1JOS3Z5cmZ6UUY5Wi1qZVRyR19rUkprckM4Nmx4UzJrNnlfN3NwZWI2NTlNV09ybFdNLVdoN1F3MmY1ckRLcVViRmc3TUw1Ry0tU19mQ0tUeDk5YlEyeEJHMWVfMXdCWEtoVGRMR01WMGd4U1E?oc=5
2024-07-24,NVDA,Nvidia,Three AI Stocks Beyond Nvidia - Morningstar,"EN
Sign in
Before you continue to Google
We use cookies and data to
Deliver and maintain Google services
Track outages and protect against spam, fraud, and abuse
Measure audience engagement and site statistics to understand how our services are used and enhance the quality of those services
If you choose to “Accept all,” we will also use cookies and data to
Develop and improve new services
Deliver and measure the effectiveness of ads
Show personalized content, depending on your settings
Show personalized ads, depending on your settings
If you choose to “Reject all,” we will not use cookies for these additional purposes.
Non-personalized content is influenced by things like the content you’re currently viewing, activity in your active Search session, and your location. Non-personalized ads are influenced by the content you’re currently viewing and your general location. Personalized content and ads can also include more relevant results, recommendations, and tailored ads based on past activity from this browser, like previous Google searches. We also use cookies and data to tailor the experience to be age-appropriate, if relevant.
Select “More options” to see additional information, including details about managing your privacy settings. You can also visit g.co/privacytools at any time.
Reject all
Accept all
More options
Privacy Policy
Terms of Service",https://news.google.com/rss/articles/CBMihgFBVV95cUxQRVR5cEZEUUZRUGxxNXRCOUtMNlVhd3NHRC1PTFE2cmVrUDgwdk9XLU5zTUJESGFwZ3FxdjFrcFJKYUlTam5hZmRKV3pvaW9iSVQ5N2VqbkM2eUJTVUpuWmtUYWlBVUtKUFJiYnB2U08tWENudFB6Uk13c3ZiZjF1UzRHTHhQZw?oc=5
2024-07-01,NVDA,Nvidia,Nvidia Stock Reverses Drop. What’s Concerning the Market. - Barron's,"EN
Sign in
Before you continue to Google
We use cookies and data to
Deliver and maintain Google services
Track outages and protect against spam, fraud, and abuse
Measure audience engagement and site statistics to understand how our services are used and enhance the quality of those services
If you choose to “Accept all,” we will also use cookies and data to
Develop and improve new services
Deliver and measure the effectiveness of ads
Show personalized content, depending on your settings
Show personalized ads, depending on your settings
If you choose to “Reject all,” we will not use cookies for these additional purposes.
Non-personalized content is influenced by things like the content you’re currently viewing, activity in your active Search session, and your location. Non-personalized ads are influenced by the content you’re currently viewing and your general location. Personalized content and ads can also include more relevant results, recommendations, and tailored ads based on past activity from this browser, like previous Google searches. We also use cookies and data to tailor the experience to be age-appropriate, if relevant.
Select “More options” to see additional information, including details about managing your privacy settings. You can also visit g.co/privacytools at any time.
Reject all
Accept all
More options
Privacy Policy
Terms of Service",https://news.google.com/rss/articles/CBMidEFVX3lxTE9hVXBfd09HNk9JazJISnUycmRnQzJWS1d1eWFGTmJFR1lmTktHMy11MHVXRVR3OVpNX0U3QlRCZFJKZndUNmlBaWRDODRRRW9LNVQtaWRYUFZZNy0zcHVMX3ktcnEtWUFwU1g3eU1KY2s3V2NU?oc=5
2024-07-04,NVDA,Nvidia,Here's How High Wall Street Thinks Nvidia Stock Can Rise - Nasdaq,"EN
Sign in
Before you continue to Google
We use cookies and data to
Deliver and maintain Google services
Track outages and protect against spam, fraud, and abuse
Measure audience engagement and site statistics to understand how our services are used and enhance the quality of those services
If you choose to “Accept all,” we will also use cookies and data to
Develop and improve new services
Deliver and measure the effectiveness of ads
Show personalized content, depending on your settings
Show personalized ads, depending on your settings
If you choose to “Reject all,” we will not use cookies for these additional purposes.
Non-personalized content is influenced by things like the content you’re currently viewing, activity in your active Search session, and your location. Non-personalized ads are influenced by the content you’re currently viewing and your general location. Personalized content and ads can also include more relevant results, recommendations, and tailored ads based on past activity from this browser, like previous Google searches. We also use cookies and data to tailor the experience to be age-appropriate, if relevant.
Select “More options” to see additional information, including details about managing your privacy settings. You can also visit g.co/privacytools at any time.
Reject all
Accept all
More options
Privacy Policy
Terms of Service",https://news.google.com/rss/articles/CBMikAFBVV95cUxQNmJWcktGdnpjcUtLSmVCU0JJbVB3Q2tvYTRPeWN6RVNEbDJSZWkyN2lYT2FmZDFsSnhqWVRMOU1RTl81WFl3Wi1ROHk5MlZUZ19HSS1jMHpKbXh5Z3YxTUNzY2ZTZXNuQk1oVWJkbFFyd3J3WWg4RHJPYi1MOW5WbGo2SkRLcDlmUnAwLWc0LUo?oc=5
2024-07-18,NVDA,Nvidia,​​Will NVIDIA stock keep falling?​ - ig.com,"EN
Sign in
Before you continue to Google
We use cookies and data to
Deliver and maintain Google services
Track outages and protect against spam, fraud, and abuse
Measure audience engagement and site statistics to understand how our services are used and enhance the quality of those services
If you choose to “Accept all,” we will also use cookies and data to
Develop and improve new services
Deliver and measure the effectiveness of ads
Show personalized content, depending on your settings
Show personalized ads, depending on your settings
If you choose to “Reject all,” we will not use cookies for these additional purposes.
Non-personalized content is influenced by things like the content you’re currently viewing, activity in your active Search session, and your location. Non-personalized ads are influenced by the content you’re currently viewing and your general location. Personalized content and ads can also include more relevant results, recommendations, and tailored ads based on past activity from this browser, like previous Google searches. We also use cookies and data to tailor the experience to be age-appropriate, if relevant.
Select “More options” to see additional information, including details about managing your privacy settings. You can also visit g.co/privacytools at any time.
Reject all
Accept all
More options
Privacy Policy
Terms of Service",https://news.google.com/rss/articles/CBMiqAFBVV95cUxPZ25tVy1JNTZ5RjZ2OGg3WnFIUkZ1dVFBU0RvYkh4dUZ3NG5iSXFPbm42Mm9XNlVzWjRjT2xXVXROVmxZY2hVRW90bmxqb3p1VTBic21vTjd0M3NWMDVXRHJCZzRWVFN3bE5LYVd4Rlg3T3ZPVVdBbVhQMW1RYUQ5UW42UFdaWS1CcFIyTjYzcjJUMDZRdzZNWm1kaUZybV92aW9zYkc4NnQ?oc=5
2024-07-25,NVDA,Nvidia,"Nvidia, Semiconductor Stocks Seesaw After Wednesday's Meltdown - Investor's Business Daily","EN
Sign in
Before you continue to Google
We use cookies and data to
Deliver and maintain Google services
Track outages and protect against spam, fraud, and abuse
Measure audience engagement and site statistics to understand how our services are used and enhance the quality of those services
If you choose to “Accept all,” we will also use cookies and data to
Develop and improve new services
Deliver and measure the effectiveness of ads
Show personalized content, depending on your settings
Show personalized ads, depending on your settings
If you choose to “Reject all,” we will not use cookies for these additional purposes.
Non-personalized content is influenced by things like the content you’re currently viewing, activity in your active Search session, and your location. Non-personalized ads are influenced by the content you’re currently viewing and your general location. Personalized content and ads can also include more relevant results, recommendations, and tailored ads based on past activity from this browser, like previous Google searches. We also use cookies and data to tailor the experience to be age-appropriate, if relevant.
Select “More options” to see additional information, including details about managing your privacy settings. You can also visit g.co/privacytools at any time.
Reject all
Accept all
More options
Privacy Policy
Terms of Service",https://news.google.com/rss/articles/CBMijgFBVV95cUxOdE03RWx4S09tU0pfRUR1enEzSTBsX0VsZUoyejNMckVaUkRpQkFjSVJVTDAwdzR6TnFNRmRWVm81RTlLVkVtNGl3WjRJOFpoWkw3Q1N5MmxZejlKczN2Nll5djQyTjFYZF9mWFB4aHJhc1hwU09DZ2VrVGZNNm94NW1IMnc3bTZqeUY5VUtn?oc=5
2024-07-21,NVDA,Nvidia,Watch These Nvidia Price Levels as Stock Continues Retreat From Record High - Investopedia,"EN
Sign in
Before you continue to Google
We use cookies and data to
Deliver and maintain Google services
Track outages and protect against spam, fraud, and abuse
Measure audience engagement and site statistics to understand how our services are used and enhance the quality of those services
If you choose to “Accept all,” we will also use cookies and data to
Develop and improve new services
Deliver and measure the effectiveness of ads
Show personalized content, depending on your settings
Show personalized ads, depending on your settings
If you choose to “Reject all,” we will not use cookies for these additional purposes.
Non-personalized content is influenced by things like the content you’re currently viewing, activity in your active Search session, and your location. Non-personalized ads are influenced by the content you’re currently viewing and your general location. Personalized content and ads can also include more relevant results, recommendations, and tailored ads based on past activity from this browser, like previous Google searches. We also use cookies and data to tailor the experience to be age-appropriate, if relevant.
Select “More options” to see additional information, including details about managing your privacy settings. You can also visit g.co/privacytools at any time.
Reject all
Accept all
More options
Privacy Policy
Terms of Service",https://news.google.com/rss/articles/CBMie0FVX3lxTE1BS01sZHVKNDFLVGhqbWt5WmdJWDFCN21QS2JiczVoam9jdUtZdkluNVhrN0tDUDZUWUtvTDlOYjdyRE5IYmlvMkNPSTdCSXQ0ZE5EdFpiQ0Z5OXVRRmIxX0NXb3VvOEt5NjNYampBUGVsLUs3UmJScjk0OA?oc=5
2024-07-22,NVDA,Nvidia,Why Nvidia Stock Is Jumping Today - Yahoo Finance,"EN
Sign in
Before you continue to Google
We use cookies and data to
Deliver and maintain Google services
Track outages and protect against spam, fraud, and abuse
Measure audience engagement and site statistics to understand how our services are used and enhance the quality of those services
If you choose to “Accept all,” we will also use cookies and data to
Develop and improve new services
Deliver and measure the effectiveness of ads
Show personalized content, depending on your settings
Show personalized ads, depending on your settings
If you choose to “Reject all,” we will not use cookies for these additional purposes.
Non-personalized content is influenced by things like the content you’re currently viewing, activity in your active Search session, and your location. Non-personalized ads are influenced by the content you’re currently viewing and your general location. Personalized content and ads can also include more relevant results, recommendations, and tailored ads based on past activity from this browser, like previous Google searches. We also use cookies and data to tailor the experience to be age-appropriate, if relevant.
Select “More options” to see additional information, including details about managing your privacy settings. You can also visit g.co/privacytools at any time.
Reject all
Accept all
More options
Privacy Policy
Terms of Service",https://news.google.com/rss/articles/CBMiggFBVV95cUxPUkU3Tk5FSEE4TElURE1SSVVBVjR1MmlSUk02S0xOYy1mMmg4RllVYzRDeHZTcTM1WE94cTFORlU2VWJ1eXVwMHE0TF85Z3lVYjk0VVpoUklYWklxN05wX2pienJVTkJwOXhJVXFfUUpnNlNvUXp4Ni03bUdqVnljaXJB?oc=5
2024-07-03,NVDA,Nvidia,"Nvidia Stock Reverses Course, Heads Higher in Wednesday Trading - Barron's","EN
Sign in
Before you continue to Google
We use cookies and data to
Deliver and maintain Google services
Track outages and protect against spam, fraud, and abuse
Measure audience engagement and site statistics to understand how our services are used and enhance the quality of those services
If you choose to “Accept all,” we will also use cookies and data to
Develop and improve new services
Deliver and measure the effectiveness of ads
Show personalized content, depending on your settings
Show personalized ads, depending on your settings
If you choose to “Reject all,” we will not use cookies for these additional purposes.
Non-personalized content is influenced by things like the content you’re currently viewing, activity in your active Search session, and your location. Non-personalized ads are influenced by the content you’re currently viewing and your general location. Personalized content and ads can also include more relevant results, recommendations, and tailored ads based on past activity from this browser, like previous Google searches. We also use cookies and data to tailor the experience to be age-appropriate, if relevant.
Select “More options” to see additional information, including details about managing your privacy settings. You can also visit g.co/privacytools at any time.
Reject all
Accept all
More options
Privacy Policy
Terms of Service",https://news.google.com/rss/articles/CBMidEFVX3lxTE9md05ndkE2WDJUY1VJcWdvTk92MnpfTkxnNUhEQV9PTkxTdUk4cmNCUUVwYmdYYi1EU3RBcm5RbEVmT2RSTHNaaXpZR1lzeFk3TlhjN0VvdENJZXJLbXpnUGtlcUk5R2xLMnBGbmROYlUtWTIz?oc=5
2024-07-25,NVDA,Nvidia,"Down 20% From All-Time Highs, is Nvidia Stock a Buy? - Nasdaq","EN
Sign in
Before you continue to Google
We use cookies and data to
Deliver and maintain Google services
Track outages and protect against spam, fraud, and abuse
Measure audience engagement and site statistics to understand how our services are used and enhance the quality of those services
If you choose to “Accept all,” we will also use cookies and data to
Develop and improve new services
Deliver and measure the effectiveness of ads
Show personalized content, depending on your settings
Show personalized ads, depending on your settings
If you choose to “Reject all,” we will not use cookies for these additional purposes.
Non-personalized content is influenced by things like the content you’re currently viewing, activity in your active Search session, and your location. Non-personalized ads are influenced by the content you’re currently viewing and your general location. Personalized content and ads can also include more relevant results, recommendations, and tailored ads based on past activity from this browser, like previous Google searches. We also use cookies and data to tailor the experience to be age-appropriate, if relevant.
Select “More options” to see additional information, including details about managing your privacy settings. You can also visit g.co/privacytools at any time.
Reject all
Accept all
More options
Privacy Policy
Terms of Service",https://news.google.com/rss/articles/CBMie0FVX3lxTE42QThGeW5KVG4zUDFOWEN5aEEtcGJTLXR1NHJpOTk1Tkh6QWpJNVBlYlM3Q004VEt5MDh6VTZpTUYxUzlRTzhoUzNLUGp5bUJrek42WTRRVXV5QnE1cTFNVWFudXY2VV9Mem0yck1JOUw5Ymw2SGFHUU5WOA?oc=5
2024-07-09,NVDA,Nvidia,Nvidia Stock Climbs as Bullish Calls Grow on Blackwell Demand - Investopedia,"EN
Sign in
Before you continue to Google
We use cookies and data to
Deliver and maintain Google services
Track outages and protect against spam, fraud, and abuse
Measure audience engagement and site statistics to understand how our services are used and enhance the quality of those services
If you choose to “Accept all,” we will also use cookies and data to
Develop and improve new services
Deliver and measure the effectiveness of ads
Show personalized content, depending on your settings
Show personalized ads, depending on your settings
If you choose to “Reject all,” we will not use cookies for these additional purposes.
Non-personalized content is influenced by things like the content you’re currently viewing, activity in your active Search session, and your location. Non-personalized ads are influenced by the content you’re currently viewing and your general location. Personalized content and ads can also include more relevant results, recommendations, and tailored ads based on past activity from this browser, like previous Google searches. We also use cookies and data to tailor the experience to be age-appropriate, if relevant.
Select “More options” to see additional information, including details about managing your privacy settings. You can also visit g.co/privacytools at any time.
Reject all
Accept all
More options
Privacy Policy
Terms of Service",https://news.google.com/rss/articles/CBMinwFBVV95cUxQRm5XZWU5ZGQ5YVZmNGxxR3V5X29yb3owLVJyTUVvMUh2SGtKcnhqbkc5YVEtS01Jb204aVB4MDgxRWFxUTZhRmhjTWM5dEh4dHV3UXFsQ2xORnVZNXFrVUtRSW93eUpqS3huaWRnS0JaR09Za2piclZOTWhDODAxVjdqQ2E0MVN3S0JKdmRPbzB3dEVQQVJra1REM09pR1U?oc=5
2024-07-19,NVDA,Nvidia,Nvidia Stock (NASDAQ:NVDA): Analysts Are Divided. Is It Overvalued? - Yahoo Finance,"EN
Sign in
Before you continue to Google
We use cookies and data to
Deliver and maintain Google services
Track outages and protect against spam, fraud, and abuse
Measure audience engagement and site statistics to understand how our services are used and enhance the quality of those services
If you choose to “Accept all,” we will also use cookies and data to
Develop and improve new services
Deliver and measure the effectiveness of ads
Show personalized content, depending on your settings
Show personalized ads, depending on your settings
If you choose to “Reject all,” we will not use cookies for these additional purposes.
Non-personalized content is influenced by things like the content you’re currently viewing, activity in your active Search session, and your location. Non-personalized ads are influenced by the content you’re currently viewing and your general location. Personalized content and ads can also include more relevant results, recommendations, and tailored ads based on past activity from this browser, like previous Google searches. We also use cookies and data to tailor the experience to be age-appropriate, if relevant.
Select “More options” to see additional information, including details about managing your privacy settings. You can also visit g.co/privacytools at any time.
Reject all
Accept all
More options
Privacy Policy
Terms of Service",https://news.google.com/rss/articles/CBMihgFBVV95cUxNaW50d3NsTDlNRXZoMlhnRTBVTzhRSk55SDFvbjdZUmh2NVV1eXplc0VmQWJTdXZ0UmgycmYzVFAxSjctdkN0dlBzeFQtd29NYjZLV0t4bkVieWdjWTA5cS1zTENCQl84U2dqQW5kZjhSWVJBTHp2RkJQTjFkQlYxN2NQb2I0Zw?oc=5
2024-07-10,NVDA,Nvidia,Nvidia Stock Rises. It's Near a New Record High. - Barron's,"EN
Sign in
Before you continue to Google
We use cookies and data to
Deliver and maintain Google services
Track outages and protect against spam, fraud, and abuse
Measure audience engagement and site statistics to understand how our services are used and enhance the quality of those services
If you choose to “Accept all,” we will also use cookies and data to
Develop and improve new services
Deliver and measure the effectiveness of ads
Show personalized content, depending on your settings
Show personalized ads, depending on your settings
If you choose to “Reject all,” we will not use cookies for these additional purposes.
Non-personalized content is influenced by things like the content you’re currently viewing, activity in your active Search session, and your location. Non-personalized ads are influenced by the content you’re currently viewing and your general location. Personalized content and ads can also include more relevant results, recommendations, and tailored ads based on past activity from this browser, like previous Google searches. We also use cookies and data to tailor the experience to be age-appropriate, if relevant.
Select “More options” to see additional information, including details about managing your privacy settings. You can also visit g.co/privacytools at any time.
Reject all
Accept all
More options
Privacy Policy
Terms of Service",https://news.google.com/rss/articles/CBMifkFVX3lxTFB4bWFrZXk2X2c0UjlNbEJ2ZWtCUFdYaGxlUzRScTRJaXdoNnBMcFNCZEJJWVQ5bWRaVmQ1UXhndV9nbjZKWjIxRlA4TWNuYlFFYlZBWlRDa3BOUFRKdlVtYnBzdmZ6cGp5NS1uR2ZZQW9xRFQwRHp0N1JlaTlJZw?oc=5
2024-07-10,NVDA,Nvidia,Can Nvidia Sustain Its AI-Fueled Surge as Stock Price Nears Record High? - Investopedia,"EN
Sign in
Before you continue to Google
We use cookies and data to
Deliver and maintain Google services
Track outages and protect against spam, fraud, and abuse
Measure audience engagement and site statistics to understand how our services are used and enhance the quality of those services
If you choose to “Accept all,” we will also use cookies and data to
Develop and improve new services
Deliver and measure the effectiveness of ads
Show personalized content, depending on your settings
Show personalized ads, depending on your settings
If you choose to “Reject all,” we will not use cookies for these additional purposes.
Non-personalized content is influenced by things like the content you’re currently viewing, activity in your active Search session, and your location. Non-personalized ads are influenced by the content you’re currently viewing and your general location. Personalized content and ads can also include more relevant results, recommendations, and tailored ads based on past activity from this browser, like previous Google searches. We also use cookies and data to tailor the experience to be age-appropriate, if relevant.
Select “More options” to see additional information, including details about managing your privacy settings. You can also visit g.co/privacytools at any time.
Reject all
Accept all
More options
Privacy Policy
Terms of Service",https://news.google.com/rss/articles/CBMiggFBVV95cUxPZDJDbWF2VURCdVNtYmNrcld6X3hGWWJLTTRVWjZoMDdLV1V6ZjNkWEdVUVJyYTB0S0I3T2pTdGtWLWpSbGt2enUtZlZ5WXdPY2dHejM4Q0dOUW9GVVYweUlfUUlxb1l2NUZwVFFIb3Bxakt5VmtkOHFULUxCSFliWUtn?oc=5
2024-07-23,NVDA,Nvidia,"If You Invested $1000 In NVIDIA Stock 20 Years Ago, How Much Would You Have Now? - Yahoo Finance","EN
Sign in
Before you continue to Google
We use cookies and data to
Deliver and maintain Google services
Track outages and protect against spam, fraud, and abuse
Measure audience engagement and site statistics to understand how our services are used and enhance the quality of those services
If you choose to “Accept all,” we will also use cookies and data to
Develop and improve new services
Deliver and measure the effectiveness of ads
Show personalized content, depending on your settings
Show personalized ads, depending on your settings
If you choose to “Reject all,” we will not use cookies for these additional purposes.
Non-personalized content is influenced by things like the content you’re currently viewing, activity in your active Search session, and your location. Non-personalized ads are influenced by the content you’re currently viewing and your general location. Personalized content and ads can also include more relevant results, recommendations, and tailored ads based on past activity from this browser, like previous Google searches. We also use cookies and data to tailor the experience to be age-appropriate, if relevant.
Select “More options” to see additional information, including details about managing your privacy settings. You can also visit g.co/privacytools at any time.
Reject all
Accept all
More options
Privacy Policy
Terms of Service",https://news.google.com/rss/articles/CBMigAFBVV95cUxOaGhNVVIzbWZWOWNjSUFVR3dqZHpKWDVORDUxTzBDRnhlbm1Ec2pOR3BlQ1JtXzlvdDdYMERDU29OTFR3ODZ5Q2FQbG1PdDRDSVVFSHo4TUVPNlRvdGtVemJ4Y245STZ3UlZSY3VKeTd4azhZblNXY19vNUx3OF80eQ?oc=5
2024-07-08,NVDA,Nvidia,Nvidia Stock Gains as Analysts Lift Targets on Strong Demand for AI Platform - Investopedia,"EN
Sign in
Before you continue to Google
We use cookies and data to
Deliver and maintain Google services
Track outages and protect against spam, fraud, and abuse
Measure audience engagement and site statistics to understand how our services are used and enhance the quality of those services
If you choose to “Accept all,” we will also use cookies and data to
Develop and improve new services
Deliver and measure the effectiveness of ads
Show personalized content, depending on your settings
Show personalized ads, depending on your settings
If you choose to “Reject all,” we will not use cookies for these additional purposes.
Non-personalized content is influenced by things like the content you’re currently viewing, activity in your active Search session, and your location. Non-personalized ads are influenced by the content you’re currently viewing and your general location. Personalized content and ads can also include more relevant results, recommendations, and tailored ads based on past activity from this browser, like previous Google searches. We also use cookies and data to tailor the experience to be age-appropriate, if relevant.
Select “More options” to see additional information, including details about managing your privacy settings. You can also visit g.co/privacytools at any time.
Reject all
Accept all
More options
Privacy Policy
Terms of Service",https://news.google.com/rss/articles/CBMiswFBVV95cUxPYlo1T2JIVVNoUGpfR0hGVFp0aW9wVmxIM3NOM1o4Nll3c2QxeXc2NDgtSHg0SXZTeS1iVXpBU1lkRFJSNjdzNUVnZEhYcjdnZWZjZzk0Zzh6NTdQMVdzY0hXSFF6Ym81R3N6LTlRNHBaTmM0Q3hBcXRKdkcxblRwSzc3N2I1b0NhZWs0Wmw1LXBxdS1yQU5YRnIwclZYSEJmaDZIVGJ3dWlwUFhDNUpIamlCYw?oc=5
2024-07-25,NVDA,Nvidia,Investors Rescue Nvidia Stock From Another Rout - Investopedia,"EN
Sign in
Before you continue to Google
We use cookies and data to
Deliver and maintain Google services
Track outages and protect against spam, fraud, and abuse
Measure audience engagement and site statistics to understand how our services are used and enhance the quality of those services
If you choose to “Accept all,” we will also use cookies and data to
Develop and improve new services
Deliver and measure the effectiveness of ads
Show personalized content, depending on your settings
Show personalized ads, depending on your settings
If you choose to “Reject all,” we will not use cookies for these additional purposes.
Non-personalized content is influenced by things like the content you’re currently viewing, activity in your active Search session, and your location. Non-personalized ads are influenced by the content you’re currently viewing and your general location. Personalized content and ads can also include more relevant results, recommendations, and tailored ads based on past activity from this browser, like previous Google searches. We also use cookies and data to tailor the experience to be age-appropriate, if relevant.
Select “More options” to see additional information, including details about managing your privacy settings. You can also visit g.co/privacytools at any time.
Reject all
Accept all
More options
Privacy Policy
Terms of Service",https://news.google.com/rss/articles/CBMifEFVX3lxTE5paEExaHBpSXdrcHZ4Y1c5TlBhRDBDMUctNUtadWJyVzJpdFhqYlVfeTZjT0tUN3N3QjV1QzlSWFVEcUd0OVd5dVpCTXNUelZxTFJNZjNZUFBSRUwwSmZjYWRiYnNmcEVjOVVYbFllVzBlUTM0NW9ZLW96T2M?oc=5
2024-08-28,NVDA,Nvidia,NVIDIA Announces Financial Results for Second Quarter Fiscal 2025 - NVIDIA Newsroom,"EN
Sign in
Before you continue to Google
We use cookies and data to
Deliver and maintain Google services
Track outages and protect against spam, fraud, and abuse
Measure audience engagement and site statistics to understand how our services are used and enhance the quality of those services
If you choose to “Accept all,” we will also use cookies and data to
Develop and improve new services
Deliver and measure the effectiveness of ads
Show personalized content, depending on your settings
Show personalized ads, depending on your settings
If you choose to “Reject all,” we will not use cookies for these additional purposes.
Non-personalized content is influenced by things like the content you’re currently viewing, activity in your active Search session, and your location. Non-personalized ads are influenced by the content you’re currently viewing and your general location. Personalized content and ads can also include more relevant results, recommendations, and tailored ads based on past activity from this browser, like previous Google searches. We also use cookies and data to tailor the experience to be age-appropriate, if relevant.
Select “More options” to see additional information, including details about managing your privacy settings. You can also visit g.co/privacytools at any time.
Reject all
Accept all
More options
Privacy Policy
Terms of Service",https://news.google.com/rss/articles/CBMiogFBVV95cUxPX3JXMExqclZfcUlCNmxSbWNTdE5kZnBDdTZKOXhId0JsWERnVWFLVkVGcUtncGktcGZhN0tORU92cTdpejZWYTNKZVRCeF9PTkowMWZSdEZxdnJ0enROLXo3OHhvX3VNbWNQblBVVl85T3RHdER2S0paU2I5VDRoSExpa3FEbmFWNHV0NjRsZXh4ZlpuMEY0ajBJa2xnUVVFcUE?oc=5
2024-08-21,NVDA,Nvidia,"Going into Earnings, is Nvidia Stock a Buy, a Sell, or Fairly Valued? - Morningstar","EN
Sign in
Before you continue to Google
We use cookies and data to
Deliver and maintain Google services
Track outages and protect against spam, fraud, and abuse
Measure audience engagement and site statistics to understand how our services are used and enhance the quality of those services
If you choose to “Accept all,” we will also use cookies and data to
Develop and improve new services
Deliver and measure the effectiveness of ads
Show personalized content, depending on your settings
Show personalized ads, depending on your settings
If you choose to “Reject all,” we will not use cookies for these additional purposes.
Non-personalized content is influenced by things like the content you’re currently viewing, activity in your active Search session, and your location. Non-personalized ads are influenced by the content you’re currently viewing and your general location. Personalized content and ads can also include more relevant results, recommendations, and tailored ads based on past activity from this browser, like previous Google searches. We also use cookies and data to tailor the experience to be age-appropriate, if relevant.
Select “More options” to see additional information, including details about managing your privacy settings. You can also visit g.co/privacytools at any time.
Reject all
Accept all
More options
Privacy Policy
Terms of Service",https://news.google.com/rss/articles/CBMitgFBVV95cUxOVlNGQktnSzNRWGpVM2U0TkxNelhxUEFUNndDTWd4cDNmNUtlTWh3ZlBBeFdJSWV5OW5MeHlCaXJ2N1EtckJTblpOOTZEdXRDTy1zTUtoay1NYmF1QjM4Z0NDUWEzT0JtZTMwQ3dYZmxtWFBPX2dEOU5nVWRzMDdzNkhzYTZLUFBmZVBFUEMtdkdjbFRzem1UZ2NER3pJeVpFcWl2dFpDcXJnVlk4b29xbTBsZThOQQ?oc=5
2024-08-22,NVDA,Nvidia,Nvidia stock slips ahead of earnings release as Wall Street reiterates bullish outlook - Yahoo Finance,"EN
Sign in
Before you continue to Google
We use cookies and data to
Deliver and maintain Google services
Track outages and protect against spam, fraud, and abuse
Measure audience engagement and site statistics to understand how our services are used and enhance the quality of those services
If you choose to “Accept all,” we will also use cookies and data to
Develop and improve new services
Deliver and measure the effectiveness of ads
Show personalized content, depending on your settings
Show personalized ads, depending on your settings
If you choose to “Reject all,” we will not use cookies for these additional purposes.
Non-personalized content is influenced by things like the content you’re currently viewing, activity in your active Search session, and your location. Non-personalized ads are influenced by the content you’re currently viewing and your general location. Personalized content and ads can also include more relevant results, recommendations, and tailored ads based on past activity from this browser, like previous Google searches. We also use cookies and data to tailor the experience to be age-appropriate, if relevant.
Select “More options” to see additional information, including details about managing your privacy settings. You can also visit g.co/privacytools at any time.
Reject all
Accept all
More options
Privacy Policy
Terms of Service",https://news.google.com/rss/articles/CBMizAFBVV95cUxONDdOWXQ0VVZxZlY3enM4cTVWQmVRMTZSbkxZZDJNVVk4dHBLOEJ3c1lpX3l2OEJpWWZiRG9TSG9qRlF4cTZUV0pBYTZNV052c2FBZTZLaEFKeEZuRGF3TzRxODJsLUhoejM4WGRjX3Nwa3poR2VfVGlqSWNPVkhfM2VlU0psc0VnRWpvNmFzRFdSbXViR1BwQmJxV3prS291SnZWVS0xcVhhSkhLSFNtbGZyMEJoSk9NNS1WT045Y0oyeFBLMEdhbWxLYS0?oc=5
2024-08-28,NVDA,Nvidia,Watch These Nvidia Stock Price Levels Amid Post-Earnings Slide - Investopedia,"EN
Sign in
Before you continue to Google
We use cookies and data to
Deliver and maintain Google services
Track outages and protect against spam, fraud, and abuse
Measure audience engagement and site statistics to understand how our services are used and enhance the quality of those services
If you choose to “Accept all,” we will also use cookies and data to
Develop and improve new services
Deliver and measure the effectiveness of ads
Show personalized content, depending on your settings
Show personalized ads, depending on your settings
If you choose to “Reject all,” we will not use cookies for these additional purposes.
Non-personalized content is influenced by things like the content you’re currently viewing, activity in your active Search session, and your location. Non-personalized ads are influenced by the content you’re currently viewing and your general location. Personalized content and ads can also include more relevant results, recommendations, and tailored ads based on past activity from this browser, like previous Google searches. We also use cookies and data to tailor the experience to be age-appropriate, if relevant.
Select “More options” to see additional information, including details about managing your privacy settings. You can also visit g.co/privacytools at any time.
Reject all
Accept all
More options
Privacy Policy
Terms of Service",https://news.google.com/rss/articles/CBMioAFBVV95cUxQbkVHWkZ2dXhoSTJXdUh6X3paYmZWLUJLTE5XZnRMZXd0Z2VoNWtJTjNYTnRMSFNHRlpJaE4xSXRNcy1aazNXSmNtT0taV19aYnpjX25xd29XU2lWZFZPNWlPa1BmZXQ0cGw1ZTRadGprRWxTOTRFdFBBR1kzMkJvbEdyVmpBc2R1TW5ZcUNyV1J1eDFfNVpzV3p6RGs4amdR?oc=5
2024-08-06,NVDA,Nvidia,Nvidia Stock Gains. It’s About More Than the Global Rebound. - Barron's,"EN
Sign in
Before you continue to Google
We use cookies and data to
Deliver and maintain Google services
Track outages and protect against spam, fraud, and abuse
Measure audience engagement and site statistics to understand how our services are used and enhance the quality of those services
If you choose to “Accept all,” we will also use cookies and data to
Develop and improve new services
Deliver and measure the effectiveness of ads
Show personalized content, depending on your settings
Show personalized ads, depending on your settings
If you choose to “Reject all,” we will not use cookies for these additional purposes.
Non-personalized content is influenced by things like the content you’re currently viewing, activity in your active Search session, and your location. Non-personalized ads are influenced by the content you’re currently viewing and your general location. Personalized content and ads can also include more relevant results, recommendations, and tailored ads based on past activity from this browser, like previous Google searches. We also use cookies and data to tailor the experience to be age-appropriate, if relevant.
Select “More options” to see additional information, including details about managing your privacy settings. You can also visit g.co/privacytools at any time.
Reject all
Accept all
More options
Privacy Policy
Terms of Service",https://news.google.com/rss/articles/CBMieEFVX3lxTE9Va2xQRVJtMnBwMzdoeTBON1NXbU10LVRBRlctTkhhRDlaTk1IMWJtUmZ5TldJTnFvRjRfekVkbTltMUx2RXFaSk5sUElhdXdvYlQzRTZvcEw1d0NLQ0ZTanZTZl9tNkJkeGpNczhpY2V0MnhoUzRybg?oc=5
2024-08-19,NVDA,Nvidia,Nvidia’s stock is up 30% from August lows — and earnings could further its momentum - MarketWatch,"EN
Sign in
Before you continue to Google
We use cookies and data to
Deliver and maintain Google services
Track outages and protect against spam, fraud, and abuse
Measure audience engagement and site statistics to understand how our services are used and enhance the quality of those services
If you choose to “Accept all,” we will also use cookies and data to
Develop and improve new services
Deliver and measure the effectiveness of ads
Show personalized content, depending on your settings
Show personalized ads, depending on your settings
If you choose to “Reject all,” we will not use cookies for these additional purposes.
Non-personalized content is influenced by things like the content you’re currently viewing, activity in your active Search session, and your location. Non-personalized ads are influenced by the content you’re currently viewing and your general location. Personalized content and ads can also include more relevant results, recommendations, and tailored ads based on past activity from this browser, like previous Google searches. We also use cookies and data to tailor the experience to be age-appropriate, if relevant.
Select “More options” to see additional information, including details about managing your privacy settings. You can also visit g.co/privacytools at any time.
Reject all
Accept all
More options
Privacy Policy
Terms of Service",https://news.google.com/rss/articles/CBMivwFBVV95cUxOZHFwR3BRTno3VG9nbEU5bzE3aUJpemttcjBvTHZXNktlZ3VQQlJVc2ljZHNFSjdPZjJOeVRac0UwalJlY1ZmczUtcVBRbklZTWlHeXRHMEFfZjN0VktBa0oyM2tRaHh3dXBONW5jMmZrcm1ieDhvWnRmQnBfRl94TnZMZFFWOHlBMFFQSDlXNHNGT0J1R0J4QTN4VXQxRHA4Qjc0d0FMUlVTeVBWWTNkV2NfX0VwVEJoMGMxZE1qRQ?oc=5
2024-08-28,NVDA,Nvidia,Nvidia Stock: 'Smaller Beat' A Warning Sign? (Live Coverage) - Investor's Business Daily,"EN
Sign in
Before you continue to Google
We use cookies and data to
Deliver and maintain Google services
Track outages and protect against spam, fraud, and abuse
Measure audience engagement and site statistics to understand how our services are used and enhance the quality of those services
If you choose to “Accept all,” we will also use cookies and data to
Develop and improve new services
Deliver and measure the effectiveness of ads
Show personalized content, depending on your settings
Show personalized ads, depending on your settings
If you choose to “Reject all,” we will not use cookies for these additional purposes.
Non-personalized content is influenced by things like the content you’re currently viewing, activity in your active Search session, and your location. Non-personalized ads are influenced by the content you’re currently viewing and your general location. Personalized content and ads can also include more relevant results, recommendations, and tailored ads based on past activity from this browser, like previous Google searches. We also use cookies and data to tailor the experience to be age-appropriate, if relevant.
Select “More options” to see additional information, including details about managing your privacy settings. You can also visit g.co/privacytools at any time.
Reject all
Accept all
More options
Privacy Policy
Terms of Service",https://news.google.com/rss/articles/CBMilAFBVV95cUxOLVZQT3VPbGU4ZWJBeUN0aHNBZmJJWm5wdTJPRVV6MThHSm1tNmxsQThPVXdHWGRCcDd5dHhjcVBLZGZZUTJqWWFaaGlGRTIzNXJhQkVzNUU3TDgwbjZsdlRaMk1jU1B6ZzNkd21oOWJTWnFvQUpPWkhoOTVKMnF4a2hELXNMMWQ1eVFnTmsyZC1BSnBv?oc=5
2024-08-28,NVDA,Nvidia,Nvidia beat earnings expectations again. Investors aren’t impressed - CNN,"EN
Sign in
Before you continue to Google
We use cookies and data to
Deliver and maintain Google services
Track outages and protect against spam, fraud, and abuse
Measure audience engagement and site statistics to understand how our services are used and enhance the quality of those services
If you choose to “Accept all,” we will also use cookies and data to
Develop and improve new services
Deliver and measure the effectiveness of ads
Show personalized content, depending on your settings
Show personalized ads, depending on your settings
If you choose to “Reject all,” we will not use cookies for these additional purposes.
Non-personalized content is influenced by things like the content you’re currently viewing, activity in your active Search session, and your location. Non-personalized ads are influenced by the content you’re currently viewing and your general location. Personalized content and ads can also include more relevant results, recommendations, and tailored ads based on past activity from this browser, like previous Google searches. We also use cookies and data to tailor the experience to be age-appropriate, if relevant.
Select “More options” to see additional information, including details about managing your privacy settings. You can also visit g.co/privacytools at any time.
Reject all
Accept all
More options
Privacy Policy
Terms of Service",https://news.google.com/rss/articles/CBMif0FVX3lxTE52djNXQUp0YzZhdlQxTWlEc05Ca3gxeExoWWgtU2J3REtxdTVsc2dpTVl1azRaeHZVZjBaNGNCQkh6Q0lHVF9Bbmd3bUxLRU9sMEZCaXM3RjFCSUpCSmVwTjhGUXMxc1dMajFycnV3NXRra01HeGJmdEs5VTQ0VWvSAXZBVV95cUxNM25iYTNxa3lOdFRiQmR5MWxqVTBiTWJHeVV0LTVuNXlRUUdDS0J5dVQ0T3E1WlVqY0E3ZWVfaHRjdlR5Wk5ldkFOcTFOQ2VIWE16MmhWM09raV81REZCMlFQdjBRdHpMVGRwdVAtWUh2ZTBGUDVB?oc=5
2024-08-13,NVDA,Nvidia,"Nvidia stock is about to make a big comeback, analysts say - qz.com","EN
Sign in
Before you continue to Google
We use cookies and data to
Deliver and maintain Google services
Track outages and protect against spam, fraud, and abuse
Measure audience engagement and site statistics to understand how our services are used and enhance the quality of those services
If you choose to “Accept all,” we will also use cookies and data to
Develop and improve new services
Deliver and measure the effectiveness of ads
Show personalized content, depending on your settings
Show personalized ads, depending on your settings
If you choose to “Reject all,” we will not use cookies for these additional purposes.
Non-personalized content is influenced by things like the content you’re currently viewing, activity in your active Search session, and your location. Non-personalized ads are influenced by the content you’re currently viewing and your general location. Personalized content and ads can also include more relevant results, recommendations, and tailored ads based on past activity from this browser, like previous Google searches. We also use cookies and data to tailor the experience to be age-appropriate, if relevant.
Select “More options” to see additional information, including details about managing your privacy settings. You can also visit g.co/privacytools at any time.
Reject all
Accept all
More options
Privacy Policy
Terms of Service",https://news.google.com/rss/articles/CBMie0FVX3lxTFBOekloa3ZLTEprZ1FTM05aOXduVENxMUNxTndScTV4NVhBRFB4c2Jsa1lpcURab0F2NFBaVDZNNzdSMFRyaFlvUENNQS1CVjJDbHJzZWY5dkw0MWRlZVRheklJVzduMXlQbVRfendCVEtGeDZsRGhvTVhLcw?oc=5
2024-08-23,NVDA,Nvidia,What if Nvidia Misses Earnings? - Morningstar,"EN
Sign in
Before you continue to Google
We use cookies and data to
Deliver and maintain Google services
Track outages and protect against spam, fraud, and abuse
Measure audience engagement and site statistics to understand how our services are used and enhance the quality of those services
If you choose to “Accept all,” we will also use cookies and data to
Develop and improve new services
Deliver and measure the effectiveness of ads
Show personalized content, depending on your settings
Show personalized ads, depending on your settings
If you choose to “Reject all,” we will not use cookies for these additional purposes.
Non-personalized content is influenced by things like the content you’re currently viewing, activity in your active Search session, and your location. Non-personalized ads are influenced by the content you’re currently viewing and your general location. Personalized content and ads can also include more relevant results, recommendations, and tailored ads based on past activity from this browser, like previous Google searches. We also use cookies and data to tailor the experience to be age-appropriate, if relevant.
Select “More options” to see additional information, including details about managing your privacy settings. You can also visit g.co/privacytools at any time.
Reject all
Accept all
More options
Privacy Policy
Terms of Service",https://news.google.com/rss/articles/CBMihwFBVV95cUxQbU5feHktX3FxVU5XemxUMVR1Yl81RllLamctLU5LelJXVEttVERmcFJLcEduc2s1bFR3dUVCbDEwZkNEeVZnTnk4OWs2OVRJR3ItaXpNdndKZnNNVmxldkNoQWRESTFNNGlzVDVMNzFaZEE1V1FiU01OVzZYd2ZxYzBxM0hxanc?oc=5
2024-08-13,NVDA,Nvidia,Why Nvidia Stock Rallied on Tuesday - Yahoo Finance,"EN
Sign in
Before you continue to Google
We use cookies and data to
Deliver and maintain Google services
Track outages and protect against spam, fraud, and abuse
Measure audience engagement and site statistics to understand how our services are used and enhance the quality of those services
If you choose to “Accept all,” we will also use cookies and data to
Develop and improve new services
Deliver and measure the effectiveness of ads
Show personalized content, depending on your settings
Show personalized ads, depending on your settings
If you choose to “Reject all,” we will not use cookies for these additional purposes.
Non-personalized content is influenced by things like the content you’re currently viewing, activity in your active Search session, and your location. Non-personalized ads are influenced by the content you’re currently viewing and your general location. Personalized content and ads can also include more relevant results, recommendations, and tailored ads based on past activity from this browser, like previous Google searches. We also use cookies and data to tailor the experience to be age-appropriate, if relevant.
Select “More options” to see additional information, including details about managing your privacy settings. You can also visit g.co/privacytools at any time.
Reject all
Accept all
More options
Privacy Policy
Terms of Service",https://news.google.com/rss/articles/CBMihAFBVV95cUxPbTdCSEJzb2lnNmtmaHZGRXhWaXNmU3ZYYzNFUU5aWEt6dXlrUF9XS01nQmQ4OGZlVlotSm9oZC0yTTJoWllpMHY2dkJUblpLSklOd2p1Smcya1BGMlF3enNIOVNIUjlhdWVjejNZaXdtakQ1R2ZXUVBMR3psbGFXRTRKV2U?oc=5
2024-08-16,NVDA,Nvidia,Watch These Nvidia Stock Price Levels Amid Big Recovery From Recent Lows - Investopedia,"EN
Sign in
Before you continue to Google
We use cookies and data to
Deliver and maintain Google services
Track outages and protect against spam, fraud, and abuse
Measure audience engagement and site statistics to understand how our services are used and enhance the quality of those services
If you choose to “Accept all,” we will also use cookies and data to
Develop and improve new services
Deliver and measure the effectiveness of ads
Show personalized content, depending on your settings
Show personalized ads, depending on your settings
If you choose to “Reject all,” we will not use cookies for these additional purposes.
Non-personalized content is influenced by things like the content you’re currently viewing, activity in your active Search session, and your location. Non-personalized ads are influenced by the content you’re currently viewing and your general location. Personalized content and ads can also include more relevant results, recommendations, and tailored ads based on past activity from this browser, like previous Google searches. We also use cookies and data to tailor the experience to be age-appropriate, if relevant.
Select “More options” to see additional information, including details about managing your privacy settings. You can also visit g.co/privacytools at any time.
Reject all
Accept all
More options
Privacy Policy
Terms of Service",https://news.google.com/rss/articles/CBMipAFBVV95cUxQYXl6RGVpb3pxelRxTTc3aWNRSWY0UXJxWXRXZ0FZdm9XZFpUalp1QkdJYVhHUjlxb01Hb3pydlp0ZExtWVYtUm1GQU56NFF3LXFPc0RPQlNEbjhyZXJxa2M0R3diUXhUUjJxdTlaeFB4d2tlOHFac3czck1iSTd0enVOYVM1YW9PVVo2VzNGYWFqdDRKTWxOck1SRUxCZDlIZG1KNg?oc=5
2024-08-12,NVDA,Nvidia,"Nvidia Stock Rallies, Edges Closer To Reclaiming Key Support - Investor's Business Daily","EN
Sign in
Before you continue to Google
We use cookies and data to
Deliver and maintain Google services
Track outages and protect against spam, fraud, and abuse
Measure audience engagement and site statistics to understand how our services are used and enhance the quality of those services
If you choose to “Accept all,” we will also use cookies and data to
Develop and improve new services
Deliver and measure the effectiveness of ads
Show personalized content, depending on your settings
Show personalized ads, depending on your settings
If you choose to “Reject all,” we will not use cookies for these additional purposes.
Non-personalized content is influenced by things like the content you’re currently viewing, activity in your active Search session, and your location. Non-personalized ads are influenced by the content you’re currently viewing and your general location. Personalized content and ads can also include more relevant results, recommendations, and tailored ads based on past activity from this browser, like previous Google searches. We also use cookies and data to tailor the experience to be age-appropriate, if relevant.
Select “More options” to see additional information, including details about managing your privacy settings. You can also visit g.co/privacytools at any time.
Reject all
Accept all
More options
Privacy Policy
Terms of Service",https://news.google.com/rss/articles/CBMigAFBVV95cUxQQms5S095Y2Z5UExUTHA4RExadnFGRUEwQUxCbU1qcWxYOElSYUdHYUFQbktnWlc3SEdUZ2FzX3BoU1NUNlllX0lHa0Q3LVZaYzZGaG5kVjBFSkgxX2JDdE9lMS1qX0lZZ2NnV3lFcVRGYUtBX29WM2ozV01aV3lTcw?oc=5
2024-08-09,NVDA,Nvidia,Nvidia stock registers weekly loss as Wall Street sees 'urgent demand' keeping the chip trade intact - Yahoo Finance,"EN
Sign in
Before you continue to Google
We use cookies and data to
Deliver and maintain Google services
Track outages and protect against spam, fraud, and abuse
Measure audience engagement and site statistics to understand how our services are used and enhance the quality of those services
If you choose to “Accept all,” we will also use cookies and data to
Develop and improve new services
Deliver and measure the effectiveness of ads
Show personalized content, depending on your settings
Show personalized ads, depending on your settings
If you choose to “Reject all,” we will not use cookies for these additional purposes.
Non-personalized content is influenced by things like the content you’re currently viewing, activity in your active Search session, and your location. Non-personalized ads are influenced by the content you’re currently viewing and your general location. Personalized content and ads can also include more relevant results, recommendations, and tailored ads based on past activity from this browser, like previous Google searches. We also use cookies and data to tailor the experience to be age-appropriate, if relevant.
Select “More options” to see additional information, including details about managing your privacy settings. You can also visit g.co/privacytools at any time.
Reject all
Accept all
More options
Privacy Policy
Terms of Service",https://news.google.com/rss/articles/CBMi3AFBVV95cUxOeVNoX3NFM0Ewek9LUkJnTFRHbmZ3ZmY5dHRpZGlDeXIzeU82aXo0UkNYTjBxZDFKd1h1eVdZNkJsNHRRY0N0WHczeDlPSWh0MkhjUUVyZzhlN2RpdlhuZE5SMVRYa3p5a0gtclY2Vk91SllKczJlM3l4b1pmeHpFZGlTcjUwQW1xYnRDemg3U3NWb0F4ZHZaVU0wSm9SanlIellFalVvclNROFRydmZBR0tFQ3hGb1ZXQUhjRTkwdUJ4TG9JeTdlRVhRVWlKZjVMSlJDVkFNcnhGNDhK?oc=5
2024-08-19,NVDA,Nvidia,Here's How Nvidia Stock Extended Its Recovery Rally on Monday - Investopedia,"EN
Sign in
Before you continue to Google
We use cookies and data to
Deliver and maintain Google services
Track outages and protect against spam, fraud, and abuse
Measure audience engagement and site statistics to understand how our services are used and enhance the quality of those services
If you choose to “Accept all,” we will also use cookies and data to
Develop and improve new services
Deliver and measure the effectiveness of ads
Show personalized content, depending on your settings
Show personalized ads, depending on your settings
If you choose to “Reject all,” we will not use cookies for these additional purposes.
Non-personalized content is influenced by things like the content you’re currently viewing, activity in your active Search session, and your location. Non-personalized ads are influenced by the content you’re currently viewing and your general location. Personalized content and ads can also include more relevant results, recommendations, and tailored ads based on past activity from this browser, like previous Google searches. We also use cookies and data to tailor the experience to be age-appropriate, if relevant.
Select “More options” to see additional information, including details about managing your privacy settings. You can also visit g.co/privacytools at any time.
Reject all
Accept all
More options
Privacy Policy
Terms of Service",https://news.google.com/rss/articles/CBMilAFBVV95cUxQMnpzN05ZQnZ6d3NtXzBkam9BeWRWZ0E4ZkpQS3NNdWpTbU1VX0FLRzI5MHlxWWp3c2UwV0ZLUHc0ZXZ2Y2wtcmhyRkM3dG1iU0hmdWItTUZuTW9VWjFXUUN5SkVmR0diYlNCVU1DNzd6SHdXQXBTSGIzcVkyb0dET19qMmVRemVJQmphMnhoVGxwbk1O?oc=5
2024-08-07,NVDA,Nvidia,"Nvidia stock falls 5%, chip stocks sink as Wall Street calls out 'tremendous opportunity' after sell-off - Yahoo Finance","EN
Sign in
Before you continue to Google
We use cookies and data to
Deliver and maintain Google services
Track outages and protect against spam, fraud, and abuse
Measure audience engagement and site statistics to understand how our services are used and enhance the quality of those services
If you choose to “Accept all,” we will also use cookies and data to
Develop and improve new services
Deliver and measure the effectiveness of ads
Show personalized content, depending on your settings
Show personalized ads, depending on your settings
If you choose to “Reject all,” we will not use cookies for these additional purposes.
Non-personalized content is influenced by things like the content you’re currently viewing, activity in your active Search session, and your location. Non-personalized ads are influenced by the content you’re currently viewing and your general location. Personalized content and ads can also include more relevant results, recommendations, and tailored ads based on past activity from this browser, like previous Google searches. We also use cookies and data to tailor the experience to be age-appropriate, if relevant.
Select “More options” to see additional information, including details about managing your privacy settings. You can also visit g.co/privacytools at any time.
Reject all
Accept all
More options
Privacy Policy
Terms of Service",https://news.google.com/rss/articles/CBMi3wFBVV95cUxQTTk2XzNjZy1GMUdlN0kxYndfVVdZbHdiV3VSWGZRaEtnc0p6ZDlNeVgtSENDcmpmSXNwcjR5R1ZyeGFEMXhkemNDRUhoNFhXdkJjXzJYY2RTQU5zSUF6RU4zZTk2OTJObk5tZ0U5QjJsMUR1dzRoYTFaVmZoY2RhMlp4MGd2YzF2cC1aQmFjXzNHSkEwNHAwRjVBWXVTcERMZ1F5Vzk4MFJCUE9JdjV5bWh2SnhjSHhHZnJyZUo4elgtN2ItLXdzOGh0Y1NsQzNnX1hGNHEzLXBtaEkxWkw4?oc=5
2024-08-06,NVDA,Nvidia,Watch These Nvidia Stock Price Levels as AI Darling Navigates Market Volatility - Investopedia,"EN
Sign in
Before you continue to Google
We use cookies and data to
Deliver and maintain Google services
Track outages and protect against spam, fraud, and abuse
Measure audience engagement and site statistics to understand how our services are used and enhance the quality of those services
If you choose to “Accept all,” we will also use cookies and data to
Develop and improve new services
Deliver and measure the effectiveness of ads
Show personalized content, depending on your settings
Show personalized ads, depending on your settings
If you choose to “Reject all,” we will not use cookies for these additional purposes.
Non-personalized content is influenced by things like the content you’re currently viewing, activity in your active Search session, and your location. Non-personalized ads are influenced by the content you’re currently viewing and your general location. Personalized content and ads can also include more relevant results, recommendations, and tailored ads based on past activity from this browser, like previous Google searches. We also use cookies and data to tailor the experience to be age-appropriate, if relevant.
Select “More options” to see additional information, including details about managing your privacy settings. You can also visit g.co/privacytools at any time.
Reject all
Accept all
More options
Privacy Policy
Terms of Service",https://news.google.com/rss/articles/CBMipAFBVV95cUxNVW0wWFVscGNnSk42T29OVmkwMnNrZHZRaWN2WUxjVEdLUnF5WHduOXFUMU9vQUduTUVlWUlJbENwQjFTQ3Z2d0t5Y0R0RVUxMzcxVU5VOUVpM0NsN3hSZjNvZzM0empPbzF1RHJrYUxMcUdqaXJldTZ2MUVteGFyX3dWWDhRUVJyaEM2TXhmR3h6cDdtNkw5LWhTWlhURHRpMjAtYQ?oc=5
2024-08-22,NVDA,Nvidia,Analyst resets Nvidia stock price target before earnings - Yahoo Finance,"EN
Sign in
Before you continue to Google
We use cookies and data to
Deliver and maintain Google services
Track outages and protect against spam, fraud, and abuse
Measure audience engagement and site statistics to understand how our services are used and enhance the quality of those services
If you choose to “Accept all,” we will also use cookies and data to
Develop and improve new services
Deliver and measure the effectiveness of ads
Show personalized content, depending on your settings
Show personalized ads, depending on your settings
If you choose to “Reject all,” we will not use cookies for these additional purposes.
Non-personalized content is influenced by things like the content you’re currently viewing, activity in your active Search session, and your location. Non-personalized ads are influenced by the content you’re currently viewing and your general location. Personalized content and ads can also include more relevant results, recommendations, and tailored ads based on past activity from this browser, like previous Google searches. We also use cookies and data to tailor the experience to be age-appropriate, if relevant.
Select “More options” to see additional information, including details about managing your privacy settings. You can also visit g.co/privacytools at any time.
Reject all
Accept all
More options
Privacy Policy
Terms of Service",https://news.google.com/rss/articles/CBMihgFBVV95cUxNUTIxNE04WXI1RHhWZW5uaTVoLXkzaVYxNXU0bjRvV2F1MTIzeUtoSVRtX2ZkRU9DVkJVSjZLWjk4RmlFQ2ZKNUhpekxnN1lJa2lQbS1ob1BOMWVqZ2NyX1pMVl9tNkh1Y1Npd2kzWUNZUERsOVZnNlhhb1lZREZCLW1tM1E0UQ?oc=5
2024-08-06,NVDA,Nvidia,Nvidia stock tanks as 'Mag 7' stocks lose more than $650 billion in market cap - Yahoo Finance,"EN
Sign in
Before you continue to Google
We use cookies and data to
Deliver and maintain Google services
Track outages and protect against spam, fraud, and abuse
Measure audience engagement and site statistics to understand how our services are used and enhance the quality of those services
If you choose to “Accept all,” we will also use cookies and data to
Develop and improve new services
Deliver and measure the effectiveness of ads
Show personalized content, depending on your settings
Show personalized ads, depending on your settings
If you choose to “Reject all,” we will not use cookies for these additional purposes.
Non-personalized content is influenced by things like the content you’re currently viewing, activity in your active Search session, and your location. Non-personalized ads are influenced by the content you’re currently viewing and your general location. Personalized content and ads can also include more relevant results, recommendations, and tailored ads based on past activity from this browser, like previous Google searches. We also use cookies and data to tailor the experience to be age-appropriate, if relevant.
Select “More options” to see additional information, including details about managing your privacy settings. You can also visit g.co/privacytools at any time.
Reject all
Accept all
More options
Privacy Policy
Terms of Service",https://news.google.com/rss/articles/CBMivgFBVV95cUxQZ0lnSUtyLXZQR2E3NjhFTGhUcjNpRTNHYmE1dTB1Y0hPRlUxUjdQcHc1bjdVVTlTaHBib0hsaEFwOWxyQ1l4VGNEMi0xLWE1VmpmUVNSSi13Mm1NWGtEMFlnTE92RnJMSzZfWnl2QVhxOVhnX3ZmOXgyWGtEZHdHRzRDdG1NRnZDYk9ELUluSWpnZncxcFVHRS1WTXpuVllOQ21FZjJkT29tWmtlNkxBc3NHbXREZGo0MTB6TkR3?oc=5
2024-08-05,NVDA,Nvidia,Nvidia stock: Why Wall Street pros remain bullish despite slide - Yahoo Finance,"EN
Sign in
Before you continue to Google
We use cookies and data to
Deliver and maintain Google services
Track outages and protect against spam, fraud, and abuse
Measure audience engagement and site statistics to understand how our services are used and enhance the quality of those services
If you choose to “Accept all,” we will also use cookies and data to
Develop and improve new services
Deliver and measure the effectiveness of ads
Show personalized content, depending on your settings
Show personalized ads, depending on your settings
If you choose to “Reject all,” we will not use cookies for these additional purposes.
Non-personalized content is influenced by things like the content you’re currently viewing, activity in your active Search session, and your location. Non-personalized ads are influenced by the content you’re currently viewing and your general location. Personalized content and ads can also include more relevant results, recommendations, and tailored ads based on past activity from this browser, like previous Google searches. We also use cookies and data to tailor the experience to be age-appropriate, if relevant.
Select “More options” to see additional information, including details about managing your privacy settings. You can also visit g.co/privacytools at any time.
Reject all
Accept all
More options
Privacy Policy
Terms of Service",https://news.google.com/rss/articles/CBMirAFBVV95cUxQQUxIMmdCdXVFSVdkazlsSWJRaEs2WEtNVmFiZlN1OTR6RjZzZTVLcTFobHNVYXotYjd6clpTSUh2U0cwMW84b3VabHNZcm43ZDdGeHFPckJnQkE0aEdKLTJ0dzdEYzdZQ09sWWZSNnZxZElxanBUaERHc01QcDZxaHowQ2pJeTRFR1hhN1E3ekh1WWZ6OFRhSkFjeUhPaGpQQ2I3eGFzZVRKek9N?oc=5
2024-09-06,NVDA,Nvidia,Nvidia Stock Is Down 15% Since Earnings. Is It a Buy? - Morningstar,"EN
Sign in
Before you continue to Google
We use cookies and data to
Deliver and maintain Google services
Track outages and protect against spam, fraud, and abuse
Measure audience engagement and site statistics to understand how our services are used and enhance the quality of those services
If you choose to “Accept all,” we will also use cookies and data to
Develop and improve new services
Deliver and measure the effectiveness of ads
Show personalized content, depending on your settings
Show personalized ads, depending on your settings
If you choose to “Reject all,” we will not use cookies for these additional purposes.
Non-personalized content is influenced by things like the content you’re currently viewing, activity in your active Search session, and your location. Non-personalized ads are influenced by the content you’re currently viewing and your general location. Personalized content and ads can also include more relevant results, recommendations, and tailored ads based on past activity from this browser, like previous Google searches. We also use cookies and data to tailor the experience to be age-appropriate, if relevant.
Select “More options” to see additional information, including details about managing your privacy settings. You can also visit g.co/privacytools at any time.
Reject all
Accept all
More options
Privacy Policy
Terms of Service",https://news.google.com/rss/articles/CBMiogFBVV95cUxPREdBUU9PUnlrQWItZGxUTXAwaE4zUWYwd05HN2U2T08yMjliQ1JoenRndmJaNjlrdm1Ed2lqTWxaVGR4Vk5HNWQ0a1F5eVhzdFgwbFVfTnBBR2hPdUE2QzhjVHFjMS1qWHlCSXJYUEJjdWJsOWtscG1zV1k1a29tSVEzaWhoZ0dJOW9Kc2tHQjFhb21CRDNrb2xCNW1JVldzSGc?oc=5
2024-08-28,NVDA,Nvidia,NVIDIA Announces Financial Results for Second Quarter Fiscal 2025 - NVIDIA Newsroom,"EN
Sign in
Before you continue to Google
We use cookies and data to
Deliver and maintain Google services
Track outages and protect against spam, fraud, and abuse
Measure audience engagement and site statistics to understand how our services are used and enhance the quality of those services
If you choose to “Accept all,” we will also use cookies and data to
Develop and improve new services
Deliver and measure the effectiveness of ads
Show personalized content, depending on your settings
Show personalized ads, depending on your settings
If you choose to “Reject all,” we will not use cookies for these additional purposes.
Non-personalized content is influenced by things like the content you’re currently viewing, activity in your active Search session, and your location. Non-personalized ads are influenced by the content you’re currently viewing and your general location. Personalized content and ads can also include more relevant results, recommendations, and tailored ads based on past activity from this browser, like previous Google searches. We also use cookies and data to tailor the experience to be age-appropriate, if relevant.
Select “More options” to see additional information, including details about managing your privacy settings. You can also visit g.co/privacytools at any time.
Reject all
Accept all
More options
Privacy Policy
Terms of Service",https://news.google.com/rss/articles/CBMiogFBVV95cUxPX3JXMExqclZfcUlCNmxSbWNTdE5kZnBDdTZKOXhId0JsWERnVWFLVkVGcUtncGktcGZhN0tORU92cTdpejZWYTNKZVRCeF9PTkowMWZSdEZxdnJ0enROLXo3OHhvX3VNbWNQblBVVl85T3RHdER2S0paU2I5VDRoSExpa3FEbmFWNHV0NjRsZXh4ZlpuMEY0ajBJa2xnUVVFcUE?oc=5
2024-09-04,NVDA,Nvidia,"How Nvidia doubled earnings, lost almost $300 billion in value and shook the stock market - NBC News","EN
Sign in
Before you continue to Google
We use cookies and data to
Deliver and maintain Google services
Track outages and protect against spam, fraud, and abuse
Measure audience engagement and site statistics to understand how our services are used and enhance the quality of those services
If you choose to “Accept all,” we will also use cookies and data to
Develop and improve new services
Deliver and measure the effectiveness of ads
Show personalized content, depending on your settings
Show personalized ads, depending on your settings
If you choose to “Reject all,” we will not use cookies for these additional purposes.
Non-personalized content is influenced by things like the content you’re currently viewing, activity in your active Search session, and your location. Non-personalized ads are influenced by the content you’re currently viewing and your general location. Personalized content and ads can also include more relevant results, recommendations, and tailored ads based on past activity from this browser, like previous Google searches. We also use cookies and data to tailor the experience to be age-appropriate, if relevant.
Select “More options” to see additional information, including details about managing your privacy settings. You can also visit g.co/privacytools at any time.
Reject all
Accept all
More options
Privacy Policy
Terms of Service",https://news.google.com/rss/articles/CBMiqAFBVV95cUxPNTlRZG10Sl9Sd3UzeU96a0dIWndFQVhxemdTdkQ4SGRqU19fR0xoYkVOMEg5d2RqY0ExWTJWMl91RmFGSUpjQ0Vma3Zwc1JvNEloUmRrSnJleFVLYWgzVXBCM2ZrbDJJbTFGSUZGUVFPSHdic0R6dTVpdGtacDZBRnVJaTFCRWxYa1YybFp2RjhJYkJVX1FlNTJ0aml3Z0pseXRVbzhhbmPSAVZBVV95cUxQTE1NeWZwak1IQTlUTm10NVJYWUFlcTdJTGRnVnQ4bGxvcEV5blo2N1NVTlotSDk0SXdsRlM2czRpY0VHLWlITldJank3SzRtSmJVYnYzdw?oc=5
2024-09-27,NVDA,Nvidia,Nvidia’s stock chart shows how bulls are using the recent pause to get refreshed - MarketWatch,"EN
Sign in
Before you continue to Google
We use cookies and data to
Deliver and maintain Google services
Track outages and protect against spam, fraud, and abuse
Measure audience engagement and site statistics to understand how our services are used and enhance the quality of those services
If you choose to “Accept all,” we will also use cookies and data to
Develop and improve new services
Deliver and measure the effectiveness of ads
Show personalized content, depending on your settings
Show personalized ads, depending on your settings
If you choose to “Reject all,” we will not use cookies for these additional purposes.
Non-personalized content is influenced by things like the content you’re currently viewing, activity in your active Search session, and your location. Non-personalized ads are influenced by the content you’re currently viewing and your general location. Personalized content and ads can also include more relevant results, recommendations, and tailored ads based on past activity from this browser, like previous Google searches. We also use cookies and data to tailor the experience to be age-appropriate, if relevant.
Select “More options” to see additional information, including details about managing your privacy settings. You can also visit g.co/privacytools at any time.
Reject all
Accept all
More options
Privacy Policy
Terms of Service",https://news.google.com/rss/articles/CBMivwFBVV95cUxQMlBKakpzTVp6ZmVORi1vUmgwOTU4c1hKeWZodjdNeVoyenpIZER4V1JOZzRoVm5NR0E3SGNTNXdzTF9ndTgzdUExM3NTQ3lTOTNHOGpzRjRXZGtydzVpeXNZaHA3dXhLenZnN2VsanJWR3Mxbm10UVZrcXlQalpfcExmaUp2UFdNUEc4QlFmOWhjVkpPWnJ6cnhITWZHZlpXYnZPQ3RyQWk3WHdwNGZFZnZxMTNna0ZtMFpWX2hPYw?oc=5
2024-09-13,NVDA,Nvidia,Nvidia's stock market dominance fuels big swings in the S&P 500 - Reuters,"EN
Sign in
Before you continue to Google
We use cookies and data to
Deliver and maintain Google services
Track outages and protect against spam, fraud, and abuse
Measure audience engagement and site statistics to understand how our services are used and enhance the quality of those services
If you choose to “Accept all,” we will also use cookies and data to
Develop and improve new services
Deliver and measure the effectiveness of ads
Show personalized content, depending on your settings
Show personalized ads, depending on your settings
If you choose to “Reject all,” we will not use cookies for these additional purposes.
Non-personalized content is influenced by things like the content you’re currently viewing, activity in your active Search session, and your location. Non-personalized ads are influenced by the content you’re currently viewing and your general location. Personalized content and ads can also include more relevant results, recommendations, and tailored ads based on past activity from this browser, like previous Google searches. We also use cookies and data to tailor the experience to be age-appropriate, if relevant.
Select “More options” to see additional information, including details about managing your privacy settings. You can also visit g.co/privacytools at any time.
Reject all
Accept all
More options
Privacy Policy
Terms of Service",https://news.google.com/rss/articles/CBMiowFBVV95cUxPTGlnVHFiaEhfTXZoOWJpRjFkZ1pzRFFmcnc5Y01lV3duSkpTdTVPQ0RxdG9FaVItWWtJTkFRUlJIOU5QdExxMnlaMFEyMEY2OVhONmFzVUl2SDRhNWx3MFBhU3lzUk8wak03aDVvRmRmLUcxM1poOEQ2aGNBS0VSR2xVUk1xUVJ5WDNDTUl2OTNTemdZckZIcl9HUjM2T2d6VzFV?oc=5
2024-08-29,NVDA,Nvidia,Nvidia stock slips even after earnings top Wall Street estimates and demand for AI chips surges - AP News,"EN
Sign in
Before you continue to Google
We use cookies and data to
Deliver and maintain Google services
Track outages and protect against spam, fraud, and abuse
Measure audience engagement and site statistics to understand how our services are used and enhance the quality of those services
If you choose to “Accept all,” we will also use cookies and data to
Develop and improve new services
Deliver and measure the effectiveness of ads
Show personalized content, depending on your settings
Show personalized ads, depending on your settings
If you choose to “Reject all,” we will not use cookies for these additional purposes.
Non-personalized content is influenced by things like the content you’re currently viewing, activity in your active Search session, and your location. Non-personalized ads are influenced by the content you’re currently viewing and your general location. Personalized content and ads can also include more relevant results, recommendations, and tailored ads based on past activity from this browser, like previous Google searches. We also use cookies and data to tailor the experience to be age-appropriate, if relevant.
Select “More options” to see additional information, including details about managing your privacy settings. You can also visit g.co/privacytools at any time.
Reject all
Accept all
More options
Privacy Policy
Terms of Service",https://news.google.com/rss/articles/CBMijAFBVV95cUxPRVFvdVpMSDhEVHBKOEhRMTBNYVpBNmxpNEJlelF5SXFaUnh0aUZqWXdBQl9FZ05XY2k2TDc3RlJMUEM3ODBsdnFBN0Qyak5XYWxqR0F2aDctTzJhMDEySXd1UlZGS2tiYTY3QmpaSG5vdW93bE1VQTU2T1FhNVBnR2lYb0dJNGI2UFFOQQ?oc=5
2024-09-26,NVDA,Nvidia,"NVIDIA Stock Post 3-Month Split: Buy, Hold, or Sell? - Yahoo Finance","EN
Sign in
Before you continue to Google
We use cookies and data to
Deliver and maintain Google services
Track outages and protect against spam, fraud, and abuse
Measure audience engagement and site statistics to understand how our services are used and enhance the quality of those services
If you choose to “Accept all,” we will also use cookies and data to
Develop and improve new services
Deliver and measure the effectiveness of ads
Show personalized content, depending on your settings
Show personalized ads, depending on your settings
If you choose to “Reject all,” we will not use cookies for these additional purposes.
Non-personalized content is influenced by things like the content you’re currently viewing, activity in your active Search session, and your location. Non-personalized ads are influenced by the content you’re currently viewing and your general location. Personalized content and ads can also include more relevant results, recommendations, and tailored ads based on past activity from this browser, like previous Google searches. We also use cookies and data to tailor the experience to be age-appropriate, if relevant.
Select “More options” to see additional information, including details about managing your privacy settings. You can also visit g.co/privacytools at any time.
Reject all
Accept all
More options
Privacy Policy
Terms of Service",https://news.google.com/rss/articles/CBMie0FVX3lxTE1NSGVmalBnY05JdnhpQ2NsT1pxMzJxbW9IWWNibmY3N3JtVHozTE1TVzhtOGFtOEN5WHdNTmcxcVgxSXhROWhWT1poOHllTl9HaVNnU2twbFpGSF9rdUtiaUpUaXRaTTBwbWpScFUtRHlqSUdUSFpXZmk2UQ?oc=5
2024-09-26,NVDA,Nvidia,Volatile Month for Nvidia Stock Continues - Investopedia,"EN
Sign in
Before you continue to Google
We use cookies and data to
Deliver and maintain Google services
Track outages and protect against spam, fraud, and abuse
Measure audience engagement and site statistics to understand how our services are used and enhance the quality of those services
If you choose to “Accept all,” we will also use cookies and data to
Develop and improve new services
Deliver and measure the effectiveness of ads
Show personalized content, depending on your settings
Show personalized ads, depending on your settings
If you choose to “Reject all,” we will not use cookies for these additional purposes.
Non-personalized content is influenced by things like the content you’re currently viewing, activity in your active Search session, and your location. Non-personalized ads are influenced by the content you’re currently viewing and your general location. Personalized content and ads can also include more relevant results, recommendations, and tailored ads based on past activity from this browser, like previous Google searches. We also use cookies and data to tailor the experience to be age-appropriate, if relevant.
Select “More options” to see additional information, including details about managing your privacy settings. You can also visit g.co/privacytools at any time.
Reject all
Accept all
More options
Privacy Policy
Terms of Service",https://news.google.com/rss/articles/CBMif0FVX3lxTE4zNnBKM0kycVY2cXk5Q1hOX1dYVHJiNlE5LTRBa1dxTUF5MzZpZlZnR2lySVozdEpGR1pwUG54dWpzQ1R0MTRNcEFnRTBBSGxncmV0OWlMRjhjMTRHX3E5aE9RV2NDZWZ0dFVXRW1BUjZZc21PY0VkQkFnMDgyejg?oc=5
2024-09-05,NVDA,Nvidia,Why Nvidia triggered a stock market freakout - vox.com,"EN
Sign in
Before you continue to Google
We use cookies and data to
Deliver and maintain Google services
Track outages and protect against spam, fraud, and abuse
Measure audience engagement and site statistics to understand how our services are used and enhance the quality of those services
If you choose to “Accept all,” we will also use cookies and data to
Develop and improve new services
Deliver and measure the effectiveness of ads
Show personalized content, depending on your settings
Show personalized ads, depending on your settings
If you choose to “Reject all,” we will not use cookies for these additional purposes.
Non-personalized content is influenced by things like the content you’re currently viewing, activity in your active Search session, and your location. Non-personalized ads are influenced by the content you’re currently viewing and your general location. Personalized content and ads can also include more relevant results, recommendations, and tailored ads based on past activity from this browser, like previous Google searches. We also use cookies and data to tailor the experience to be age-appropriate, if relevant.
Select “More options” to see additional information, including details about managing your privacy settings. You can also visit g.co/privacytools at any time.
Reject all
Accept all
More options
Privacy Policy
Terms of Service",https://news.google.com/rss/articles/CBMitgFBVV95cUxPOEFYQXV5cVNzVHI5bkJQZ2pILTJ5N3NKY3hhTzZzd2tRVy1qZWxGWFRsanFaN2dKWGN0MENPMVVLVmlwTVluTlNFaUpMVnFrY2FXVnM1QXBHcEhMUklmbWQtT05VRzVxdldjTmR4SFNMUGlmV2ZSQXFnekpqYVRJOElYcWdWSnk2Vm1yNXdqd3Rqc3c0UzFIZzlPU09QLTZ4Z3liUS1MTDg3VEMtVWNLQUI5V2p2dw?oc=5
2024-08-28,NVDA,Nvidia,Nvidia beat earnings expectations again. Investors aren’t impressed - CNN,"EN
Sign in
Before you continue to Google
We use cookies and data to
Deliver and maintain Google services
Track outages and protect against spam, fraud, and abuse
Measure audience engagement and site statistics to understand how our services are used and enhance the quality of those services
If you choose to “Accept all,” we will also use cookies and data to
Develop and improve new services
Deliver and measure the effectiveness of ads
Show personalized content, depending on your settings
Show personalized ads, depending on your settings
If you choose to “Reject all,” we will not use cookies for these additional purposes.
Non-personalized content is influenced by things like the content you’re currently viewing, activity in your active Search session, and your location. Non-personalized ads are influenced by the content you’re currently viewing and your general location. Personalized content and ads can also include more relevant results, recommendations, and tailored ads based on past activity from this browser, like previous Google searches. We also use cookies and data to tailor the experience to be age-appropriate, if relevant.
Select “More options” to see additional information, including details about managing your privacy settings. You can also visit g.co/privacytools at any time.
Reject all
Accept all
More options
Privacy Policy
Terms of Service",https://news.google.com/rss/articles/CBMif0FVX3lxTE52djNXQUp0YzZhdlQxTWlEc05Ca3gxeExoWWgtU2J3REtxdTVsc2dpTVl1azRaeHZVZjBaNGNCQkh6Q0lHVF9Bbmd3bUxLRU9sMEZCaXM3RjFCSUpCSmVwTjhGUXMxc1dMajFycnV3NXRra01HeGJmdEs5VTQ0VWvSAXZBVV95cUxNM25iYTNxa3lOdFRiQmR5MWxqVTBiTWJHeVV0LTVuNXlRUUdDS0J5dVQ0T3E1WlVqY0E3ZWVfaHRjdlR5Wk5ldkFOcTFOQ2VIWE16MmhWM09raV81REZCMlFQdjBRdHpMVGRwdVAtWUh2ZTBGUDVB?oc=5
2024-08-29,NVDA,Nvidia,Nvidia shares fall on slowing growth and production concerns - The Guardian,"EN
Sign in
Before you continue to Google
We use cookies and data to
Deliver and maintain Google services
Track outages and protect against spam, fraud, and abuse
Measure audience engagement and site statistics to understand how our services are used and enhance the quality of those services
If you choose to “Accept all,” we will also use cookies and data to
Develop and improve new services
Deliver and measure the effectiveness of ads
Show personalized content, depending on your settings
Show personalized ads, depending on your settings
If you choose to “Reject all,” we will not use cookies for these additional purposes.
Non-personalized content is influenced by things like the content you’re currently viewing, activity in your active Search session, and your location. Non-personalized ads are influenced by the content you’re currently viewing and your general location. Personalized content and ads can also include more relevant results, recommendations, and tailored ads based on past activity from this browser, like previous Google searches. We also use cookies and data to tailor the experience to be age-appropriate, if relevant.
Select “More options” to see additional information, including details about managing your privacy settings. You can also visit g.co/privacytools at any time.
Reject all
Accept all
More options
Privacy Policy
Terms of Service",https://news.google.com/rss/articles/CBMi5gFBVV95cUxObWw2ZDJXMjBrVlRUNHNwVm5nMjdGSUdpTlEyNm9WOEJGZUU2cXJGTlByTDhoTlBQZ19JS0xPdWRPVXJ3Z1hrVkFyNHoya05xb09GZ2FFajFIdWg3Sl9XWTluZEtSbHpwNmZyQkJ1QnBCTHhnY2FhdnNNUG9RVGdMemtiYmNBTXR3V0k0ekNJVm9uV3pOV1pHci0tcTI5eVpYQkNVVU9FQk9VOGlhMEYyRDV0WDloWlNrQzBTWUdHaDFZd3lnNW9kbHVMUFI5UDNwZk5pME9kc09kVDJlQmg2OUdfZzlOdw?oc=5
2024-09-05,NVDA,Nvidia,"As Nvidia Stock Stumbles, Watch These 3 Hot AI-Adjacent Stocks Instead - Investor's Business Daily","EN
Sign in
Before you continue to Google
We use cookies and data to
Deliver and maintain Google services
Track outages and protect against spam, fraud, and abuse
Measure audience engagement and site statistics to understand how our services are used and enhance the quality of those services
If you choose to “Accept all,” we will also use cookies and data to
Develop and improve new services
Deliver and measure the effectiveness of ads
Show personalized content, depending on your settings
Show personalized ads, depending on your settings
If you choose to “Reject all,” we will not use cookies for these additional purposes.
Non-personalized content is influenced by things like the content you’re currently viewing, activity in your active Search session, and your location. Non-personalized ads are influenced by the content you’re currently viewing and your general location. Personalized content and ads can also include more relevant results, recommendations, and tailored ads based on past activity from this browser, like previous Google searches. We also use cookies and data to tailor the experience to be age-appropriate, if relevant.
Select “More options” to see additional information, including details about managing your privacy settings. You can also visit g.co/privacytools at any time.
Reject all
Accept all
More options
Privacy Policy
Terms of Service",https://news.google.com/rss/articles/CBMid0FVX3lxTFAyQ0FYa2hwVE11cVBzT1FncVpCUmpsUi1zdHBXYTRrLVloQTlDVU5haVR3T3hCYWhMUVZsZk5FZ3NsemQ0eTdpMWYtTEhFalVnVVp2Y0VhTy1KeVFLT2pLa0JjT21HcmpQNTBIQUV3QTgzelB2NFQ4?oc=5
2024-09-04,NVDA,Nvidia,Nvidia suffers record $279 billion loss in market value as Wall St drops - Reuters,"EN
Sign in
Before you continue to Google
We use cookies and data to
Deliver and maintain Google services
Track outages and protect against spam, fraud, and abuse
Measure audience engagement and site statistics to understand how our services are used and enhance the quality of those services
If you choose to “Accept all,” we will also use cookies and data to
Develop and improve new services
Deliver and measure the effectiveness of ads
Show personalized content, depending on your settings
Show personalized ads, depending on your settings
If you choose to “Reject all,” we will not use cookies for these additional purposes.
Non-personalized content is influenced by things like the content you’re currently viewing, activity in your active Search session, and your location. Non-personalized ads are influenced by the content you’re currently viewing and your general location. Personalized content and ads can also include more relevant results, recommendations, and tailored ads based on past activity from this browser, like previous Google searches. We also use cookies and data to tailor the experience to be age-appropriate, if relevant.
Select “More options” to see additional information, including details about managing your privacy settings. You can also visit g.co/privacytools at any time.
Reject all
Accept all
More options
Privacy Policy
Terms of Service",https://news.google.com/rss/articles/CBMimAFBVV95cUxQeHBwVG1Vb0lyRS00OXRXOU93MUI4TDI1LXFEbnFlTnI1OFl0czZGLXBmUlZFZVZINGEyRDlhdVV4LUJUcUdHdlczbFB1bGxkSDhoR29EX2tZMzZpYU12ZzNaNlotdW1JM0hvRlhQVnotdVZadl9JVkVlZE1xUDFMYS0xMjVlQy1iNzBsR3JOaWhGUlN0NDdRcw?oc=5
2024-08-29,NVDA,Nvidia,"Nvidia stock slips after earnings, forecasts top estimates amid 'incredible' demand for its next-gen chip - Yahoo Finance","EN
Sign in
Before you continue to Google
We use cookies and data to
Deliver and maintain Google services
Track outages and protect against spam, fraud, and abuse
Measure audience engagement and site statistics to understand how our services are used and enhance the quality of those services
If you choose to “Accept all,” we will also use cookies and data to
Develop and improve new services
Deliver and measure the effectiveness of ads
Show personalized content, depending on your settings
Show personalized ads, depending on your settings
If you choose to “Reject all,” we will not use cookies for these additional purposes.
Non-personalized content is influenced by things like the content you’re currently viewing, activity in your active Search session, and your location. Non-personalized ads are influenced by the content you’re currently viewing and your general location. Personalized content and ads can also include more relevant results, recommendations, and tailored ads based on past activity from this browser, like previous Google searches. We also use cookies and data to tailor the experience to be age-appropriate, if relevant.
Select “More options” to see additional information, including details about managing your privacy settings. You can also visit g.co/privacytools at any time.
Reject all
Accept all
More options
Privacy Policy
Terms of Service",https://news.google.com/rss/articles/CBMi4gFBVV95cUxObklYOVMzUm9tNGVoQm1zMDJXdHN5ODFrSTViRXVyUzZSTzBtNHBNOW14MXZ3RWFwZm9seDFnTklrNTZZenpsOG5NbWlXN0VwVXhZYnc2VlNiNXRrTHFJQVpNVWEtQ3BmX29ZTkJ1U3drLVh4eElZdEZTd0lnRGhHRFd5anYxd1EwQ2FHVFZ0Y292NXgyOHQ0TmwzT1ZESU9fUUo5RXpjVU9pUlBmeGE4ZmRXQ2NPVEJRT2xLTGpjQkRmWHl5bUdQQzd5VG9UOGFLd2pCSk5ibHNpTHVrdnBQYVln?oc=5
2024-09-16,NVDA,Nvidia,Why These Analysts Are Still Nvidia Bulls Despite the Stock's Turbulent Summer - Investopedia,"EN
Sign in
Before you continue to Google
We use cookies and data to
Deliver and maintain Google services
Track outages and protect against spam, fraud, and abuse
Measure audience engagement and site statistics to understand how our services are used and enhance the quality of those services
If you choose to “Accept all,” we will also use cookies and data to
Develop and improve new services
Deliver and measure the effectiveness of ads
Show personalized content, depending on your settings
Show personalized ads, depending on your settings
If you choose to “Reject all,” we will not use cookies for these additional purposes.
Non-personalized content is influenced by things like the content you’re currently viewing, activity in your active Search session, and your location. Non-personalized ads are influenced by the content you’re currently viewing and your general location. Personalized content and ads can also include more relevant results, recommendations, and tailored ads based on past activity from this browser, like previous Google searches. We also use cookies and data to tailor the experience to be age-appropriate, if relevant.
Select “More options” to see additional information, including details about managing your privacy settings. You can also visit g.co/privacytools at any time.
Reject all
Accept all
More options
Privacy Policy
Terms of Service",https://news.google.com/rss/articles/CBMijAFBVV95cUxPVkJabGR4LUJtNWw3WHB3YThYaC0wOEtTeWt4N2ZWRmtaSnRncmJZci1sSTJ5aE9yX0ItaUxLNy1ZaWtCeTQ1SU5nODlwSDV5aTd3Qy1OMldQN2lyZmNoZTJNZ1lHeEpRNW5mamxINUQtYWlGWlhwblUxRXV3c01CWUw4d0tlcnh6WjVjag?oc=5
2024-09-23,NVDA,Nvidia,Nvidia’s stock is no longer the S&P 500’s top gainer this year. Here’s what is. - MarketWatch,"EN
Sign in
Before you continue to Google
We use cookies and data to
Deliver and maintain Google services
Track outages and protect against spam, fraud, and abuse
Measure audience engagement and site statistics to understand how our services are used and enhance the quality of those services
If you choose to “Accept all,” we will also use cookies and data to
Develop and improve new services
Deliver and measure the effectiveness of ads
Show personalized content, depending on your settings
Show personalized ads, depending on your settings
If you choose to “Reject all,” we will not use cookies for these additional purposes.
Non-personalized content is influenced by things like the content you’re currently viewing, activity in your active Search session, and your location. Non-personalized ads are influenced by the content you’re currently viewing and your general location. Personalized content and ads can also include more relevant results, recommendations, and tailored ads based on past activity from this browser, like previous Google searches. We also use cookies and data to tailor the experience to be age-appropriate, if relevant.
Select “More options” to see additional information, including details about managing your privacy settings. You can also visit g.co/privacytools at any time.
Reject all
Accept all
More options
Privacy Policy
Terms of Service",https://news.google.com/rss/articles/CBMiuAFBVV95cUxPS2p3SXphYkN2YTN2U2lFNjRrMzVMSW9FbHBJbTQ0eTR4WEhKM2JnVU03d3lnMjc4dGtqTkFzN0gzWmtTSktIRnNQZ2JkM2hQZm1iVm1Ic0gwSzg5aTZCbkxjN05XWVZPUVlDalBrU0NScHJJRzMwM0FnWTVqeDAxTmRKM1EtUGQ2VHQ0RUVISkJ6bTZQTlNSZ25NRjhEOXBBM2ZPcjBGOGNLdVNtNVZpcUlKWnBhSGUt?oc=5
2024-09-25,NVDA,Nvidia,Nvidia stock edges up as industry report predicts 'unprecedented levels' of investment in AI data centers - Yahoo Finance,"EN
Sign in
Before you continue to Google
We use cookies and data to
Deliver and maintain Google services
Track outages and protect against spam, fraud, and abuse
Measure audience engagement and site statistics to understand how our services are used and enhance the quality of those services
If you choose to “Accept all,” we will also use cookies and data to
Develop and improve new services
Deliver and measure the effectiveness of ads
Show personalized content, depending on your settings
Show personalized ads, depending on your settings
If you choose to “Reject all,” we will not use cookies for these additional purposes.
Non-personalized content is influenced by things like the content you’re currently viewing, activity in your active Search session, and your location. Non-personalized ads are influenced by the content you’re currently viewing and your general location. Personalized content and ads can also include more relevant results, recommendations, and tailored ads based on past activity from this browser, like previous Google searches. We also use cookies and data to tailor the experience to be age-appropriate, if relevant.
Select “More options” to see additional information, including details about managing your privacy settings. You can also visit g.co/privacytools at any time.
Reject all
Accept all
More options
Privacy Policy
Terms of Service",https://news.google.com/rss/articles/CBMi4wFBVV95cUxPMnQzemJhd2hTdVBKTkt0YzU2QjNKSDB5RnBMT0xFeGdvRVk0bjZZdXY5MEpsdnNvVG9fcGRqT0YyS2xQOVZfOVpJU2JWQU43blcyVTRsMExYTU1mTUxTUHREVHhNSUhXSVJKeGxfcmVPV0NKRnVXdFV0SUhONDNHcFRIV19WTkhGU2JxMkpjMlhNOVJyWUVxVHlvc2NxdjR1Z0xLVnVUWHBYakRIN3RUbUQ5d3NCM3RsanE5c2J5cGYtZ2ZfVHdKemhRZ2hmUkVxSW45SDlDVFlJdkJEalBsVzR5cw?oc=5
2024-09-15,NVDA,Nvidia,Watch These Nvidia Price Levels After Stock's Recent Price Swings - Investopedia,"EN
Sign in
Before you continue to Google
We use cookies and data to
Deliver and maintain Google services
Track outages and protect against spam, fraud, and abuse
Measure audience engagement and site statistics to understand how our services are used and enhance the quality of those services
If you choose to “Accept all,” we will also use cookies and data to
Develop and improve new services
Deliver and measure the effectiveness of ads
Show personalized content, depending on your settings
Show personalized ads, depending on your settings
If you choose to “Reject all,” we will not use cookies for these additional purposes.
Non-personalized content is influenced by things like the content you’re currently viewing, activity in your active Search session, and your location. Non-personalized ads are influenced by the content you’re currently viewing and your general location. Personalized content and ads can also include more relevant results, recommendations, and tailored ads based on past activity from this browser, like previous Google searches. We also use cookies and data to tailor the experience to be age-appropriate, if relevant.
Select “More options” to see additional information, including details about managing your privacy settings. You can also visit g.co/privacytools at any time.
Reject all
Accept all
More options
Privacy Policy
Terms of Service",https://news.google.com/rss/articles/CBMiowFBVV95cUxNS0NFVXFWc01zeFhTcXRBSC1BY1hsYVl6SDlxa3RyV2UzYkVnMktpajEzNVNnMlJaUEVBWUZ2d0pTQjFhRGV0bWJQcV9IMzNLR1J6S3JGM2NTOEVIVjd2SmtKVExFbjI5NkV2aWF6S2pkaFl5a3dPNTg5aTFtR2pveEtlYndGNE9tQU9fUVJqY0EwN1B2OTUyRC1SeHpfYVA4TVhN?oc=5
2024-09-21,NVDA,Nvidia,Can Nvidia Stock Hit $200 in 2024? - Yahoo Finance,"EN
Sign in
Before you continue to Google
We use cookies and data to
Deliver and maintain Google services
Track outages and protect against spam, fraud, and abuse
Measure audience engagement and site statistics to understand how our services are used and enhance the quality of those services
If you choose to “Accept all,” we will also use cookies and data to
Develop and improve new services
Deliver and measure the effectiveness of ads
Show personalized content, depending on your settings
Show personalized ads, depending on your settings
If you choose to “Reject all,” we will not use cookies for these additional purposes.
Non-personalized content is influenced by things like the content you’re currently viewing, activity in your active Search session, and your location. Non-personalized ads are influenced by the content you’re currently viewing and your general location. Personalized content and ads can also include more relevant results, recommendations, and tailored ads based on past activity from this browser, like previous Google searches. We also use cookies and data to tailor the experience to be age-appropriate, if relevant.
Select “More options” to see additional information, including details about managing your privacy settings. You can also visit g.co/privacytools at any time.
Reject all
Accept all
More options
Privacy Policy
Terms of Service",https://news.google.com/rss/articles/CBMie0FVX3lxTFBzb2hTVnc1RWYwTnJLc1JLdGRwYUMtUjZ3dHRpWXhhSU1GcVNOQk5HbDRjdmJIcURWZ0k5bUVxa0xCRm8yRldkWVlpaV9Na0tERF8yX25XX09uWHRQWHoyanlJVXhNWnVKXzA3Y0d0VkpvRnA0aFVZSGJSRQ?oc=5
2024-09-09,NVDA,Nvidia,"Nvidia stock sell-off is overdone, Goldman Sachs analyst says - Yahoo Finance","EN
Sign in
Before you continue to Google
We use cookies and data to
Deliver and maintain Google services
Track outages and protect against spam, fraud, and abuse
Measure audience engagement and site statistics to understand how our services are used and enhance the quality of those services
If you choose to “Accept all,” we will also use cookies and data to
Develop and improve new services
Deliver and measure the effectiveness of ads
Show personalized content, depending on your settings
Show personalized ads, depending on your settings
If you choose to “Reject all,” we will not use cookies for these additional purposes.
Non-personalized content is influenced by things like the content you’re currently viewing, activity in your active Search session, and your location. Non-personalized ads are influenced by the content you’re currently viewing and your general location. Personalized content and ads can also include more relevant results, recommendations, and tailored ads based on past activity from this browser, like previous Google searches. We also use cookies and data to tailor the experience to be age-appropriate, if relevant.
Select “More options” to see additional information, including details about managing your privacy settings. You can also visit g.co/privacytools at any time.
Reject all
Accept all
More options
Privacy Policy
Terms of Service",https://news.google.com/rss/articles/CBMiqgFBVV95cUxPZGI1NXhiMGJBTGdqaDEwdnVfVExQQ1JTQzd3Z3R4eHg3Ny1HaktaaW53cjMxTzlRUms3NXFTV0ZycHV5NE1FWXBVdi1rRFl4SUhfZ3M0VFNhcXlpMnp0c1lySURMaXhmWllBOUpwOWVpel9BeS04d3FlZ3Zsb0UwZmxnY0Rlb1Y2M0J5RjAxeHRQanJvUGYxMUlMNkgwbVRqSFNVV1ItcHV3dw?oc=5
2024-09-27,NVDA,Nvidia,Nvidia’s stock chart shows how bulls are using the recent pause to get refreshed - MarketWatch,"EN
Sign in
Before you continue to Google
We use cookies and data to
Deliver and maintain Google services
Track outages and protect against spam, fraud, and abuse
Measure audience engagement and site statistics to understand how our services are used and enhance the quality of those services
If you choose to “Accept all,” we will also use cookies and data to
Develop and improve new services
Deliver and measure the effectiveness of ads
Show personalized content, depending on your settings
Show personalized ads, depending on your settings
If you choose to “Reject all,” we will not use cookies for these additional purposes.
Non-personalized content is influenced by things like the content you’re currently viewing, activity in your active Search session, and your location. Non-personalized ads are influenced by the content you’re currently viewing and your general location. Personalized content and ads can also include more relevant results, recommendations, and tailored ads based on past activity from this browser, like previous Google searches. We also use cookies and data to tailor the experience to be age-appropriate, if relevant.
Select “More options” to see additional information, including details about managing your privacy settings. You can also visit g.co/privacytools at any time.
Reject all
Accept all
More options
Privacy Policy
Terms of Service",https://news.google.com/rss/articles/CBMivwFBVV95cUxQMlBKakpzTVp6ZmVORi1vUmgwOTU4c1hKeWZodjdNeVoyenpIZER4V1JOZzRoVm5NR0E3SGNTNXdzTF9ndTgzdUExM3NTQ3lTOTNHOGpzRjRXZGtydzVpeXNZaHA3dXhLenZnN2VsanJWR3Mxbm10UVZrcXlQalpfcExmaUp2UFdNUEc4QlFmOWhjVkpPWnJ6cnhITWZHZlpXYnZPQ3RyQWk3WHdwNGZFZnZxMTNna0ZtMFpWX2hPYw?oc=5
2024-10-14,NVDA,Nvidia,Where Will Nvidia Stock Be in 1 Year? - Yahoo Finance,"EN
Sign in
Before you continue to Google
We use cookies and data to
Deliver and maintain Google services
Track outages and protect against spam, fraud, and abuse
Measure audience engagement and site statistics to understand how our services are used and enhance the quality of those services
If you choose to “Accept all,” we will also use cookies and data to
Develop and improve new services
Deliver and measure the effectiveness of ads
Show personalized content, depending on your settings
Show personalized ads, depending on your settings
If you choose to “Reject all,” we will not use cookies for these additional purposes.
Non-personalized content is influenced by things like the content you’re currently viewing, activity in your active Search session, and your location. Non-personalized ads are influenced by the content you’re currently viewing and your general location. Personalized content and ads can also include more relevant results, recommendations, and tailored ads based on past activity from this browser, like previous Google searches. We also use cookies and data to tailor the experience to be age-appropriate, if relevant.
Select “More options” to see additional information, including details about managing your privacy settings. You can also visit g.co/privacytools at any time.
Reject all
Accept all
More options
Privacy Policy
Terms of Service",https://news.google.com/rss/articles/CBMidEFVX3lxTE5nQ19Bbm9rV3dWS2loRUJSTG1FNzZDVnVNS1BieFhBNk1BX1pEWUZDYmJiS29MeTNXMVlXMGY2bFQ1ams1OENYUGpJTVdyNDZYb2RYOEdYN1dfVXhNNVJNQjRydDZnOWY5NF9Cb01WUDdTeUln?oc=5
2024-10-14,NVDA,Nvidia,Nvidia Stock Hits Record Closing High on Growing Optimism About AI Demand - Investopedia,"EN
Sign in
Before you continue to Google
We use cookies and data to
Deliver and maintain Google services
Track outages and protect against spam, fraud, and abuse
Measure audience engagement and site statistics to understand how our services are used and enhance the quality of those services
If you choose to “Accept all,” we will also use cookies and data to
Develop and improve new services
Deliver and measure the effectiveness of ads
Show personalized content, depending on your settings
Show personalized ads, depending on your settings
If you choose to “Reject all,” we will not use cookies for these additional purposes.
Non-personalized content is influenced by things like the content you’re currently viewing, activity in your active Search session, and your location. Non-personalized ads are influenced by the content you’re currently viewing and your general location. Personalized content and ads can also include more relevant results, recommendations, and tailored ads based on past activity from this browser, like previous Google searches. We also use cookies and data to tailor the experience to be age-appropriate, if relevant.
Select “More options” to see additional information, including details about managing your privacy settings. You can also visit g.co/privacytools at any time.
Reject all
Accept all
More options
Privacy Policy
Terms of Service",https://news.google.com/rss/articles/CBMirwFBVV95cUxNVHhubVAtQ2FNV2dIQmZDelo1czFDZEtMdkZoMGFWcjNTLU15NU1MOEFpQnJNNmRsZjduZ0dLbHhyRjJnd3puTGJPSWdlSVd5dEFKU19FSVhGSGE0OVF4dWtHNVFiRjlLRUxJWDYxeGdCdzZFRjhrRm5ObHlBT1JlUTNwWXo3YVl6Q09za24zWVp5X05LdF9hbHZOeEkwNVM1alZJcVBWVFloRW5HX2NV?oc=5
2024-10-20,NVDA,Nvidia,Should you buy Nvidia stock now? It may be a once-in-a-generation opportunity - Fortune,"EN
Sign in
Before you continue to Google
We use cookies and data to
Deliver and maintain Google services
Track outages and protect against spam, fraud, and abuse
Measure audience engagement and site statistics to understand how our services are used and enhance the quality of those services
If you choose to “Accept all,” we will also use cookies and data to
Develop and improve new services
Deliver and measure the effectiveness of ads
Show personalized content, depending on your settings
Show personalized ads, depending on your settings
If you choose to “Reject all,” we will not use cookies for these additional purposes.
Non-personalized content is influenced by things like the content you’re currently viewing, activity in your active Search session, and your location. Non-personalized ads are influenced by the content you’re currently viewing and your general location. Personalized content and ads can also include more relevant results, recommendations, and tailored ads based on past activity from this browser, like previous Google searches. We also use cookies and data to tailor the experience to be age-appropriate, if relevant.
Select “More options” to see additional information, including details about managing your privacy settings. You can also visit g.co/privacytools at any time.
Reject all
Accept all
More options
Privacy Policy
Terms of Service",https://news.google.com/rss/articles/CBMipAFBVV95cUxOUUtJdENYZ3g2Nmp6YVRUUGwwWVFyZzdHVDJJeXdfWmpnLWtZaHYxMmNBYlJVd0lIdWhwZC1tQ2lGZFFsZWxwTDh2TGRPb0hyZVRfNlgwQ2wyRnBFQUNCX1Bua1AxZ3BfSzJ6Z3hkMUh2NGZ3aEJYemFzcnlNa1ctRjdWTG1NQVZ6THFXYzBNVHpOWjNzeGpIYlhYX19XMGotMVg2dA?oc=5
2024-10-09,NVDA,Nvidia,"Nvidia shares are up 25% in the last month, rallying near a record ahead of tech earnings - CNBC","EN
Sign in
Before you continue to Google
We use cookies and data to
Deliver and maintain Google services
Track outages and protect against spam, fraud, and abuse
Measure audience engagement and site statistics to understand how our services are used and enhance the quality of those services
If you choose to “Accept all,” we will also use cookies and data to
Develop and improve new services
Deliver and measure the effectiveness of ads
Show personalized content, depending on your settings
Show personalized ads, depending on your settings
If you choose to “Reject all,” we will not use cookies for these additional purposes.
Non-personalized content is influenced by things like the content you’re currently viewing, activity in your active Search session, and your location. Non-personalized ads are influenced by the content you’re currently viewing and your general location. Personalized content and ads can also include more relevant results, recommendations, and tailored ads based on past activity from this browser, like previous Google searches. We also use cookies and data to tailor the experience to be age-appropriate, if relevant.
Select “More options” to see additional information, including details about managing your privacy settings. You can also visit g.co/privacytools at any time.
Reject all
Accept all
More options
Privacy Policy
Terms of Service",https://news.google.com/rss/articles/CBMiqgFBVV95cUxQYnRTdlJCaUVsRTFEQ3J6TGtBMzZrb0drTUk0T0k3NjV2bkd0aEdBazBVTk1nbHFWQXV0XzlGa0NyNDEzVHdhVWhzdGF1NnhzTEVXVEc5S2pHMlNzdkFjMjRRNTJWSWxheGMwTXJQdmM3MEc3M3B4R1U0empUNUJsQTd5OXNMc2RQQ1dWOHBVdGEwc3ljajRndGFqVVlleDdCRldOZFJldlE1UdIBrwFBVV95cUxNZkhpTUdIUWc4Q3VMNG9DLWdfamhwNG9ueTZPekRHUXEtWW9FaVhjcXdXT1d3ODhjTzlvS0ZEazZNX2M3NXh3Q1FJNjJsMGxySWZQS3gzX3NJb0lGSWFBMl84R0lyeC1vSTlubEdDcHgyN2N5WWt3YmhMZnhKenA3RjJ0ay1TMUpCVFc5YVJnQzI3QmpIX3BfVHA2SXN5c1J1bjdqWDZ4cGh5MWJQdXJF?oc=5
2024-10-11,NVDA,Nvidia,Is It Too Late to Buy Nvidia Stock? Evidence Is Piling Up That Provides a Compelling Answer. - Yahoo Finance,"EN
Sign in
Before you continue to Google
We use cookies and data to
Deliver and maintain Google services
Track outages and protect against spam, fraud, and abuse
Measure audience engagement and site statistics to understand how our services are used and enhance the quality of those services
If you choose to “Accept all,” we will also use cookies and data to
Develop and improve new services
Deliver and measure the effectiveness of ads
Show personalized content, depending on your settings
Show personalized ads, depending on your settings
If you choose to “Reject all,” we will not use cookies for these additional purposes.
Non-personalized content is influenced by things like the content you’re currently viewing, activity in your active Search session, and your location. Non-personalized ads are influenced by the content you’re currently viewing and your general location. Personalized content and ads can also include more relevant results, recommendations, and tailored ads based on past activity from this browser, like previous Google searches. We also use cookies and data to tailor the experience to be age-appropriate, if relevant.
Select “More options” to see additional information, including details about managing your privacy settings. You can also visit g.co/privacytools at any time.
Reject all
Accept all
More options
Privacy Policy
Terms of Service",https://news.google.com/rss/articles/CBMigAFBVV95cUxQRWN6Rkl0SU1veGI0UXVQSGlkSmQ5SFR2UFMwY0JCaTQ0dmFZbnJlNmdPY1AwaHdaZ2ZibkpZbXJvN2VwbjlpS3A5cjY0NmZkS2ZfdmRzcl82SlhhYkNUbzF1c2VfMndPYjZCcEFDeDlzX0E4U1dLLTNYZVFUWlRMTw?oc=5
2024-10-03,NVDA,Nvidia,"Watch These Nvidia Stock Price Levels After CEO Cites ""Insane"" Demand for AI Chips - Investopedia","EN
Sign in
Before you continue to Google
We use cookies and data to
Deliver and maintain Google services
Track outages and protect against spam, fraud, and abuse
Measure audience engagement and site statistics to understand how our services are used and enhance the quality of those services
If you choose to “Accept all,” we will also use cookies and data to
Develop and improve new services
Deliver and measure the effectiveness of ads
Show personalized content, depending on your settings
Show personalized ads, depending on your settings
If you choose to “Reject all,” we will not use cookies for these additional purposes.
Non-personalized content is influenced by things like the content you’re currently viewing, activity in your active Search session, and your location. Non-personalized ads are influenced by the content you’re currently viewing and your general location. Personalized content and ads can also include more relevant results, recommendations, and tailored ads based on past activity from this browser, like previous Google searches. We also use cookies and data to tailor the experience to be age-appropriate, if relevant.
Select “More options” to see additional information, including details about managing your privacy settings. You can also visit g.co/privacytools at any time.
Reject all
Accept all
More options
Privacy Policy
Terms of Service",https://news.google.com/rss/articles/CBMiuAFBVV95cUxOY2M2dGJVWWRwUFZSMEVaTUFaakZfUi1VTjdKUnhvNUxySElEVDBzaE5jWWdpQ01ldXNXNVlRVWZvQXpMb1FETVVQOFdCZldWcWpmT1lHMzY2MFQ0N2tvVTNvLUhHdS1yZWRsMVhjZENIeW9pTHFLWXNqYXExM0U5eU10TkduVlVLeko1eEdNU2ZaLUN5TUdIVHZVWHV3Qzl5WmI0T3lJLU54VHNSSUpyLXI5U190TzFz?oc=5
2024-10-18,NVDA,Nvidia,"Nvidia’s stock can hit $190 as ‘generational opportunity’ unfolds, says BofA - MarketWatch","EN
Sign in
Before you continue to Google
We use cookies and data to
Deliver and maintain Google services
Track outages and protect against spam, fraud, and abuse
Measure audience engagement and site statistics to understand how our services are used and enhance the quality of those services
If you choose to “Accept all,” we will also use cookies and data to
Develop and improve new services
Deliver and measure the effectiveness of ads
Show personalized content, depending on your settings
Show personalized ads, depending on your settings
If you choose to “Reject all,” we will not use cookies for these additional purposes.
Non-personalized content is influenced by things like the content you’re currently viewing, activity in your active Search session, and your location. Non-personalized ads are influenced by the content you’re currently viewing and your general location. Personalized content and ads can also include more relevant results, recommendations, and tailored ads based on past activity from this browser, like previous Google searches. We also use cookies and data to tailor the experience to be age-appropriate, if relevant.
Select “More options” to see additional information, including details about managing your privacy settings. You can also visit g.co/privacytools at any time.
Reject all
Accept all
More options
Privacy Policy
Terms of Service",https://news.google.com/rss/articles/CBMitAFBVV95cUxNMC05U0xnNkNhMnNOeWd5X2dFU1ZOWjQ2cTc3a1VaOFZzaEZuTGZJekZHMWJXSVVGd3RKY1dXN2FwRGVhaU5ic0RzUHNrVVFJa3JMSjRjTGZHcTRnM1pLbjJkQnlzdFJSekxlendQM2RZS2RqZEJVT0tsNVVZcmNOU1hVbXVfQlRqelNLdGhlQUN4SzNvb3hWNXRWV0pyazhXRXlLLW5qbjcxWml2WTAtNVB6Y24?oc=5
2024-10-20,NVDA,Nvidia,Nvidia stock is in beast mode again! - Yahoo Finance,"EN
Sign in
Before you continue to Google
We use cookies and data to
Deliver and maintain Google services
Track outages and protect against spam, fraud, and abuse
Measure audience engagement and site statistics to understand how our services are used and enhance the quality of those services
If you choose to “Accept all,” we will also use cookies and data to
Develop and improve new services
Deliver and measure the effectiveness of ads
Show personalized content, depending on your settings
Show personalized ads, depending on your settings
If you choose to “Reject all,” we will not use cookies for these additional purposes.
Non-personalized content is influenced by things like the content you’re currently viewing, activity in your active Search session, and your location. Non-personalized ads are influenced by the content you’re currently viewing and your general location. Personalized content and ads can also include more relevant results, recommendations, and tailored ads based on past activity from this browser, like previous Google searches. We also use cookies and data to tailor the experience to be age-appropriate, if relevant.
Select “More options” to see additional information, including details about managing your privacy settings. You can also visit g.co/privacytools at any time.
Reject all
Accept all
More options
Privacy Policy
Terms of Service",https://news.google.com/rss/articles/CBMiiAFBVV95cUxNX0RZZ1J4MWt6MkVGZU5keFNrdmF4SHI3RkFKLWg1c0ZHVFJfeEcxa09UR2FFbXFHbEFPekw4d205bVI3eTVieWV5WkR2STFIM2VkVWhRNFpOVnlwWDI3RVlwS21NQ1Ftam1Bb1lpamFUZHNZM05kS21pcmM2Z0o3OWNMb2F3UDdo?oc=5
2024-10-08,NVDA,Nvidia,"Why Nvidia Stock Rose Again Tuesday, Nearing Record High - Investopedia","EN
Sign in
Before you continue to Google
We use cookies and data to
Deliver and maintain Google services
Track outages and protect against spam, fraud, and abuse
Measure audience engagement and site statistics to understand how our services are used and enhance the quality of those services
If you choose to “Accept all,” we will also use cookies and data to
Develop and improve new services
Deliver and measure the effectiveness of ads
Show personalized content, depending on your settings
Show personalized ads, depending on your settings
If you choose to “Reject all,” we will not use cookies for these additional purposes.
Non-personalized content is influenced by things like the content you’re currently viewing, activity in your active Search session, and your location. Non-personalized ads are influenced by the content you’re currently viewing and your general location. Personalized content and ads can also include more relevant results, recommendations, and tailored ads based on past activity from this browser, like previous Google searches. We also use cookies and data to tailor the experience to be age-appropriate, if relevant.
Select “More options” to see additional information, including details about managing your privacy settings. You can also visit g.co/privacytools at any time.
Reject all
Accept all
More options
Privacy Policy
Terms of Service",https://news.google.com/rss/articles/CBMiqwFBVV95cUxNZnBmbDFnbjhrMDNGaXVIdmFRU1BrbjRZRnFVVlh5eDVEUWNMY19PcDdoS25UOExZbUtYb04wQ2gtSVprajkzUHZJLVFRdEQteEVEUkFzOWhLUWNYZmNVMWtwWGJOb3pLRlpCV0lkdHI0QkU2RnVnOXNpamprOWZMT3JYcDU2SEtWa3VHcnd4cnM1UkpaZnRybHZwVGxjZ1VHM1UzMHF6cS14TkE?oc=5
2024-10-08,NVDA,Nvidia,Nvidia’s stock is closing in on a record. Why Wall Street sees big beats ahead. - MarketWatch,"EN
Sign in
Before you continue to Google
We use cookies and data to
Deliver and maintain Google services
Track outages and protect against spam, fraud, and abuse
Measure audience engagement and site statistics to understand how our services are used and enhance the quality of those services
If you choose to “Accept all,” we will also use cookies and data to
Develop and improve new services
Deliver and measure the effectiveness of ads
Show personalized content, depending on your settings
Show personalized ads, depending on your settings
If you choose to “Reject all,” we will not use cookies for these additional purposes.
Non-personalized content is influenced by things like the content you’re currently viewing, activity in your active Search session, and your location. Non-personalized ads are influenced by the content you’re currently viewing and your general location. Personalized content and ads can also include more relevant results, recommendations, and tailored ads based on past activity from this browser, like previous Google searches. We also use cookies and data to tailor the experience to be age-appropriate, if relevant.
Select “More options” to see additional information, including details about managing your privacy settings. You can also visit g.co/privacytools at any time.
Reject all
Accept all
More options
Privacy Policy
Terms of Service",https://news.google.com/rss/articles/CBMiuwFBVV95cUxPVG8zV09sVW9neFhXVmpSd2RGYi03b250aF8yT2FJU09kTlAwbDhCeG9Cc210TmFYalUwRWdNTHlzNy1nN1VSVUJuZFFoc044Y244WU54THZPSElVWDFiTmFkdldxVmlndENVbWxONWVWVFU3VUwtWUFHUUdTbFZadmdtM0JPZVQ2SjBDQmVYaVY0SXF5bWlSUnJfcDh3QlhMTnJrYzR5T2c1ZHRCZHNiT0d0SmdLUjhwS0pN?oc=5
2024-10-15,NVDA,Nvidia,"Nvidia stock tumbles from record high on news of possible US chip export cap, ASML's dismal earnings - Yahoo Finance","EN
Sign in
Before you continue to Google
We use cookies and data to
Deliver and maintain Google services
Track outages and protect against spam, fraud, and abuse
Measure audience engagement and site statistics to understand how our services are used and enhance the quality of those services
If you choose to “Accept all,” we will also use cookies and data to
Develop and improve new services
Deliver and measure the effectiveness of ads
Show personalized content, depending on your settings
Show personalized ads, depending on your settings
If you choose to “Reject all,” we will not use cookies for these additional purposes.
Non-personalized content is influenced by things like the content you’re currently viewing, activity in your active Search session, and your location. Non-personalized ads are influenced by the content you’re currently viewing and your general location. Personalized content and ads can also include more relevant results, recommendations, and tailored ads based on past activity from this browser, like previous Google searches. We also use cookies and data to tailor the experience to be age-appropriate, if relevant.
Select “More options” to see additional information, including details about managing your privacy settings. You can also visit g.co/privacytools at any time.
Reject all
Accept all
More options
Privacy Policy
Terms of Service",https://news.google.com/rss/articles/CBMi3AFBVV95cUxPTnNMekFUNFRzSmZWbWltZjZSZUVRYnp3cU04NUFzVU1scG52Z2hJQzNHdHhwcHpPeXBsNHRWMFpCeGtzUXE1MnBaSk1UeVlBMVFrLW9tRjJnbVp2UHZORlFFbno3Y2xKV1gxNHZyVlVDcWZYY25JdGZyLUNpNF9qRUJTeDNyZW9qMlZQeHJwd2pIYUNoVDFlVTZKY1JNeUJSdUxCU28zek9la0FfOERPM2hoTTVORklwRncwUzVER01tSkt3a1ItTVdIWS1Tc2xzOFdlQmREa2pLQTEy?oc=5
2024-10-21,NVDA,Nvidia,Nvidia stock soars to fresh record as Wall Street stays bullish ahead of earnings - Yahoo Finance,"EN
Sign in
Before you continue to Google
We use cookies and data to
Deliver and maintain Google services
Track outages and protect against spam, fraud, and abuse
Measure audience engagement and site statistics to understand how our services are used and enhance the quality of those services
If you choose to “Accept all,” we will also use cookies and data to
Develop and improve new services
Deliver and measure the effectiveness of ads
Show personalized content, depending on your settings
Show personalized ads, depending on your settings
If you choose to “Reject all,” we will not use cookies for these additional purposes.
Non-personalized content is influenced by things like the content you’re currently viewing, activity in your active Search session, and your location. Non-personalized ads are influenced by the content you’re currently viewing and your general location. Personalized content and ads can also include more relevant results, recommendations, and tailored ads based on past activity from this browser, like previous Google searches. We also use cookies and data to tailor the experience to be age-appropriate, if relevant.
Select “More options” to see additional information, including details about managing your privacy settings. You can also visit g.co/privacytools at any time.
Reject all
Accept all
More options
Privacy Policy
Terms of Service",https://news.google.com/rss/articles/CBMixgFBVV95cUxOaGotMHhrVGhIVGZaSzdQaGp0Sm44Rk1uU1Zjd1NlcFpCOE5WejZWYk1XMUNPU0hwTk1Nc0ZCRmtHSDlKajRPTHpaYUlfRFRQWnB2cDJnSWhSLXdYTlEyVDdURFJHYUlhaG1lMUhRc2ROVTlIV3ZZaXktZTZsVGxRMzlGcjY4SHkzbTYzX2RjenFnV0lkcE1lNkdLbldlOWpoejgtOXBVaE1ROVVHZ1pVS2FBc1FyUlpkQ0VMUmlMTHZZdGswNXc?oc=5
2024-10-09,NVDA,Nvidia,2 Massive Reasons to Buy Nvidia Stock Before 2025 - Yahoo Finance,"EN
Sign in
Before you continue to Google
We use cookies and data to
Deliver and maintain Google services
Track outages and protect against spam, fraud, and abuse
Measure audience engagement and site statistics to understand how our services are used and enhance the quality of those services
If you choose to “Accept all,” we will also use cookies and data to
Develop and improve new services
Deliver and measure the effectiveness of ads
Show personalized content, depending on your settings
Show personalized ads, depending on your settings
If you choose to “Reject all,” we will not use cookies for these additional purposes.
Non-personalized content is influenced by things like the content you’re currently viewing, activity in your active Search session, and your location. Non-personalized ads are influenced by the content you’re currently viewing and your general location. Personalized content and ads can also include more relevant results, recommendations, and tailored ads based on past activity from this browser, like previous Google searches. We also use cookies and data to tailor the experience to be age-appropriate, if relevant.
Select “More options” to see additional information, including details about managing your privacy settings. You can also visit g.co/privacytools at any time.
Reject all
Accept all
More options
Privacy Policy
Terms of Service",https://news.google.com/rss/articles/CBMif0FVX3lxTE5xaTZiV0VDU05fTkhFZEQ1cXJDcndrLVAzckZaajFPQ0ZWYV9EdFBES09VLVNzRUlleTdlNFJYSVoyOHZuRm1sRnpndVd2bnFZQ2J4NFVDaW9NZ1ExRzFvcWE3UHRFUkNoSXB0Ul9XMzQ1VXItYlFVTzhwZGFlbjQ?oc=5
2024-10-12,NVDA,Nvidia,Should You Buy or Sell Nvidia Stock? - Yahoo Finance,"EN
Sign in
Before you continue to Google
We use cookies and data to
Deliver and maintain Google services
Track outages and protect against spam, fraud, and abuse
Measure audience engagement and site statistics to understand how our services are used and enhance the quality of those services
If you choose to “Accept all,” we will also use cookies and data to
Develop and improve new services
Deliver and measure the effectiveness of ads
Show personalized content, depending on your settings
Show personalized ads, depending on your settings
If you choose to “Reject all,” we will not use cookies for these additional purposes.
Non-personalized content is influenced by things like the content you’re currently viewing, activity in your active Search session, and your location. Non-personalized ads are influenced by the content you’re currently viewing and your general location. Personalized content and ads can also include more relevant results, recommendations, and tailored ads based on past activity from this browser, like previous Google searches. We also use cookies and data to tailor the experience to be age-appropriate, if relevant.
Select “More options” to see additional information, including details about managing your privacy settings. You can also visit g.co/privacytools at any time.
Reject all
Accept all
More options
Privacy Policy
Terms of Service",https://news.google.com/rss/articles/CBMidkFVX3lxTE1yUXRDX3BMc01jY1pKclc0ZGd2WGMycy1yNXBwQVJ6TDhZejJLZjEwaTBkWTJEX0haWlJLeWxscXlfd0djVnJmY1QtWGpxNHVKZzFfQ0FLR0I2ZkdMQ1pXclc1bHctZkRUb21VNWRFUnhYeHkzeXc?oc=5
2024-10-22,NVDA,Nvidia,NVIDIA Tops $3.5T Milestone - Good Time to Buy NVDA Stock? - Yahoo Finance,"EN
Sign in
Before you continue to Google
We use cookies and data to
Deliver and maintain Google services
Track outages and protect against spam, fraud, and abuse
Measure audience engagement and site statistics to understand how our services are used and enhance the quality of those services
If you choose to “Accept all,” we will also use cookies and data to
Develop and improve new services
Deliver and measure the effectiveness of ads
Show personalized content, depending on your settings
Show personalized ads, depending on your settings
If you choose to “Reject all,” we will not use cookies for these additional purposes.
Non-personalized content is influenced by things like the content you’re currently viewing, activity in your active Search session, and your location. Non-personalized ads are influenced by the content you’re currently viewing and your general location. Personalized content and ads can also include more relevant results, recommendations, and tailored ads based on past activity from this browser, like previous Google searches. We also use cookies and data to tailor the experience to be age-appropriate, if relevant.
Select “More options” to see additional information, including details about managing your privacy settings. You can also visit g.co/privacytools at any time.
Reject all
Accept all
More options
Privacy Policy
Terms of Service",https://news.google.com/rss/articles/CBMifEFVX3lxTFBDVUIzY0hVYi1DRE96eHk5WVRJY0ZQSVhoRi1ZSV93UUJlRXhqbThER2xiQUZGOGdSdEhzRDFpUVpZZWJvNzllY08yeEp5cTJhR1VIS05icnFuLUpMc2dZTHp3bHFkZWNBZW9hOWNSNHNkaXhMNU1pZVVLaEQ?oc=5
2024-10-16,NVDA,Nvidia,Is the Nvidia stock sell-off done? - Yahoo Finance,"EN
Sign in
Before you continue to Google
We use cookies and data to
Deliver and maintain Google services
Track outages and protect against spam, fraud, and abuse
Measure audience engagement and site statistics to understand how our services are used and enhance the quality of those services
If you choose to “Accept all,” we will also use cookies and data to
Develop and improve new services
Deliver and measure the effectiveness of ads
Show personalized content, depending on your settings
Show personalized ads, depending on your settings
If you choose to “Reject all,” we will not use cookies for these additional purposes.
Non-personalized content is influenced by things like the content you’re currently viewing, activity in your active Search session, and your location. Non-personalized ads are influenced by the content you’re currently viewing and your general location. Personalized content and ads can also include more relevant results, recommendations, and tailored ads based on past activity from this browser, like previous Google searches. We also use cookies and data to tailor the experience to be age-appropriate, if relevant.
Select “More options” to see additional information, including details about managing your privacy settings. You can also visit g.co/privacytools at any time.
Reject all
Accept all
More options
Privacy Policy
Terms of Service",https://news.google.com/rss/articles/CBMifkFVX3lxTE5VTXEwMkpacV9IQ1AwdzZsY0I0UTgxYmhjMURhelBodV9qNFlCQUpmQmdoZTV5a2F3Ulg5QmduR0U2N243TTFDaDVfZU0tN2tvY0dXS0pZTW4tdE92QkJwU25ETEp1Q3Rhd2hQOU9NaXREOW5NX2hPNFRDMlJ4QQ?oc=5
2024-10-23,NVDA,Nvidia,"Nvidia stock is still undervalued, BofA analyst argues - Yahoo Finance","EN
Sign in
Before you continue to Google
We use cookies and data to
Deliver and maintain Google services
Track outages and protect against spam, fraud, and abuse
Measure audience engagement and site statistics to understand how our services are used and enhance the quality of those services
If you choose to “Accept all,” we will also use cookies and data to
Develop and improve new services
Deliver and measure the effectiveness of ads
Show personalized content, depending on your settings
Show personalized ads, depending on your settings
If you choose to “Reject all,” we will not use cookies for these additional purposes.
Non-personalized content is influenced by things like the content you’re currently viewing, activity in your active Search session, and your location. Non-personalized ads are influenced by the content you’re currently viewing and your general location. Personalized content and ads can also include more relevant results, recommendations, and tailored ads based on past activity from this browser, like previous Google searches. We also use cookies and data to tailor the experience to be age-appropriate, if relevant.
Select “More options” to see additional information, including details about managing your privacy settings. You can also visit g.co/privacytools at any time.
Reject all
Accept all
More options
Privacy Policy
Terms of Service",https://news.google.com/rss/articles/CBMioAFBVV95cUxPeFYtWWVVTXdLXzFEdkhtbTZCQjZpMlFualQwM3RyaEFSWjZuU3hDdkk1SHBya3ZXOEV4ckZpZ0oxVmZWaE0tM0hQYjBydExXUldMSzNnS0JkU0VlSDRpUFlBUWdUa0ExSmdjeFFHM3p3azJxVHdnVW50cUwwVTVIdlctakdlRk5oVHA5V19LWDh4TEhDeDVQeEowek1GMVBR?oc=5
2024-10-22,NVDA,Nvidia,"Analysts Boost Nvidia's Stock Outlook, Predict 28% Upsurge - Yahoo Finance","EN
Sign in
Before you continue to Google
We use cookies and data to
Deliver and maintain Google services
Track outages and protect against spam, fraud, and abuse
Measure audience engagement and site statistics to understand how our services are used and enhance the quality of those services
If you choose to “Accept all,” we will also use cookies and data to
Develop and improve new services
Deliver and measure the effectiveness of ads
Show personalized content, depending on your settings
Show personalized ads, depending on your settings
If you choose to “Reject all,” we will not use cookies for these additional purposes.
Non-personalized content is influenced by things like the content you’re currently viewing, activity in your active Search session, and your location. Non-personalized ads are influenced by the content you’re currently viewing and your general location. Personalized content and ads can also include more relevant results, recommendations, and tailored ads based on past activity from this browser, like previous Google searches. We also use cookies and data to tailor the experience to be age-appropriate, if relevant.
Select “More options” to see additional information, including details about managing your privacy settings. You can also visit g.co/privacytools at any time.
Reject all
Accept all
More options
Privacy Policy
Terms of Service",https://news.google.com/rss/articles/CBMiigFBVV95cUxOV2RkdnBVVlFOakRtcnQtOWN2WTY1RXZRZ3Z3ZnhGa29vNl9BVktJSktUWmlEbjRFWmdpYjF4NDdYckVzQnlQdURXejVXa0lOamV3QnlTOFlnM2hHVXZOMzJIUmxIbi1oemRFS0xLd1pMazBPdmt4YkJfYVFqN3cwc2hvTmZ2Q2xmakE?oc=5
2024-10-22,NVDA,Nvidia,Nvidia Stock Hits All-Time Highs: Here's How Much Nancy Pelosi's 500 Call Options Are Worth Today - Yahoo Finance,"EN
Sign in
Before you continue to Google
We use cookies and data to
Deliver and maintain Google services
Track outages and protect against spam, fraud, and abuse
Measure audience engagement and site statistics to understand how our services are used and enhance the quality of those services
If you choose to “Accept all,” we will also use cookies and data to
Develop and improve new services
Deliver and measure the effectiveness of ads
Show personalized content, depending on your settings
Show personalized ads, depending on your settings
If you choose to “Reject all,” we will not use cookies for these additional purposes.
Non-personalized content is influenced by things like the content you’re currently viewing, activity in your active Search session, and your location. Non-personalized ads are influenced by the content you’re currently viewing and your general location. Personalized content and ads can also include more relevant results, recommendations, and tailored ads based on past activity from this browser, like previous Google searches. We also use cookies and data to tailor the experience to be age-appropriate, if relevant.
Select “More options” to see additional information, including details about managing your privacy settings. You can also visit g.co/privacytools at any time.
Reject all
Accept all
More options
Privacy Policy
Terms of Service",https://news.google.com/rss/articles/CBMif0FVX3lxTFBLamRad0JlcGRXR1RHTHRaWWZZYmdsM1NkdzExeGlFMktPQkJmSVhDRE9mU2ltVGxEZlRXbjVHTFhoaHdqd0EtclZlSDdqOTUxSkRmVk83bjhJa2hvdWFEdDNDajNwVUVpb21Xb2YzMjY3TkQyNkNRdjNXWFo2TTA?oc=5
2024-11-20,NVDA,Nvidia,NVIDIA Announces Financial Results for Third Quarter Fiscal 2025 - NVIDIA Newsroom,"EN
Sign in
Before you continue to Google
We use cookies and data to
Deliver and maintain Google services
Track outages and protect against spam, fraud, and abuse
Measure audience engagement and site statistics to understand how our services are used and enhance the quality of those services
If you choose to “Accept all,” we will also use cookies and data to
Develop and improve new services
Deliver and measure the effectiveness of ads
Show personalized content, depending on your settings
Show personalized ads, depending on your settings
If you choose to “Reject all,” we will not use cookies for these additional purposes.
Non-personalized content is influenced by things like the content you’re currently viewing, activity in your active Search session, and your location. Non-personalized ads are influenced by the content you’re currently viewing and your general location. Personalized content and ads can also include more relevant results, recommendations, and tailored ads based on past activity from this browser, like previous Google searches. We also use cookies and data to tailor the experience to be age-appropriate, if relevant.
Select “More options” to see additional information, including details about managing your privacy settings. You can also visit g.co/privacytools at any time.
Reject all
Accept all
More options
Privacy Policy
Terms of Service",https://news.google.com/rss/articles/CBMioAFBVV95cUxORVRTS0xyVXRjd2h5M1VLZ3B1aWpaVkd6WWtWR2dNcjNMQ1hzaTdLZ1B1OVJkcjFQWm5wcXdnc3hTU1dGUVJFMUpOMXAxZFFxNFZqcEhRbHcxTGxfVXU5Um5FM29CaGtDMlppMVZWYmJ5NjBOT0MxSTNQb0lPSFJ1TzNyU1RaZFMxRU45RTNrRTZnNUZhLVgtODI0d1BJaEdI?oc=5
2024-11-07,NVDA,Nvidia,What's going on with Nvidia stock and the booming AI market? - TechTarget,"EN
Sign in
Before you continue to Google
We use cookies and data to
Deliver and maintain Google services
Track outages and protect against spam, fraud, and abuse
Measure audience engagement and site statistics to understand how our services are used and enhance the quality of those services
If you choose to “Accept all,” we will also use cookies and data to
Develop and improve new services
Deliver and measure the effectiveness of ads
Show personalized content, depending on your settings
Show personalized ads, depending on your settings
If you choose to “Reject all,” we will not use cookies for these additional purposes.
Non-personalized content is influenced by things like the content you’re currently viewing, activity in your active Search session, and your location. Non-personalized ads are influenced by the content you’re currently viewing and your general location. Personalized content and ads can also include more relevant results, recommendations, and tailored ads based on past activity from this browser, like previous Google searches. We also use cookies and data to tailor the experience to be age-appropriate, if relevant.
Select “More options” to see additional information, including details about managing your privacy settings. You can also visit g.co/privacytools at any time.
Reject all
Accept all
More options
Privacy Policy
Terms of Service",https://news.google.com/rss/articles/CBMiogFBVV95cUxOYjg5NDVKSldQcjNPaWJ2NjZoTnp6YWhkbmZ6UUNfM3NTSjZEVktLSHhEcjM3djBQYThmd0pudy1XV3hubERiYmlOLVNlWVkwVENIQU5iYUFEcGZTeDJFLVpvNHhBM0dLTDJ4N1I3U09HN1lhSU5xQUFYNWc0dDZiYTl6clNGZmMxT1czN2lXdzg2cHBTaDlOcFJkN2U1SUFaM0E?oc=5
2024-11-14,NVDA,Nvidia,Nvidia Stock In Focus As Analysts Boost Price Targets For AI Chip Giant - Investor's Business Daily,"EN
Sign in
Before you continue to Google
We use cookies and data to
Deliver and maintain Google services
Track outages and protect against spam, fraud, and abuse
Measure audience engagement and site statistics to understand how our services are used and enhance the quality of those services
If you choose to “Accept all,” we will also use cookies and data to
Develop and improve new services
Deliver and measure the effectiveness of ads
Show personalized content, depending on your settings
Show personalized ads, depending on your settings
If you choose to “Reject all,” we will not use cookies for these additional purposes.
Non-personalized content is influenced by things like the content you’re currently viewing, activity in your active Search session, and your location. Non-personalized ads are influenced by the content you’re currently viewing and your general location. Personalized content and ads can also include more relevant results, recommendations, and tailored ads based on past activity from this browser, like previous Google searches. We also use cookies and data to tailor the experience to be age-appropriate, if relevant.
Select “More options” to see additional information, including details about managing your privacy settings. You can also visit g.co/privacytools at any time.
Reject all
Accept all
More options
Privacy Policy
Terms of Service",https://news.google.com/rss/articles/CBMilwFBVV95cUxPd3BHWGczS1FVZWVicFBsRlhZRXE2d1Ixc1dRVGY5amhyeWdKelJ4OU45Z016YkFZSUEyVkNaUW83LVdUczB5Yi1CUEU4VC1EVnVnNlhvXzRfVXpEVGZHb2RfZTBncFVwWmpxTXpiclJxZ0J0ZjM5VEJnb2xPdm9BZ0ZRRlNuTUJCSlRRM1k1RUIwQ0ZHRkVZ?oc=5
2024-11-02,NVDA,Nvidia,Investors love Nvidia. But recent buyers are taking a far greater risk than they realize - Fortune,"EN
Sign in
Before you continue to Google
We use cookies and data to
Deliver and maintain Google services
Track outages and protect against spam, fraud, and abuse
Measure audience engagement and site statistics to understand how our services are used and enhance the quality of those services
If you choose to “Accept all,” we will also use cookies and data to
Develop and improve new services
Deliver and measure the effectiveness of ads
Show personalized content, depending on your settings
Show personalized ads, depending on your settings
If you choose to “Reject all,” we will not use cookies for these additional purposes.
Non-personalized content is influenced by things like the content you’re currently viewing, activity in your active Search session, and your location. Non-personalized ads are influenced by the content you’re currently viewing and your general location. Personalized content and ads can also include more relevant results, recommendations, and tailored ads based on past activity from this browser, like previous Google searches. We also use cookies and data to tailor the experience to be age-appropriate, if relevant.
Select “More options” to see additional information, including details about managing your privacy settings. You can also visit g.co/privacytools at any time.
Reject all
Accept all
More options
Privacy Policy
Terms of Service",https://news.google.com/rss/articles/CBMickFVX3lxTFBidkx5RWxnVWJ4TVIyUkRJejNUY1FtdlYyWG1jNTYwTU55M2ZONHNMMUhYSDc1Q0VoWVlKQWh4eHN0REVBN2hUYmlldTdzZHRzb0s4b1JYX0thRGJjMmRDU2J1MmRFMEh3cUNMbXV2dG1rUQ?oc=5
2024-11-16,NVDA,Nvidia,Where Will Nvidia Stock Be in 1 Year? - Yahoo Finance,"EN
Sign in
Before you continue to Google
We use cookies and data to
Deliver and maintain Google services
Track outages and protect against spam, fraud, and abuse
Measure audience engagement and site statistics to understand how our services are used and enhance the quality of those services
If you choose to “Accept all,” we will also use cookies and data to
Develop and improve new services
Deliver and measure the effectiveness of ads
Show personalized content, depending on your settings
Show personalized ads, depending on your settings
If you choose to “Reject all,” we will not use cookies for these additional purposes.
Non-personalized content is influenced by things like the content you’re currently viewing, activity in your active Search session, and your location. Non-personalized ads are influenced by the content you’re currently viewing and your general location. Personalized content and ads can also include more relevant results, recommendations, and tailored ads based on past activity from this browser, like previous Google searches. We also use cookies and data to tailor the experience to be age-appropriate, if relevant.
Select “More options” to see additional information, including details about managing your privacy settings. You can also visit g.co/privacytools at any time.
Reject all
Accept all
More options
Privacy Policy
Terms of Service",https://news.google.com/rss/articles/CBMidEFVX3lxTE1CcjBFaEJKcktfQXE3M0FxRGpUNG5TUlM0QVRyYnMxZDdSTmdsZmlIZndVVFd0NXdKSUxwN1hvd2FJbDN3aFFEOFNGS2hCMHhjOHBFM1ExdFVVci1ya2o2X2U2Zk03WlE0NXkwQU9JUlhfdjM1?oc=5
2024-11-05,NVDA,Nvidia,Nvidia Stock Surges To Regain Position as World's Most Valuable Company - Investopedia,"EN
Sign in
Before you continue to Google
We use cookies and data to
Deliver and maintain Google services
Track outages and protect against spam, fraud, and abuse
Measure audience engagement and site statistics to understand how our services are used and enhance the quality of those services
If you choose to “Accept all,” we will also use cookies and data to
Develop and improve new services
Deliver and measure the effectiveness of ads
Show personalized content, depending on your settings
Show personalized ads, depending on your settings
If you choose to “Reject all,” we will not use cookies for these additional purposes.
Non-personalized content is influenced by things like the content you’re currently viewing, activity in your active Search session, and your location. Non-personalized ads are influenced by the content you’re currently viewing and your general location. Personalized content and ads can also include more relevant results, recommendations, and tailored ads based on past activity from this browser, like previous Google searches. We also use cookies and data to tailor the experience to be age-appropriate, if relevant.
Select “More options” to see additional information, including details about managing your privacy settings. You can also visit g.co/privacytools at any time.
Reject all
Accept all
More options
Privacy Policy
Terms of Service",https://news.google.com/rss/articles/CBMiogFBVV95cUxPa1dNNHgweVRmc1VDMTZNSWJmd3BzVnRWRlJVdGp6R1R1Mi1fSmhIVnVoZWNDajFiWWR4enY0SzRWZGdUZE5wXzhtaGpaeGYwdVNYb054aU9ZTVlTUGI4ejJtdUJkZm4zaFdkRUR6TWp3dlc3X0Z0bUNGN2hrM1dtWFVPODYxNjVzMFFrS01IZW5KN2JORTNBSXNDVVdaUERYbFE?oc=5
2024-11-15,NVDA,Nvidia,Wall St Week Ahead Nvidia results in focus as stock market's election boost stalls - Reuters,"EN
Sign in
Before you continue to Google
We use cookies and data to
Deliver and maintain Google services
Track outages and protect against spam, fraud, and abuse
Measure audience engagement and site statistics to understand how our services are used and enhance the quality of those services
If you choose to “Accept all,” we will also use cookies and data to
Develop and improve new services
Deliver and measure the effectiveness of ads
Show personalized content, depending on your settings
Show personalized ads, depending on your settings
If you choose to “Reject all,” we will not use cookies for these additional purposes.
Non-personalized content is influenced by things like the content you’re currently viewing, activity in your active Search session, and your location. Non-personalized ads are influenced by the content you’re currently viewing and your general location. Personalized content and ads can also include more relevant results, recommendations, and tailored ads based on past activity from this browser, like previous Google searches. We also use cookies and data to tailor the experience to be age-appropriate, if relevant.
Select “More options” to see additional information, including details about managing your privacy settings. You can also visit g.co/privacytools at any time.
Reject all
Accept all
More options
Privacy Policy
Terms of Service",https://news.google.com/rss/articles/CBMivwFBVV95cUxQcDkwWE94T29jbjB5Vk5qZ194eG5mZm1yNkNyOWFmOWx0Y3FBSHBMbnc0VC1Fa2xQV0ZaLTNIbTYyb29KeXVNaFJ0X2ljVE5vMUczOE1pVkF2LWlMdFZQSjhPMkkwRFhWc1F5Q2hldGlwSEdzM0NNRFFNa1RCR3o0ZHRkajdKTjFtTEY5RkpkTEc1YU1JNkFnNUJtTGk5em9ZN2RnM0NlVGVFMTJQaHFRN3BwY2xDRjVQR19RNFFTTQ?oc=5
2024-11-21,NVDA,Nvidia,Raising Fair Value for Nvidia Stock After Outstanding Earnings - Morningstar,"EN
Sign in
Before you continue to Google
We use cookies and data to
Deliver and maintain Google services
Track outages and protect against spam, fraud, and abuse
Measure audience engagement and site statistics to understand how our services are used and enhance the quality of those services
If you choose to “Accept all,” we will also use cookies and data to
Develop and improve new services
Deliver and measure the effectiveness of ads
Show personalized content, depending on your settings
Show personalized ads, depending on your settings
If you choose to “Reject all,” we will not use cookies for these additional purposes.
Non-personalized content is influenced by things like the content you’re currently viewing, activity in your active Search session, and your location. Non-personalized ads are influenced by the content you’re currently viewing and your general location. Personalized content and ads can also include more relevant results, recommendations, and tailored ads based on past activity from this browser, like previous Google searches. We also use cookies and data to tailor the experience to be age-appropriate, if relevant.
Select “More options” to see additional information, including details about managing your privacy settings. You can also visit g.co/privacytools at any time.
Reject all
Accept all
More options
Privacy Policy
Terms of Service",https://news.google.com/rss/articles/CBMikAFBVV95cUxPdzhyRVZOZjBpd0puVC1OUkpKYXZjRHBEQmhtd3RCS0pmNGpTMGROQkZJLUJDeTlfNUpJQk9GclhubjdrTmJFNUdwaElTOGd3SjVaRHJEMHpLRC11ZEc0MlJ3eTBRNmY3Q3dtSHlPdktmUDRoNGJBMzI0Mk9CSDl2TFI2aVR5U3RjdHJYYkJCTWo?oc=5
2024-11-07,NVDA,Nvidia,How To Earn $500 A Month From Nvidia Stock After Trump Win - Yahoo Finance,"EN
Sign in
Before you continue to Google
We use cookies and data to
Deliver and maintain Google services
Track outages and protect against spam, fraud, and abuse
Measure audience engagement and site statistics to understand how our services are used and enhance the quality of those services
If you choose to “Accept all,” we will also use cookies and data to
Develop and improve new services
Deliver and measure the effectiveness of ads
Show personalized content, depending on your settings
Show personalized ads, depending on your settings
If you choose to “Reject all,” we will not use cookies for these additional purposes.
Non-personalized content is influenced by things like the content you’re currently viewing, activity in your active Search session, and your location. Non-personalized ads are influenced by the content you’re currently viewing and your general location. Personalized content and ads can also include more relevant results, recommendations, and tailored ads based on past activity from this browser, like previous Google searches. We also use cookies and data to tailor the experience to be age-appropriate, if relevant.
Select “More options” to see additional information, including details about managing your privacy settings. You can also visit g.co/privacytools at any time.
Reject all
Accept all
More options
Privacy Policy
Terms of Service",https://news.google.com/rss/articles/CBMifkFVX3lxTFAtUmpiVjFrQUJ4VW1qRzZac0d2RmZFUUw1UjVaaVE0Z28zaGgtOElMRDlnenhNcnEyelZVT2RxYUZCMmRvZTVGZnRSWTA2ZUlQNTV2YndWTGlmclAxV0k4OTFBV3BrZm9IZnZPVjNxZXl2ZEJJc0dOQzZyTDlyUQ?oc=5
2024-11-12,NVDA,Nvidia,Analysts Are Bullish on Nvidia Stock Ahead of Earnings Next Week - Investopedia,"EN
Sign in
Before you continue to Google
We use cookies and data to
Deliver and maintain Google services
Track outages and protect against spam, fraud, and abuse
Measure audience engagement and site statistics to understand how our services are used and enhance the quality of those services
If you choose to “Accept all,” we will also use cookies and data to
Develop and improve new services
Deliver and measure the effectiveness of ads
Show personalized content, depending on your settings
Show personalized ads, depending on your settings
If you choose to “Reject all,” we will not use cookies for these additional purposes.
Non-personalized content is influenced by things like the content you’re currently viewing, activity in your active Search session, and your location. Non-personalized ads are influenced by the content you’re currently viewing and your general location. Personalized content and ads can also include more relevant results, recommendations, and tailored ads based on past activity from this browser, like previous Google searches. We also use cookies and data to tailor the experience to be age-appropriate, if relevant.
Select “More options” to see additional information, including details about managing your privacy settings. You can also visit g.co/privacytools at any time.
Reject all
Accept all
More options
Privacy Policy
Terms of Service",https://news.google.com/rss/articles/CBMingFBVV95cUxNSERPLTFIVGhzSE1sUHBmeXE1VS1iLVhrME42dEJuZ1JWRzdiajJORm5QYkp4SVVkWnkzQUZIWWVIYV91b0ZlVWlfZk9XeGRHSTFwWU9MZHRJV3FxUm13VzBfRVJMT3JqVUVXUW91bTNfWGc3REFtWWhlSTJSU1ZxZkEwb2diWnBnNTdTWUQyZlByaG10ajJGTXh5MTg5UQ?oc=5
2024-10-27,NVDA,Nvidia,Nvidia Stock’s (NVDA) Sky-High Valuation: What is Priced In? - Yahoo Finance,"EN
Sign in
Before you continue to Google
We use cookies and data to
Deliver and maintain Google services
Track outages and protect against spam, fraud, and abuse
Measure audience engagement and site statistics to understand how our services are used and enhance the quality of those services
If you choose to “Accept all,” we will also use cookies and data to
Develop and improve new services
Deliver and measure the effectiveness of ads
Show personalized content, depending on your settings
Show personalized ads, depending on your settings
If you choose to “Reject all,” we will not use cookies for these additional purposes.
Non-personalized content is influenced by things like the content you’re currently viewing, activity in your active Search session, and your location. Non-personalized ads are influenced by the content you’re currently viewing and your general location. Personalized content and ads can also include more relevant results, recommendations, and tailored ads based on past activity from this browser, like previous Google searches. We also use cookies and data to tailor the experience to be age-appropriate, if relevant.
Select “More options” to see additional information, including details about managing your privacy settings. You can also visit g.co/privacytools at any time.
Reject all
Accept all
More options
Privacy Policy
Terms of Service",https://news.google.com/rss/articles/CBMifEFVX3lxTE5HamREWndTT1lyYm5kNmJWSjNmYmxETEIyZTg2OEpsWUpVTzA0TWNfVWFaeFBkTURnZjRiSGlfa0FqOWJDQ0hWNlhZTi1PVkMtUXBFM0hlRUJMQ05LdDRNeWxGMHJwSjFtVDZFUkR3THdJbVZHYVFVUVZkdU8?oc=5
2024-11-21,NVDA,Nvidia,Nvidia Stock Price Levels to Watch After Earnings Top Expectations - Investopedia,"EN
Sign in
Before you continue to Google
We use cookies and data to
Deliver and maintain Google services
Track outages and protect against spam, fraud, and abuse
Measure audience engagement and site statistics to understand how our services are used and enhance the quality of those services
If you choose to “Accept all,” we will also use cookies and data to
Develop and improve new services
Deliver and measure the effectiveness of ads
Show personalized content, depending on your settings
Show personalized ads, depending on your settings
If you choose to “Reject all,” we will not use cookies for these additional purposes.
Non-personalized content is influenced by things like the content you’re currently viewing, activity in your active Search session, and your location. Non-personalized ads are influenced by the content you’re currently viewing and your general location. Personalized content and ads can also include more relevant results, recommendations, and tailored ads based on past activity from this browser, like previous Google searches. We also use cookies and data to tailor the experience to be age-appropriate, if relevant.
Select “More options” to see additional information, including details about managing your privacy settings. You can also visit g.co/privacytools at any time.
Reject all
Accept all
More options
Privacy Policy
Terms of Service",https://news.google.com/rss/articles/CBMipgFBVV95cUxQLTdpek5kOGZ2LVBab2pUTHBHcWRvcUpZUzlnUUdfclh1djYxYUFwano0TElBT25JdE1OWlBySktsb29zQjdld0xiVHVnZ0JvX1lBRkh6ZFI4cURPMmFqQ3hRUkpjMElLN2dQaWh4SU11QmJ5X0llQzhWOUExMlJPNmVnN09XQ25hVUdVLTVidVNKVEN2T0RkWDl6N2gyUGFzMFNWUS1n?oc=5
2024-10-29,NVDA,Nvidia,Is Nvidia Stock Worth $3.5 Trillion? The Math Behind the Madness - Yahoo Finance,"EN
Sign in
Before you continue to Google
We use cookies and data to
Deliver and maintain Google services
Track outages and protect against spam, fraud, and abuse
Measure audience engagement and site statistics to understand how our services are used and enhance the quality of those services
If you choose to “Accept all,” we will also use cookies and data to
Develop and improve new services
Deliver and measure the effectiveness of ads
Show personalized content, depending on your settings
Show personalized ads, depending on your settings
If you choose to “Reject all,” we will not use cookies for these additional purposes.
Non-personalized content is influenced by things like the content you’re currently viewing, activity in your active Search session, and your location. Non-personalized ads are influenced by the content you’re currently viewing and your general location. Personalized content and ads can also include more relevant results, recommendations, and tailored ads based on past activity from this browser, like previous Google searches. We also use cookies and data to tailor the experience to be age-appropriate, if relevant.
Select “More options” to see additional information, including details about managing your privacy settings. You can also visit g.co/privacytools at any time.
Reject all
Accept all
More options
Privacy Policy
Terms of Service",https://news.google.com/rss/articles/CBMid0FVX3lxTE1wSWJrTThWZjkzc3M2bDY4aDUtWlVyOTYtdnlhWU01TFlZSnpiNExlVm9MeU9PMVZnTW1MZlhFbTdrRDBYM3R6dG10QlhFdG54cjh6U1Q4OHBuWFpaY05va19GclRpbE5WWjNPVUxOUVllVWNJMkpR?oc=5
2024-11-06,NVDA,Nvidia,Nvidia Stock Prices to Watch as AI Darling Becomes World's Most Valuable Company - Investopedia,"EN
Sign in
Before you continue to Google
We use cookies and data to
Deliver and maintain Google services
Track outages and protect against spam, fraud, and abuse
Measure audience engagement and site statistics to understand how our services are used and enhance the quality of those services
If you choose to “Accept all,” we will also use cookies and data to
Develop and improve new services
Deliver and measure the effectiveness of ads
Show personalized content, depending on your settings
Show personalized ads, depending on your settings
If you choose to “Reject all,” we will not use cookies for these additional purposes.
Non-personalized content is influenced by things like the content you’re currently viewing, activity in your active Search session, and your location. Non-personalized ads are influenced by the content you’re currently viewing and your general location. Personalized content and ads can also include more relevant results, recommendations, and tailored ads based on past activity from this browser, like previous Google searches. We also use cookies and data to tailor the experience to be age-appropriate, if relevant.
Select “More options” to see additional information, including details about managing your privacy settings. You can also visit g.co/privacytools at any time.
Reject all
Accept all
More options
Privacy Policy
Terms of Service",https://news.google.com/rss/articles/CBMi0gFBVV95cUxNbk5OR0dETWNCRW9MdWhKV0FyamlNVmsyeS1QRlQ0MG4yTFVRc3dCQmVoMV9JQUpqcFNqME9DSkk5cW9xN1hYOXZtYXNybktPRy1QNERkLUdxdDVzYi11RHl2YVZDbnFuN2tnNUl6cnpTV1ZaZmdHYUFDZlpDSlJYaWVBcFlJN1RXSUJSRHBuM1J1SE9mdHFHLU1aV0Z5YkZ6djhlUGlPZmtnenNtTS1EQ1YybE1MT1dBdUpQa0pzUXl0X2g2OFJWQTRFTUh2bkQ5enc?oc=5
2024-11-19,NVDA,Nvidia,Analysts update Nvidia stock price target ahead of earnings - Yahoo Finance,"EN
Sign in
Before you continue to Google
We use cookies and data to
Deliver and maintain Google services
Track outages and protect against spam, fraud, and abuse
Measure audience engagement and site statistics to understand how our services are used and enhance the quality of those services
If you choose to “Accept all,” we will also use cookies and data to
Develop and improve new services
Deliver and measure the effectiveness of ads
Show personalized content, depending on your settings
Show personalized ads, depending on your settings
If you choose to “Reject all,” we will not use cookies for these additional purposes.
Non-personalized content is influenced by things like the content you’re currently viewing, activity in your active Search session, and your location. Non-personalized ads are influenced by the content you’re currently viewing and your general location. Personalized content and ads can also include more relevant results, recommendations, and tailored ads based on past activity from this browser, like previous Google searches. We also use cookies and data to tailor the experience to be age-appropriate, if relevant.
Select “More options” to see additional information, including details about managing your privacy settings. You can also visit g.co/privacytools at any time.
Reject all
Accept all
More options
Privacy Policy
Terms of Service",https://news.google.com/rss/articles/CBMihwFBVV95cUxQN3JDd1l2YVhJeU82VzhxNUVWMW90T2NZODZZTTNMR1ctR0xaUTRBRE5BbzIydVZkM25CcG81MmJsSG0wNGRzSzMwUEFXM1dodm9aUjBpN1V1SzFuQUY5dk5QMTlvOU1OOVhGOEJJTHQ3cFcwNnMzdVNrM3EtN1ZVUGhyVXRIaDQ?oc=5
2024-11-02,NVDA,Nvidia,Think Nvidia Stock Is Expensive? This Chart Might Change Your Mind - Yahoo Finance,"EN
Sign in
Before you continue to Google
We use cookies and data to
Deliver and maintain Google services
Track outages and protect against spam, fraud, and abuse
Measure audience engagement and site statistics to understand how our services are used and enhance the quality of those services
If you choose to “Accept all,” we will also use cookies and data to
Develop and improve new services
Deliver and measure the effectiveness of ads
Show personalized content, depending on your settings
Show personalized ads, depending on your settings
If you choose to “Reject all,” we will not use cookies for these additional purposes.
Non-personalized content is influenced by things like the content you’re currently viewing, activity in your active Search session, and your location. Non-personalized ads are influenced by the content you’re currently viewing and your general location. Personalized content and ads can also include more relevant results, recommendations, and tailored ads based on past activity from this browser, like previous Google searches. We also use cookies and data to tailor the experience to be age-appropriate, if relevant.
Select “More options” to see additional information, including details about managing your privacy settings. You can also visit g.co/privacytools at any time.
Reject all
Accept all
More options
Privacy Policy
Terms of Service",https://news.google.com/rss/articles/CBMihwFBVV95cUxObmRJWXNqVmRlS2dPS29QMk9fX0U3LV9XZlNhcFVxYlpFYU9GX2RpdGRYWXR5VlBKRnA3LWJaVmxTX2FQWUxtdXVVTXI1S0tyYmpXVTRQZXRLelZQaENWMlN6eHAzd0tHTGFncnIzWDRELVFCWVhrcmdqcnhIb0R4bkkxZEZocXM?oc=5
2024-11-06,NVDA,Nvidia,Why Nvidia Stock Rallied to a New All-Time High on Wednesday - Yahoo Finance,"EN
Sign in
Before you continue to Google
We use cookies and data to
Deliver and maintain Google services
Track outages and protect against spam, fraud, and abuse
Measure audience engagement and site statistics to understand how our services are used and enhance the quality of those services
If you choose to “Accept all,” we will also use cookies and data to
Develop and improve new services
Deliver and measure the effectiveness of ads
Show personalized content, depending on your settings
Show personalized ads, depending on your settings
If you choose to “Reject all,” we will not use cookies for these additional purposes.
Non-personalized content is influenced by things like the content you’re currently viewing, activity in your active Search session, and your location. Non-personalized ads are influenced by the content you’re currently viewing and your general location. Personalized content and ads can also include more relevant results, recommendations, and tailored ads based on past activity from this browser, like previous Google searches. We also use cookies and data to tailor the experience to be age-appropriate, if relevant.
Select “More options” to see additional information, including details about managing your privacy settings. You can also visit g.co/privacytools at any time.
Reject all
Accept all
More options
Privacy Policy
Terms of Service",https://news.google.com/rss/articles/CBMigAFBVV95cUxPXzZNOGJOeHhSQnVKZXJ5VzE3X2N1UmUxUHl0QTEzcDNTeXY5cko0OENISFlUVGp1M2FOY2FpcjBGcXZDazFRZmotVDFmM1NkMFR5YXhyYkxFSHIwdy1hci1CcXhwRk5oQW9EcEdMUkRJNEprZWMybVNOWnM4bXR4Nw?oc=5
2024-11-16,NVDA,Nvidia,Prediction: Nvidia Stock Is Going to Stall Out on Nov. 20 - Yahoo Finance,"EN
Sign in
Before you continue to Google
We use cookies and data to
Deliver and maintain Google services
Track outages and protect against spam, fraud, and abuse
Measure audience engagement and site statistics to understand how our services are used and enhance the quality of those services
If you choose to “Accept all,” we will also use cookies and data to
Develop and improve new services
Deliver and measure the effectiveness of ads
Show personalized content, depending on your settings
Show personalized ads, depending on your settings
If you choose to “Reject all,” we will not use cookies for these additional purposes.
Non-personalized content is influenced by things like the content you’re currently viewing, activity in your active Search session, and your location. Non-personalized ads are influenced by the content you’re currently viewing and your general location. Personalized content and ads can also include more relevant results, recommendations, and tailored ads based on past activity from this browser, like previous Google searches. We also use cookies and data to tailor the experience to be age-appropriate, if relevant.
Select “More options” to see additional information, including details about managing your privacy settings. You can also visit g.co/privacytools at any time.
Reject all
Accept all
More options
Privacy Policy
Terms of Service",https://news.google.com/rss/articles/CBMiiAFBVV95cUxNMUlyRnh0b0doOEhMUWRRTy01bkY5cms3aXVSNmQ3VTg2U1BXeWpMbUVZalp5dUY0QXdfOFdNSGxhT1pIYURQTGdDZ3Y2V3pZcmVqc2IzaWdxWjgzQ09mT2pxaGhsOVRLUndLQUk0cDZRM3I4dERHOTRfUy1Jako4MUFLaFBZbHZN?oc=5
2024-11-18,NVDA,Nvidia,Nvidia Stock Has Done This After Its Last Four Quarterly Results. Here's What It May Do After Nov. 20 - Yahoo Finance,"EN
Sign in
Before you continue to Google
We use cookies and data to
Deliver and maintain Google services
Track outages and protect against spam, fraud, and abuse
Measure audience engagement and site statistics to understand how our services are used and enhance the quality of those services
If you choose to “Accept all,” we will also use cookies and data to
Develop and improve new services
Deliver and measure the effectiveness of ads
Show personalized content, depending on your settings
Show personalized ads, depending on your settings
If you choose to “Reject all,” we will not use cookies for these additional purposes.
Non-personalized content is influenced by things like the content you’re currently viewing, activity in your active Search session, and your location. Non-personalized ads are influenced by the content you’re currently viewing and your general location. Personalized content and ads can also include more relevant results, recommendations, and tailored ads based on past activity from this browser, like previous Google searches. We also use cookies and data to tailor the experience to be age-appropriate, if relevant.
Select “More options” to see additional information, including details about managing your privacy settings. You can also visit g.co/privacytools at any time.
Reject all
Accept all
More options
Privacy Policy
Terms of Service",https://news.google.com/rss/articles/CBMifkFVX3lxTE9ZVlFXSXBiWmVfYzFncExGSDllOW9JWmQtUGxOb2RYMi1lXzlqQUVwdjVnWThCcllRTDN3cXZodHhydTJjYl9XYlhGTW1zVnFwMVFOdlFYTTFqQUJ4T0RNRVdrWGEzV2RaYzA0V2c3T0pBa0syblpBLU12MzJJdw?oc=5
2024-11-10,NVDA,Nvidia,Trump presidency likely won't be a problem for Nvidia's stock - Yahoo Finance,"EN
Sign in
Before you continue to Google
We use cookies and data to
Deliver and maintain Google services
Track outages and protect against spam, fraud, and abuse
Measure audience engagement and site statistics to understand how our services are used and enhance the quality of those services
If you choose to “Accept all,” we will also use cookies and data to
Develop and improve new services
Deliver and measure the effectiveness of ads
Show personalized content, depending on your settings
Show personalized ads, depending on your settings
If you choose to “Reject all,” we will not use cookies for these additional purposes.
Non-personalized content is influenced by things like the content you’re currently viewing, activity in your active Search session, and your location. Non-personalized ads are influenced by the content you’re currently viewing and your general location. Personalized content and ads can also include more relevant results, recommendations, and tailored ads based on past activity from this browser, like previous Google searches. We also use cookies and data to tailor the experience to be age-appropriate, if relevant.
Select “More options” to see additional information, including details about managing your privacy settings. You can also visit g.co/privacytools at any time.
Reject all
Accept all
More options
Privacy Policy
Terms of Service",https://news.google.com/rss/articles/CBMiqAFBVV95cUxPc3ZlTktBcjE4X1ByNHA1MlF3ZVZmMk9oeGFuX0R6SnBJMjFueEd0STk4N0FaSkU5WV9lcGxTclhBU3JPNnRiMDRxS24wUFZmSmZTcll3V05uWU1UNWZfeU9KYnlaZWFLUmVFRjhNWEVPZTNVVkk1b19RT0xtcGtqZ1ZoVTgyekZwSjV2b2E5VHJ0R0JHQ1lTOUlPY0U4azVQbzMxeUNOYno?oc=5
2024-11-28,NVDA,Nvidia,Is Nvidia Stock on Sale? - Kiplinger,"EN
Sign in
Before you continue to Google
We use cookies and data to
Deliver and maintain Google services
Track outages and protect against spam, fraud, and abuse
Measure audience engagement and site statistics to understand how our services are used and enhance the quality of those services
If you choose to “Accept all,” we will also use cookies and data to
Develop and improve new services
Deliver and measure the effectiveness of ads
Show personalized content, depending on your settings
Show personalized ads, depending on your settings
If you choose to “Reject all,” we will not use cookies for these additional purposes.
Non-personalized content is influenced by things like the content you’re currently viewing, activity in your active Search session, and your location. Non-personalized ads are influenced by the content you’re currently viewing and your general location. Personalized content and ads can also include more relevant results, recommendations, and tailored ads based on past activity from this browser, like previous Google searches. We also use cookies and data to tailor the experience to be age-appropriate, if relevant.
Select “More options” to see additional information, including details about managing your privacy settings. You can also visit g.co/privacytools at any time.
Reject all
Accept all
More options
Privacy Policy
Terms of Service",https://news.google.com/rss/articles/CBMia0FVX3lxTE1HclJ5U05rb0FrU0JDZE5yd3BBSFZmR1VvN2hjTExhUGNodXVhM0lsZGxjYkpYSGNhNXJ6MUFta1RxaU9hUmhlazFjN1RNVnBTR2l4SnpDV1BrcVAtWHlnWHBoaE9ENERKUHc4?oc=5
2024-12-02,NVDA,Nvidia,"Prediction: Nvidia Stock Will Soar in 2025, and Not Just Because the AI Boom Is Building Steam - Yahoo Finance","EN
Sign in
Before you continue to Google
We use cookies and data to
Deliver and maintain Google services
Track outages and protect against spam, fraud, and abuse
Measure audience engagement and site statistics to understand how our services are used and enhance the quality of those services
If you choose to “Accept all,” we will also use cookies and data to
Develop and improve new services
Deliver and measure the effectiveness of ads
Show personalized content, depending on your settings
Show personalized ads, depending on your settings
If you choose to “Reject all,” we will not use cookies for these additional purposes.
Non-personalized content is influenced by things like the content you’re currently viewing, activity in your active Search session, and your location. Non-personalized ads are influenced by the content you’re currently viewing and your general location. Personalized content and ads can also include more relevant results, recommendations, and tailored ads based on past activity from this browser, like previous Google searches. We also use cookies and data to tailor the experience to be age-appropriate, if relevant.
Select “More options” to see additional information, including details about managing your privacy settings. You can also visit g.co/privacytools at any time.
Reject all
Accept all
More options
Privacy Policy
Terms of Service",https://news.google.com/rss/articles/CBMihgFBVV95cUxOdEVmaG9Qakh3TDVQdTRieGV6djZkQkZpZzJkYTZVWGZzSVp0SW1LSDJTWHZCQnB1NkF6azBSZXUyN0J5amlHLXZGeVQtRktqeUlWTXIwQWlMQWd1NXJmZkJxWUxaWUZhSGVXRDlxR0pFZGtiY2hrRWowSEpBdFo5OFpOMTUyUQ?oc=5
2024-12-01,NVDA,Nvidia,"If you invested $1,000 in Nvidia stock 20 years ago, you’d almost be a millionaire today - Fortune","EN
Sign in
Before you continue to Google
We use cookies and data to
Deliver and maintain Google services
Track outages and protect against spam, fraud, and abuse
Measure audience engagement and site statistics to understand how our services are used and enhance the quality of those services
If you choose to “Accept all,” we will also use cookies and data to
Develop and improve new services
Deliver and measure the effectiveness of ads
Show personalized content, depending on your settings
Show personalized ads, depending on your settings
If you choose to “Reject all,” we will not use cookies for these additional purposes.
Non-personalized content is influenced by things like the content you’re currently viewing, activity in your active Search session, and your location. Non-personalized ads are influenced by the content you’re currently viewing and your general location. Personalized content and ads can also include more relevant results, recommendations, and tailored ads based on past activity from this browser, like previous Google searches. We also use cookies and data to tailor the experience to be age-appropriate, if relevant.
Select “More options” to see additional information, including details about managing your privacy settings. You can also visit g.co/privacytools at any time.
Reject all
Accept all
More options
Privacy Policy
Terms of Service",https://news.google.com/rss/articles/CBMiqAFBVV95cUxNaEF4MEJ3VzN3N0Z1RmpIQVNsNEI1bnpjUTNsZ3E1OHBDMUpNMjVBcHJuSm4zbXNCZDF2NEwtbGJDdS12XzJhVEtPOE5TRFg1cXZkd1BzMlhDLUdvbEI1TFZFdWRndzRRMzVjaWRLdllKa3UyUEtqamh5bkpjWkxWcFV4aXQyekN3eWJ3blA5S01tMlVrVE9YWXM2MExoc2gyUURwbGJYSEk?oc=5
2024-12-18,NVDA,Nvidia,Nvidia Stock Looks Dead in the Water. How It Comes Back to Life. - Barron's,"EN
Sign in
Before you continue to Google
We use cookies and data to
Deliver and maintain Google services
Track outages and protect against spam, fraud, and abuse
Measure audience engagement and site statistics to understand how our services are used and enhance the quality of those services
If you choose to “Accept all,” we will also use cookies and data to
Develop and improve new services
Deliver and measure the effectiveness of ads
Show personalized content, depending on your settings
Show personalized ads, depending on your settings
If you choose to “Reject all,” we will not use cookies for these additional purposes.
Non-personalized content is influenced by things like the content you’re currently viewing, activity in your active Search session, and your location. Non-personalized ads are influenced by the content you’re currently viewing and your general location. Personalized content and ads can also include more relevant results, recommendations, and tailored ads based on past activity from this browser, like previous Google searches. We also use cookies and data to tailor the experience to be age-appropriate, if relevant.
Select “More options” to see additional information, including details about managing your privacy settings. You can also visit g.co/privacytools at any time.
Reject all
Accept all
More options
Privacy Policy
Terms of Service",https://news.google.com/rss/articles/CBMifkFVX3lxTE1mS2F0UWhqYVZMdXJKX3dJSDBXRzhIWkRjLV9vSEVNUlRZb2FlZUNzcjlkRkVUV2xxQm1tLVd5MGhySHY1OUp4aS1TQW1NOWVEU21tX0QzYko3N203RXJkTV83NnNEWDlvaUlnbmN3N2lNWFA0WG14NTBvY3BNdw?oc=5
2024-11-29,NVDA,Nvidia,Where Will Nvidia Stock Be in 2 Years? - Nasdaq,"EN
Sign in
Before you continue to Google
We use cookies and data to
Deliver and maintain Google services
Track outages and protect against spam, fraud, and abuse
Measure audience engagement and site statistics to understand how our services are used and enhance the quality of those services
If you choose to “Accept all,” we will also use cookies and data to
Develop and improve new services
Deliver and measure the effectiveness of ads
Show personalized content, depending on your settings
Show personalized ads, depending on your settings
If you choose to “Reject all,” we will not use cookies for these additional purposes.
Non-personalized content is influenced by things like the content you’re currently viewing, activity in your active Search session, and your location. Non-personalized ads are influenced by the content you’re currently viewing and your general location. Personalized content and ads can also include more relevant results, recommendations, and tailored ads based on past activity from this browser, like previous Google searches. We also use cookies and data to tailor the experience to be age-appropriate, if relevant.
Select “More options” to see additional information, including details about managing your privacy settings. You can also visit g.co/privacytools at any time.
Reject all
Accept all
More options
Privacy Policy
Terms of Service",https://news.google.com/rss/articles/CBMidEFVX3lxTE9YTS1ZNEtobjJ4YW42YXdYdmtITFRhNEFDUTJ1VlBKSm03aEw3Y3Y1ZGpoYUxpeGNxd0MzRGZvRXJhQ2Y4eDlXQjNxTnNiZ21mMVFIYUVGLUdTNFpXS3A4eWp6WVBQSmRtN0JvMU93NEsyWHdC?oc=5
2024-12-03,NVDA,Nvidia,"Arista Networks, Palo Alto To Join Nvidia, Broadcom, Super Micro In 2024 Stock Splits - Investor's Business Daily","EN
Sign in
Before you continue to Google
We use cookies and data to
Deliver and maintain Google services
Track outages and protect against spam, fraud, and abuse
Measure audience engagement and site statistics to understand how our services are used and enhance the quality of those services
If you choose to “Accept all,” we will also use cookies and data to
Develop and improve new services
Deliver and measure the effectiveness of ads
Show personalized content, depending on your settings
Show personalized ads, depending on your settings
If you choose to “Reject all,” we will not use cookies for these additional purposes.
Non-personalized content is influenced by things like the content you’re currently viewing, activity in your active Search session, and your location. Non-personalized ads are influenced by the content you’re currently viewing and your general location. Personalized content and ads can also include more relevant results, recommendations, and tailored ads based on past activity from this browser, like previous Google searches. We also use cookies and data to tailor the experience to be age-appropriate, if relevant.
Select “More options” to see additional information, including details about managing your privacy settings. You can also visit g.co/privacytools at any time.
Reject all
Accept all
More options
Privacy Policy
Terms of Service",https://news.google.com/rss/articles/CBMilAFBVV95cUxOaU9UbmFzVi1sS040czJxMDliTmJOWkJxblhlc215Sk5QVGtvWkJleUJLQnhQbGVMTUhOVXhCc1R0Tk5ITlFOWXVpUHJnY2hXaWdSS3hZbHlJeDl5RUk5MjZLQXdsVnlsX2h1ZnhjNldZNkk5bHNnQnlONktIN1o4ZjRQRks2TFNCc3N0elh1eC1Rd1Jm?oc=5
2024-12-22,NVDA,Nvidia,AI Darling Nvidia's Stock Could Keep Rising After a Record Year. Here’s Why. - Investopedia,"EN
Sign in
Before you continue to Google
We use cookies and data to
Deliver and maintain Google services
Track outages and protect against spam, fraud, and abuse
Measure audience engagement and site statistics to understand how our services are used and enhance the quality of those services
If you choose to “Accept all,” we will also use cookies and data to
Develop and improve new services
Deliver and measure the effectiveness of ads
Show personalized content, depending on your settings
Show personalized ads, depending on your settings
If you choose to “Reject all,” we will not use cookies for these additional purposes.
Non-personalized content is influenced by things like the content you’re currently viewing, activity in your active Search session, and your location. Non-personalized ads are influenced by the content you’re currently viewing and your general location. Personalized content and ads can also include more relevant results, recommendations, and tailored ads based on past activity from this browser, like previous Google searches. We also use cookies and data to tailor the experience to be age-appropriate, if relevant.
Select “More options” to see additional information, including details about managing your privacy settings. You can also visit g.co/privacytools at any time.
Reject all
Accept all
More options
Privacy Policy
Terms of Service",https://news.google.com/rss/articles/CBMiqgFBVV95cUxNVEg4ZjgyTUVLbHZxRU1IbjBTSEdsVnc4WTAwZUE1MU5fME1oU3Jqd3pSaENSQUFTR0FaQU4yU2Q3UDdIeWo5c1RrdnZTbVZlOFBmNTZLVU43Z0xQU19XaEE3WDloSHdIN1Y3NzNnNDVjS21MZEpmSFNOdV9ILVl6dGJ0alBMRnNzdWpnemNUSFdHUUM4N2pwZ2Y5TkN0MDZ0MW5vdm9LUF9JUQ?oc=5
2024-12-17,NVDA,Nvidia,Stock market today: Wall Street trims its stellar gains as Nvidia’s star dims again - AP News,"EN
Sign in
Before you continue to Google
We use cookies and data to
Deliver and maintain Google services
Track outages and protect against spam, fraud, and abuse
Measure audience engagement and site statistics to understand how our services are used and enhance the quality of those services
If you choose to “Accept all,” we will also use cookies and data to
Develop and improve new services
Deliver and measure the effectiveness of ads
Show personalized content, depending on your settings
Show personalized ads, depending on your settings
If you choose to “Reject all,” we will not use cookies for these additional purposes.
Non-personalized content is influenced by things like the content you’re currently viewing, activity in your active Search session, and your location. Non-personalized ads are influenced by the content you’re currently viewing and your general location. Personalized content and ads can also include more relevant results, recommendations, and tailored ads based on past activity from this browser, like previous Google searches. We also use cookies and data to tailor the experience to be age-appropriate, if relevant.
Select “More options” to see additional information, including details about managing your privacy settings. You can also visit g.co/privacytools at any time.
Reject all
Accept all
More options
Privacy Policy
Terms of Service",https://news.google.com/rss/articles/CBMimAFBVV95cUxNYVFRNm9CRWZXTVU5RzdlOUhQajBJb1FUbkJIdl9IdXBKRW4zTW81Z3RxMmJGT2Q2by1GbnFoUERGajUtTnp2VmhWTmotT0IycmhLTmdkY2FBZlNXd2V5RkFqdFV1ZjFTcnpXOFVIR1hrcnR5cVFiRW5OaTQ1QTlaNHU3bDBUZU1HVEd2cEx5SGVtZU1pbUFRRA?oc=5
2024-12-01,NVDA,Nvidia,Nvidia’s Stock Has 70% Potential Upside For 2025 - IO Fund,"EN
Sign in
Before you continue to Google
We use cookies and data to
Deliver and maintain Google services
Track outages and protect against spam, fraud, and abuse
Measure audience engagement and site statistics to understand how our services are used and enhance the quality of those services
If you choose to “Accept all,” we will also use cookies and data to
Develop and improve new services
Deliver and measure the effectiveness of ads
Show personalized content, depending on your settings
Show personalized ads, depending on your settings
If you choose to “Reject all,” we will not use cookies for these additional purposes.
Non-personalized content is influenced by things like the content you’re currently viewing, activity in your active Search session, and your location. Non-personalized ads are influenced by the content you’re currently viewing and your general location. Personalized content and ads can also include more relevant results, recommendations, and tailored ads based on past activity from this browser, like previous Google searches. We also use cookies and data to tailor the experience to be age-appropriate, if relevant.
Select “More options” to see additional information, including details about managing your privacy settings. You can also visit g.co/privacytools at any time.
Reject all
Accept all
More options
Privacy Policy
Terms of Service",https://news.google.com/rss/articles/CBMiqAFBVV95cUxONzVLbEc2UGNjd21RZjBzQ0hLc252aGUweTN0ZUhUa04zUkpqSHhoV21OT3FXYW9ic2NhTjIzakdZalFnYzlRbE16bHowZENxaGhGNlMxWkU5Z2NSaGxjSjBYdUp1VFdzQ3hPZHJZWjE2OGYwQzc3ZjZxbDAtV3YyNkFfSmVtOUl1bU92eVZiandhYUVNZS1fdnNDZXFwMDRxdDVCRDZ6MEg?oc=5
2024-12-04,NVDA,Nvidia,Could Buying Nvidia Stock Today Set You Up for Life? - Yahoo Finance,"EN
Sign in
Before you continue to Google
We use cookies and data to
Deliver and maintain Google services
Track outages and protect against spam, fraud, and abuse
Measure audience engagement and site statistics to understand how our services are used and enhance the quality of those services
If you choose to “Accept all,” we will also use cookies and data to
Develop and improve new services
Deliver and measure the effectiveness of ads
Show personalized content, depending on your settings
Show personalized ads, depending on your settings
If you choose to “Reject all,” we will not use cookies for these additional purposes.
Non-personalized content is influenced by things like the content you’re currently viewing, activity in your active Search session, and your location. Non-personalized ads are influenced by the content you’re currently viewing and your general location. Personalized content and ads can also include more relevant results, recommendations, and tailored ads based on past activity from this browser, like previous Google searches. We also use cookies and data to tailor the experience to be age-appropriate, if relevant.
Select “More options” to see additional information, including details about managing your privacy settings. You can also visit g.co/privacytools at any time.
Reject all
Accept all
More options
Privacy Policy
Terms of Service",https://news.google.com/rss/articles/CBMigwFBVV95cUxOVUtIZWFKbWxjMm1rYVV5d3NtTWFweTZhZHhVYkh2MWJzOFRyU3c3WWVFMlhYTjNnVHZMNG1CNW1FUkVyNnlac1JEUklGeFBMV1k4NXVGRUF1OWRqb1RsdDZXZ1BtNXEtUjJ0TUthR0VWWG5ST3dBZThfNlVGS2ZBajdRdw?oc=5
2024-12-17,NVDA,Nvidia,Nvidia Stock Slump Deepens. What Is Driving It Further Into Correction Territory. - Barron's,"EN
Sign in
Before you continue to Google
We use cookies and data to
Deliver and maintain Google services
Track outages and protect against spam, fraud, and abuse
Measure audience engagement and site statistics to understand how our services are used and enhance the quality of those services
If you choose to “Accept all,” we will also use cookies and data to
Develop and improve new services
Deliver and measure the effectiveness of ads
Show personalized content, depending on your settings
Show personalized ads, depending on your settings
If you choose to “Reject all,” we will not use cookies for these additional purposes.
Non-personalized content is influenced by things like the content you’re currently viewing, activity in your active Search session, and your location. Non-personalized ads are influenced by the content you’re currently viewing and your general location. Personalized content and ads can also include more relevant results, recommendations, and tailored ads based on past activity from this browser, like previous Google searches. We also use cookies and data to tailor the experience to be age-appropriate, if relevant.
Select “More options” to see additional information, including details about managing your privacy settings. You can also visit g.co/privacytools at any time.
Reject all
Accept all
More options
Privacy Policy
Terms of Service",https://news.google.com/rss/articles/CBMigwFBVV95cUxOSkR3VUswV2lQc3NtbWhHSldTWFdXYUYwNTE1MjBTYTFWelQyRjhmSFZtUFphaldkaTdLbWI0Z0lLNW9Lak1TQU9WY1lWS29FNTRuM2FsUWY3bm5rUFNTMzlaM0lFRFdHT2tUU19jRVUzaW1yX1hFZEszQkZLMlNweVc0UQ?oc=5
2024-12-16,NVDA,Nvidia,Nvidia Stock Hits Sell Zone On Power-Chip Overheating Issue - Investor's Business Daily,"EN
Sign in
Before you continue to Google
We use cookies and data to
Deliver and maintain Google services
Track outages and protect against spam, fraud, and abuse
Measure audience engagement and site statistics to understand how our services are used and enhance the quality of those services
If you choose to “Accept all,” we will also use cookies and data to
Develop and improve new services
Deliver and measure the effectiveness of ads
Show personalized content, depending on your settings
Show personalized ads, depending on your settings
If you choose to “Reject all,” we will not use cookies for these additional purposes.
Non-personalized content is influenced by things like the content you’re currently viewing, activity in your active Search session, and your location. Non-personalized ads are influenced by the content you’re currently viewing and your general location. Personalized content and ads can also include more relevant results, recommendations, and tailored ads based on past activity from this browser, like previous Google searches. We also use cookies and data to tailor the experience to be age-appropriate, if relevant.
Select “More options” to see additional information, including details about managing your privacy settings. You can also visit g.co/privacytools at any time.
Reject all
Accept all
More options
Privacy Policy
Terms of Service",https://news.google.com/rss/articles/CBMimgFBVV95cUxObXgyRlBORWF2NHpvRXd3MjAwSkdaZGQ4Y2xOT0VBNHFqd0FoM0EwWXc3aUxzWmpRSGRGbEhkZ2JZN1pIN0E3UC00YWtUa3JhOTNYYU9qQ2lHcWtaNjdZUEptX3I2U2ktM3pLeWpZSUFuNE5nRU9Rc3BGQUx6bmFLOWl1Yk9tQ3RvQVFPbHRhQ19yNklYQ05ZbFl3?oc=5
2024-12-19,NVDA,Nvidia,Nvidia stock rebounds after broad market rout as analysts stay bullish on outlook - Yahoo Finance,"EN
Sign in
Before you continue to Google
We use cookies and data to
Deliver and maintain Google services
Track outages and protect against spam, fraud, and abuse
Measure audience engagement and site statistics to understand how our services are used and enhance the quality of those services
If you choose to “Accept all,” we will also use cookies and data to
Develop and improve new services
Deliver and measure the effectiveness of ads
Show personalized content, depending on your settings
Show personalized ads, depending on your settings
If you choose to “Reject all,” we will not use cookies for these additional purposes.
Non-personalized content is influenced by things like the content you’re currently viewing, activity in your active Search session, and your location. Non-personalized ads are influenced by the content you’re currently viewing and your general location. Personalized content and ads can also include more relevant results, recommendations, and tailored ads based on past activity from this browser, like previous Google searches. We also use cookies and data to tailor the experience to be age-appropriate, if relevant.
Select “More options” to see additional information, including details about managing your privacy settings. You can also visit g.co/privacytools at any time.
Reject all
Accept all
More options
Privacy Policy
Terms of Service",https://news.google.com/rss/articles/CBMixgFBVV95cUxQRzhIeDV5WXhVaThIazlqeTlFUUpJalJyZUdJZ3MtOWMtbkdrRkoxWGpLcjNvWkh5WUtCRm1CSmgwVzVUT29MTVgycE9ZRVcxY1ZXRmEwdjJJVi16RGxkSXJ2RVBFV3ZRVXVvbGEyRC1fRjM2QXFUWm9rRWRoSlNvYS1Cb3FTM1RmMktmdUxaR1dMS3pNSENneDVtdzFXS3lseEhXTGNra2VuR2RiN09QWkNDNF9FR0djN0h6ZV9KOW1VY3VvOGc?oc=5
2024-11-27,NVDA,Nvidia,"Nvidia Slips Again On Post-Earnings Blues, New China Trade War - Investor's Business Daily","EN
Sign in
Before you continue to Google
We use cookies and data to
Deliver and maintain Google services
Track outages and protect against spam, fraud, and abuse
Measure audience engagement and site statistics to understand how our services are used and enhance the quality of those services
If you choose to “Accept all,” we will also use cookies and data to
Develop and improve new services
Deliver and measure the effectiveness of ads
Show personalized content, depending on your settings
Show personalized ads, depending on your settings
If you choose to “Reject all,” we will not use cookies for these additional purposes.
Non-personalized content is influenced by things like the content you’re currently viewing, activity in your active Search session, and your location. Non-personalized ads are influenced by the content you’re currently viewing and your general location. Personalized content and ads can also include more relevant results, recommendations, and tailored ads based on past activity from this browser, like previous Google searches. We also use cookies and data to tailor the experience to be age-appropriate, if relevant.
Select “More options” to see additional information, including details about managing your privacy settings. You can also visit g.co/privacytools at any time.
Reject all
Accept all
More options
Privacy Policy
Terms of Service",https://news.google.com/rss/articles/CBMimAFBVV95cUxORXJ6VkNMSy1qcDZ1RlRBTVdyeDFUUi16MFJjckdOWGp6Y010Z2ZwRmNCcU5Rd1djdGZJR3JBUHdxUkNJMng3Q3BCVDYyLWpQVE1VdDVRSXZJTlVPeUhCLU1CVFcwMFp0WVk0VEJDdmZpVnp2VkRiSDVCWGpTZVpzaDgwQTRDaXBpOERXejh0eUtBeWhTSzI3cw?oc=5
2024-11-26,NVDA,Nvidia,Jensen Huang Just Delivered Incredible News for Nvidia Stock Investors - Yahoo Finance,"EN
Sign in
Before you continue to Google
We use cookies and data to
Deliver and maintain Google services
Track outages and protect against spam, fraud, and abuse
Measure audience engagement and site statistics to understand how our services are used and enhance the quality of those services
If you choose to “Accept all,” we will also use cookies and data to
Develop and improve new services
Deliver and measure the effectiveness of ads
Show personalized content, depending on your settings
Show personalized ads, depending on your settings
If you choose to “Reject all,” we will not use cookies for these additional purposes.
Non-personalized content is influenced by things like the content you’re currently viewing, activity in your active Search session, and your location. Non-personalized ads are influenced by the content you’re currently viewing and your general location. Personalized content and ads can also include more relevant results, recommendations, and tailored ads based on past activity from this browser, like previous Google searches. We also use cookies and data to tailor the experience to be age-appropriate, if relevant.
Select “More options” to see additional information, including details about managing your privacy settings. You can also visit g.co/privacytools at any time.
Reject all
Accept all
More options
Privacy Policy
Terms of Service",https://news.google.com/rss/articles/CBMijAFBVV95cUxOTkFTa1VCS1FpVXVjSDJ6a21XYmJRSFBuTWVaZ0Zfc2hDZHN4c281Zjd6VFBCeUJiNnFCSFpNMDdrX0s0alJoMGhsMHF0aVM2cmdSam9mVzNfc2tiYWxKV2ZfMGZ6V2xQUWxnSWxPRFhlNWNpc2RmUjd6SjdfTFI2c2VaMFluX095VXJJZg?oc=5
2024-12-17,NVDA,Nvidia,"Nvidia stock slides amid AI spending slowdown fears, increased competition - Yahoo Finance","EN
Sign in
Before you continue to Google
We use cookies and data to
Deliver and maintain Google services
Track outages and protect against spam, fraud, and abuse
Measure audience engagement and site statistics to understand how our services are used and enhance the quality of those services
If you choose to “Accept all,” we will also use cookies and data to
Develop and improve new services
Deliver and measure the effectiveness of ads
Show personalized content, depending on your settings
Show personalized ads, depending on your settings
If you choose to “Reject all,” we will not use cookies for these additional purposes.
Non-personalized content is influenced by things like the content you’re currently viewing, activity in your active Search session, and your location. Non-personalized ads are influenced by the content you’re currently viewing and your general location. Personalized content and ads can also include more relevant results, recommendations, and tailored ads based on past activity from this browser, like previous Google searches. We also use cookies and data to tailor the experience to be age-appropriate, if relevant.
Select “More options” to see additional information, including details about managing your privacy settings. You can also visit g.co/privacytools at any time.
Reject all
Accept all
More options
Privacy Policy
Terms of Service",https://news.google.com/rss/articles/CBMiuwFBVV95cUxQSjZHMUVnR0oyUERrYnhLUGpheXpPZmtnakRWMnBJRGFtT3h1R0JITkFPLU9wX3Y4T3hRTUI3M0RocHdNMUNQWFQzNG1IWE9tcVl4cFhXcVZBcWE1M2JnNmQ0RUhhQWE1LTJGSGlTaGRQZjNyQlA1MW1lT1d3MU5wZjFtRjBlaS1oWTdId3ROd3FTX0h6WGhGZ0VKVHRJb3pqT1YzbzNvZWhtaUdHQktNMFdROFlQQTJWUUZV?oc=5
2024-12-10,NVDA,Nvidia,Is Nvidia Stock a Buy Before Jan. 7? Here Is What History Suggests. - Yahoo Finance,"EN
Sign in
Before you continue to Google
We use cookies and data to
Deliver and maintain Google services
Track outages and protect against spam, fraud, and abuse
Measure audience engagement and site statistics to understand how our services are used and enhance the quality of those services
If you choose to “Accept all,” we will also use cookies and data to
Develop and improve new services
Deliver and measure the effectiveness of ads
Show personalized content, depending on your settings
Show personalized ads, depending on your settings
If you choose to “Reject all,” we will not use cookies for these additional purposes.
Non-personalized content is influenced by things like the content you’re currently viewing, activity in your active Search session, and your location. Non-personalized ads are influenced by the content you’re currently viewing and your general location. Personalized content and ads can also include more relevant results, recommendations, and tailored ads based on past activity from this browser, like previous Google searches. We also use cookies and data to tailor the experience to be age-appropriate, if relevant.
Select “More options” to see additional information, including details about managing your privacy settings. You can also visit g.co/privacytools at any time.
Reject all
Accept all
More options
Privacy Policy
Terms of Service",https://news.google.com/rss/articles/CBMid0FVX3lxTE1OdFZZdnNIbUQ1b2RmWkl6NkhfYWNtUXUxVHlCYzM3ZVlPNHdOYnJfbUYzZ1NwS2dQdTFSX0tJRkl0TWIzQk80TkFEWm9XS0NvbmEzWFpOdWdrRHpPMTRqb2NqdG5EVFU0aTFCblpOMEhNM3dFT1g4?oc=5
2024-11-26,NVDA,Nvidia,"Nvidia Stock Slips 4%, Hitting Three-Week Low Amid Market Shift to Cyclical Stocks - Yahoo Finance","EN
Sign in
Before you continue to Google
We use cookies and data to
Deliver and maintain Google services
Track outages and protect against spam, fraud, and abuse
Measure audience engagement and site statistics to understand how our services are used and enhance the quality of those services
If you choose to “Accept all,” we will also use cookies and data to
Develop and improve new services
Deliver and measure the effectiveness of ads
Show personalized content, depending on your settings
Show personalized ads, depending on your settings
If you choose to “Reject all,” we will not use cookies for these additional purposes.
Non-personalized content is influenced by things like the content you’re currently viewing, activity in your active Search session, and your location. Non-personalized ads are influenced by the content you’re currently viewing and your general location. Personalized content and ads can also include more relevant results, recommendations, and tailored ads based on past activity from this browser, like previous Google searches. We also use cookies and data to tailor the experience to be age-appropriate, if relevant.
Select “More options” to see additional information, including details about managing your privacy settings. You can also visit g.co/privacytools at any time.
Reject all
Accept all
More options
Privacy Policy
Terms of Service",https://news.google.com/rss/articles/CBMif0FVX3lxTE1QbWVDOGVIWTJBNWRlTWRzZzdlMDlMajM5b2pjVVpyc3hJZ2hNeExxOVg3a1NFeTF2QUxsXzJJQTRvY3V2enZEX3JCOEllQ1dqY3o1aWlWUHFHNWZveVZBamIyLWFsTjVsdVNlQlFDQjZha1dCZEp1aThVS2pybGc?oc=5
2024-11-29,NVDA,Nvidia,"Nvidia Stock: Buy, Sell, or Hold? - Yahoo Finance","EN
Sign in
Before you continue to Google
We use cookies and data to
Deliver and maintain Google services
Track outages and protect against spam, fraud, and abuse
Measure audience engagement and site statistics to understand how our services are used and enhance the quality of those services
If you choose to “Accept all,” we will also use cookies and data to
Develop and improve new services
Deliver and measure the effectiveness of ads
Show personalized content, depending on your settings
Show personalized ads, depending on your settings
If you choose to “Reject all,” we will not use cookies for these additional purposes.
Non-personalized content is influenced by things like the content you’re currently viewing, activity in your active Search session, and your location. Non-personalized ads are influenced by the content you’re currently viewing and your general location. Personalized content and ads can also include more relevant results, recommendations, and tailored ads based on past activity from this browser, like previous Google searches. We also use cookies and data to tailor the experience to be age-appropriate, if relevant.
Select “More options” to see additional information, including details about managing your privacy settings. You can also visit g.co/privacytools at any time.
Reject all
Accept all
More options
Privacy Policy
Terms of Service",https://news.google.com/rss/articles/CBMifEFVX3lxTFBSU2pUNGhVVjROc3hjSkpjT1lnTDAtc2RSWGFRV2dveWJuUGFWd0ZCRlMtZUpsSEtkdkdSb1FsTU1qclRNdU1YaVFrR09jUzZtZjhLdm1iTEpZcDhPRnFRVjVQbGlHa3hfZGU3ZThRVlZaNkNTWjdFTy1XREs?oc=5
2024-12-23,NVDA,Nvidia,NVIDIA Stock Appears Undervalued: Is it the Right Time to Invest? - Yahoo Finance,"EN
Sign in
Before you continue to Google
We use cookies and data to
Deliver and maintain Google services
Track outages and protect against spam, fraud, and abuse
Measure audience engagement and site statistics to understand how our services are used and enhance the quality of those services
If you choose to “Accept all,” we will also use cookies and data to
Develop and improve new services
Deliver and measure the effectiveness of ads
Show personalized content, depending on your settings
Show personalized ads, depending on your settings
If you choose to “Reject all,” we will not use cookies for these additional purposes.
Non-personalized content is influenced by things like the content you’re currently viewing, activity in your active Search session, and your location. Non-personalized ads are influenced by the content you’re currently viewing and your general location. Personalized content and ads can also include more relevant results, recommendations, and tailored ads based on past activity from this browser, like previous Google searches. We also use cookies and data to tailor the experience to be age-appropriate, if relevant.
Select “More options” to see additional information, including details about managing your privacy settings. You can also visit g.co/privacytools at any time.
Reject all
Accept all
More options
Privacy Policy
Terms of Service",https://news.google.com/rss/articles/CBMiiwFBVV95cUxQTFlfRElsdUY1VlU5dUVsRGNfT0FLTmViUjRNaXRaX0JrWTNRRC0wX2tKWDRoSU5BLXkyU0x2ell5c0UxcW83YmVaQkN5WVNncXBYWVdhdzlYSXlVclhYc09Yb05ydEwyb0Y3YkI3YV92cXhwQ2tuY0ozN1pDUmlMRTNMZzJMOGRfaGpv?oc=5
2025-01-07,NVDA,Nvidia,Nvidia stock falls after notching record high ahead of CES AI superchip debut - Yahoo Finance,"EN
Sign in
Before you continue to Google
We use cookies and data to
Deliver and maintain Google services
Track outages and protect against spam, fraud, and abuse
Measure audience engagement and site statistics to understand how our services are used and enhance the quality of those services
If you choose to “Accept all,” we will also use cookies and data to
Develop and improve new services
Deliver and measure the effectiveness of ads
Show personalized content, depending on your settings
Show personalized ads, depending on your settings
If you choose to “Reject all,” we will not use cookies for these additional purposes.
Non-personalized content is influenced by things like the content you’re currently viewing, activity in your active Search session, and your location. Non-personalized ads are influenced by the content you’re currently viewing and your general location. Personalized content and ads can also include more relevant results, recommendations, and tailored ads based on past activity from this browser, like previous Google searches. We also use cookies and data to tailor the experience to be age-appropriate, if relevant.
Select “More options” to see additional information, including details about managing your privacy settings. You can also visit g.co/privacytools at any time.
Reject all
Accept all
More options
Privacy Policy
Terms of Service",https://news.google.com/rss/articles/CBMiwAFBVV95cUxOcUhTWGxwMHowSjM2ZzNldVlfNmxFa1VzUGNVQlVzS2JPZUltU2RFZXJacU5DaDJzRGtHYlVzQ1k3ZDNOSVVvc3pDZF9heW56YWoxT1hDeWJjdXlkQmNqRlEtZ3BhaUh3QUNrLTUtaDc0UTdzb3p3SUpjcnNHQ1dzVkVEbmRaVDFENnFBZWUya2pONHVzY2xhMzB4aGdlLVFWNHNVNDl3WnlUa1lKWENhVGNiSkFLX0h6NU1ad3MwN2c?oc=5
2025-01-13,NVDA,Nvidia,Why Nvidia Stock Skyrocketed 171.2% in 2024 but Is Losing Ground in 2025 - The Motley Fool,"EN
Sign in
Before you continue to Google
We use cookies and data to
Deliver and maintain Google services
Track outages and protect against spam, fraud, and abuse
Measure audience engagement and site statistics to understand how our services are used and enhance the quality of those services
If you choose to “Accept all,” we will also use cookies and data to
Develop and improve new services
Deliver and measure the effectiveness of ads
Show personalized content, depending on your settings
Show personalized ads, depending on your settings
If you choose to “Reject all,” we will not use cookies for these additional purposes.
Non-personalized content is influenced by things like the content you’re currently viewing, activity in your active Search session, and your location. Non-personalized ads are influenced by the content you’re currently viewing and your general location. Personalized content and ads can also include more relevant results, recommendations, and tailored ads based on past activity from this browser, like previous Google searches. We also use cookies and data to tailor the experience to be age-appropriate, if relevant.
Select “More options” to see additional information, including details about managing your privacy settings. You can also visit g.co/privacytools at any time.
Reject all
Accept all
More options
Privacy Policy
Terms of Service",https://news.google.com/rss/articles/CBMimAFBVV95cUxNQ3I4eW0wdU9KS0lzcXB1MXZKcmRVMllZa1FlQkxNSlBVaVNIeG0tbUNSX010OVpqUFczRVZKSW55UDEwMS1XZEhFNjJ2VnlJdzdJVGdjZE54WWtmYmtlekcyRlRaT0FEMHgwa21uWERlMXFDZGEydWJJT0tUT2RpVVpOMzktOG1mVjZFVm9YdVUwOWtFTnUzRg?oc=5
2025-01-07,NVDA,Nvidia,Watch These Nvidia Price Levels as Stock Continues Rising After CEO's Keynote Speech - Investopedia,"EN
Sign in
Before you continue to Google
We use cookies and data to
Deliver and maintain Google services
Track outages and protect against spam, fraud, and abuse
Measure audience engagement and site statistics to understand how our services are used and enhance the quality of those services
If you choose to “Accept all,” we will also use cookies and data to
Develop and improve new services
Deliver and measure the effectiveness of ads
Show personalized content, depending on your settings
Show personalized ads, depending on your settings
If you choose to “Reject all,” we will not use cookies for these additional purposes.
Non-personalized content is influenced by things like the content you’re currently viewing, activity in your active Search session, and your location. Non-personalized ads are influenced by the content you’re currently viewing and your general location. Personalized content and ads can also include more relevant results, recommendations, and tailored ads based on past activity from this browser, like previous Google searches. We also use cookies and data to tailor the experience to be age-appropriate, if relevant.
Select “More options” to see additional information, including details about managing your privacy settings. You can also visit g.co/privacytools at any time.
Reject all
Accept all
More options
Privacy Policy
Terms of Service",https://news.google.com/rss/articles/CBMiuwFBVV95cUxONnRsYWplMkFNbjZ4Y2VLWk45Wmtmd2RTXzRncTduQmxJbXhpSThUa1VvQmdvTkh6TkFKSFZ1VUdBa2dDT1pDQmdXZlJ3Ty1RNWZ3WG1UZldycEhIMnlkWHJiVjFZU3JzSldJaUFCOHF3Y250SHpjX3BUMXN6S0k4Tm9DcUtKRXhyNmRCVTJrZ1NoRWNBSkgwVGZWQlAtdGYwUFVwd2pac0xGd0JLT0hUZjZxVHhZelNfNkEw?oc=5
2025-01-14,NVDA,Nvidia,Nvidia’s CES Announcements Resulted in a Six Percent Stock Drop. Why? - prnewsonline.com,"EN
Sign in
Before you continue to Google
We use cookies and data to
Deliver and maintain Google services
Track outages and protect against spam, fraud, and abuse
Measure audience engagement and site statistics to understand how our services are used and enhance the quality of those services
If you choose to “Accept all,” we will also use cookies and data to
Develop and improve new services
Deliver and measure the effectiveness of ads
Show personalized content, depending on your settings
Show personalized ads, depending on your settings
If you choose to “Reject all,” we will not use cookies for these additional purposes.
Non-personalized content is influenced by things like the content you’re currently viewing, activity in your active Search session, and your location. Non-personalized ads are influenced by the content you’re currently viewing and your general location. Personalized content and ads can also include more relevant results, recommendations, and tailored ads based on past activity from this browser, like previous Google searches. We also use cookies and data to tailor the experience to be age-appropriate, if relevant.
Select “More options” to see additional information, including details about managing your privacy settings. You can also visit g.co/privacytools at any time.
Reject all
Accept all
More options
Privacy Policy
Terms of Service",https://news.google.com/rss/articles/CBMinAFBVV95cUxNb0M4UGl1cTZXR19RSUNCN3pxMzJsS2tleHBJN0F6TEtYWnRRVUVNbFZFMTlleGx3RUZDdDVKVC0xOWZRYWVRSExfN1BzRnNuT1BNb19wSWRaWFVodEQ3OTl6WTFFbjZnMnlDeHluN2RuRzQ1X3RtalU3X3RLQzdrd21sSXFucm5SdUk0S0s5bUZTUWF0MmlFV0s2Mnk?oc=5
2025-01-04,NVDA,Nvidia,Where Will Nvidia Stock Be in 3 Years? - Nasdaq,"EN
Sign in
Before you continue to Google
We use cookies and data to
Deliver and maintain Google services
Track outages and protect against spam, fraud, and abuse
Measure audience engagement and site statistics to understand how our services are used and enhance the quality of those services
If you choose to “Accept all,” we will also use cookies and data to
Develop and improve new services
Deliver and measure the effectiveness of ads
Show personalized content, depending on your settings
Show personalized ads, depending on your settings
If you choose to “Reject all,” we will not use cookies for these additional purposes.
Non-personalized content is influenced by things like the content you’re currently viewing, activity in your active Search session, and your location. Non-personalized ads are influenced by the content you’re currently viewing and your general location. Personalized content and ads can also include more relevant results, recommendations, and tailored ads based on past activity from this browser, like previous Google searches. We also use cookies and data to tailor the experience to be age-appropriate, if relevant.
Select “More options” to see additional information, including details about managing your privacy settings. You can also visit g.co/privacytools at any time.
Reject all
Accept all
More options
Privacy Policy
Terms of Service",https://news.google.com/rss/articles/CBMid0FVX3lxTE1nQm5pZk1jSmN5QzB1LTNQXzdkdDFsT2tLaWF4ZkFsd241bVc3WVVpTjRQTVl5cU13dUQ4RndYYjMxV0c3T2hhWm1LdWk1VGVHZVltbHNESEFaMW5ldlh5Y2g1MGNaenZQbC1ObkMybzA5V3FGLTV3?oc=5
2025-01-21,NVDA,Nvidia,"Nvidia Stock Treading Water Ahead Of These Risks, Potential Catalysts - Investor's Business Daily","EN
Sign in
Before you continue to Google
We use cookies and data to
Deliver and maintain Google services
Track outages and protect against spam, fraud, and abuse
Measure audience engagement and site statistics to understand how our services are used and enhance the quality of those services
If you choose to “Accept all,” we will also use cookies and data to
Develop and improve new services
Deliver and measure the effectiveness of ads
Show personalized content, depending on your settings
Show personalized ads, depending on your settings
If you choose to “Reject all,” we will not use cookies for these additional purposes.
Non-personalized content is influenced by things like the content you’re currently viewing, activity in your active Search session, and your location. Non-personalized ads are influenced by the content you’re currently viewing and your general location. Personalized content and ads can also include more relevant results, recommendations, and tailored ads based on past activity from this browser, like previous Google searches. We also use cookies and data to tailor the experience to be age-appropriate, if relevant.
Select “More options” to see additional information, including details about managing your privacy settings. You can also visit g.co/privacytools at any time.
Reject all
Accept all
More options
Privacy Policy
Terms of Service",https://news.google.com/rss/articles/CBMijwFBVV95cUxPZld4M1dqSHBmUDJsX1hUN0Z1ZC1SbHB0Sk93LWhLRXhxUU40TWxfaHpoZ19sZV9ObFIxU3lzdjRDZGduNVRhSkVxRUlHaTlYVmJwbHFSYWJSN05Qckg1aVhFNTE1dU5GVUdJWE1TNHR6RFkyT2N2ZWtzam9IQ2pxa1NqOEVtd3hGSWdQUW5Hdw?oc=5
2025-01-10,NVDA,Nvidia,Nvidia stock sell-off: Time to back up the truck? - Yahoo Finance,"EN
Sign in
Before you continue to Google
We use cookies and data to
Deliver and maintain Google services
Track outages and protect against spam, fraud, and abuse
Measure audience engagement and site statistics to understand how our services are used and enhance the quality of those services
If you choose to “Accept all,” we will also use cookies and data to
Develop and improve new services
Deliver and measure the effectiveness of ads
Show personalized content, depending on your settings
Show personalized ads, depending on your settings
If you choose to “Reject all,” we will not use cookies for these additional purposes.
Non-personalized content is influenced by things like the content you’re currently viewing, activity in your active Search session, and your location. Non-personalized ads are influenced by the content you’re currently viewing and your general location. Personalized content and ads can also include more relevant results, recommendations, and tailored ads based on past activity from this browser, like previous Google searches. We also use cookies and data to tailor the experience to be age-appropriate, if relevant.
Select “More options” to see additional information, including details about managing your privacy settings. You can also visit g.co/privacytools at any time.
Reject all
Accept all
More options
Privacy Policy
Terms of Service",https://news.google.com/rss/articles/CBMimAFBVV95cUxQWWlJWVZTUGJ0X0x0SWk1US1rdTd2cXFqS3dYcXNSanpXTXl6b1NDeVA0VDYzOXlJc21zVGpwci1GdFFhdE9tSVpyREhwUzJnWjQ1ek4yckNvZWpLaTAzM3FXQ0dYMEFuT1JTODdtTGVEYlpkcEdBaDFjamlyalBicEx2X2U4cVBKODVpSXF3ZjNiYVZfclc3dQ?oc=5
2025-01-09,NVDA,Nvidia,2 Key Reasons I'm Predicting Nvidia Stock Will Reach $200 in 2025 - Nasdaq,"EN
Sign in
Before you continue to Google
We use cookies and data to
Deliver and maintain Google services
Track outages and protect against spam, fraud, and abuse
Measure audience engagement and site statistics to understand how our services are used and enhance the quality of those services
If you choose to “Accept all,” we will also use cookies and data to
Develop and improve new services
Deliver and measure the effectiveness of ads
Show personalized content, depending on your settings
Show personalized ads, depending on your settings
If you choose to “Reject all,” we will not use cookies for these additional purposes.
Non-personalized content is influenced by things like the content you’re currently viewing, activity in your active Search session, and your location. Non-personalized ads are influenced by the content you’re currently viewing and your general location. Personalized content and ads can also include more relevant results, recommendations, and tailored ads based on past activity from this browser, like previous Google searches. We also use cookies and data to tailor the experience to be age-appropriate, if relevant.
Select “More options” to see additional information, including details about managing your privacy settings. You can also visit g.co/privacytools at any time.
Reject all
Accept all
More options
Privacy Policy
Terms of Service",https://news.google.com/rss/articles/CBMilwFBVV95cUxQLVF0WGYySk5IUlBqYVBpMEdLUkhHRDBIOXczNWxQNnppY3ZqbmxzZEh2MWtpWkZVYXJGXzFsSWw5Tmo2cmhROEpIaF9Za0VmRWt4TE90U0VZNWZnTUJYcGtIUjcyaGd0anFaYmVFUTliOHhLQjJFOFA0RVlNZWJiRWdfOFBETWRSSExxREx5VjJfUXBDSHgw?oc=5
2025-01-21,NVDA,Nvidia,Here's How Much It Would Have Taken to Become a Millionaire If You Invested in Nvidia Stock 10 Years Ago - The Motley Fool,"EN
Sign in
Before you continue to Google
We use cookies and data to
Deliver and maintain Google services
Track outages and protect against spam, fraud, and abuse
Measure audience engagement and site statistics to understand how our services are used and enhance the quality of those services
If you choose to “Accept all,” we will also use cookies and data to
Develop and improve new services
Deliver and measure the effectiveness of ads
Show personalized content, depending on your settings
Show personalized ads, depending on your settings
If you choose to “Reject all,” we will not use cookies for these additional purposes.
Non-personalized content is influenced by things like the content you’re currently viewing, activity in your active Search session, and your location. Non-personalized ads are influenced by the content you’re currently viewing and your general location. Personalized content and ads can also include more relevant results, recommendations, and tailored ads based on past activity from this browser, like previous Google searches. We also use cookies and data to tailor the experience to be age-appropriate, if relevant.
Select “More options” to see additional information, including details about managing your privacy settings. You can also visit g.co/privacytools at any time.
Reject all
Accept all
More options
Privacy Policy
Terms of Service",https://news.google.com/rss/articles/CBMikwFBVV95cUxPSGs2dFdDSEM5R2xiMC1XRkI4b2FXWGxSSzNnRmdpMFh6UjhrVHZCWDRnRXJ0WndNZHk4V1FwVERvZFR1Zk5KVVpxWnVUTGVtd0E5Z1ZhY0RoUFZpY01WNE1zM2Y3cktiTlIxNkU5eWRmWUtNUXhuX0xEV0tFbGh3bVJrOF9RdHh3MUxuQkZnZmtuekE?oc=5
2025-01-01,NVDA,Nvidia,Monitor These Nvidia Stock Price Levels After Two Years of Massive Gains - Investopedia,"EN
Sign in
Before you continue to Google
We use cookies and data to
Deliver and maintain Google services
Track outages and protect against spam, fraud, and abuse
Measure audience engagement and site statistics to understand how our services are used and enhance the quality of those services
If you choose to “Accept all,” we will also use cookies and data to
Develop and improve new services
Deliver and measure the effectiveness of ads
Show personalized content, depending on your settings
Show personalized ads, depending on your settings
If you choose to “Reject all,” we will not use cookies for these additional purposes.
Non-personalized content is influenced by things like the content you’re currently viewing, activity in your active Search session, and your location. Non-personalized ads are influenced by the content you’re currently viewing and your general location. Personalized content and ads can also include more relevant results, recommendations, and tailored ads based on past activity from this browser, like previous Google searches. We also use cookies and data to tailor the experience to be age-appropriate, if relevant.
Select “More options” to see additional information, including details about managing your privacy settings. You can also visit g.co/privacytools at any time.
Reject all
Accept all
More options
Privacy Policy
Terms of Service",https://news.google.com/rss/articles/CBMirgFBVV95cUxNRWhibGNHTmU2bnhFOEJ0TDdXRFV3Ul8yVV90NUNvdEpXeHplTVo5YTd1TTljR0hkUzZsVmtaSnVvMUpDZjZxZzNTamE1Z2ZGV3pUUWlWdHB0Q09FZjJkUlN3ZGhsSXZkX2o2cVlSMFd0SUcxZ3VfUVZxYUpxZVBHSkdTX2wzOGN5Z1ZoUU5GanprUC12X3BVOVFQWS1XRHdFLTNmMklJek0xT2Z6MHc?oc=5
2025-01-03,NVDA,Nvidia,"Nvidia stock jumps, leads 'Magnificent 7' gains to start 2025 after end-of-year tech sell-off - Yahoo Finance","EN
Sign in
Before you continue to Google
We use cookies and data to
Deliver and maintain Google services
Track outages and protect against spam, fraud, and abuse
Measure audience engagement and site statistics to understand how our services are used and enhance the quality of those services
If you choose to “Accept all,” we will also use cookies and data to
Develop and improve new services
Deliver and measure the effectiveness of ads
Show personalized content, depending on your settings
Show personalized ads, depending on your settings
If you choose to “Reject all,” we will not use cookies for these additional purposes.
Non-personalized content is influenced by things like the content you’re currently viewing, activity in your active Search session, and your location. Non-personalized ads are influenced by the content you’re currently viewing and your general location. Personalized content and ads can also include more relevant results, recommendations, and tailored ads based on past activity from this browser, like previous Google searches. We also use cookies and data to tailor the experience to be age-appropriate, if relevant.
Select “More options” to see additional information, including details about managing your privacy settings. You can also visit g.co/privacytools at any time.
Reject all
Accept all
More options
Privacy Policy
Terms of Service",https://news.google.com/rss/articles/CBMi0gFBVV95cUxNZDc5V01VMlJHdE1MSmZ6LTBMVHJUb3lmVWs2ZkZLMzVfNWwyWXpTaFBDdmYxRmJNRlpNOFRPRVlFNEJ6cVFXNUZIWFVHWFNsZmJtdEEwRWVRakowRXV1R1BHSEtSSVJHN0piM2cxYmJiQ1pXajBzTkxBSTNhWU15WjR5dXBxNmZiSVM0T1kxZE5Oc2RGbFBfSnpnY0QtSGw4QnJFay11NmtHcXU3OVNqaktPYkR0TVRhQ3ZNckhYcGxqQjFaYTdDRUF3Q04wUVNoY1E?oc=5
2025-01-16,NVDA,Nvidia,1 Big Reason Nvidia Stock Could Be About to Make a Big Move - Nasdaq,"EN
Sign in
Before you continue to Google
We use cookies and data to
Deliver and maintain Google services
Track outages and protect against spam, fraud, and abuse
Measure audience engagement and site statistics to understand how our services are used and enhance the quality of those services
If you choose to “Accept all,” we will also use cookies and data to
Develop and improve new services
Deliver and measure the effectiveness of ads
Show personalized content, depending on your settings
Show personalized ads, depending on your settings
If you choose to “Reject all,” we will not use cookies for these additional purposes.
Non-personalized content is influenced by things like the content you’re currently viewing, activity in your active Search session, and your location. Non-personalized ads are influenced by the content you’re currently viewing and your general location. Personalized content and ads can also include more relevant results, recommendations, and tailored ads based on past activity from this browser, like previous Google searches. We also use cookies and data to tailor the experience to be age-appropriate, if relevant.
Select “More options” to see additional information, including details about managing your privacy settings. You can also visit g.co/privacytools at any time.
Reject all
Accept all
More options
Privacy Policy
Terms of Service",https://news.google.com/rss/articles/CBMijwFBVV95cUxPVjhXV2puTVVxNWJIMm9yYkVPVWZBV3FDaFBjSmR6WkxLQnk5akNVRG9iRTdlX1hGM1R3bUU3MjJ4MXhLQ3hpWm9iWThuTTFPSjZSUXpodGtKZzFrWnNrQ3EtcWVQallkLXJOMnpTRlhGcG41MHZMOUNsWFozemNFNjk4dG9ua2c4YXZydER1MA?oc=5
2025-01-13,NVDA,Nvidia,1 Wall Street Analyst Thinks Nvidia Stock Is Going to $175. Is It a Buy Around $140? - The Motley Fool,"EN
Sign in
Before you continue to Google
We use cookies and data to
Deliver and maintain Google services
Track outages and protect against spam, fraud, and abuse
Measure audience engagement and site statistics to understand how our services are used and enhance the quality of those services
If you choose to “Accept all,” we will also use cookies and data to
Develop and improve new services
Deliver and measure the effectiveness of ads
Show personalized content, depending on your settings
Show personalized ads, depending on your settings
If you choose to “Reject all,” we will not use cookies for these additional purposes.
Non-personalized content is influenced by things like the content you’re currently viewing, activity in your active Search session, and your location. Non-personalized ads are influenced by the content you’re currently viewing and your general location. Personalized content and ads can also include more relevant results, recommendations, and tailored ads based on past activity from this browser, like previous Google searches. We also use cookies and data to tailor the experience to be age-appropriate, if relevant.
Select “More options” to see additional information, including details about managing your privacy settings. You can also visit g.co/privacytools at any time.
Reject all
Accept all
More options
Privacy Policy
Terms of Service",https://news.google.com/rss/articles/CBMilgFBVV95cUxNS3RCaklNMF9VODdpOGU0VjkxbWxabTRmR1NwRWc5M3lpek5TN1B3QUNoMEU4dkZUSnFCU1hVUFJrVFRvUW5Zb3dWMFp4MUFTeUtNWVUzUlloT01ydUx6eVNEMFA5WXVMdDdFUWtwYmxNSHFwMnN6b0l0di1lNXpQSk9wczdaZFBxOUkyTEdfU1VIek1MNUE?oc=5
2025-01-08,NVDA,Nvidia,Nvidia Stock Closed Tuesday Down 6% After Hitting All-Time Highs: What Happened? - Yahoo Finance,"EN
Sign in
Before you continue to Google
We use cookies and data to
Deliver and maintain Google services
Track outages and protect against spam, fraud, and abuse
Measure audience engagement and site statistics to understand how our services are used and enhance the quality of those services
If you choose to “Accept all,” we will also use cookies and data to
Develop and improve new services
Deliver and measure the effectiveness of ads
Show personalized content, depending on your settings
Show personalized ads, depending on your settings
If you choose to “Reject all,” we will not use cookies for these additional purposes.
Non-personalized content is influenced by things like the content you’re currently viewing, activity in your active Search session, and your location. Non-personalized ads are influenced by the content you’re currently viewing and your general location. Personalized content and ads can also include more relevant results, recommendations, and tailored ads based on past activity from this browser, like previous Google searches. We also use cookies and data to tailor the experience to be age-appropriate, if relevant.
Select “More options” to see additional information, including details about managing your privacy settings. You can also visit g.co/privacytools at any time.
Reject all
Accept all
More options
Privacy Policy
Terms of Service",https://news.google.com/rss/articles/CBMihAFBVV95cUxPYktSeGxWNjVqQlVpZFlyQnQ1aU1yZExwUUo1Q2VST3Yxalo1NUJaOVBLMDk1OGZzRG5mRHlWWUViQURCamdUa3EyMGhra2MxV216MTBYWVpUNEszYzdDb2hJUHB6VTBabDlNekFNQTRzZFJWSXJDb2ZjSmZuWUR4U3BuTUs?oc=5
2025-01-18,NVDA,Nvidia,"If You Invested $10,000 In NVIDIA Stock 10 Years Ago, How Much Would You Have Now? - Yahoo Finance","EN
Sign in
Before you continue to Google
We use cookies and data to
Deliver and maintain Google services
Track outages and protect against spam, fraud, and abuse
Measure audience engagement and site statistics to understand how our services are used and enhance the quality of those services
If you choose to “Accept all,” we will also use cookies and data to
Develop and improve new services
Deliver and measure the effectiveness of ads
Show personalized content, depending on your settings
Show personalized ads, depending on your settings
If you choose to “Reject all,” we will not use cookies for these additional purposes.
Non-personalized content is influenced by things like the content you’re currently viewing, activity in your active Search session, and your location. Non-personalized ads are influenced by the content you’re currently viewing and your general location. Personalized content and ads can also include more relevant results, recommendations, and tailored ads based on past activity from this browser, like previous Google searches. We also use cookies and data to tailor the experience to be age-appropriate, if relevant.
Select “More options” to see additional information, including details about managing your privacy settings. You can also visit g.co/privacytools at any time.
Reject all
Accept all
More options
Privacy Policy
Terms of Service",https://news.google.com/rss/articles/CBMif0FVX3lxTE1fVnhpWE9sZTdIdlJ2U3F3NC1qOWFDdHRldXg3VTVndzREMDV1YllfaUhwSmw5c2lhcTlpcEpyeDlmdHVubGZHT2dJa3NDMG5zZmZBbUhRLUluUEx5WEROWnlEaERDUjFUQTJqeXVfWEx3Yzd6TVBtTlRfWld1QW8?oc=5
2025-01-10,NVDA,Nvidia,Is NVIDIA Corporation (NVDA) the Best Blue Chip Stock to Buy for 2025? - Yahoo Finance,"EN
Sign in
Before you continue to Google
We use cookies and data to
Deliver and maintain Google services
Track outages and protect against spam, fraud, and abuse
Measure audience engagement and site statistics to understand how our services are used and enhance the quality of those services
If you choose to “Accept all,” we will also use cookies and data to
Develop and improve new services
Deliver and measure the effectiveness of ads
Show personalized content, depending on your settings
Show personalized ads, depending on your settings
If you choose to “Reject all,” we will not use cookies for these additional purposes.
Non-personalized content is influenced by things like the content you’re currently viewing, activity in your active Search session, and your location. Non-personalized ads are influenced by the content you’re currently viewing and your general location. Personalized content and ads can also include more relevant results, recommendations, and tailored ads based on past activity from this browser, like previous Google searches. We also use cookies and data to tailor the experience to be age-appropriate, if relevant.
Select “More options” to see additional information, including details about managing your privacy settings. You can also visit g.co/privacytools at any time.
Reject all
Accept all
More options
Privacy Policy
Terms of Service",https://news.google.com/rss/articles/CBMihgFBVV95cUxPNUtlNGY2Y1dQaWdXTEoxWU41enVmU3c2dFJBejBnX0xydEM4RWxHLWk5TFZ3WDlyMkFJN25TcS04blBRWmJ2QTZCLWF5dGtMV3VoYTVqT0lPR1ZqTFdxMWlpS1lxUkE3cll4OFh6cWdTTEhYcG91T3ZIUWI4YVZqNGJzVkRndw?oc=5
2025-01-15,NVDA,Nvidia,NVIDIA Stock Rises 2% as Company Unveils First Quantum Day at GTC 2025 - Yahoo Finance,"EN
Sign in
Before you continue to Google
We use cookies and data to
Deliver and maintain Google services
Track outages and protect against spam, fraud, and abuse
Measure audience engagement and site statistics to understand how our services are used and enhance the quality of those services
If you choose to “Accept all,” we will also use cookies and data to
Develop and improve new services
Deliver and measure the effectiveness of ads
Show personalized content, depending on your settings
Show personalized ads, depending on your settings
If you choose to “Reject all,” we will not use cookies for these additional purposes.
Non-personalized content is influenced by things like the content you’re currently viewing, activity in your active Search session, and your location. Non-personalized ads are influenced by the content you’re currently viewing and your general location. Personalized content and ads can also include more relevant results, recommendations, and tailored ads based on past activity from this browser, like previous Google searches. We also use cookies and data to tailor the experience to be age-appropriate, if relevant.
Select “More options” to see additional information, including details about managing your privacy settings. You can also visit g.co/privacytools at any time.
Reject all
Accept all
More options
Privacy Policy
Terms of Service",https://news.google.com/rss/articles/CBMif0FVX3lxTE9LdVNnQ0xCclMwOERILXpRcnNwR0NleWZONmF2RjlZTU5Ec3hzOUcyeDd0VXk1UEhYcE5RX2YxREZiZHZkVTRmTVJmTlQ5eHViQzVIWlVqbUt3LWEwUGxaNk1vdTBqYW5fWmZlbEZfWlFHNWQ5SlVnSVhWdEhLRjQ?oc=5
2025-01-08,NVDA,Nvidia,Nvidia (NVDA) Stock Drops Despite Market Gains: Important Facts to Note - Yahoo Finance,"EN
Sign in
Before you continue to Google
We use cookies and data to
Deliver and maintain Google services
Track outages and protect against spam, fraud, and abuse
Measure audience engagement and site statistics to understand how our services are used and enhance the quality of those services
If you choose to “Accept all,” we will also use cookies and data to
Develop and improve new services
Deliver and measure the effectiveness of ads
Show personalized content, depending on your settings
Show personalized ads, depending on your settings
If you choose to “Reject all,” we will not use cookies for these additional purposes.
Non-personalized content is influenced by things like the content you’re currently viewing, activity in your active Search session, and your location. Non-personalized ads are influenced by the content you’re currently viewing and your general location. Personalized content and ads can also include more relevant results, recommendations, and tailored ads based on past activity from this browser, like previous Google searches. We also use cookies and data to tailor the experience to be age-appropriate, if relevant.
Select “More options” to see additional information, including details about managing your privacy settings. You can also visit g.co/privacytools at any time.
Reject all
Accept all
More options
Privacy Policy
Terms of Service",https://news.google.com/rss/articles/CBMigwFBVV95cUxNdlllUWZSNERJMUJiY0ZabHFib2ZxUmxPaFVXYnJxV0U2Mm81NFZtNFQzVm1KSDBlZDV5Y3oyaHBEVGc3QWp1cGFialF3b24xUEtWTFN3MEhYZnd6V1NlRXVvVVFKNTh5eUx0R0Z0OHcxa3dhMHJ4b2V1UHpGeHhTWWJFNA?oc=5
2025-01-16,NVDA,Nvidia,Think It's Too Late to Buy Nvidia Stock? Here's the Biggest Reason Why There's Still Time. - Yahoo Finance,"EN
Sign in
Before you continue to Google
We use cookies and data to
Deliver and maintain Google services
Track outages and protect against spam, fraud, and abuse
Measure audience engagement and site statistics to understand how our services are used and enhance the quality of those services
If you choose to “Accept all,” we will also use cookies and data to
Develop and improve new services
Deliver and measure the effectiveness of ads
Show personalized content, depending on your settings
Show personalized ads, depending on your settings
If you choose to “Reject all,” we will not use cookies for these additional purposes.
Non-personalized content is influenced by things like the content you’re currently viewing, activity in your active Search session, and your location. Non-personalized ads are influenced by the content you’re currently viewing and your general location. Personalized content and ads can also include more relevant results, recommendations, and tailored ads based on past activity from this browser, like previous Google searches. We also use cookies and data to tailor the experience to be age-appropriate, if relevant.
Select “More options” to see additional information, including details about managing your privacy settings. You can also visit g.co/privacytools at any time.
Reject all
Accept all
More options
Privacy Policy
Terms of Service",https://news.google.com/rss/articles/CBMifEFVX3lxTFBxX2ZmdlV0Qmp6ejJFYzVFYU9PN1h2WFpGdmpGWU5wQUY2Vl8zel9xdW9samdhR2JzY3FCQ1JNeTlIemhadGk5c1BFN3R1bUxoMVdNYU01LUdaVW1jY3RvZEJIYU9mMTUwRjVhV3FVTjBHbnNLRHJya2MzSnQ?oc=5
2025-01-16,NVDA,Nvidia,Is Nvidia Stock a Buy Now? - Yahoo Finance,"EN
Sign in
Before you continue to Google
We use cookies and data to
Deliver and maintain Google services
Track outages and protect against spam, fraud, and abuse
Measure audience engagement and site statistics to understand how our services are used and enhance the quality of those services
If you choose to “Accept all,” we will also use cookies and data to
Develop and improve new services
Deliver and measure the effectiveness of ads
Show personalized content, depending on your settings
Show personalized ads, depending on your settings
If you choose to “Reject all,” we will not use cookies for these additional purposes.
Non-personalized content is influenced by things like the content you’re currently viewing, activity in your active Search session, and your location. Non-personalized ads are influenced by the content you’re currently viewing and your general location. Personalized content and ads can also include more relevant results, recommendations, and tailored ads based on past activity from this browser, like previous Google searches. We also use cookies and data to tailor the experience to be age-appropriate, if relevant.
Select “More options” to see additional information, including details about managing your privacy settings. You can also visit g.co/privacytools at any time.
Reject all
Accept all
More options
Privacy Policy
Terms of Service",https://news.google.com/rss/articles/CBMidEFVX3lxTE5HVHl4U3RpNU1QaWVMZ1ljTmdEWm14TzRZOG4tZGEtWFY4V09ib2NMMmkycVQ4anNxZkxHcFM5LVNGbl9vQm9Od0ZaMTZ0anNPRFZTLVktMHN0V0RDdEdmZzktT0MzMXdDVjNJNzEzSEh3OW9v?oc=5
2025-01-28,NVDA,Nvidia,Nvidia stock begins recovery after DeepSeek AI frenzy prompted near $600 billion loss - Yahoo Finance,"EN
Sign in
Before you continue to Google
We use cookies and data to
Deliver and maintain Google services
Track outages and protect against spam, fraud, and abuse
Measure audience engagement and site statistics to understand how our services are used and enhance the quality of those services
If you choose to “Accept all,” we will also use cookies and data to
Develop and improve new services
Deliver and measure the effectiveness of ads
Show personalized content, depending on your settings
Show personalized ads, depending on your settings
If you choose to “Reject all,” we will not use cookies for these additional purposes.
Non-personalized content is influenced by things like the content you’re currently viewing, activity in your active Search session, and your location. Non-personalized ads are influenced by the content you’re currently viewing and your general location. Personalized content and ads can also include more relevant results, recommendations, and tailored ads based on past activity from this browser, like previous Google searches. We also use cookies and data to tailor the experience to be age-appropriate, if relevant.
Select “More options” to see additional information, including details about managing your privacy settings. You can also visit g.co/privacytools at any time.
Reject all
Accept all
More options
Privacy Policy
Terms of Service",https://news.google.com/rss/articles/CBMiygFBVV95cUxOamFiMWRBLW85ZlNVSUtmUklMenpxY3ZrNERrQnZRQ3lYaEcyMDJNWjc4NXVFQnR0eU54TDE4RVhKUmVFVW50NVVLMzB2VDgxcmhrZFRTZkxzMnNnTExMd0IyYlVrbkVWWDFHQmFiVzBScTBrU3ZCUjduRGRwdW1nWUtxV1prSU5UdlR4ejZ4ZjVKamgxM3RzN19qR3BKa3pfWG5uSlYwM1dYV0ZWdDNidXBldmw0SHJ4bEhwUWg5X3pzYkQyTThsUGRn?oc=5
2025-02-21,NVDA,Nvidia,What Analysts Think of Nvidia Stock Ahead of Earnings - Investopedia,"EN
Sign in
Before you continue to Google
We use cookies and data to
Deliver and maintain Google services
Track outages and protect against spam, fraud, and abuse
Measure audience engagement and site statistics to understand how our services are used and enhance the quality of those services
If you choose to “Accept all,” we will also use cookies and data to
Develop and improve new services
Deliver and measure the effectiveness of ads
Show personalized content, depending on your settings
Show personalized ads, depending on your settings
If you choose to “Reject all,” we will not use cookies for these additional purposes.
Non-personalized content is influenced by things like the content you’re currently viewing, activity in your active Search session, and your location. Non-personalized ads are influenced by the content you’re currently viewing and your general location. Personalized content and ads can also include more relevant results, recommendations, and tailored ads based on past activity from this browser, like previous Google searches. We also use cookies and data to tailor the experience to be age-appropriate, if relevant.
Select “More options” to see additional information, including details about managing your privacy settings. You can also visit g.co/privacytools at any time.
Reject all
Accept all
More options
Privacy Policy
Terms of Service",https://news.google.com/rss/articles/CBMiowFBVV95cUxQN2RZYS1sbXVTTTFlOERINXktLW5uSFNwRGNzSDZRU2lRdzNhVUNLeGRqT2ZuX3poV0RmdGFZYnBnTVQ5Znd2OXJWMkI2WHREZmstOFhxcFJOT0dmNWxwZzhHZWs1Sk5NOTQzYUFHel9YV1pOTmN5ZEhvOWdUTjIwUE9EYVlLOERBY3dlSktYRE1kRDBMQk5lWm0yMy00ZWpKQVlz?oc=5
2025-01-27,NVDA,Nvidia,"Nvidia Loses More Than $590 Billion in Market Cap, Biggest One-Day Fall - WSJ","EN
Sign in
Before you continue to Google
We use cookies and data to
Deliver and maintain Google services
Track outages and protect against spam, fraud, and abuse
Measure audience engagement and site statistics to understand how our services are used and enhance the quality of those services
If you choose to “Accept all,” we will also use cookies and data to
Develop and improve new services
Deliver and measure the effectiveness of ads
Show personalized content, depending on your settings
Show personalized ads, depending on your settings
If you choose to “Reject all,” we will not use cookies for these additional purposes.
Non-personalized content is influenced by things like the content you’re currently viewing, activity in your active Search session, and your location. Non-personalized ads are influenced by the content you’re currently viewing and your general location. Personalized content and ads can also include more relevant results, recommendations, and tailored ads based on past activity from this browser, like previous Google searches. We also use cookies and data to tailor the experience to be age-appropriate, if relevant.
Select “More options” to see additional information, including details about managing your privacy settings. You can also visit g.co/privacytools at any time.
Reject all
Accept all
More options
Privacy Policy
Terms of Service",https://news.google.com/rss/articles/CBMi7AFBVV95cUxPUVVIUUsxdVhEWjZ0LURmSEZKN2NpX3FhNzV4TGNWRGRpaFN6RW1DX2QtSXF6c25IZ1VEZHNwek51RWZWdlJsNk8yWFVQN1pzaG1GMHhHcVVBY2tFMHo0OVBNbFRhTFFwSWdmSTNaS0h2MXJQNXdxaGNBWmhyNTAxdE5TLVQ2X2lMX2FGYjdlSEtEZXp5akczRldicy12dUhOTlpIbzRnNnJubEFwS0t4MEV1WUlJM1czbkNhZ0xPcDJZMF9fYWtPaDBJSjg2dEpsRVVhMkVhcHdyUXRyVldMbFdfaXZEOUdXWXE0QQ?oc=5
2025-02-19,NVDA,Nvidia,"Going Into Earnings, Is Nvidia Stock a Buy, a Sell, or Fairly Valued? - Morningstar","EN
Sign in
Before you continue to Google
We use cookies and data to
Deliver and maintain Google services
Track outages and protect against spam, fraud, and abuse
Measure audience engagement and site statistics to understand how our services are used and enhance the quality of those services
If you choose to “Accept all,” we will also use cookies and data to
Develop and improve new services
Deliver and measure the effectiveness of ads
Show personalized content, depending on your settings
Show personalized ads, depending on your settings
If you choose to “Reject all,” we will not use cookies for these additional purposes.
Non-personalized content is influenced by things like the content you’re currently viewing, activity in your active Search session, and your location. Non-personalized ads are influenced by the content you’re currently viewing and your general location. Personalized content and ads can also include more relevant results, recommendations, and tailored ads based on past activity from this browser, like previous Google searches. We also use cookies and data to tailor the experience to be age-appropriate, if relevant.
Select “More options” to see additional information, including details about managing your privacy settings. You can also visit g.co/privacytools at any time.
Reject all
Accept all
More options
Privacy Policy
Terms of Service",https://news.google.com/rss/articles/CBMinwFBVV95cUxPV2k5WkV2MmxQa0wxX2ctd3BzMklNaEg5TWNqZXhKeWYzMXM1THRtNUhMTGFRc1RtenRCbE9Jc2FaR0I5M09LWFZSelRTamVCSTZpclJ4Wks2N0tzMHU4c1dQYmlyUjJ1alozM1RnTHJpM2lxRGU1eDZXaWpMQWxYZ2V3VjJRTzlhYnF1NHZOTEgwcElnODN3S3dKeHNpQjg?oc=5
2025-01-28,NVDA,Nvidia,"What's Next For Nvidia, AI Chip Stocks After DeepSeek 'Wake-Up Call'? - Investor's Business Daily","EN
Sign in
Before you continue to Google
We use cookies and data to
Deliver and maintain Google services
Track outages and protect against spam, fraud, and abuse
Measure audience engagement and site statistics to understand how our services are used and enhance the quality of those services
If you choose to “Accept all,” we will also use cookies and data to
Develop and improve new services
Deliver and measure the effectiveness of ads
Show personalized content, depending on your settings
Show personalized ads, depending on your settings
If you choose to “Reject all,” we will not use cookies for these additional purposes.
Non-personalized content is influenced by things like the content you’re currently viewing, activity in your active Search session, and your location. Non-personalized ads are influenced by the content you’re currently viewing and your general location. Personalized content and ads can also include more relevant results, recommendations, and tailored ads based on past activity from this browser, like previous Google searches. We also use cookies and data to tailor the experience to be age-appropriate, if relevant.
Select “More options” to see additional information, including details about managing your privacy settings. You can also visit g.co/privacytools at any time.
Reject all
Accept all
More options
Privacy Policy
Terms of Service",https://news.google.com/rss/articles/CBMihAFBVV95cUxNem53T1pCYlZ5OUE3VUgwcU85a2JkVmk3aVc1T3VSU2UxaDg4TXBYVHJ6RHBBdjRRUkVwWTJTR1o1X1ozZkZ5blIwQ3JDbS01RFoyZVRBZDBNdTRmbzhPaU43M3ZOQzc1RW53eE9jcmJiRHRtOFAyeGpXRURONHhWWVRXVzY?oc=5
2025-01-27,NVDA,Nvidia,Nvidia plunges 18% and tech stocks slide as China's DeepSeek spooks investors - markets.businessinsider.com,"EN
Sign in
Before you continue to Google
We use cookies and data to
Deliver and maintain Google services
Track outages and protect against spam, fraud, and abuse
Measure audience engagement and site statistics to understand how our services are used and enhance the quality of those services
If you choose to “Accept all,” we will also use cookies and data to
Develop and improve new services
Deliver and measure the effectiveness of ads
Show personalized content, depending on your settings
Show personalized ads, depending on your settings
If you choose to “Reject all,” we will not use cookies for these additional purposes.
Non-personalized content is influenced by things like the content you’re currently viewing, activity in your active Search session, and your location. Non-personalized ads are influenced by the content you’re currently viewing and your general location. Personalized content and ads can also include more relevant results, recommendations, and tailored ads based on past activity from this browser, like previous Google searches. We also use cookies and data to tailor the experience to be age-appropriate, if relevant.
Select “More options” to see additional information, including details about managing your privacy settings. You can also visit g.co/privacytools at any time.
Reject all
Accept all
More options
Privacy Policy
Terms of Service",https://news.google.com/rss/articles/CBMingFBVV95cUxNT04waER6M3N2OXQyNWl3ZzZQZWhNeS1hT0hMNzBQaXVvbkhZMFVnNTVLYTlvcl9rcGIwbDhaWU5kbjdLcURvMXFCRTc0Yng3SEgtOU9fc2IxTTcwVHdNUlBNaGcwMnNndl9TeE5EWVlId3BYQWhub2xoSXRYMWpiLTI4eElVYk9vbmpSTHdNNHNlZGg1djRsVWs2Nkwzdw?oc=5
2025-01-29,NVDA,Nvidia,Nvidia Stock Is Dropping. Why It’s Sitting Out the Chip Rebound. - Barron's,"EN
Sign in
Before you continue to Google
We use cookies and data to
Deliver and maintain Google services
Track outages and protect against spam, fraud, and abuse
Measure audience engagement and site statistics to understand how our services are used and enhance the quality of those services
If you choose to “Accept all,” we will also use cookies and data to
Develop and improve new services
Deliver and measure the effectiveness of ads
Show personalized content, depending on your settings
Show personalized ads, depending on your settings
If you choose to “Reject all,” we will not use cookies for these additional purposes.
Non-personalized content is influenced by things like the content you’re currently viewing, activity in your active Search session, and your location. Non-personalized ads are influenced by the content you’re currently viewing and your general location. Personalized content and ads can also include more relevant results, recommendations, and tailored ads based on past activity from this browser, like previous Google searches. We also use cookies and data to tailor the experience to be age-appropriate, if relevant.
Select “More options” to see additional information, including details about managing your privacy settings. You can also visit g.co/privacytools at any time.
Reject all
Accept all
More options
Privacy Policy
Terms of Service",https://news.google.com/rss/articles/CBMijAFBVV95cUxOclQzanpkbFZTNmkzekUzeUxCOHFqNjMwV2tyOGg5LXVjM1NfeTFkM1pCNWtXVk1fWE1BcnY0N3duVG1PX0NlTnFBeS1FQVo1OWNHdGZEUE41N3VqOHRnZ2V4VGRWN2dyTzN3TVJLeks0akM3NW8wb3QzbnRHY19CWjlDSEZTOWVGUjRJQg?oc=5
2025-01-27,NVDA,Nvidia,DeepSeek sparks AI stock selloff; Nvidia posts record market-cap loss - Reuters,"EN
Sign in
Before you continue to Google
We use cookies and data to
Deliver and maintain Google services
Track outages and protect against spam, fraud, and abuse
Measure audience engagement and site statistics to understand how our services are used and enhance the quality of those services
If you choose to “Accept all,” we will also use cookies and data to
Develop and improve new services
Deliver and measure the effectiveness of ads
Show personalized content, depending on your settings
Show personalized ads, depending on your settings
If you choose to “Reject all,” we will not use cookies for these additional purposes.
Non-personalized content is influenced by things like the content you’re currently viewing, activity in your active Search session, and your location. Non-personalized ads are influenced by the content you’re currently viewing and your general location. Personalized content and ads can also include more relevant results, recommendations, and tailored ads based on past activity from this browser, like previous Google searches. We also use cookies and data to tailor the experience to be age-appropriate, if relevant.
Select “More options” to see additional information, including details about managing your privacy settings. You can also visit g.co/privacytools at any time.
Reject all
Accept all
More options
Privacy Policy
Terms of Service",https://news.google.com/rss/articles/CBMijwFBVV95cUxNZEJpWmFPYUFwV3cxMHpMZTlqNFlLR1NWU1czeTdrUFlrNUdhMVUzOTNDcEJGbGxndDVpQ0xpc3pJN0R5blN3Um5CSF9Wa3lFTHduUUpfNnE1UlNzVUNNMTE5LVdyYjFORWRMZ3JUUnBzNkFhUVBXTWowVzIxOHB2UGlRMExsZk16RTNqalRvUQ?oc=5
2025-01-27,NVDA,Nvidia,Biggest Market Loss In History: Nvidia Stock Sheds Nearly $600 Billion As DeepSeek Shakes AI Darling - Forbes,"EN
Sign in
Before you continue to Google
We use cookies and data to
Deliver and maintain Google services
Track outages and protect against spam, fraud, and abuse
Measure audience engagement and site statistics to understand how our services are used and enhance the quality of those services
If you choose to “Accept all,” we will also use cookies and data to
Develop and improve new services
Deliver and measure the effectiveness of ads
Show personalized content, depending on your settings
Show personalized ads, depending on your settings
If you choose to “Reject all,” we will not use cookies for these additional purposes.
Non-personalized content is influenced by things like the content you’re currently viewing, activity in your active Search session, and your location. Non-personalized ads are influenced by the content you’re currently viewing and your general location. Personalized content and ads can also include more relevant results, recommendations, and tailored ads based on past activity from this browser, like previous Google searches. We also use cookies and data to tailor the experience to be age-appropriate, if relevant.
Select “More options” to see additional information, including details about managing your privacy settings. You can also visit g.co/privacytools at any time.
Reject all
Accept all
More options
Privacy Policy
Terms of Service",https://news.google.com/rss/articles/CBMi4wFBVV95cUxOdzAwYkVXbW1mTUNVV0JQenQ3dDNEcFppRXF0R0VlSUhpU0psdEd3TTQ1ZWZERC11Y21yeVBRcnBESGljeUV5N29zLU5ZdUFkVjFhYllsMjhlUW0xWDU4RHJKY0FRYktkdUhEdXJOd25qOGR2bDM1RXRNdmx1MXQtd01CbEdFY1V0Vzdrczl1d1FnOXJfM1BKNk13eHRibGUwUVJBSko3UHhua2tGQ2xmTFdvNGdZUVBlOTBYX244bDhpbUNNTUM0N2VsRUREclp3UmEzVVQwZVg0aTlpaV9BRjgtaw?oc=5
2025-02-24,NVDA,Nvidia,Stock-Split Watch: Is Nvidia Next? - The Motley Fool,"EN
Sign in
Before you continue to Google
We use cookies and data to
Deliver and maintain Google services
Track outages and protect against spam, fraud, and abuse
Measure audience engagement and site statistics to understand how our services are used and enhance the quality of those services
If you choose to “Accept all,” we will also use cookies and data to
Develop and improve new services
Deliver and measure the effectiveness of ads
Show personalized content, depending on your settings
Show personalized ads, depending on your settings
If you choose to “Reject all,” we will not use cookies for these additional purposes.
Non-personalized content is influenced by things like the content you’re currently viewing, activity in your active Search session, and your location. Non-personalized ads are influenced by the content you’re currently viewing and your general location. Personalized content and ads can also include more relevant results, recommendations, and tailored ads based on past activity from this browser, like previous Google searches. We also use cookies and data to tailor the experience to be age-appropriate, if relevant.
Select “More options” to see additional information, including details about managing your privacy settings. You can also visit g.co/privacytools at any time.
Reject all
Accept all
More options
Privacy Policy
Terms of Service",https://news.google.com/rss/articles/CBMigAFBVV95cUxPUU90anBsUnN4S08wNGFfd2xBLVc0VnJMR3RuajQybEFFYnJqT3UyZDN3M3Zld0ZUWmJGS016dHlmZTVGSG04c0h3NDRqb0pzYXhFeTNsVXNOVVdaczYySUFxRXQ1NVZuUkNmMGNhUXFlZjB6V2RodkVsaDFFMGxFeQ?oc=5
2025-02-24,NVDA,Nvidia,"Why Nvidia stock looks super cheap compared to other AI names, according to Yahoo Finance readers - Yahoo Finance","EN
Sign in
Before you continue to Google
We use cookies and data to
Deliver and maintain Google services
Track outages and protect against spam, fraud, and abuse
Measure audience engagement and site statistics to understand how our services are used and enhance the quality of those services
If you choose to “Accept all,” we will also use cookies and data to
Develop and improve new services
Deliver and measure the effectiveness of ads
Show personalized content, depending on your settings
Show personalized ads, depending on your settings
If you choose to “Reject all,” we will not use cookies for these additional purposes.
Non-personalized content is influenced by things like the content you’re currently viewing, activity in your active Search session, and your location. Non-personalized ads are influenced by the content you’re currently viewing and your general location. Personalized content and ads can also include more relevant results, recommendations, and tailored ads based on past activity from this browser, like previous Google searches. We also use cookies and data to tailor the experience to be age-appropriate, if relevant.
Select “More options” to see additional information, including details about managing your privacy settings. You can also visit g.co/privacytools at any time.
Reject all
Accept all
More options
Privacy Policy
Terms of Service",https://news.google.com/rss/articles/CBMi2gFBVV95cUxPdFhoQlBkUXhZdE1kRHZjVzhDUGhtTFpFaklCaXl3N3hnSmF1Mms2QWZycUtER0VhZHJLS0x5Wm1Ta2dCbHhZMWlObXRObklTYlFYTXhGal9wNmJndzlHLTlPQnY2RHhXZlVZbkZoWVUzNk44RmJjQnJzZ1AtbjZ5c2pwOU50dXU5WVhWMjV6anpXbmhrVDlyTy1saEU1bEVqeVoxWnRYUTdCOWtMbUJmUHp0ZG5BUXltNmhHWTVNUWl4b0NJOTcxS2RYelhja0U3VUFvVnpaYmlTQQ?oc=5
2025-01-27,NVDA,Nvidia,Nvidia: Maintaining Fair Value Estimate Despite AI Model Efficiencies Deployed by DeepSeek - Morningstar,"EN
Sign in
Before you continue to Google
We use cookies and data to
Deliver and maintain Google services
Track outages and protect against spam, fraud, and abuse
Measure audience engagement and site statistics to understand how our services are used and enhance the quality of those services
If you choose to “Accept all,” we will also use cookies and data to
Develop and improve new services
Deliver and measure the effectiveness of ads
Show personalized content, depending on your settings
Show personalized ads, depending on your settings
If you choose to “Reject all,” we will not use cookies for these additional purposes.
Non-personalized content is influenced by things like the content you’re currently viewing, activity in your active Search session, and your location. Non-personalized ads are influenced by the content you’re currently viewing and your general location. Personalized content and ads can also include more relevant results, recommendations, and tailored ads based on past activity from this browser, like previous Google searches. We also use cookies and data to tailor the experience to be age-appropriate, if relevant.
Select “More options” to see additional information, including details about managing your privacy settings. You can also visit g.co/privacytools at any time.
Reject all
Accept all
More options
Privacy Policy
Terms of Service",https://news.google.com/rss/articles/CBMiwgFBVV95cUxOM3ozUTc3MEpOanhIdnpNYXFIazZFM1VXd1VGSl8wV0wxU21iclRyNFRpcl9kalhRLWZZTjkyMmk0c3JGTkU5R2ExWXFiZy1LTnVzcGlGdE1sbkdsUklMR29DOVZwblFwWHNqVDVQWUVpR1FmOEVOU2dJci1XZ3RsSGxibDdiZE1EVHNoR05hbDAtckVKR1lzUjgzck1PRndOWnJpdkxCZWVSNTN4bW9hemNmd0tHbnpudEQ0bVFpOENkUQ?oc=5
2025-02-21,NVDA,Nvidia,Nvidia Stock Pauses Despite Debut Of Blackwell. What The King Of AI Chips Needs Now. - Investor's Business Daily,"EN
Sign in
Before you continue to Google
We use cookies and data to
Deliver and maintain Google services
Track outages and protect against spam, fraud, and abuse
Measure audience engagement and site statistics to understand how our services are used and enhance the quality of those services
If you choose to “Accept all,” we will also use cookies and data to
Develop and improve new services
Deliver and measure the effectiveness of ads
Show personalized content, depending on your settings
Show personalized ads, depending on your settings
If you choose to “Reject all,” we will not use cookies for these additional purposes.
Non-personalized content is influenced by things like the content you’re currently viewing, activity in your active Search session, and your location. Non-personalized ads are influenced by the content you’re currently viewing and your general location. Personalized content and ads can also include more relevant results, recommendations, and tailored ads based on past activity from this browser, like previous Google searches. We also use cookies and data to tailor the experience to be age-appropriate, if relevant.
Select “More options” to see additional information, including details about managing your privacy settings. You can also visit g.co/privacytools at any time.
Reject all
Accept all
More options
Privacy Policy
Terms of Service",https://news.google.com/rss/articles/CBMif0FVX3lxTE1xR2lmaUF4dTRWWTlzalMzMWJxMmI4Z2RZckdJYWNjVmVreHh4ajFybFR1NFA4NS1WdkQxdEI0LTNsYkl2ZFZBeWZhaUw2SGtvcnR6VkdocjdPVklRN0I0cFIyYjJFSm5TdVJhQVQxSGhqUGU2b0lIV3gtR2JFbm8?oc=5
2025-02-18,NVDA,Nvidia,Prediction: Nvidia Stock Is Going to Drop After Feb. 26 - Yahoo Finance,"EN
Sign in
Before you continue to Google
We use cookies and data to
Deliver and maintain Google services
Track outages and protect against spam, fraud, and abuse
Measure audience engagement and site statistics to understand how our services are used and enhance the quality of those services
If you choose to “Accept all,” we will also use cookies and data to
Develop and improve new services
Deliver and measure the effectiveness of ads
Show personalized content, depending on your settings
Show personalized ads, depending on your settings
If you choose to “Reject all,” we will not use cookies for these additional purposes.
Non-personalized content is influenced by things like the content you’re currently viewing, activity in your active Search session, and your location. Non-personalized ads are influenced by the content you’re currently viewing and your general location. Personalized content and ads can also include more relevant results, recommendations, and tailored ads based on past activity from this browser, like previous Google searches. We also use cookies and data to tailor the experience to be age-appropriate, if relevant.
Select “More options” to see additional information, including details about managing your privacy settings. You can also visit g.co/privacytools at any time.
Reject all
Accept all
More options
Privacy Policy
Terms of Service",https://news.google.com/rss/articles/CBMihwFBVV95cUxOR3dSd3lhMnplcGN1UjZzY0tZU0J4RFU4OEhNMGl2SmFBSFcya00tbmZCa1NIRXFiMV8ySkFscTJGZVFKWllHeW9JdFdFMUtzcGxfbUlHR1lEdUNSd0liWUJqdmwxMEk4aGJhUmpydlpwczM2SEZISWVqWXladGJVS0VJQmQ1cTg?oc=5
2025-02-14,NVDA,Nvidia,"Nvidia Dumps SoundHound, Trims Arm Stake, Buys These 2 Stocks - Investor's Business Daily","EN
Sign in
Before you continue to Google
We use cookies and data to
Deliver and maintain Google services
Track outages and protect against spam, fraud, and abuse
Measure audience engagement and site statistics to understand how our services are used and enhance the quality of those services
If you choose to “Accept all,” we will also use cookies and data to
Develop and improve new services
Deliver and measure the effectiveness of ads
Show personalized content, depending on your settings
Show personalized ads, depending on your settings
If you choose to “Reject all,” we will not use cookies for these additional purposes.
Non-personalized content is influenced by things like the content you’re currently viewing, activity in your active Search session, and your location. Non-personalized ads are influenced by the content you’re currently viewing and your general location. Personalized content and ads can also include more relevant results, recommendations, and tailored ads based on past activity from this browser, like previous Google searches. We also use cookies and data to tailor the experience to be age-appropriate, if relevant.
Select “More options” to see additional information, including details about managing your privacy settings. You can also visit g.co/privacytools at any time.
Reject all
Accept all
More options
Privacy Policy
Terms of Service",https://news.google.com/rss/articles/CBMinAFBVV95cUxQMWtsTHJWOEJ5aEE3MTc2Y1A1MWxqeEhUNEZzM1FiSEJHRHNDeU1uWmpvWjNPZjNIX25MTi1ONjAzeWJnSVdnMDRFQUJwSWozY1Y0c3VCN1cybjFPWFIteXRCTmtfaEV2MlV0VFlYX2czNTRYSVZCRXB4a29QX25SRWFjaUxKVjl1R3RHcWZkeVo0ZmJDd0tKMWN0bE8?oc=5
2025-02-16,NVDA,Nvidia,Where Will Nvidia Stock Be in 10 Years? - Yahoo Finance,"EN
Sign in
Before you continue to Google
We use cookies and data to
Deliver and maintain Google services
Track outages and protect against spam, fraud, and abuse
Measure audience engagement and site statistics to understand how our services are used and enhance the quality of those services
If you choose to “Accept all,” we will also use cookies and data to
Develop and improve new services
Deliver and measure the effectiveness of ads
Show personalized content, depending on your settings
Show personalized ads, depending on your settings
If you choose to “Reject all,” we will not use cookies for these additional purposes.
Non-personalized content is influenced by things like the content you’re currently viewing, activity in your active Search session, and your location. Non-personalized ads are influenced by the content you’re currently viewing and your general location. Personalized content and ads can also include more relevant results, recommendations, and tailored ads based on past activity from this browser, like previous Google searches. We also use cookies and data to tailor the experience to be age-appropriate, if relevant.
Select “More options” to see additional information, including details about managing your privacy settings. You can also visit g.co/privacytools at any time.
Reject all
Accept all
More options
Privacy Policy
Terms of Service",https://news.google.com/rss/articles/CBMifkFVX3lxTFAzZEFqX1V6cUxJWk9MTzdqUTRuTUVUQjAwdzBESDdHbkdCRk5pZzd4V1NybERWMkhSRFN0anotU1N6UjZYb05nTEY0ZGstQmNMWW41WkpmR1czVnFidUgxTE5KTjBjQlZRQi03UDFZZ3dVVWNIUG9tdE9vWkhrUQ?oc=5
2025-01-29,NVDA,Nvidia,Why DeepSeek's Progress May Actually Be Good News For AI Chipmakers - Investor's Business Daily,"EN
Sign in
Before you continue to Google
We use cookies and data to
Deliver and maintain Google services
Track outages and protect against spam, fraud, and abuse
Measure audience engagement and site statistics to understand how our services are used and enhance the quality of those services
If you choose to “Accept all,” we will also use cookies and data to
Develop and improve new services
Deliver and measure the effectiveness of ads
Show personalized content, depending on your settings
Show personalized ads, depending on your settings
If you choose to “Reject all,” we will not use cookies for these additional purposes.
Non-personalized content is influenced by things like the content you’re currently viewing, activity in your active Search session, and your location. Non-personalized ads are influenced by the content you’re currently viewing and your general location. Personalized content and ads can also include more relevant results, recommendations, and tailored ads based on past activity from this browser, like previous Google searches. We also use cookies and data to tailor the experience to be age-appropriate, if relevant.
Select “More options” to see additional information, including details about managing your privacy settings. You can also visit g.co/privacytools at any time.
Reject all
Accept all
More options
Privacy Policy
Terms of Service",https://news.google.com/rss/articles/CBMilwFBVV95cUxOcHhnR3NCcHFLMW1CYWVQVzFFMFE5cXRka1FXNUdPaVhRd0NQRmVhTlFWdWJuR1ZJbmtUQmxPdS1NOWtDbjFnS2xlQV9FWUdCWFlQOXN2WVF4TTN6UFZzQlJBUjZsbVpuSmtQOFFJZS1FamI0UHZ6TXlUcGtWX0JUbnRXS3ozdmt4UEt5UU5GcmRpLVlnVm0w?oc=5
2025-01-27,NVDA,Nvidia,"Nvidia stock plummets, loses record $589 billion as DeepSeek prompts questions over AI spending - Yahoo Finance","EN
Sign in
Before you continue to Google
We use cookies and data to
Deliver and maintain Google services
Track outages and protect against spam, fraud, and abuse
Measure audience engagement and site statistics to understand how our services are used and enhance the quality of those services
If you choose to “Accept all,” we will also use cookies and data to
Develop and improve new services
Deliver and measure the effectiveness of ads
Show personalized content, depending on your settings
Show personalized ads, depending on your settings
If you choose to “Reject all,” we will not use cookies for these additional purposes.
Non-personalized content is influenced by things like the content you’re currently viewing, activity in your active Search session, and your location. Non-personalized ads are influenced by the content you’re currently viewing and your general location. Personalized content and ads can also include more relevant results, recommendations, and tailored ads based on past activity from this browser, like previous Google searches. We also use cookies and data to tailor the experience to be age-appropriate, if relevant.
Select “More options” to see additional information, including details about managing your privacy settings. You can also visit g.co/privacytools at any time.
Reject all
Accept all
More options
Privacy Policy
Terms of Service",https://news.google.com/rss/articles/CBMi1gFBVV95cUxQN19wOE0xTjBfcHZoQ2RNbFdVemR2X2JNSk1mZWl4UnpOVy04WU1qTmc1WHhMdjNmTXlaUUZKSUpPZ0w5eTZRUG1iRlRQWU1OQ1Y3QWxRQUlya21DWUhRRXM2SE5Db0NGZWhLUVY3R0tiaUtLV1lxWnVQV1NIb2Y3ZFBZNmxCMnJXZHZlbHF3bzJqUGZ1dnBYd0FhUThDa3FHTzBMWmM4NWdDU3B0U3FzOGctNVFjT2FIT0ZTVy1TVHY4MFNrdHBUOEI5VUhsT1BLSGdoM2h3?oc=5
2025-01-27,NVDA,Nvidia,"Nvidia Stock Crashes 17%, Wiping Out $600 Billion in a Single Day - Yahoo Finance","EN
Sign in
Before you continue to Google
We use cookies and data to
Deliver and maintain Google services
Track outages and protect against spam, fraud, and abuse
Measure audience engagement and site statistics to understand how our services are used and enhance the quality of those services
If you choose to “Accept all,” we will also use cookies and data to
Develop and improve new services
Deliver and measure the effectiveness of ads
Show personalized content, depending on your settings
Show personalized ads, depending on your settings
If you choose to “Reject all,” we will not use cookies for these additional purposes.
Non-personalized content is influenced by things like the content you’re currently viewing, activity in your active Search session, and your location. Non-personalized ads are influenced by the content you’re currently viewing and your general location. Personalized content and ads can also include more relevant results, recommendations, and tailored ads based on past activity from this browser, like previous Google searches. We also use cookies and data to tailor the experience to be age-appropriate, if relevant.
Select “More options” to see additional information, including details about managing your privacy settings. You can also visit g.co/privacytools at any time.
Reject all
Accept all
More options
Privacy Policy
Terms of Service",https://news.google.com/rss/articles/CBMiggFBVV95cUxPWmR4U2EyWWxCWkRqd2xrVkpfMU8zMk9xR3hyQmw2Uk4xMDk3UEM3a3VhSnhaa1owVTVvQ3RZLVUwdlJwYXc1N3RnaUE3Q085NWJxWjEzblVQd3dpdGV2Vmx6TUFlZzlyWXhHZm40VDNFaTRVcGhtay1hR3RGOS1SdGln?oc=5
2025-02-05,NVDA,Nvidia,Prediction: Nvidia Stock Is Going to Soar After Feb. 26 - Yahoo Finance,"EN
Sign in
Before you continue to Google
We use cookies and data to
Deliver and maintain Google services
Track outages and protect against spam, fraud, and abuse
Measure audience engagement and site statistics to understand how our services are used and enhance the quality of those services
If you choose to “Accept all,” we will also use cookies and data to
Develop and improve new services
Deliver and measure the effectiveness of ads
Show personalized content, depending on your settings
Show personalized ads, depending on your settings
If you choose to “Reject all,” we will not use cookies for these additional purposes.
Non-personalized content is influenced by things like the content you’re currently viewing, activity in your active Search session, and your location. Non-personalized ads are influenced by the content you’re currently viewing and your general location. Personalized content and ads can also include more relevant results, recommendations, and tailored ads based on past activity from this browser, like previous Google searches. We also use cookies and data to tailor the experience to be age-appropriate, if relevant.
Select “More options” to see additional information, including details about managing your privacy settings. You can also visit g.co/privacytools at any time.
Reject all
Accept all
More options
Privacy Policy
Terms of Service",https://news.google.com/rss/articles/CBMihwFBVV95cUxQUDNHUzR2c0Z6d2VTOV9JcFh6Wm5fa2pWRm9FcDE0QVZUdjlDTS1fM3JYbk1LTkI3SDRycmo5STZoa05pX21NalJOTVVBSHRvY3dfTENjdUZyTWhLM0tJZnpSeEtVQVU5Qk15OVhDU0hrUWNBRTRPUDNNbFdadWg1dFpTMkVYZzg?oc=5
2025-03-17,NVDA,Nvidia,Nvidia Stock Falls Ahead Of GTC. Here’s Why. - Investor's Business Daily,"EN
Sign in
Before you continue to Google
We use cookies and data to
Deliver and maintain Google services
Track outages and protect against spam, fraud, and abuse
Measure audience engagement and site statistics to understand how our services are used and enhance the quality of those services
If you choose to “Accept all,” we will also use cookies and data to
Develop and improve new services
Deliver and measure the effectiveness of ads
Show personalized content, depending on your settings
Show personalized ads, depending on your settings
If you choose to “Reject all,” we will not use cookies for these additional purposes.
Non-personalized content is influenced by things like the content you’re currently viewing, activity in your active Search session, and your location. Non-personalized ads are influenced by the content you’re currently viewing and your general location. Personalized content and ads can also include more relevant results, recommendations, and tailored ads based on past activity from this browser, like previous Google searches. We also use cookies and data to tailor the experience to be age-appropriate, if relevant.
Select “More options” to see additional information, including details about managing your privacy settings. You can also visit g.co/privacytools at any time.
Reject all
Accept all
More options
Privacy Policy
Terms of Service",https://news.google.com/rss/articles/CBMihgFBVV95cUxOMHFLcmxhdGtKNkFmenVSN2ROcjljYjZzTDRQMVYxbGM0T2V0Q2dTZWNJTi02SlNHMjc0ZWNQNHZBQ1FraDVLTk5XbWtOeFlRdEpfVzhSNFBoWDZqU1lsblBFOGtyM3lCX21UYlhST0xkd2xReWJhaFdlZzJSaDVQN1FWQUFOUQ?oc=5
2025-03-19,NVDA,Nvidia,Nvidia stock rises as GTC leaves Wall Street analysts 'comfortable with long term AI demand' - Yahoo Finance,"EN
Sign in
Before you continue to Google
We use cookies and data to
Deliver and maintain Google services
Track outages and protect against spam, fraud, and abuse
Measure audience engagement and site statistics to understand how our services are used and enhance the quality of those services
If you choose to “Accept all,” we will also use cookies and data to
Develop and improve new services
Deliver and measure the effectiveness of ads
Show personalized content, depending on your settings
Show personalized ads, depending on your settings
If you choose to “Reject all,” we will not use cookies for these additional purposes.
Non-personalized content is influenced by things like the content you’re currently viewing, activity in your active Search session, and your location. Non-personalized ads are influenced by the content you’re currently viewing and your general location. Personalized content and ads can also include more relevant results, recommendations, and tailored ads based on past activity from this browser, like previous Google searches. We also use cookies and data to tailor the experience to be age-appropriate, if relevant.
Select “More options” to see additional information, including details about managing your privacy settings. You can also visit g.co/privacytools at any time.
Reject all
Accept all
More options
Privacy Policy
Terms of Service",https://news.google.com/rss/articles/CBMi0gFBVV95cUxPNjFMelRtdUNBYVhMY0pYaW16Rnl6dTRpMEdWS0tfYWQ1WmZWaGctWUpxb21pSFItbVp2N0RLRkswZVdYUE92cGEyT3N6NEpYZm4xNFJfZndFTVlsRlZhM0dpb0IwMEdLMXFkSHZxZTJ2Yl9NYzZXdDNoTW9CT0ViM3A0TjNqTEw5OVRvSm8wRF95Y2plM2RCUWpGMXRvY3BsSHctTzhLMVhpZ1E3RDMxaVFvVlR2V0RLeGlWYzJMMXpBb0psMDg5REJUVmYzMXNOV1E?oc=5
2025-03-18,NVDA,Nvidia,Nvidia Stock Dropped After CEO Delivered GTC Keynote—Watch These Key Levels - Investopedia,"EN
Sign in
Before you continue to Google
We use cookies and data to
Deliver and maintain Google services
Track outages and protect against spam, fraud, and abuse
Measure audience engagement and site statistics to understand how our services are used and enhance the quality of those services
If you choose to “Accept all,” we will also use cookies and data to
Develop and improve new services
Deliver and measure the effectiveness of ads
Show personalized content, depending on your settings
Show personalized ads, depending on your settings
If you choose to “Reject all,” we will not use cookies for these additional purposes.
Non-personalized content is influenced by things like the content you’re currently viewing, activity in your active Search session, and your location. Non-personalized ads are influenced by the content you’re currently viewing and your general location. Personalized content and ads can also include more relevant results, recommendations, and tailored ads based on past activity from this browser, like previous Google searches. We also use cookies and data to tailor the experience to be age-appropriate, if relevant.
Select “More options” to see additional information, including details about managing your privacy settings. You can also visit g.co/privacytools at any time.
Reject all
Accept all
More options
Privacy Policy
Terms of Service",https://news.google.com/rss/articles/CBMiswFBVV95cUxNLVgwSzFIZXZBUTdETTdXWXZFY3dNQnVja2VxZ3BZeGJGZkhLMVBETktibFNFN1g3NWFYSkd6cFc0YVBwd0NPcGVvNGduNFpfUC1lMXJlZTdhVkh6M05UYkFGWXhlMWxpTHV5ai1RRU5iOVM5WW1CVUZTN203N2hhcndScUh3VW5JSFEwUlBrZzZvZWNkYUlFSG5tSWFQNjYwSWhsZ1pwWFdfWjBvTmVvZXNYVQ?oc=5
2025-03-04,NVDA,Nvidia,Nvidia’s stock is doing things not seen in nearly a decade — and that’s good news - MarketWatch,"EN
Sign in
Before you continue to Google
We use cookies and data to
Deliver and maintain Google services
Track outages and protect against spam, fraud, and abuse
Measure audience engagement and site statistics to understand how our services are used and enhance the quality of those services
If you choose to “Accept all,” we will also use cookies and data to
Develop and improve new services
Deliver and measure the effectiveness of ads
Show personalized content, depending on your settings
Show personalized ads, depending on your settings
If you choose to “Reject all,” we will not use cookies for these additional purposes.
Non-personalized content is influenced by things like the content you’re currently viewing, activity in your active Search session, and your location. Non-personalized ads are influenced by the content you’re currently viewing and your general location. Personalized content and ads can also include more relevant results, recommendations, and tailored ads based on past activity from this browser, like previous Google searches. We also use cookies and data to tailor the experience to be age-appropriate, if relevant.
Select “More options” to see additional information, including details about managing your privacy settings. You can also visit g.co/privacytools at any time.
Reject all
Accept all
More options
Privacy Policy
Terms of Service",https://news.google.com/rss/articles/CBMivAFBVV95cUxNUDVobGNxQ1V1MnBJYVFTV1JMamdjdGNpMFlubGhOdDg3MzRvcmFWcVJJVDlRNDBEa3RhQmthTjZNMEx0ZG1nOXk2d0xDc2IxVzk1RWhQS3lPZVVaOVhWLWJSN0R4LWhsbmFVNS1wT01JOWhBOHp6dXl6UTl5Q3pDV1hZRDg4X2hCME5KbXBiQURrMk1mMkNYUTZ1SXliTFA1aExsVUYtVzZXOFlWQnF4WG9ucXgzQ3dGZGpSdg?oc=5
2025-03-18,NVDA,Nvidia,Could Recession Pull Nvidia Stock Down To $60? - Nasdaq,"EN
Sign in
Before you continue to Google
We use cookies and data to
Deliver and maintain Google services
Track outages and protect against spam, fraud, and abuse
Measure audience engagement and site statistics to understand how our services are used and enhance the quality of those services
If you choose to “Accept all,” we will also use cookies and data to
Develop and improve new services
Deliver and measure the effectiveness of ads
Show personalized content, depending on your settings
Show personalized ads, depending on your settings
If you choose to “Reject all,” we will not use cookies for these additional purposes.
Non-personalized content is influenced by things like the content you’re currently viewing, activity in your active Search session, and your location. Non-personalized ads are influenced by the content you’re currently viewing and your general location. Personalized content and ads can also include more relevant results, recommendations, and tailored ads based on past activity from this browser, like previous Google searches. We also use cookies and data to tailor the experience to be age-appropriate, if relevant.
Select “More options” to see additional information, including details about managing your privacy settings. You can also visit g.co/privacytools at any time.
Reject all
Accept all
More options
Privacy Policy
Terms of Service",https://news.google.com/rss/articles/CBMifkFVX3lxTE9hZnRwM2diblFyMGdSRGtSMWsxa09JZk9YNzRIeG5DclBDS2JPSzU2NlRES2NaZ0hTb3NoSHhwOURKTEYtWElqS1pIQUxaTkktRmd6X2ZDQUh6R3BmaGNsR25kdk1zbkIwVjJjY2syLXdIVmtibVNScXh3RmJsUQ?oc=5
2025-03-17,NVDA,Nvidia,Nvidia stock slides ahead of GTC as investors look to new Blackwell Ultra - Yahoo Finance,"EN
Sign in
Before you continue to Google
We use cookies and data to
Deliver and maintain Google services
Track outages and protect against spam, fraud, and abuse
Measure audience engagement and site statistics to understand how our services are used and enhance the quality of those services
If you choose to “Accept all,” we will also use cookies and data to
Develop and improve new services
Deliver and measure the effectiveness of ads
Show personalized content, depending on your settings
Show personalized ads, depending on your settings
If you choose to “Reject all,” we will not use cookies for these additional purposes.
Non-personalized content is influenced by things like the content you’re currently viewing, activity in your active Search session, and your location. Non-personalized ads are influenced by the content you’re currently viewing and your general location. Personalized content and ads can also include more relevant results, recommendations, and tailored ads based on past activity from this browser, like previous Google searches. We also use cookies and data to tailor the experience to be age-appropriate, if relevant.
Select “More options” to see additional information, including details about managing your privacy settings. You can also visit g.co/privacytools at any time.
Reject all
Accept all
More options
Privacy Policy
Terms of Service",https://news.google.com/rss/articles/CBMiuwFBVV95cUxQNk9INXJ3VzN0TVZKdElvNUdZMzVFRHZjci03Q3JSQzY5UndsdVEtR0FPeVFjNXhaTzV4dTBISmIzTGVYaEN5eXJsYUhjcTVFOFZrTjBGTmlrNkg2eHNWbm0yMmxNWFJYZElZM0w2bkpnQ01iRVl0M3ZJTjRrdXBpZmhndGM1cGlqVVZsZS11aWF6OW5wZWo1Q0tJSy1PTjI2dWVEcjZaOGx1aUpJa2dMVGFwUWllblNkNXlR?oc=5
2025-03-12,NVDA,Nvidia,Nvidia Stock Attempts Rebound As Bulls Pound The Table - Investor's Business Daily,"EN
Sign in
Before you continue to Google
We use cookies and data to
Deliver and maintain Google services
Track outages and protect against spam, fraud, and abuse
Measure audience engagement and site statistics to understand how our services are used and enhance the quality of those services
If you choose to “Accept all,” we will also use cookies and data to
Develop and improve new services
Deliver and measure the effectiveness of ads
Show personalized content, depending on your settings
Show personalized ads, depending on your settings
If you choose to “Reject all,” we will not use cookies for these additional purposes.
Non-personalized content is influenced by things like the content you’re currently viewing, activity in your active Search session, and your location. Non-personalized ads are influenced by the content you’re currently viewing and your general location. Personalized content and ads can also include more relevant results, recommendations, and tailored ads based on past activity from this browser, like previous Google searches. We also use cookies and data to tailor the experience to be age-appropriate, if relevant.
Select “More options” to see additional information, including details about managing your privacy settings. You can also visit g.co/privacytools at any time.
Reject all
Accept all
More options
Privacy Policy
Terms of Service",https://news.google.com/rss/articles/CBMilAFBVV95cUxPQnBZaHJWZlVKYmIydXRTejE4MGtsMXE2eFpKakJuOG1TY0ptZUZtWHJ5YnZkbkRzMmJLaGNfYVc2N3FJa1VteU1wMDlsSHRIenJRZ2RQOVBOYjFUZW1oR0FZTXpaTzNSZ2FmblE1c2ZSNFJEaEdVWU1jekEwYTJvSmhIYkNOZlJxSHpjV0Q4UFgtZVFk?oc=5
2025-03-12,NVDA,Nvidia,"Nvidia’s stock is rebounding, but the key to a real recovery may surprise investors - MarketWatch","EN
Sign in
Before you continue to Google
We use cookies and data to
Deliver and maintain Google services
Track outages and protect against spam, fraud, and abuse
Measure audience engagement and site statistics to understand how our services are used and enhance the quality of those services
If you choose to “Accept all,” we will also use cookies and data to
Develop and improve new services
Deliver and measure the effectiveness of ads
Show personalized content, depending on your settings
Show personalized ads, depending on your settings
If you choose to “Reject all,” we will not use cookies for these additional purposes.
Non-personalized content is influenced by things like the content you’re currently viewing, activity in your active Search session, and your location. Non-personalized ads are influenced by the content you’re currently viewing and your general location. Personalized content and ads can also include more relevant results, recommendations, and tailored ads based on past activity from this browser, like previous Google searches. We also use cookies and data to tailor the experience to be age-appropriate, if relevant.
Select “More options” to see additional information, including details about managing your privacy settings. You can also visit g.co/privacytools at any time.
Reject all
Accept all
More options
Privacy Policy
Terms of Service",https://news.google.com/rss/articles/CBMiwgFBVV95cUxPZ1BqemlhMkwtWTVQaUxCcmZYaHFOemdNbzVyMzZfOHRkQTJqZGhqcjZNY2U5QklQLXU2SnRCVzZ3eHZNbW1nQkxWWWNFREQ4U2lrNFBIN3hnSjhjWUo5TU51WTRnU1h4WDByRGJMdVNOOUhNZC1jZjktLXY5cUxLVjlBZmIzcnMxdlhJUjhOSEhFdGFHZ1J3eDlRajNDRDlOeXotYWlwOUJJMkg4RGFFWGlYdmF0WkFUVjNfekY5UzVadw?oc=5
2025-02-27,NVDA,Nvidia,"Nvidia Earnings Spark Chip, AI Stock Selloff - Investopedia","EN
Sign in
Before you continue to Google
We use cookies and data to
Deliver and maintain Google services
Track outages and protect against spam, fraud, and abuse
Measure audience engagement and site statistics to understand how our services are used and enhance the quality of those services
If you choose to “Accept all,” we will also use cookies and data to
Develop and improve new services
Deliver and measure the effectiveness of ads
Show personalized content, depending on your settings
Show personalized ads, depending on your settings
If you choose to “Reject all,” we will not use cookies for these additional purposes.
Non-personalized content is influenced by things like the content you’re currently viewing, activity in your active Search session, and your location. Non-personalized ads are influenced by the content you’re currently viewing and your general location. Personalized content and ads can also include more relevant results, recommendations, and tailored ads based on past activity from this browser, like previous Google searches. We also use cookies and data to tailor the experience to be age-appropriate, if relevant.
Select “More options” to see additional information, including details about managing your privacy settings. You can also visit g.co/privacytools at any time.
Reject all
Accept all
More options
Privacy Policy
Terms of Service",https://news.google.com/rss/articles/CBMikgFBVV95cUxNWjFGQlA5R0pGVHdsLUpqVVcyQlBYbkNBZHhwTWVoVk9PVmV5VU9vSjdNNjFPYk1NMHlIQjljUkdVRWRIYlM0aDUxX2ltM2N3b3FXaHhBR0NuNEFVMWpyQ3JwUDV4RTBCdERkbU9MYWhOVHJEZzIyMDVaM1ZiNkJBYWh0NHZZN1M3aWZxZ2pOSUdNZw?oc=5
2025-03-03,NVDA,Nvidia,Nvidia stock tumbles over 8% to close at lowest level since September - Yahoo Finance,"EN
Sign in
Before you continue to Google
We use cookies and data to
Deliver and maintain Google services
Track outages and protect against spam, fraud, and abuse
Measure audience engagement and site statistics to understand how our services are used and enhance the quality of those services
If you choose to “Accept all,” we will also use cookies and data to
Develop and improve new services
Deliver and measure the effectiveness of ads
Show personalized content, depending on your settings
Show personalized ads, depending on your settings
If you choose to “Reject all,” we will not use cookies for these additional purposes.
Non-personalized content is influenced by things like the content you’re currently viewing, activity in your active Search session, and your location. Non-personalized ads are influenced by the content you’re currently viewing and your general location. Personalized content and ads can also include more relevant results, recommendations, and tailored ads based on past activity from this browser, like previous Google searches. We also use cookies and data to tailor the experience to be age-appropriate, if relevant.
Select “More options” to see additional information, including details about managing your privacy settings. You can also visit g.co/privacytools at any time.
Reject all
Accept all
More options
Privacy Policy
Terms of Service",https://news.google.com/rss/articles/CBMitAFBVV95cUxPNUxvSGJZODhwU3BnTmZoNnRHTEttaUVGcDAyRDUyUlNzWUhBSkZNaUllc29aMzZHVjJWQm9FNy1PajNZbzR5UWFjOXc3TnMzNEVTd1UwQzhTLUVEcXdaRHhhcmlVeFNCSkwtSC1hUGlsdTJaYVFCUTFUWlY0c0p6WUJpZDJ2SEJfRnpyZlhjOWpWRkJWbFRzR3JuTGQxYUhRNk9pMzRzWDltbzQ5UWRPZHN4ZnY?oc=5
2025-03-21,NVDA,Nvidia,Nvidia Stock Fails To Score At 'Super Bowl Of AI' - Investor's Business Daily,"EN
Sign in
Before you continue to Google
We use cookies and data to
Deliver and maintain Google services
Track outages and protect against spam, fraud, and abuse
Measure audience engagement and site statistics to understand how our services are used and enhance the quality of those services
If you choose to “Accept all,” we will also use cookies and data to
Develop and improve new services
Deliver and measure the effectiveness of ads
Show personalized content, depending on your settings
Show personalized ads, depending on your settings
If you choose to “Reject all,” we will not use cookies for these additional purposes.
Non-personalized content is influenced by things like the content you’re currently viewing, activity in your active Search session, and your location. Non-personalized ads are influenced by the content you’re currently viewing and your general location. Personalized content and ads can also include more relevant results, recommendations, and tailored ads based on past activity from this browser, like previous Google searches. We also use cookies and data to tailor the experience to be age-appropriate, if relevant.
Select “More options” to see additional information, including details about managing your privacy settings. You can also visit g.co/privacytools at any time.
Reject all
Accept all
More options
Privacy Policy
Terms of Service",https://news.google.com/rss/articles/CBMilAFBVV95cUxNTGg1cWxXWjdvdnV3TFVZWWdPTUd3OXVYTk5xcnN0UUtFQXZfaWctU29mRlNWRGszWmsydURJcjlYdFZFVGFzTFBoLXNIdVJHTjk2LUVtUnJCUUxaWmFPQml3eUFtSU1OZFpGN1paVVRjWnR3Mkg4OUJwVHF2ckhFbjVobkZ5dzZLaC1YWUxaSHcwZk5s?oc=5
2025-02-27,NVDA,Nvidia,"Stock market today: Dow, S&P 500, Nasdaq diverge after Nvidia earnings, economic data - Yahoo Finance","EN
Sign in
Before you continue to Google
We use cookies and data to
Deliver and maintain Google services
Track outages and protect against spam, fraud, and abuse
Measure audience engagement and site statistics to understand how our services are used and enhance the quality of those services
If you choose to “Accept all,” we will also use cookies and data to
Develop and improve new services
Deliver and measure the effectiveness of ads
Show personalized content, depending on your settings
Show personalized ads, depending on your settings
If you choose to “Reject all,” we will not use cookies for these additional purposes.
Non-personalized content is influenced by things like the content you’re currently viewing, activity in your active Search session, and your location. Non-personalized ads are influenced by the content you’re currently viewing and your general location. Personalized content and ads can also include more relevant results, recommendations, and tailored ads based on past activity from this browser, like previous Google searches. We also use cookies and data to tailor the experience to be age-appropriate, if relevant.
Select “More options” to see additional information, including details about managing your privacy settings. You can also visit g.co/privacytools at any time.
Reject all
Accept all
More options
Privacy Policy
Terms of Service",https://news.google.com/rss/articles/CBMiywFBVV95cUxOdVlhbmVPVnRJbF9vQXJOd0RDUlpCS2phazl4X2pLa1B6U09oM2J1YUVuaHhBMl9IZTBfaWFMNTcta2tVNHpKR3BzWVBSXzNvMVRkczRHNV90WkQwU3hLVllHeEUxWlVFZkI3QURuWmQzaG1OVEhsampnbG5Ha3hoZEtVRHp0NUF4dHI3RUduSWhLS2dVUWpNUkM0N1NWUWJ1bVotVXRYUWYwQlE5dWlHSjFrV1kzb1BHRUw4TURTTkVQZjRGemtqSGxsTQ?oc=5
2025-03-19,NVDA,Nvidia,Nvidia Rises As Tech Giant Details Massive AI Opportunity Ahead - Investor's Business Daily,"EN
Sign in
Before you continue to Google
We use cookies and data to
Deliver and maintain Google services
Track outages and protect against spam, fraud, and abuse
Measure audience engagement and site statistics to understand how our services are used and enhance the quality of those services
If you choose to “Accept all,” we will also use cookies and data to
Develop and improve new services
Deliver and measure the effectiveness of ads
Show personalized content, depending on your settings
Show personalized ads, depending on your settings
If you choose to “Reject all,” we will not use cookies for these additional purposes.
Non-personalized content is influenced by things like the content you’re currently viewing, activity in your active Search session, and your location. Non-personalized ads are influenced by the content you’re currently viewing and your general location. Personalized content and ads can also include more relevant results, recommendations, and tailored ads based on past activity from this browser, like previous Google searches. We also use cookies and data to tailor the experience to be age-appropriate, if relevant.
Select “More options” to see additional information, including details about managing your privacy settings. You can also visit g.co/privacytools at any time.
Reject all
Accept all
More options
Privacy Policy
Terms of Service",https://news.google.com/rss/articles/CBMimgFBVV95cUxPZ1FtaDd1VVhha2dyc2dzcHhWR3lySS01NVhMdGRGYklYSFFFYV9SdTgySXBoekJEZHd6M1RUNS1ZV1RhRE9TWjh1RzZMQ2plZ203Rk1hcWVaNWJNMFU5cjhPNnp2bGdnVkoxNUw3MGZlcmFTeWdGSDZrb09uM0pwUGlleHNzZE1vUmlKN0pDM3lNMUx3R3pHZWx3?oc=5
2025-03-24,NVDA,Nvidia,The mechanics behind the Nvidia stock sell-off - Yahoo Finance,"EN
Sign in
Before you continue to Google
We use cookies and data to
Deliver and maintain Google services
Track outages and protect against spam, fraud, and abuse
Measure audience engagement and site statistics to understand how our services are used and enhance the quality of those services
If you choose to “Accept all,” we will also use cookies and data to
Develop and improve new services
Deliver and measure the effectiveness of ads
Show personalized content, depending on your settings
Show personalized ads, depending on your settings
If you choose to “Reject all,” we will not use cookies for these additional purposes.
Non-personalized content is influenced by things like the content you’re currently viewing, activity in your active Search session, and your location. Non-personalized ads are influenced by the content you’re currently viewing and your general location. Personalized content and ads can also include more relevant results, recommendations, and tailored ads based on past activity from this browser, like previous Google searches. We also use cookies and data to tailor the experience to be age-appropriate, if relevant.
Select “More options” to see additional information, including details about managing your privacy settings. You can also visit g.co/privacytools at any time.
Reject all
Accept all
More options
Privacy Policy
Terms of Service",https://news.google.com/rss/articles/CBMilwFBVV95cUxNRnVuMVpIeGtmWmZ3ckJzRnp3Z2VfRmZsLWhZZXVwZHBVbW5aSTgxWnVIOUdIODdqMjM5QWZ5eFFSMDZFSWw2ZGpkaFd6YUhVX3JfWTVXNi1mNjFBRjVVcmR0dURZQWwtMHFfeW1XX3laalhzaFB2N2o2MXhET1Q1ZklVYUVDdTMydEx6QWZGYUg3NDdUWnR3?oc=5
2025-02-27,NVDA,Nvidia,"Nvidia stock sinks over 8%, market cap dips below $3T as earnings are no match for sky-high expectations - Yahoo Finance","EN
Sign in
Before you continue to Google
We use cookies and data to
Deliver and maintain Google services
Track outages and protect against spam, fraud, and abuse
Measure audience engagement and site statistics to understand how our services are used and enhance the quality of those services
If you choose to “Accept all,” we will also use cookies and data to
Develop and improve new services
Deliver and measure the effectiveness of ads
Show personalized content, depending on your settings
Show personalized ads, depending on your settings
If you choose to “Reject all,” we will not use cookies for these additional purposes.
Non-personalized content is influenced by things like the content you’re currently viewing, activity in your active Search session, and your location. Non-personalized ads are influenced by the content you’re currently viewing and your general location. Personalized content and ads can also include more relevant results, recommendations, and tailored ads based on past activity from this browser, like previous Google searches. We also use cookies and data to tailor the experience to be age-appropriate, if relevant.
Select “More options” to see additional information, including details about managing your privacy settings. You can also visit g.co/privacytools at any time.
Reject all
Accept all
More options
Privacy Policy
Terms of Service",https://news.google.com/rss/articles/CBMi4AFBVV95cUxPVVcwb0JqSnM1NWVxVzZtMkp6d29fMVk4WlZyTl9wUDFWX2stT2t2RVBFNDhHU0JuYWhfM1JYOC1Gd2EwZzdsd1dudTFmQmIzZXZJTE5jdU84aFJJNWxBUnpYREVIeHNnRnQ4ZnJ0cEF1TVlNbXZyZUEwNDhCUlQtSHhiWE1zUzRSVW9FVVpTV3JGeGtSQXczeWZLc1BRRnAtVFZ5Rm1DbFVVdTlNZDNEOGMyYTlJaHhNa2s0Q3RYX003Qy1TRVFCQWNWUFpSQ3plV0FCdUlTMjZBZzltaXJ4VQ?oc=5
2025-03-26,NVDA,Nvidia,"Nvidia stock sinks 5% amid tech rout, report on China environmental guidelines - Yahoo Finance","EN
Sign in
Before you continue to Google
We use cookies and data to
Deliver and maintain Google services
Track outages and protect against spam, fraud, and abuse
Measure audience engagement and site statistics to understand how our services are used and enhance the quality of those services
If you choose to “Accept all,” we will also use cookies and data to
Develop and improve new services
Deliver and measure the effectiveness of ads
Show personalized content, depending on your settings
Show personalized ads, depending on your settings
If you choose to “Reject all,” we will not use cookies for these additional purposes.
Non-personalized content is influenced by things like the content you’re currently viewing, activity in your active Search session, and your location. Non-personalized ads are influenced by the content you’re currently viewing and your general location. Personalized content and ads can also include more relevant results, recommendations, and tailored ads based on past activity from this browser, like previous Google searches. We also use cookies and data to tailor the experience to be age-appropriate, if relevant.
Select “More options” to see additional information, including details about managing your privacy settings. You can also visit g.co/privacytools at any time.
Reject all
Accept all
More options
Privacy Policy
Terms of Service",https://news.google.com/rss/articles/CBMivwFBVV95cUxPMWpjU1NHLU12dnE0REcybUJuSkF4S3JyQzhmSGRCclpWNW45MkU3bjgzeWNCbFNub2x2UTFCdGc3V2owRzl5bk85R0l1WXl1UWY0MzhkV0FiZTY4dFBJcER3NjlnQjVlOWJsSHpPMUJXSDhHdGNYcHlKSG5kcU5GNVVKMDNuVk9Fa2FzY2R4YU1ESjJnZ0tRbmNiMHAwTndDeHBjTnRXelJpSEEzcFJueDh2WkpjY3RTVnRBWmtzTQ?oc=5
2025-03-20,NVDA,Nvidia,Nvidia stock just flashed a dreaded technical 'death cross' signal - Yahoo Finance,"EN
Sign in
Before you continue to Google
We use cookies and data to
Deliver and maintain Google services
Track outages and protect against spam, fraud, and abuse
Measure audience engagement and site statistics to understand how our services are used and enhance the quality of those services
If you choose to “Accept all,” we will also use cookies and data to
Develop and improve new services
Deliver and measure the effectiveness of ads
Show personalized content, depending on your settings
Show personalized ads, depending on your settings
If you choose to “Reject all,” we will not use cookies for these additional purposes.
Non-personalized content is influenced by things like the content you’re currently viewing, activity in your active Search session, and your location. Non-personalized ads are influenced by the content you’re currently viewing and your general location. Personalized content and ads can also include more relevant results, recommendations, and tailored ads based on past activity from this browser, like previous Google searches. We also use cookies and data to tailor the experience to be age-appropriate, if relevant.
Select “More options” to see additional information, including details about managing your privacy settings. You can also visit g.co/privacytools at any time.
Reject all
Accept all
More options
Privacy Policy
Terms of Service",https://news.google.com/rss/articles/CBMihgFBVV95cUxNZXNXN1BzQkgzZUw1emdJU19DV0VpLWRJaWFGZUVBaUdsU0FfZ3J5bG9fU29SRzFFVTluNng0VnI1TkpUZHE3YjNiUW5mQ1pQdmhmbWxKVVJtVlNsS01ybFE5clJmaFB1ZlZIOHJndHVpTVNIbl9lMndsV3ZrSGZlRWotanh4UQ?oc=5
2025-03-19,NVDA,Nvidia,Nvidia stock: Here's the next potential catalyst - Yahoo Finance,"EN
Sign in
Before you continue to Google
We use cookies and data to
Deliver and maintain Google services
Track outages and protect against spam, fraud, and abuse
Measure audience engagement and site statistics to understand how our services are used and enhance the quality of those services
If you choose to “Accept all,” we will also use cookies and data to
Develop and improve new services
Deliver and measure the effectiveness of ads
Show personalized content, depending on your settings
Show personalized ads, depending on your settings
If you choose to “Reject all,” we will not use cookies for these additional purposes.
Non-personalized content is influenced by things like the content you’re currently viewing, activity in your active Search session, and your location. Non-personalized ads are influenced by the content you’re currently viewing and your general location. Personalized content and ads can also include more relevant results, recommendations, and tailored ads based on past activity from this browser, like previous Google searches. We also use cookies and data to tailor the experience to be age-appropriate, if relevant.
Select “More options” to see additional information, including details about managing your privacy settings. You can also visit g.co/privacytools at any time.
Reject all
Accept all
More options
Privacy Policy
Terms of Service",https://news.google.com/rss/articles/CBMilwFBVV95cUxNc2xab1VPaUZqOWxIa0VZZkRGZ1Ayc1U3UndMM1VIeDU0a0xiNlQydFc4OTVoV0pBVERfUW1XeVBMNjMtVFZQalpzWWVmZVl6RDBIRE9RZ1Mzb3dIbkZQMnQ1RjN1Uk1wSkxwVlAwUnI0VXBESVU0OXdMWDhFaS1ZUk9nYS1LNnNIVVRmSU1rejhNSDBneWpR?oc=5
2025-03-18,NVDA,Nvidia,Why Nvidia stock holds the key to unlocking a rejuvenated market - Yahoo Finance,"EN
Sign in
Before you continue to Google
We use cookies and data to
Deliver and maintain Google services
Track outages and protect against spam, fraud, and abuse
Measure audience engagement and site statistics to understand how our services are used and enhance the quality of those services
If you choose to “Accept all,” we will also use cookies and data to
Develop and improve new services
Deliver and measure the effectiveness of ads
Show personalized content, depending on your settings
Show personalized ads, depending on your settings
If you choose to “Reject all,” we will not use cookies for these additional purposes.
Non-personalized content is influenced by things like the content you’re currently viewing, activity in your active Search session, and your location. Non-personalized ads are influenced by the content you’re currently viewing and your general location. Personalized content and ads can also include more relevant results, recommendations, and tailored ads based on past activity from this browser, like previous Google searches. We also use cookies and data to tailor the experience to be age-appropriate, if relevant.
Select “More options” to see additional information, including details about managing your privacy settings. You can also visit g.co/privacytools at any time.
Reject all
Accept all
More options
Privacy Policy
Terms of Service",https://news.google.com/rss/articles/CBMirwFBVV95cUxPV29xc2lvUWlIUXhRUDJ2Ylh1WDFaXy1XSkVhN3lpZWY0Y281M0Q2cnBqQmM2RlpkOTFKZVhyaFBVX1hMZkNCd2tUcFR1UGJQZG5EUnh0ZUxBSjV2dHFBYkZPQmdNYlZzQ1RjV3pJUHRyM1ZVWHBBcHlXY0ViVGMtdlc4b1o4VHpDay0xVDVSaUNqUlFaLTVxMVk1NzY4UHA4WnlNQlFIVnI2eXZsVUc0?oc=5
2025-03-17,NVDA,Nvidia,Is Nvidia stock washed out yet on the charts? - Yahoo Finance,"EN
Sign in
Before you continue to Google
We use cookies and data to
Deliver and maintain Google services
Track outages and protect against spam, fraud, and abuse
Measure audience engagement and site statistics to understand how our services are used and enhance the quality of those services
If you choose to “Accept all,” we will also use cookies and data to
Develop and improve new services
Deliver and measure the effectiveness of ads
Show personalized content, depending on your settings
Show personalized ads, depending on your settings
If you choose to “Reject all,” we will not use cookies for these additional purposes.
Non-personalized content is influenced by things like the content you’re currently viewing, activity in your active Search session, and your location. Non-personalized ads are influenced by the content you’re currently viewing and your general location. Personalized content and ads can also include more relevant results, recommendations, and tailored ads based on past activity from this browser, like previous Google searches. We also use cookies and data to tailor the experience to be age-appropriate, if relevant.
Select “More options” to see additional information, including details about managing your privacy settings. You can also visit g.co/privacytools at any time.
Reject all
Accept all
More options
Privacy Policy
Terms of Service",https://news.google.com/rss/articles/CBMilAFBVV95cUxQQlZVTUE3ZmtUYUpDd0pJODhRMEFTQjhKYVhmanE1UXFVZzRJSkNxTkhhVHkzVmoxbUZVRTJ5Nno3UE1BMHpmcHhQaF9kQjVHVV9ORDlfbVJwUEZTaFhoUXl5WnktLS1OcmMyb29CdlVCanpNSW5FdENnZ1lzZFhRa2F1blU0Zm5KSDA1UjRVZ3cwUXZI?oc=5
2025-04-16,NVDA,Nvidia,Veteran fund manager resets Nvidia stock price target after shocking export news - TheStreet,"EN
Sign in
Before you continue to Google
We use cookies and data to
Deliver and maintain Google services
Track outages and protect against spam, fraud, and abuse
Measure audience engagement and site statistics to understand how our services are used and enhance the quality of those services
If you choose to “Accept all,” we will also use cookies and data to
Develop and improve new services
Deliver and measure the effectiveness of ads
Show personalized content, depending on your settings
Show personalized ads, depending on your settings
If you choose to “Reject all,” we will not use cookies for these additional purposes.
Non-personalized content is influenced by things like the content you’re currently viewing, activity in your active Search session, and your location. Non-personalized ads are influenced by the content you’re currently viewing and your general location. Personalized content and ads can also include more relevant results, recommendations, and tailored ads based on past activity from this browser, like previous Google searches. We also use cookies and data to tailor the experience to be age-appropriate, if relevant.
Select “More options” to see additional information, including details about managing your privacy settings. You can also visit g.co/privacytools at any time.
Reject all
Accept all
More options
Privacy Policy
Terms of Service",https://news.google.com/rss/articles/CBMiqAFBVV95cUxPZjRLQ0wwM0pCQzA2MEdkaDNnZjdxbFVVMWtKTFlCbFpWWWhkYkNJUmFFbWtyVXJnQ3pRZGZQQ1o2ZHZjclBBNlJPMlJKRDRVcDBodThCclN0Q01VS3Z3WDRmY0RRSUR2dEFnNjU4eERNNlZGLThLR05pMUNoYWhxcmJMQjBSTFMzSzJhWWFtcS1QWE1TRV9Ja2FXbVBUeHNXcmExT3JmeFM?oc=5
2025-04-16,NVDA,Nvidia,Nvidia stock dives as chipmaker sees $5.5 billion hit from 'surprise' China chip controls - Yahoo Finance,"EN
Sign in
Before you continue to Google
We use cookies and data to
Deliver and maintain Google services
Track outages and protect against spam, fraud, and abuse
Measure audience engagement and site statistics to understand how our services are used and enhance the quality of those services
If you choose to “Accept all,” we will also use cookies and data to
Develop and improve new services
Deliver and measure the effectiveness of ads
Show personalized content, depending on your settings
Show personalized ads, depending on your settings
If you choose to “Reject all,” we will not use cookies for these additional purposes.
Non-personalized content is influenced by things like the content you’re currently viewing, activity in your active Search session, and your location. Non-personalized ads are influenced by the content you’re currently viewing and your general location. Personalized content and ads can also include more relevant results, recommendations, and tailored ads based on past activity from this browser, like previous Google searches. We also use cookies and data to tailor the experience to be age-appropriate, if relevant.
Select “More options” to see additional information, including details about managing your privacy settings. You can also visit g.co/privacytools at any time.
Reject all
Accept all
More options
Privacy Policy
Terms of Service",https://news.google.com/rss/articles/CBMiywFBVV95cUxOX3VsejViSUI3Q09oamU2T0JlWG1yTWhhMzFBRVAwa2dIdHZsTk1aRGlCMmRTbUtWTWF5TDBwT3JheTFMQTdkMVBGTTJoUU9IWXRnZ0dzWkZNdDFWU2J1LUVzM2ZMMm15NGNmcXRJR251c3RGenNrb1NkYTRfRV9sLTFSSEh6REd5dzlQWFRRTjlPU2czd3pWNzhWM0JuSzFYZ204WXVXRmRhNUF0bkdweW15b3VpYmloUThvbElRNDBFSFZlWE0tNVc5QQ?oc=5
2025-04-24,NVDA,Nvidia,Nvidia Stock Climbs. It’s Headed for Its 3rd Straight Day of Gains. - Barron's,"EN
Sign in
Before you continue to Google
We use cookies and data to
Deliver and maintain Google services
Track outages and protect against spam, fraud, and abuse
Measure audience engagement and site statistics to understand how our services are used and enhance the quality of those services
If you choose to “Accept all,” we will also use cookies and data to
Develop and improve new services
Deliver and measure the effectiveness of ads
Show personalized content, depending on your settings
Show personalized ads, depending on your settings
If you choose to “Reject all,” we will not use cookies for these additional purposes.
Non-personalized content is influenced by things like the content you’re currently viewing, activity in your active Search session, and your location. Non-personalized ads are influenced by the content you’re currently viewing and your general location. Personalized content and ads can also include more relevant results, recommendations, and tailored ads based on past activity from this browser, like previous Google searches. We also use cookies and data to tailor the experience to be age-appropriate, if relevant.
Select “More options” to see additional information, including details about managing your privacy settings. You can also visit g.co/privacytools at any time.
Reject all
Accept all
More options
Privacy Policy
Terms of Service",https://news.google.com/rss/articles/CBMif0FVX3lxTE8yQ0FqQzhZY0dwTFFjQjNUWlBkXzQzaERSV05qVFpSR0NnVDkyaVFlZ3BFb1ljQXRwbjY1ZlRIajRYbkVGZ3lnbDY4UkVvcTdyWllzaEF1N1dFYVp5aVFtSjNVaDlzT0JLU21FaXhxWTNhc1BfYWNReENaS00yV1U?oc=5
2025-04-21,NVDA,Nvidia,Nvidia Stock Furthers Slide on US-China Trade Tiff - Investopedia,"EN
Sign in
Before you continue to Google
We use cookies and data to
Deliver and maintain Google services
Track outages and protect against spam, fraud, and abuse
Measure audience engagement and site statistics to understand how our services are used and enhance the quality of those services
If you choose to “Accept all,” we will also use cookies and data to
Develop and improve new services
Deliver and measure the effectiveness of ads
Show personalized content, depending on your settings
Show personalized ads, depending on your settings
If you choose to “Reject all,” we will not use cookies for these additional purposes.
Non-personalized content is influenced by things like the content you’re currently viewing, activity in your active Search session, and your location. Non-personalized ads are influenced by the content you’re currently viewing and your general location. Personalized content and ads can also include more relevant results, recommendations, and tailored ads based on past activity from this browser, like previous Google searches. We also use cookies and data to tailor the experience to be age-appropriate, if relevant.
Select “More options” to see additional information, including details about managing your privacy settings. You can also visit g.co/privacytools at any time.
Reject all
Accept all
More options
Privacy Policy
Terms of Service",https://news.google.com/rss/articles/CBMikgFBVV95cUxQTHhwMHdtRnN5NC1senVKT05meG9JQ0ZBYlBCNnlKMW1hQUZPaGxCOE9rRF9MTUw5bld1UkZYX3NlUVI1ZllBUGt0MTd0TE9iLVFLMGY4RTYyVnc2LVAweHFWX1BwWUtlXzRVYldvWFRFOExFV3o3Yl9tVERPODZpb1ZCRjd1WTlHaGY4dXdQLUVEQQ?oc=5
2025-04-16,NVDA,Nvidia,Nvidia Stock: Lowering our Fair Value Due to Heightened China Restrictions - Morningstar,"EN
Sign in
Before you continue to Google
We use cookies and data to
Deliver and maintain Google services
Track outages and protect against spam, fraud, and abuse
Measure audience engagement and site statistics to understand how our services are used and enhance the quality of those services
If you choose to “Accept all,” we will also use cookies and data to
Develop and improve new services
Deliver and measure the effectiveness of ads
Show personalized content, depending on your settings
Show personalized ads, depending on your settings
If you choose to “Reject all,” we will not use cookies for these additional purposes.
Non-personalized content is influenced by things like the content you’re currently viewing, activity in your active Search session, and your location. Non-personalized ads are influenced by the content you’re currently viewing and your general location. Personalized content and ads can also include more relevant results, recommendations, and tailored ads based on past activity from this browser, like previous Google searches. We also use cookies and data to tailor the experience to be age-appropriate, if relevant.
Select “More options” to see additional information, including details about managing your privacy settings. You can also visit g.co/privacytools at any time.
Reject all
Accept all
More options
Privacy Policy
Terms of Service",https://news.google.com/rss/articles/CBMiqAFBVV95cUxQYk0zYWh0NWFwRnBXTVFwaGVPeEVENmZJTXM3b2szS0YxTS1VNUo2Q1lyY09tZkFyUE5qSnhHcGpmcnFJaVEwZmZBZDJPTFNnaUhVR2N0UWllcWpxWU82eE9XbmdKMjJWZEVwbGM4Z29yWmZ3dnhmajQzMVpTalBFUEZkWF8zTWVDdWNJdjZUWXl0RVhET1J6Nmx1UExzM3N4ZWxXMFBUcGk?oc=5
2025-04-19,NVDA,Nvidia,Can Nvidia Stock Hit $200 in the Next Year? - The Motley Fool,"EN
Sign in
Before you continue to Google
We use cookies and data to
Deliver and maintain Google services
Track outages and protect against spam, fraud, and abuse
Measure audience engagement and site statistics to understand how our services are used and enhance the quality of those services
If you choose to “Accept all,” we will also use cookies and data to
Develop and improve new services
Deliver and measure the effectiveness of ads
Show personalized content, depending on your settings
Show personalized ads, depending on your settings
If you choose to “Reject all,” we will not use cookies for these additional purposes.
Non-personalized content is influenced by things like the content you’re currently viewing, activity in your active Search session, and your location. Non-personalized ads are influenced by the content you’re currently viewing and your general location. Personalized content and ads can also include more relevant results, recommendations, and tailored ads based on past activity from this browser, like previous Google searches. We also use cookies and data to tailor the experience to be age-appropriate, if relevant.
Select “More options” to see additional information, including details about managing your privacy settings. You can also visit g.co/privacytools at any time.
Reject all
Accept all
More options
Privacy Policy
Terms of Service",https://news.google.com/rss/articles/CBMijAFBVV95cUxQNXVDUUU5ZW5VdzlqYWw5STZTMUJ1ZWw2ZHVETjJMbHVlcm12M3FhdTB0cEJxUV94X2VUb2Y0YUNBdDFuOC02ckZjdFFXeTRyWi1HNGxzT2VXV1lidFI5cWtHaWxpUTZsQnBNS2pMcjR5X2FNV2Zja2FYWFBYaXBNS3hiV0Q0Qng4VVpmTw?oc=5
2025-04-16,NVDA,Nvidia,"As Nvidia’s stock sinks on China setback, here’s Wall Street’s big question - MarketWatch","EN
Sign in
Before you continue to Google
We use cookies and data to
Deliver and maintain Google services
Track outages and protect against spam, fraud, and abuse
Measure audience engagement and site statistics to understand how our services are used and enhance the quality of those services
If you choose to “Accept all,” we will also use cookies and data to
Develop and improve new services
Deliver and measure the effectiveness of ads
Show personalized content, depending on your settings
Show personalized ads, depending on your settings
If you choose to “Reject all,” we will not use cookies for these additional purposes.
Non-personalized content is influenced by things like the content you’re currently viewing, activity in your active Search session, and your location. Non-personalized ads are influenced by the content you’re currently viewing and your general location. Personalized content and ads can also include more relevant results, recommendations, and tailored ads based on past activity from this browser, like previous Google searches. We also use cookies and data to tailor the experience to be age-appropriate, if relevant.
Select “More options” to see additional information, including details about managing your privacy settings. You can also visit g.co/privacytools at any time.
Reject all
Accept all
More options
Privacy Policy
Terms of Service",https://news.google.com/rss/articles/CBMitAFBVV95cUxNX0RQRzJDZGZpaG5wV0VPWFEyejhYSzh2d2pKMEwtbnRfeFdyN01LRVN3YWMzXzlFT1R4bEM4U21UWFgtNi14NC0zeHFhdVdKbm9Zb2VQVUVQT1FRejFTUXV0VVRFeWFuUzJ1d2J1RzBFZWs5dTZBUk5qQ2lMMXlKUjhSOWtiVTM0N0sycF9hSXhlS1RGZHdXRm9FNzl6VXA1dklNVWFHSUNxZUctLWd2U2NkRHU?oc=5
2025-04-18,NVDA,Nvidia,Nvidia Stock Crash: Why This Time Is Different - Nasdaq,"EN
Sign in
Before you continue to Google
We use cookies and data to
Deliver and maintain Google services
Track outages and protect against spam, fraud, and abuse
Measure audience engagement and site statistics to understand how our services are used and enhance the quality of those services
If you choose to “Accept all,” we will also use cookies and data to
Develop and improve new services
Deliver and measure the effectiveness of ads
Show personalized content, depending on your settings
Show personalized ads, depending on your settings
If you choose to “Reject all,” we will not use cookies for these additional purposes.
Non-personalized content is influenced by things like the content you’re currently viewing, activity in your active Search session, and your location. Non-personalized ads are influenced by the content you’re currently viewing and your general location. Personalized content and ads can also include more relevant results, recommendations, and tailored ads based on past activity from this browser, like previous Google searches. We also use cookies and data to tailor the experience to be age-appropriate, if relevant.
Select “More options” to see additional information, including details about managing your privacy settings. You can also visit g.co/privacytools at any time.
Reject all
Accept all
More options
Privacy Policy
Terms of Service",https://news.google.com/rss/articles/CBMieEFVX3lxTE1iQ0hOeVJXMVVSZENoalJTVmw4cnFQTGJuNGtjdVdob3ROV1NXX0ZXdzU3amNNMEdrbk5CRGdvdHB0TzJxakU4OEJ5ck5ycE5HSFdpLV9jaVUzZ3d4dGh3WXk5SmppSEdTeUlZZjFVTkFibXptSVMtSQ?oc=5
2025-04-22,NVDA,Nvidia,Why Nvidia Stock Is Jumping Today - Yahoo Finance,"EN
Sign in
Before you continue to Google
We use cookies and data to
Deliver and maintain Google services
Track outages and protect against spam, fraud, and abuse
Measure audience engagement and site statistics to understand how our services are used and enhance the quality of those services
If you choose to “Accept all,” we will also use cookies and data to
Develop and improve new services
Deliver and measure the effectiveness of ads
Show personalized content, depending on your settings
Show personalized ads, depending on your settings
If you choose to “Reject all,” we will not use cookies for these additional purposes.
Non-personalized content is influenced by things like the content you’re currently viewing, activity in your active Search session, and your location. Non-personalized ads are influenced by the content you’re currently viewing and your general location. Personalized content and ads can also include more relevant results, recommendations, and tailored ads based on past activity from this browser, like previous Google searches. We also use cookies and data to tailor the experience to be age-appropriate, if relevant.
Select “More options” to see additional information, including details about managing your privacy settings. You can also visit g.co/privacytools at any time.
Reject all
Accept all
More options
Privacy Policy
Terms of Service",https://news.google.com/rss/articles/CBMiggFBVV95cUxPRjk0V3ZMY0swdnc5ZkVOZVpLUUdQRWY3Q3VuWTA0TFJwdUQxU3BINHo3bHBTUWRGRnFzUUczaWFPcl9nSGVPTzd1aUxzeV9EemFoWEd5UTREODZMaVRNRGQ5Y0ZtOUNNc0N2UWNxbWZ5a0FHeC16M0x5VU1kX3FrdExR?oc=5
2025-04-16,NVDA,Nvidia,Watch These Nvidia Stock Price Levels as Chip Export Curb Set to Hit Earnings - Investopedia,"EN
Sign in
Before you continue to Google
We use cookies and data to
Deliver and maintain Google services
Track outages and protect against spam, fraud, and abuse
Measure audience engagement and site statistics to understand how our services are used and enhance the quality of those services
If you choose to “Accept all,” we will also use cookies and data to
Develop and improve new services
Deliver and measure the effectiveness of ads
Show personalized content, depending on your settings
Show personalized ads, depending on your settings
If you choose to “Reject all,” we will not use cookies for these additional purposes.
Non-personalized content is influenced by things like the content you’re currently viewing, activity in your active Search session, and your location. Non-personalized ads are influenced by the content you’re currently viewing and your general location. Personalized content and ads can also include more relevant results, recommendations, and tailored ads based on past activity from this browser, like previous Google searches. We also use cookies and data to tailor the experience to be age-appropriate, if relevant.
Select “More options” to see additional information, including details about managing your privacy settings. You can also visit g.co/privacytools at any time.
Reject all
Accept all
More options
Privacy Policy
Terms of Service",https://news.google.com/rss/articles/CBMitgFBVV95cUxQSUNYQm92U2lJUWttM0VLRWVjNWRYNWtQWmF6MEc3Y1hOSFZDbHJLUHoxTkpCa3VvMXBnM2FZSlFQSENZbEdIUVlWMVdkdXlXeWk0LXptUl9tbWI2ZWFpcnFQMlk1T1VTd1doNUFnX3hLMU93NWlvNURSanU4bDg1NmcxcWs0dlhLNWRZRXpMQlh1MWNnclNmeVhsZ1ktM3FtWnRkX0J3aE1qOGFqUlM0bUtQY2JQdw?oc=5
2025-04-16,NVDA,Nvidia,Surprising trade war news sends Nvidia stock reeling - TheStreet,"EN
Sign in
Before you continue to Google
We use cookies and data to
Deliver and maintain Google services
Track outages and protect against spam, fraud, and abuse
Measure audience engagement and site statistics to understand how our services are used and enhance the quality of those services
If you choose to “Accept all,” we will also use cookies and data to
Develop and improve new services
Deliver and measure the effectiveness of ads
Show personalized content, depending on your settings
Show personalized ads, depending on your settings
If you choose to “Reject all,” we will not use cookies for these additional purposes.
Non-personalized content is influenced by things like the content you’re currently viewing, activity in your active Search session, and your location. Non-personalized ads are influenced by the content you’re currently viewing and your general location. Personalized content and ads can also include more relevant results, recommendations, and tailored ads based on past activity from this browser, like previous Google searches. We also use cookies and data to tailor the experience to be age-appropriate, if relevant.
Select “More options” to see additional information, including details about managing your privacy settings. You can also visit g.co/privacytools at any time.
Reject all
Accept all
More options
Privacy Policy
Terms of Service",https://news.google.com/rss/articles/CBMikAFBVV95cUxObXRkRmJuUks3RVhocDR0azdsTmpJUnZQMlVBYWEwMDN0UGZ0Q0NqaG5ETjhXOVVHcVM2NzQ0aEpLX1hPT2wzVEtCQURfand5YWhnQ0k0Uk14Ykk0NzN4cy1veElfc0poeWROOVR4aXJRY05FQzgwbVQyNUZDX1dlYzFhdldYN0EwNlRiZXF6WEQ?oc=5
2025-04-21,NVDA,Nvidia,Why Nvidia Stock Is Sinking Today - The Motley Fool,"EN
Sign in
Before you continue to Google
We use cookies and data to
Deliver and maintain Google services
Track outages and protect against spam, fraud, and abuse
Measure audience engagement and site statistics to understand how our services are used and enhance the quality of those services
If you choose to “Accept all,” we will also use cookies and data to
Develop and improve new services
Deliver and measure the effectiveness of ads
Show personalized content, depending on your settings
Show personalized ads, depending on your settings
If you choose to “Reject all,” we will not use cookies for these additional purposes.
Non-personalized content is influenced by things like the content you’re currently viewing, activity in your active Search session, and your location. Non-personalized ads are influenced by the content you’re currently viewing and your general location. Personalized content and ads can also include more relevant results, recommendations, and tailored ads based on past activity from this browser, like previous Google searches. We also use cookies and data to tailor the experience to be age-appropriate, if relevant.
Select “More options” to see additional information, including details about managing your privacy settings. You can also visit g.co/privacytools at any time.
Reject all
Accept all
More options
Privacy Policy
Terms of Service",https://news.google.com/rss/articles/CBMiggFBVV95cUxPS0l1bWJaTk5GTjZLbER4bEgwaFZJS2RPQ28zaUpvdXBBZFpIWE05dGd3bm1SbGtyMHk2Q0U0dFBmR2g1clQ1dF9GQ19pcGV2d2EwR3FRcXlVbUdGSDgyd1lOdVhQcXZPZmFsUFA0UFF6cHhpRFVETk5yamV4OW15UU5B?oc=5
2025-04-16,NVDA,Nvidia,Why Did Nvidia Stock Drop So Much Today? Chips Are the Latest Trade War Target. - Barron's,"EN
Sign in
Before you continue to Google
We use cookies and data to
Deliver and maintain Google services
Track outages and protect against spam, fraud, and abuse
Measure audience engagement and site statistics to understand how our services are used and enhance the quality of those services
If you choose to “Accept all,” we will also use cookies and data to
Develop and improve new services
Deliver and measure the effectiveness of ads
Show personalized content, depending on your settings
Show personalized ads, depending on your settings
If you choose to “Reject all,” we will not use cookies for these additional purposes.
Non-personalized content is influenced by things like the content you’re currently viewing, activity in your active Search session, and your location. Non-personalized ads are influenced by the content you’re currently viewing and your general location. Personalized content and ads can also include more relevant results, recommendations, and tailored ads based on past activity from this browser, like previous Google searches. We also use cookies and data to tailor the experience to be age-appropriate, if relevant.
Select “More options” to see additional information, including details about managing your privacy settings. You can also visit g.co/privacytools at any time.
Reject all
Accept all
More options
Privacy Policy
Terms of Service",https://news.google.com/rss/articles/CBMiekFVX3lxTFAwZ3VyeDdORUNtcmJQTFRwVDNsTWhFUW9adEplRFNrNS14c3JGdEJySExDaWxxdFh3M0hzZHd4Y2VtV1M0QmJJOUFlc2dQYjJRUFRfOFpxMkYwOUc4ZE5ZYmtfcHN3YWlGQWVHU25WRnpScXhuWHozRkxn?oc=5
2025-04-17,NVDA,Nvidia,"Nvidia stock falls again, market cap losses near $270 billion after Trump administration's new export controls - Yahoo Finance","EN
Sign in
Before you continue to Google
We use cookies and data to
Deliver and maintain Google services
Track outages and protect against spam, fraud, and abuse
Measure audience engagement and site statistics to understand how our services are used and enhance the quality of those services
If you choose to “Accept all,” we will also use cookies and data to
Develop and improve new services
Deliver and measure the effectiveness of ads
Show personalized content, depending on your settings
Show personalized ads, depending on your settings
If you choose to “Reject all,” we will not use cookies for these additional purposes.
Non-personalized content is influenced by things like the content you’re currently viewing, activity in your active Search session, and your location. Non-personalized ads are influenced by the content you’re currently viewing and your general location. Personalized content and ads can also include more relevant results, recommendations, and tailored ads based on past activity from this browser, like previous Google searches. We also use cookies and data to tailor the experience to be age-appropriate, if relevant.
Select “More options” to see additional information, including details about managing your privacy settings. You can also visit g.co/privacytools at any time.
Reject all
Accept all
More options
Privacy Policy
Terms of Service",https://news.google.com/rss/articles/CBMi6AFBVV95cUxNU0RxeWxrN2ZSTWthVWJUT1hEa2dhOXZKM01DVUZ1MHcyYjNucFIzQjQxT2JNYWdZTjVCMkNWTzJMSjJqZVgtbHdmLVFiWjhJSGJPY1F0LVpqeDJqcjI5bHYySE1fTHZMS3NUbUZXRHdvUWNQLVpEYXlyeGs5dWwzVWQyM3Y2TUdlbmtnRC1Td0VOZVRjMFBXc1U4cVAzcUtBbHZtNHYwYVpZYTFWTlVJb2RDblppT1EwQUU0dHFmekxfLWE0WGhPd1VqMHhXWGRFN0k3UEVLa3N4RlpHYllwTHp5WHpOdUYw?oc=5
2025-04-16,NVDA,Nvidia,Nvidia Stock Crashed on Bad News From Washington. Should Investors Buy the Dip? - The Motley Fool,"EN
Sign in
Before you continue to Google
We use cookies and data to
Deliver and maintain Google services
Track outages and protect against spam, fraud, and abuse
Measure audience engagement and site statistics to understand how our services are used and enhance the quality of those services
If you choose to “Accept all,” we will also use cookies and data to
Develop and improve new services
Deliver and measure the effectiveness of ads
Show personalized content, depending on your settings
Show personalized ads, depending on your settings
If you choose to “Reject all,” we will not use cookies for these additional purposes.
Non-personalized content is influenced by things like the content you’re currently viewing, activity in your active Search session, and your location. Non-personalized ads are influenced by the content you’re currently viewing and your general location. Personalized content and ads can also include more relevant results, recommendations, and tailored ads based on past activity from this browser, like previous Google searches. We also use cookies and data to tailor the experience to be age-appropriate, if relevant.
Select “More options” to see additional information, including details about managing your privacy settings. You can also visit g.co/privacytools at any time.
Reject all
Accept all
More options
Privacy Policy
Terms of Service",https://news.google.com/rss/articles/CBMikwFBVV95cUxNSVhtSGpLME9rQkZOajVxT05SVEFsR2E2TXpZNHFhOWFtMTJYZ0NoU1FtZjBOM283U2xHUlJfcjZyeDItYnQzcWVxY3d6dk9TY1BTd3hlVkg1eTJMTFRmNkI2WGdKaklpdVdDdEFtVEp4U0F4REh5aDl3NkZhR3N5NGhGTWNqQ3k1UDQxa0hDaXFlalE?oc=5
2025-04-21,NVDA,Nvidia,Why Nvidia Stock Is Sinking Today - Yahoo Finance,"EN
Sign in
Before you continue to Google
We use cookies and data to
Deliver and maintain Google services
Track outages and protect against spam, fraud, and abuse
Measure audience engagement and site statistics to understand how our services are used and enhance the quality of those services
If you choose to “Accept all,” we will also use cookies and data to
Develop and improve new services
Deliver and measure the effectiveness of ads
Show personalized content, depending on your settings
Show personalized ads, depending on your settings
If you choose to “Reject all,” we will not use cookies for these additional purposes.
Non-personalized content is influenced by things like the content you’re currently viewing, activity in your active Search session, and your location. Non-personalized ads are influenced by the content you’re currently viewing and your general location. Personalized content and ads can also include more relevant results, recommendations, and tailored ads based on past activity from this browser, like previous Google searches. We also use cookies and data to tailor the experience to be age-appropriate, if relevant.
Select “More options” to see additional information, including details about managing your privacy settings. You can also visit g.co/privacytools at any time.
Reject all
Accept all
More options
Privacy Policy
Terms of Service",https://news.google.com/rss/articles/CBMiggFBVV95cUxPQ3Y3emVuMEJfVkRhSktndVFtNlQtSjdFNFY2aVNzMUJrWUtCRmMxV2U3Mld2QVdac2ZUT0NCSjd4MFZwX0NxcnY5MzFGTFZFZGFic3Rsb0xoSjVYTXVBWklHMW5veUU4TFVWMUtQMmpfd1lucHl4OHd2SEVjNHBzQTJn?oc=5
2025-04-16,NVDA,Nvidia,Why Nvidia (NVDA) Stock Is Down Today - Yahoo Finance,"EN
Sign in
Before you continue to Google
We use cookies and data to
Deliver and maintain Google services
Track outages and protect against spam, fraud, and abuse
Measure audience engagement and site statistics to understand how our services are used and enhance the quality of those services
If you choose to “Accept all,” we will also use cookies and data to
Develop and improve new services
Deliver and measure the effectiveness of ads
Show personalized content, depending on your settings
Show personalized ads, depending on your settings
If you choose to “Reject all,” we will not use cookies for these additional purposes.
Non-personalized content is influenced by things like the content you’re currently viewing, activity in your active Search session, and your location. Non-personalized ads are influenced by the content you’re currently viewing and your general location. Personalized content and ads can also include more relevant results, recommendations, and tailored ads based on past activity from this browser, like previous Google searches. We also use cookies and data to tailor the experience to be age-appropriate, if relevant.
Select “More options” to see additional information, including details about managing your privacy settings. You can also visit g.co/privacytools at any time.
Reject all
Accept all
More options
Privacy Policy
Terms of Service",https://news.google.com/rss/articles/CBMifEFVX3lxTE9BWC1SMmpKNk9iLWJFdlBQZHJ6ZnBwZ1ZkbkdwNjhGTmM4N3BfWVpwY0ZlRWdyNzZMUU42dFc1OFZfZ3dWQVZJQ0RXYm5EY3p2b09sQTNsRzcySE0yX29oZk5ERlkweUZSSXpNeUVBRklGbkNvNi1ObGZncnQ?oc=5
2025-04-21,NVDA,Nvidia,Nvidia stock falls as China's Huawei reportedly boosts AI chip production after Trump's export ban - Yahoo Finance,"EN
Sign in
Before you continue to Google
We use cookies and data to
Deliver and maintain Google services
Track outages and protect against spam, fraud, and abuse
Measure audience engagement and site statistics to understand how our services are used and enhance the quality of those services
If you choose to “Accept all,” we will also use cookies and data to
Develop and improve new services
Deliver and measure the effectiveness of ads
Show personalized content, depending on your settings
Show personalized ads, depending on your settings
If you choose to “Reject all,” we will not use cookies for these additional purposes.
Non-personalized content is influenced by things like the content you’re currently viewing, activity in your active Search session, and your location. Non-personalized ads are influenced by the content you’re currently viewing and your general location. Personalized content and ads can also include more relevant results, recommendations, and tailored ads based on past activity from this browser, like previous Google searches. We also use cookies and data to tailor the experience to be age-appropriate, if relevant.
Select “More options” to see additional information, including details about managing your privacy settings. You can also visit g.co/privacytools at any time.
Reject all
Accept all
More options
Privacy Policy
Terms of Service",https://news.google.com/rss/articles/CBMi2gFBVV95cUxNVXV0ekU2U2RCRzY5V2hVOEs3V3ZGMjZ6MFlMdGNzdFhDQjlmZnRTaHFZNTZwczFaMTUtRTMtSXFLajZldGR5SWRfWnBhMVUydE1CVUFZeVJwWTJ5c0JRUWhwa3JFQVpEejFaajduaUhoTVFYMFlKbDg5VG51azdKZzNxRzRHM1RYcFZNYUtwVDZQQ3FhWGd4aU5DbmtTR2UxV3NsTEU1NTZLSnlOeC16anJPdnd2TFNpWmVOVTdjbkNuU29UMTdSOEd5Q2JZU2p3bjhQSjJFZ20wQQ?oc=5
2025-04-21,NVDA,Nvidia,Jim Cramer Says NVIDIA (NVDA) Stock Isn’t Cheap ‘Unless Everything Goes Right’ - Yahoo Finance,"EN
Sign in
Before you continue to Google
We use cookies and data to
Deliver and maintain Google services
Track outages and protect against spam, fraud, and abuse
Measure audience engagement and site statistics to understand how our services are used and enhance the quality of those services
If you choose to “Accept all,” we will also use cookies and data to
Develop and improve new services
Deliver and measure the effectiveness of ads
Show personalized content, depending on your settings
Show personalized ads, depending on your settings
If you choose to “Reject all,” we will not use cookies for these additional purposes.
Non-personalized content is influenced by things like the content you’re currently viewing, activity in your active Search session, and your location. Non-personalized ads are influenced by the content you’re currently viewing and your general location. Personalized content and ads can also include more relevant results, recommendations, and tailored ads based on past activity from this browser, like previous Google searches. We also use cookies and data to tailor the experience to be age-appropriate, if relevant.
Select “More options” to see additional information, including details about managing your privacy settings. You can also visit g.co/privacytools at any time.
Reject all
Accept all
More options
Privacy Policy
Terms of Service",https://news.google.com/rss/articles/CBMifkFVX3lxTFBKVVB2Y05laU5CTmc4bzFUVU81VUtVWjlwNUlBOXl1bkNZUmhEbk14bVJRZzBPYW9FMDF2TzRLQlNEdU5rZmR2OHUtVHYtRWFXcTVIX3VpVGVhR2hLX3B6OTY1cV93WUtyNllvTnExajN5ZHd6RnpiWVljcTc4UQ?oc=5
2025-04-23,NVDA,Nvidia,Is NVIDIA Corp. (NASDAQ:NVDA) the Best Stock Under $100 to Buy According to Hedge Funds? - Yahoo Finance,"EN
Sign in
Before you continue to Google
We use cookies and data to
Deliver and maintain Google services
Track outages and protect against spam, fraud, and abuse
Measure audience engagement and site statistics to understand how our services are used and enhance the quality of those services
If you choose to “Accept all,” we will also use cookies and data to
Develop and improve new services
Deliver and measure the effectiveness of ads
Show personalized content, depending on your settings
Show personalized ads, depending on your settings
If you choose to “Reject all,” we will not use cookies for these additional purposes.
Non-personalized content is influenced by things like the content you’re currently viewing, activity in your active Search session, and your location. Non-personalized ads are influenced by the content you’re currently viewing and your general location. Personalized content and ads can also include more relevant results, recommendations, and tailored ads based on past activity from this browser, like previous Google searches. We also use cookies and data to tailor the experience to be age-appropriate, if relevant.
Select “More options” to see additional information, including details about managing your privacy settings. You can also visit g.co/privacytools at any time.
Reject all
Accept all
More options
Privacy Policy
Terms of Service",https://news.google.com/rss/articles/CBMif0FVX3lxTE8tb2x2SHJjbkpLUV9aaGlYTWNNN09Ic21CQ2ZZQzVWdGJkTmEyVUFQY3VaQ2gyYWluMnpzOV9hb2ttOGVRTHpTUGRyVjNzSlcxUWRobWxUc2E3QlJnbnlrNlZRVlFaV2dMeUp3ZzBXZ1ZyMGRCMllaRGE2akN4ams?oc=5
2025-04-28,NVDA,Nvidia,Surprising China news sends Nvidia stock tumbling - TheStreet,"EN
Sign in
Before you continue to Google
We use cookies and data to
Deliver and maintain Google services
Track outages and protect against spam, fraud, and abuse
Measure audience engagement and site statistics to understand how our services are used and enhance the quality of those services
If you choose to “Accept all,” we will also use cookies and data to
Develop and improve new services
Deliver and measure the effectiveness of ads
Show personalized content, depending on your settings
Show personalized ads, depending on your settings
If you choose to “Reject all,” we will not use cookies for these additional purposes.
Non-personalized content is influenced by things like the content you’re currently viewing, activity in your active Search session, and your location. Non-personalized ads are influenced by the content you’re currently viewing and your general location. Personalized content and ads can also include more relevant results, recommendations, and tailored ads based on past activity from this browser, like previous Google searches. We also use cookies and data to tailor the experience to be age-appropriate, if relevant.
Select “More options” to see additional information, including details about managing your privacy settings. You can also visit g.co/privacytools at any time.
Reject all
Accept all
More options
Privacy Policy
Terms of Service",https://news.google.com/rss/articles/CBMilwFBVV95cUxQb21MWEcwbUZKSmNvT0NnSHZYYXE0QWU3d08tWi1kcTUyT0NCTE1OT2t5R1FPRGx5dWZpc3Z6SFpmelc0RDYxdTkyV3BCdkZsekJKclE1cDRoYXdncGpfdjJXM3lqemtDcHQ3N1RhaDJXTEtZSDRNZUdMWWN4c21RU0lWYk5saG9fU0VEZzRTR0NEZjVYNUdz?oc=5
2025-04-30,NVDA,Nvidia,"Sell Nvidia Stock, Analyst Says. Why He’s the First Sell-Rating on the Street. - Barron's","EN
Sign in
Before you continue to Google
We use cookies and data to
Deliver and maintain Google services
Track outages and protect against spam, fraud, and abuse
Measure audience engagement and site statistics to understand how our services are used and enhance the quality of those services
If you choose to “Accept all,” we will also use cookies and data to
Develop and improve new services
Deliver and measure the effectiveness of ads
Show personalized content, depending on your settings
Show personalized ads, depending on your settings
If you choose to “Reject all,” we will not use cookies for these additional purposes.
Non-personalized content is influenced by things like the content you’re currently viewing, activity in your active Search session, and your location. Non-personalized ads are influenced by the content you’re currently viewing and your general location. Personalized content and ads can also include more relevant results, recommendations, and tailored ads based on past activity from this browser, like previous Google searches. We also use cookies and data to tailor the experience to be age-appropriate, if relevant.
Select “More options” to see additional information, including details about managing your privacy settings. You can also visit g.co/privacytools at any time.
Reject all
Accept all
More options
Privacy Policy
Terms of Service",https://news.google.com/rss/articles/CBMifEFVX3lxTE80X3BGeEp1TUszVDVFU0VmLVdtWFBOc1BoOVFseUNZRjktTEZTdHFJbHEzVTZxZXFpQlFIOXVZb1VrYUJJNnlNQkQ4M3doeVFGWGV1eU5seldjRDZIY2w3UXh4Q0FkRmdENVRQXzh6alEzY2pVVkJCR2VINms?oc=5
2025-04-27,NVDA,Nvidia,Where Will Nvidia Stock Be in 3 Years? - The Motley Fool,"EN
Sign in
Before you continue to Google
We use cookies and data to
Deliver and maintain Google services
Track outages and protect against spam, fraud, and abuse
Measure audience engagement and site statistics to understand how our services are used and enhance the quality of those services
If you choose to “Accept all,” we will also use cookies and data to
Develop and improve new services
Deliver and measure the effectiveness of ads
Show personalized content, depending on your settings
Show personalized ads, depending on your settings
If you choose to “Reject all,” we will not use cookies for these additional purposes.
Non-personalized content is influenced by things like the content you’re currently viewing, activity in your active Search session, and your location. Non-personalized ads are influenced by the content you’re currently viewing and your general location. Personalized content and ads can also include more relevant results, recommendations, and tailored ads based on past activity from this browser, like previous Google searches. We also use cookies and data to tailor the experience to be age-appropriate, if relevant.
Select “More options” to see additional information, including details about managing your privacy settings. You can also visit g.co/privacytools at any time.
Reject all
Accept all
More options
Privacy Policy
Terms of Service",https://news.google.com/rss/articles/CBMihwFBVV95cUxQb05mX21Fa3QzVEtLUzhOVExra2FNVDBzYzQ0YVRfanpqLW1WbHR5LUNDS2tNQlNWTWNHa1dHMXc0MTkwNHlHbkhhaTFVNFQtRkRIdFV0MjdWRzlWOUptSExmQk5LNDB5Wmd5aE1NMFdvZlo1Wm9pZXhkUUhzOXZUVVFHb21WUUU?oc=5
2025-04-30,NVDA,Nvidia,Will Nvidia Stock Split Again in 2025? - Fingerlakes1.com,"EN
Sign in
Before you continue to Google
We use cookies and data to
Deliver and maintain Google services
Track outages and protect against spam, fraud, and abuse
Measure audience engagement and site statistics to understand how our services are used and enhance the quality of those services
If you choose to “Accept all,” we will also use cookies and data to
Develop and improve new services
Deliver and measure the effectiveness of ads
Show personalized content, depending on your settings
Show personalized ads, depending on your settings
If you choose to “Reject all,” we will not use cookies for these additional purposes.
Non-personalized content is influenced by things like the content you’re currently viewing, activity in your active Search session, and your location. Non-personalized ads are influenced by the content you’re currently viewing and your general location. Personalized content and ads can also include more relevant results, recommendations, and tailored ads based on past activity from this browser, like previous Google searches. We also use cookies and data to tailor the experience to be age-appropriate, if relevant.
Select “More options” to see additional information, including details about managing your privacy settings. You can also visit g.co/privacytools at any time.
Reject all
Accept all
More options
Privacy Policy
Terms of Service",https://news.google.com/rss/articles/CBMickFVX3lxTE93VXV5ajk0RVgzZV9mTDJVYXBxNHZROVlGUHJCREhhTVMybGdTWkJlOUdxbmlodzRvRFVEWllfVTVNbVNVNjJlTnI3elpPellNYS1MMkw4YUhhMS1Nb0RHZ3BxN25YdXM5VGJmUkg0OHBBQQ?oc=5
2025-04-28,NVDA,Nvidia,Nvidia stock falls as China's Huawei reportedly readies AI chip after Trump's export ban - Yahoo Finance,"EN
Sign in
Before you continue to Google
We use cookies and data to
Deliver and maintain Google services
Track outages and protect against spam, fraud, and abuse
Measure audience engagement and site statistics to understand how our services are used and enhance the quality of those services
If you choose to “Accept all,” we will also use cookies and data to
Develop and improve new services
Deliver and measure the effectiveness of ads
Show personalized content, depending on your settings
Show personalized ads, depending on your settings
If you choose to “Reject all,” we will not use cookies for these additional purposes.
Non-personalized content is influenced by things like the content you’re currently viewing, activity in your active Search session, and your location. Non-personalized ads are influenced by the content you’re currently viewing and your general location. Personalized content and ads can also include more relevant results, recommendations, and tailored ads based on past activity from this browser, like previous Google searches. We also use cookies and data to tailor the experience to be age-appropriate, if relevant.
Select “More options” to see additional information, including details about managing your privacy settings. You can also visit g.co/privacytools at any time.
Reject all
Accept all
More options
Privacy Policy
Terms of Service",https://news.google.com/rss/articles/CBMizAFBVV95cUxPMlZ3ZGtEVHI1Mm5od0lqaVR2cV96QTFxaVR3cW03NjhST2t3N3Q3YWtpVWx2Mm0xYTRXTVV2Ml8ybFdsS2o4STlJX1dLUXE4RWZIWDE2ODJTZ0xSZzUtMUlYN2VBS3dLRHN2OE85cHZraFF5VFFmSUJvSnFFOXdSaGhUNjdiVHkzRjhvMk9yVmp1MkpMeE1zbFZuUTQ1V1JCUWx2bFRHb2ExYVVPa1NGc0pzaFQ5WmZBcFc3UUQ4MjQzM2g3NlVRVm1CSmM?oc=5
2025-04-29,NVDA,Nvidia,Watch These Nvidia Price Levels as Stock Slips on News of Chinese Rival's AI Chip - Investopedia,"EN
Sign in
Before you continue to Google
We use cookies and data to
Deliver and maintain Google services
Track outages and protect against spam, fraud, and abuse
Measure audience engagement and site statistics to understand how our services are used and enhance the quality of those services
If you choose to “Accept all,” we will also use cookies and data to
Develop and improve new services
Deliver and measure the effectiveness of ads
Show personalized content, depending on your settings
Show personalized ads, depending on your settings
If you choose to “Reject all,” we will not use cookies for these additional purposes.
Non-personalized content is influenced by things like the content you’re currently viewing, activity in your active Search session, and your location. Non-personalized ads are influenced by the content you’re currently viewing and your general location. Personalized content and ads can also include more relevant results, recommendations, and tailored ads based on past activity from this browser, like previous Google searches. We also use cookies and data to tailor the experience to be age-appropriate, if relevant.
Select “More options” to see additional information, including details about managing your privacy settings. You can also visit g.co/privacytools at any time.
Reject all
Accept all
More options
Privacy Policy
Terms of Service",https://news.google.com/rss/articles/CBMiuAFBVV95cUxOVWwyMVYtRXRCZ3NRUWlRYS1ZYUI4Um1vTFNTWGIzaUs5Y0hmZ1RwZGI0Qld0VnlXQW9XOGQzMGQyOGdoTURHQ3V5NVNwb09CcWxqXzJORXo3MGF1RXVyV1A2Wkdna1ZTaGFvb0wySU9PVzQ2TEZrR25VSG1BN0ZWM1k5SG9EWlo5dGFENS0yN0VndFlwb1VLSVhRRkxFSVBnVXR5dFNETzJRQnh1MXlWSC1iSE5MNVJi?oc=5
2025-04-25,NVDA,Nvidia,Wall Street Is Screaming to Buy Nvidia Stock Hand Over Fist Right Now. Should You Listen? - Nasdaq,"EN
Sign in
Before you continue to Google
We use cookies and data to
Deliver and maintain Google services
Track outages and protect against spam, fraud, and abuse
Measure audience engagement and site statistics to understand how our services are used and enhance the quality of those services
If you choose to “Accept all,” we will also use cookies and data to
Develop and improve new services
Deliver and measure the effectiveness of ads
Show personalized content, depending on your settings
Show personalized ads, depending on your settings
If you choose to “Reject all,” we will not use cookies for these additional purposes.
Non-personalized content is influenced by things like the content you’re currently viewing, activity in your active Search session, and your location. Non-personalized ads are influenced by the content you’re currently viewing and your general location. Personalized content and ads can also include more relevant results, recommendations, and tailored ads based on past activity from this browser, like previous Google searches. We also use cookies and data to tailor the experience to be age-appropriate, if relevant.
Select “More options” to see additional information, including details about managing your privacy settings. You can also visit g.co/privacytools at any time.
Reject all
Accept all
More options
Privacy Policy
Terms of Service",https://news.google.com/rss/articles/CBMiswFBVV95cUxNR1J1bG1JcjZVRjl6UXE3ZjRSczFtdWNBcHo1ZERDNXY2MXRhOXRHZFhLN3dVWUtkMHZHQVNDNmF5em1DRnBEQ01tM05LT3lsZmtEQmp5cER1Z3hEYU9pbXhtaTVnUTJKWmhtMkNWazVsU28yNkFCc1l3SXJGRDJMdU5FMi00WXpKNmpOTXR6a01Oc3N2U25vV092Y2ozX3R0aTdYVXZnOFVtclluN0JkVkttdw?oc=5
2025-04-28,NVDA,Nvidia,Nvidia Stock Sinks On China's Growing AI Chip Ambitions - Investor's Business Daily,"EN
Sign in
Before you continue to Google
We use cookies and data to
Deliver and maintain Google services
Track outages and protect against spam, fraud, and abuse
Measure audience engagement and site statistics to understand how our services are used and enhance the quality of those services
If you choose to “Accept all,” we will also use cookies and data to
Develop and improve new services
Deliver and measure the effectiveness of ads
Show personalized content, depending on your settings
Show personalized ads, depending on your settings
If you choose to “Reject all,” we will not use cookies for these additional purposes.
Non-personalized content is influenced by things like the content you’re currently viewing, activity in your active Search session, and your location. Non-personalized ads are influenced by the content you’re currently viewing and your general location. Personalized content and ads can also include more relevant results, recommendations, and tailored ads based on past activity from this browser, like previous Google searches. We also use cookies and data to tailor the experience to be age-appropriate, if relevant.
Select “More options” to see additional information, including details about managing your privacy settings. You can also visit g.co/privacytools at any time.
Reject all
Accept all
More options
Privacy Policy
Terms of Service",https://news.google.com/rss/articles/CBMijgFBVV95cUxPUzBucDc1N1VNbkp5VFBIcmpjZlFlTDQtQkFlSzJhVE5jVWhidzNfalZSLXg0QTN0eVl3R3ZHWnQyTDRwSE9UbWd4cl9seVZwYWdhNHMxOVlIcWgxVjhzNDJIcVJMQlhnVENIUzF3TVdib3IwNGhYUi1rY2tqWDFpeVRnMjE5ckM2Sl9fcnp3?oc=5
2025-04-28,NVDA,Nvidia,"Top Stock Movers Now: Nvidia, Tesla, Boeing, and More - Investopedia","EN
Sign in
Before you continue to Google
We use cookies and data to
Deliver and maintain Google services
Track outages and protect against spam, fraud, and abuse
Measure audience engagement and site statistics to understand how our services are used and enhance the quality of those services
If you choose to “Accept all,” we will also use cookies and data to
Develop and improve new services
Deliver and measure the effectiveness of ads
Show personalized content, depending on your settings
Show personalized ads, depending on your settings
If you choose to “Reject all,” we will not use cookies for these additional purposes.
Non-personalized content is influenced by things like the content you’re currently viewing, activity in your active Search session, and your location. Non-personalized ads are influenced by the content you’re currently viewing and your general location. Personalized content and ads can also include more relevant results, recommendations, and tailored ads based on past activity from this browser, like previous Google searches. We also use cookies and data to tailor the experience to be age-appropriate, if relevant.
Select “More options” to see additional information, including details about managing your privacy settings. You can also visit g.co/privacytools at any time.
Reject all
Accept all
More options
Privacy Policy
Terms of Service",https://news.google.com/rss/articles/CBMikAFBVV95cUxQWjcxRU83RzdQb0JVUGJjVUdIMXUtbzdkVmJrbE5KSEE0bkd3RURWS2QzNC1yVmxBVWt3LVRJY1BLU1hsNjQxSUl6cWhqamRpbGNWRE1GN1ZaeVA0Q3d0TFRmUm95bVJUUUpBRnFHVllVUUY4X0Y2SW05c1lKOENrU0ZseVk4c0haSUNHZWtSYnc?oc=5
2025-04-27,NVDA,Nvidia,Prediction: Nvidia Stock Is Going to Soar After May 1 - The Motley Fool,"EN
Sign in
Before you continue to Google
We use cookies and data to
Deliver and maintain Google services
Track outages and protect against spam, fraud, and abuse
Measure audience engagement and site statistics to understand how our services are used and enhance the quality of those services
If you choose to “Accept all,” we will also use cookies and data to
Develop and improve new services
Deliver and measure the effectiveness of ads
Show personalized content, depending on your settings
Show personalized ads, depending on your settings
If you choose to “Reject all,” we will not use cookies for these additional purposes.
Non-personalized content is influenced by things like the content you’re currently viewing, activity in your active Search session, and your location. Non-personalized ads are influenced by the content you’re currently viewing and your general location. Personalized content and ads can also include more relevant results, recommendations, and tailored ads based on past activity from this browser, like previous Google searches. We also use cookies and data to tailor the experience to be age-appropriate, if relevant.
Select “More options” to see additional information, including details about managing your privacy settings. You can also visit g.co/privacytools at any time.
Reject all
Accept all
More options
Privacy Policy
Terms of Service",https://news.google.com/rss/articles/CBMikgFBVV95cUxNcU1fSlBXRDIzZkNlTV9mMnZBalA5RFlsLVdwTmRkTnVqWlFsWl80RDVFQTVzLUllcm1oMkIxN0k4cjdoQ3FGTWhkcGVpRmtKT0xYaF9iQVZPelB6UW1jTG92a2pyX3VmZGo0SG5MUzExVHkwb0RzeXgyMGVqOXpCRGFOdEt6MFBJakVUT2VxY0s5QQ?oc=5
2025-04-30,NVDA,Nvidia,"Nvidia stock drops after Super Micro earnings whiff, Trump looks to change Biden AI trade rule - Yahoo Finance","EN
Sign in
Before you continue to Google
We use cookies and data to
Deliver and maintain Google services
Track outages and protect against spam, fraud, and abuse
Measure audience engagement and site statistics to understand how our services are used and enhance the quality of those services
If you choose to “Accept all,” we will also use cookies and data to
Develop and improve new services
Deliver and measure the effectiveness of ads
Show personalized content, depending on your settings
Show personalized ads, depending on your settings
If you choose to “Reject all,” we will not use cookies for these additional purposes.
Non-personalized content is influenced by things like the content you’re currently viewing, activity in your active Search session, and your location. Non-personalized ads are influenced by the content you’re currently viewing and your general location. Personalized content and ads can also include more relevant results, recommendations, and tailored ads based on past activity from this browser, like previous Google searches. We also use cookies and data to tailor the experience to be age-appropriate, if relevant.
Select “More options” to see additional information, including details about managing your privacy settings. You can also visit g.co/privacytools at any time.
Reject all
Accept all
More options
Privacy Policy
Terms of Service",https://news.google.com/rss/articles/CBMi1gFBVV95cUxNM19RSXctVTdsZVZJVUN5bllqWVlHd2NndHNQdEZ6bG1HVEVRczl0MENzQU5YSU5IRFltZTVCTWw2bzlVOXh5Q2FvbzFMX1JaS0JkRGYzZGFqQnZLZFNiYjRRNGlaMFRJSkloUW9MNlJ1cWR3NWRNc1MtM2dEWURPRnFWXzRicGRxUnJqRjZXejBiZzYyUDFXR19KRE1MLTBHMm1LTFFqWkcwUVNrZHZFRERZdW11TEtzOENqYV8wbExuaDYwV01HWmdqOFBCajhrQUE1dklB?oc=5
2025-04-29,NVDA,Nvidia,Nvidia Stock Drops. The Focus Is on AI Spending by Big Tech. - Barron's,"EN
Sign in
Before you continue to Google
We use cookies and data to
Deliver and maintain Google services
Track outages and protect against spam, fraud, and abuse
Measure audience engagement and site statistics to understand how our services are used and enhance the quality of those services
If you choose to “Accept all,” we will also use cookies and data to
Develop and improve new services
Deliver and measure the effectiveness of ads
Show personalized content, depending on your settings
Show personalized ads, depending on your settings
If you choose to “Reject all,” we will not use cookies for these additional purposes.
Non-personalized content is influenced by things like the content you’re currently viewing, activity in your active Search session, and your location. Non-personalized ads are influenced by the content you’re currently viewing and your general location. Personalized content and ads can also include more relevant results, recommendations, and tailored ads based on past activity from this browser, like previous Google searches. We also use cookies and data to tailor the experience to be age-appropriate, if relevant.
Select “More options” to see additional information, including details about managing your privacy settings. You can also visit g.co/privacytools at any time.
Reject all
Accept all
More options
Privacy Policy
Terms of Service",https://news.google.com/rss/articles/CBMieEFVX3lxTE5mWmFwZ3BCWTROY3lBYm9waFlRTnludmhOc21JREM3OTItR3lTX004Ynh0OWdUV3pVajgwU2hUZXJXaHhhNHppZjBMWi1RaXc4NGtHQWh1RTE3V2VzYnZXcVN4blZTdTNUZkt1dzRRT2dkVFdDbEh3cQ?oc=5
2025-04-25,NVDA,Nvidia,Why Nvidia Stock Is Rising Today - The Motley Fool,"EN
Sign in
Before you continue to Google
We use cookies and data to
Deliver and maintain Google services
Track outages and protect against spam, fraud, and abuse
Measure audience engagement and site statistics to understand how our services are used and enhance the quality of those services
If you choose to “Accept all,” we will also use cookies and data to
Develop and improve new services
Deliver and measure the effectiveness of ads
Show personalized content, depending on your settings
Show personalized ads, depending on your settings
If you choose to “Reject all,” we will not use cookies for these additional purposes.
Non-personalized content is influenced by things like the content you’re currently viewing, activity in your active Search session, and your location. Non-personalized ads are influenced by the content you’re currently viewing and your general location. Personalized content and ads can also include more relevant results, recommendations, and tailored ads based on past activity from this browser, like previous Google searches. We also use cookies and data to tailor the experience to be age-appropriate, if relevant.
Select “More options” to see additional information, including details about managing your privacy settings. You can also visit g.co/privacytools at any time.
Reject all
Accept all
More options
Privacy Policy
Terms of Service",https://news.google.com/rss/articles/CBMigAFBVV95cUxPV1RxUW5MMnNqaUNPem44MXhRcEFrV0l5ZlNFbHJUb1piN3ZqeVhPWVNXM0NtbEM0Q1VzckNacFRzRUE5TlRLY1BHYXdubkpFMUgxTDlsZ0tnZFBoYWpoMW50S0NGUmQwU1hMSFk2Vi1YNzlfcVdOc3NZOGdfZE5jbA?oc=5
2025-04-28,NVDA,Nvidia,Nvidia Stock Drops on Report Huawei Is Developing Rival AI Chip - Investopedia,"EN
Sign in
Before you continue to Google
We use cookies and data to
Deliver and maintain Google services
Track outages and protect against spam, fraud, and abuse
Measure audience engagement and site statistics to understand how our services are used and enhance the quality of those services
If you choose to “Accept all,” we will also use cookies and data to
Develop and improve new services
Deliver and measure the effectiveness of ads
Show personalized content, depending on your settings
Show personalized ads, depending on your settings
If you choose to “Reject all,” we will not use cookies for these additional purposes.
Non-personalized content is influenced by things like the content you’re currently viewing, activity in your active Search session, and your location. Non-personalized ads are influenced by the content you’re currently viewing and your general location. Personalized content and ads can also include more relevant results, recommendations, and tailored ads based on past activity from this browser, like previous Google searches. We also use cookies and data to tailor the experience to be age-appropriate, if relevant.
Select “More options” to see additional information, including details about managing your privacy settings. You can also visit g.co/privacytools at any time.
Reject all
Accept all
More options
Privacy Policy
Terms of Service",https://news.google.com/rss/articles/CBMiowFBVV95cUxON09OQUZxcWFJUTRNcXBja0dVcWtvOUtoZFlIcnB6b040amZqMS15ZDZKQVgteThFQ0p1LUxaSThPRTJ1TEFNemx5RE5kLVowN082bW1pVE5iUDZfd19CSi1GTlktY3pEdDA2emJZUXZlNmJ4X2pfY2xmeFlFWHUteUpPSUtLaHlmZFl1bW81LXAtNTBIM2lncVQycVdjMTdyUjEw?oc=5
2025-04-25,NVDA,Nvidia,Nvidia Stock Rises. What Alphabet and Intel Earnings Mean for the Chip Maker. - Barron's,"EN
Sign in
Before you continue to Google
We use cookies and data to
Deliver and maintain Google services
Track outages and protect against spam, fraud, and abuse
Measure audience engagement and site statistics to understand how our services are used and enhance the quality of those services
If you choose to “Accept all,” we will also use cookies and data to
Develop and improve new services
Deliver and measure the effectiveness of ads
Show personalized content, depending on your settings
Show personalized ads, depending on your settings
If you choose to “Reject all,” we will not use cookies for these additional purposes.
Non-personalized content is influenced by things like the content you’re currently viewing, activity in your active Search session, and your location. Non-personalized ads are influenced by the content you’re currently viewing and your general location. Personalized content and ads can also include more relevant results, recommendations, and tailored ads based on past activity from this browser, like previous Google searches. We also use cookies and data to tailor the experience to be age-appropriate, if relevant.
Select “More options” to see additional information, including details about managing your privacy settings. You can also visit g.co/privacytools at any time.
Reject all
Accept all
More options
Privacy Policy
Terms of Service",https://news.google.com/rss/articles/CBMiigFBVV95cUxOMlhmbW9MOU4xOFZmRFZxV1ZyMTd4QWQzRFJTUTRZRDRpR0VPSEpORDRxUGdXbFNBM0FoZnBOanlKNV8wZ0IyRklFd2dVVmNDLWx3cXNOR2VTMUJocUMxcGRaRW03cVdPSDRPbi1hWmppYkczYnJGZ1NUaHo5N2JjRUJIclp3TmNHWVE?oc=5
2025-04-29,NVDA,Nvidia,Stock-Split Watch: Is Nvidia Next? - The Motley Fool,"EN
Sign in
Before you continue to Google
We use cookies and data to
Deliver and maintain Google services
Track outages and protect against spam, fraud, and abuse
Measure audience engagement and site statistics to understand how our services are used and enhance the quality of those services
If you choose to “Accept all,” we will also use cookies and data to
Develop and improve new services
Deliver and measure the effectiveness of ads
Show personalized content, depending on your settings
Show personalized ads, depending on your settings
If you choose to “Reject all,” we will not use cookies for these additional purposes.
Non-personalized content is influenced by things like the content you’re currently viewing, activity in your active Search session, and your location. Non-personalized ads are influenced by the content you’re currently viewing and your general location. Personalized content and ads can also include more relevant results, recommendations, and tailored ads based on past activity from this browser, like previous Google searches. We also use cookies and data to tailor the experience to be age-appropriate, if relevant.
Select “More options” to see additional information, including details about managing your privacy settings. You can also visit g.co/privacytools at any time.
Reject all
Accept all
More options
Privacy Policy
Terms of Service",https://news.google.com/rss/articles/CBMigAFBVV95cUxPWHJGWko4R19kd2Q2VzhackdHQUE4eFU1TTlhNE9ycTNPNjRZa0JVTVpqd0pzck9TN2FMNlFhRjUtTHJnV3l0Y3RYbjNfVnJ2VFJDczQzSzMxMGhFWXl5RjIycVl5NjRCcmlNSkVvVUJMTVplRzBGNV9WZThTSkxJNw?oc=5
2025-04-28,NVDA,Nvidia,Nvidia Stock Is Falling. This Huawei Breakthrough Is Not Going to Help. - Barron's,"EN
Sign in
Before you continue to Google
We use cookies and data to
Deliver and maintain Google services
Track outages and protect against spam, fraud, and abuse
Measure audience engagement and site statistics to understand how our services are used and enhance the quality of those services
If you choose to “Accept all,” we will also use cookies and data to
Develop and improve new services
Deliver and measure the effectiveness of ads
Show personalized content, depending on your settings
Show personalized ads, depending on your settings
If you choose to “Reject all,” we will not use cookies for these additional purposes.
Non-personalized content is influenced by things like the content you’re currently viewing, activity in your active Search session, and your location. Non-personalized ads are influenced by the content you’re currently viewing and your general location. Personalized content and ads can also include more relevant results, recommendations, and tailored ads based on past activity from this browser, like previous Google searches. We also use cookies and data to tailor the experience to be age-appropriate, if relevant.
Select “More options” to see additional information, including details about managing your privacy settings. You can also visit g.co/privacytools at any time.
Reject all
Accept all
More options
Privacy Policy
Terms of Service",https://news.google.com/rss/articles/CBMiggFBVV95cUxOM1NEc3ZoU01kb3kxVG1DQ09uR1daenRLRjJqb29ZSzBzckpMQUM5RW5LMXpLeHlMUHd3OG5lMHdjcU9FWW1SLTlmeWttd3FhY1RFbmlJOHluSGV1VmM2S0xDU3pJYlZBV1RrVkNLU3NTMDc3Z3IwM29zX2pYM1pCTUxR?oc=5
2025-04-25,NVDA,Nvidia,Nvidia Stock Jumped Another 5% Today. Does It Have More Room to Run? - The Motley Fool,"EN
Sign in
Before you continue to Google
We use cookies and data to
Deliver and maintain Google services
Track outages and protect against spam, fraud, and abuse
Measure audience engagement and site statistics to understand how our services are used and enhance the quality of those services
If you choose to “Accept all,” we will also use cookies and data to
Develop and improve new services
Deliver and measure the effectiveness of ads
Show personalized content, depending on your settings
Show personalized ads, depending on your settings
If you choose to “Reject all,” we will not use cookies for these additional purposes.
Non-personalized content is influenced by things like the content you’re currently viewing, activity in your active Search session, and your location. Non-personalized ads are influenced by the content you’re currently viewing and your general location. Personalized content and ads can also include more relevant results, recommendations, and tailored ads based on past activity from this browser, like previous Google searches. We also use cookies and data to tailor the experience to be age-appropriate, if relevant.
Select “More options” to see additional information, including details about managing your privacy settings. You can also visit g.co/privacytools at any time.
Reject all
Accept all
More options
Privacy Policy
Terms of Service",https://news.google.com/rss/articles/CBMikAFBVV95cUxOa2JUSGtDYnEtY1EydUlxOW9IRU0ydkhZY2IxZXpMbmxrb05HNlM2bEdRaEJQOGtadHBuc1U4d2ZjQmRFTGxyUkdRMnZOVnVkQ01FOWNDV0lsdFJEc0p6QmV0QnlwQXpkb0dwMFRmemZxVkU4NE9VTUVudUhVSXQwelVWbHhBQ3Q4RFlsRG52Qng?oc=5
2025-04-26,NVDA,Nvidia,Is Nvidia an Undervalued Growth Stock or a Falling Knife? - The Motley Fool,"EN
Sign in
Before you continue to Google
We use cookies and data to
Deliver and maintain Google services
Track outages and protect against spam, fraud, and abuse
Measure audience engagement and site statistics to understand how our services are used and enhance the quality of those services
If you choose to “Accept all,” we will also use cookies and data to
Develop and improve new services
Deliver and measure the effectiveness of ads
Show personalized content, depending on your settings
Show personalized ads, depending on your settings
If you choose to “Reject all,” we will not use cookies for these additional purposes.
Non-personalized content is influenced by things like the content you’re currently viewing, activity in your active Search session, and your location. Non-personalized ads are influenced by the content you’re currently viewing and your general location. Personalized content and ads can also include more relevant results, recommendations, and tailored ads based on past activity from this browser, like previous Google searches. We also use cookies and data to tailor the experience to be age-appropriate, if relevant.
Select “More options” to see additional information, including details about managing your privacy settings. You can also visit g.co/privacytools at any time.
Reject all
Accept all
More options
Privacy Policy
Terms of Service",https://news.google.com/rss/articles/CBMimAFBVV95cUxQOHhJcW9JcmF0a3hIdjR4VDY4TlViMkdoT19mZGlEai1kb0Z0Nm1XQzJiVS1nd1o5V2NJTVFmLTBfa1lyTDRIREZSWVZnQ0J1TnpqYVhiQUFHeFJpTW9Gazh4UDNDNWVDdVp5UTE5ZnkzMHpZWW1LX2FvMFp3cmxPWkJMYmthUWozRXlWQWlqWU10eGFCWmRVZA?oc=5
2025-04-29,NVDA,Nvidia,Prediction: Nvidia Will Beat the Tariff Turmoil (and the Stock Will Soar) - The Motley Fool,"EN
Sign in
Before you continue to Google
We use cookies and data to
Deliver and maintain Google services
Track outages and protect against spam, fraud, and abuse
Measure audience engagement and site statistics to understand how our services are used and enhance the quality of those services
If you choose to “Accept all,” we will also use cookies and data to
Develop and improve new services
Deliver and measure the effectiveness of ads
Show personalized content, depending on your settings
Show personalized ads, depending on your settings
If you choose to “Reject all,” we will not use cookies for these additional purposes.
Non-personalized content is influenced by things like the content you’re currently viewing, activity in your active Search session, and your location. Non-personalized ads are influenced by the content you’re currently viewing and your general location. Personalized content and ads can also include more relevant results, recommendations, and tailored ads based on past activity from this browser, like previous Google searches. We also use cookies and data to tailor the experience to be age-appropriate, if relevant.
Select “More options” to see additional information, including details about managing your privacy settings. You can also visit g.co/privacytools at any time.
Reject all
Accept all
More options
Privacy Policy
Terms of Service",https://news.google.com/rss/articles/CBMimAFBVV95cUxQbnlUaWRES2dJNTdEcXVRRE1LSDVYNzlyTlJhbUFBME9MTkljNXk0RFRFSW9hTEVzYVlmaDZLSDctU1R0bUpZenRqZmJla0dOWnpyaUU4SjRxNXEtdExMTjNLaGEyQTRCLUNNbFpVTlBsTkJGelM4N0tFNmoyWUZNUnNrbTV0dnVKRzEteldOcHo2eXhJV3R4ag?oc=5
2024-01-25,TSLA,Tesla,"Tesla share plunge wipes out $80 billion in market value, after dour earnings call - CNN","EN
Sign in
Before you continue to Google
We use cookies and data to
Deliver and maintain Google services
Track outages and protect against spam, fraud, and abuse
Measure audience engagement and site statistics to understand how our services are used and enhance the quality of those services
If you choose to “Accept all,” we will also use cookies and data to
Develop and improve new services
Deliver and measure the effectiveness of ads
Show personalized content, depending on your settings
Show personalized ads, depending on your settings
If you choose to “Reject all,” we will not use cookies for these additional purposes.
Non-personalized content is influenced by things like the content you’re currently viewing, activity in your active Search session, and your location. Non-personalized ads are influenced by the content you’re currently viewing and your general location. Personalized content and ads can also include more relevant results, recommendations, and tailored ads based on past activity from this browser, like previous Google searches. We also use cookies and data to tailor the experience to be age-appropriate, if relevant.
Select “More options” to see additional information, including details about managing your privacy settings. You can also visit g.co/privacytools at any time.
Reject all
Accept all
More options
Privacy Policy
Terms of Service",https://news.google.com/rss/articles/CBMihwFBVV95cUxPMEdJaWVQbHZPTHJTRDdnSGpDbXhxMWJZY041THRKUDNZTVRac1hqSVhaVHIyTU9sYjVETXVDalhUa2NMNDhVZ19naGpUWGFtN1I2dUVfb1lmRmhRWTIzVHJqRW94LXBjVDJ3QTNHb1R1eG9oYkJWSVl4U0dtT3F3WEhiU29oSGvSAX5BVV95cUxQZERDbVBtYVljRERQXzNkRmpZZXlGY0I5bXA3djg1SjBzdV9PTDhzRGY5WXBacVd4by15TXhVaUpXZkVsY2N1eHNTM1d6emtOd2w3TU05c2lXQU1URTZjMkRGXzE2V01Ib0xQd1Vkd01qS0Vud1N5cVVFV2k4WEE?oc=5
2024-01-31,TSLA,Tesla,"After Earnings, Is Tesla Stock a Buy, a Sell, or Fairly Valued? - Morningstar","EN
Sign in
Before you continue to Google
We use cookies and data to
Deliver and maintain Google services
Track outages and protect against spam, fraud, and abuse
Measure audience engagement and site statistics to understand how our services are used and enhance the quality of those services
If you choose to “Accept all,” we will also use cookies and data to
Develop and improve new services
Deliver and measure the effectiveness of ads
Show personalized content, depending on your settings
Show personalized ads, depending on your settings
If you choose to “Reject all,” we will not use cookies for these additional purposes.
Non-personalized content is influenced by things like the content you’re currently viewing, activity in your active Search session, and your location. Non-personalized ads are influenced by the content you’re currently viewing and your general location. Personalized content and ads can also include more relevant results, recommendations, and tailored ads based on past activity from this browser, like previous Google searches. We also use cookies and data to tailor the experience to be age-appropriate, if relevant.
Select “More options” to see additional information, including details about managing your privacy settings. You can also visit g.co/privacytools at any time.
Reject all
Accept all
More options
Privacy Policy
Terms of Service",https://news.google.com/rss/articles/CBMilwFBVV95cUxPNnFzUGJMMUpvaG5vLWpLeHJmbU9nWWEzekpMaWpPcjh0dGJUeERRWG85V3ZrSGVSUkRvRXVKb2lMTmRfY2Z0cjcyOERIT25WTC1NLW1HQnJEQWVEWEFIVThUYW9BQWdhMVFwWlFUTEhLc0g5elJtcTJjeFBUcDFmT3ZaYnlfU3pCSWRoNEhyaUV2c1ROM0RZ?oc=5
2024-01-25,TSLA,Tesla,Tesla shares close down 12% after automaker warns of slowdown - CNBC,"EN
Sign in
Before you continue to Google
We use cookies and data to
Deliver and maintain Google services
Track outages and protect against spam, fraud, and abuse
Measure audience engagement and site statistics to understand how our services are used and enhance the quality of those services
If you choose to “Accept all,” we will also use cookies and data to
Develop and improve new services
Deliver and measure the effectiveness of ads
Show personalized content, depending on your settings
Show personalized ads, depending on your settings
If you choose to “Reject all,” we will not use cookies for these additional purposes.
Non-personalized content is influenced by things like the content you’re currently viewing, activity in your active Search session, and your location. Non-personalized ads are influenced by the content you’re currently viewing and your general location. Personalized content and ads can also include more relevant results, recommendations, and tailored ads based on past activity from this browser, like previous Google searches. We also use cookies and data to tailor the experience to be age-appropriate, if relevant.
Select “More options” to see additional information, including details about managing your privacy settings. You can also visit g.co/privacytools at any time.
Reject all
Accept all
More options
Privacy Policy
Terms of Service",https://news.google.com/rss/articles/CBMipgFBVV95cUxNSkpSaE9OaS1ZWnYxN2c4MXd5RXZreGNHS2NLQWFtRS1VUXJiRDY4UHMwRDdnT0tKbnpqNllJV0N1eWl4M1V0SFVnaUVfYmxkc2RMYndIcEEwTUVvTERjN1BCdlBCZWE5ZHBFU2pzNTJpaE1FaUZTV0NrajRLQ3NqZTZ2QzAxRlBnYUJLY2ZQb3l0UWk4MDNORkFZeVJscXlYU05fRXB30gGrAUFVX3lxTE42b2k3N3NRRVhEcDRyRU54QmdnOWNyMUpONjJtcVl4V29TRlNOS1VEZy12NkEzVU44M0ZzdWxBelFNaGQ5M1VPLVNVQUsySEowWDk3RWY4el9kcWZJTWZET0Z1YUZCNFMwQldVTXhEZHhBb2RTZTRQY2xxSVpPcDM5YXo2TFR2aUxPQkI5R25WVE5GMzRVdlVqY1ZnbUpwNGNiLWo5X2M1SDhHNA?oc=5
2024-01-31,TSLA,Tesla,"Why Tesla stock has been on a wild, wild ride - Yahoo Finance","EN
Sign in
Before you continue to Google
We use cookies and data to
Deliver and maintain Google services
Track outages and protect against spam, fraud, and abuse
Measure audience engagement and site statistics to understand how our services are used and enhance the quality of those services
If you choose to “Accept all,” we will also use cookies and data to
Develop and improve new services
Deliver and measure the effectiveness of ads
Show personalized content, depending on your settings
Show personalized ads, depending on your settings
If you choose to “Reject all,” we will not use cookies for these additional purposes.
Non-personalized content is influenced by things like the content you’re currently viewing, activity in your active Search session, and your location. Non-personalized ads are influenced by the content you’re currently viewing and your general location. Personalized content and ads can also include more relevant results, recommendations, and tailored ads based on past activity from this browser, like previous Google searches. We also use cookies and data to tailor the experience to be age-appropriate, if relevant.
Select “More options” to see additional information, including details about managing your privacy settings. You can also visit g.co/privacytools at any time.
Reject all
Accept all
More options
Privacy Policy
Terms of Service",https://news.google.com/rss/articles/CBMilAFBVV95cUxNcjBqd3F5LW5XQ21kTjhDY20tWWF3T3lXbl9tVGNpOXVmQzVIN1FWbU0waWNYWnJieFZVZEcxQlJ3Sy01UjhWVVNJSEdGTXdFc1h4T2xVam03djNfU2IwaV9vMC10c2hoU2pkM0h4LVFtSkhrSlNTSmQ5cTZQRmtPcVdrR0lIZmY4NzF0NWV3MHVFQVpM?oc=5
2024-01-31,TSLA,Tesla,"Tesla Stock Is Falling. Sell It Now, Says Analyst. - Barron's","EN
Sign in
Before you continue to Google
We use cookies and data to
Deliver and maintain Google services
Track outages and protect against spam, fraud, and abuse
Measure audience engagement and site statistics to understand how our services are used and enhance the quality of those services
If you choose to “Accept all,” we will also use cookies and data to
Develop and improve new services
Deliver and measure the effectiveness of ads
Show personalized content, depending on your settings
Show personalized ads, depending on your settings
If you choose to “Reject all,” we will not use cookies for these additional purposes.
Non-personalized content is influenced by things like the content you’re currently viewing, activity in your active Search session, and your location. Non-personalized ads are influenced by the content you’re currently viewing and your general location. Personalized content and ads can also include more relevant results, recommendations, and tailored ads based on past activity from this browser, like previous Google searches. We also use cookies and data to tailor the experience to be age-appropriate, if relevant.
Select “More options” to see additional information, including details about managing your privacy settings. You can also visit g.co/privacytools at any time.
Reject all
Accept all
More options
Privacy Policy
Terms of Service",https://news.google.com/rss/articles/CBMickFVX3lxTFBtbFRMNjRqVi0xNjUwZlJvV3hXN2pCN1YyWUFQby1LajFBMTVXTnFNenAtb2pfcGtnXzVVMG1oZ0c3ZElFMi1pYU8zZ3hLM2RqZDZRWFFjOV9jeXBwbEVNZ0EyU0E2U29FdkxRZGFEbzJNZw?oc=5
2024-01-02,TSLA,Tesla,Tesla Stock Wavers After 2023 Deliveries Data - WSJ,"EN
Sign in
Before you continue to Google
We use cookies and data to
Deliver and maintain Google services
Track outages and protect against spam, fraud, and abuse
Measure audience engagement and site statistics to understand how our services are used and enhance the quality of those services
If you choose to “Accept all,” we will also use cookies and data to
Develop and improve new services
Deliver and measure the effectiveness of ads
Show personalized content, depending on your settings
Show personalized ads, depending on your settings
If you choose to “Reject all,” we will not use cookies for these additional purposes.
Non-personalized content is influenced by things like the content you’re currently viewing, activity in your active Search session, and your location. Non-personalized ads are influenced by the content you’re currently viewing and your general location. Personalized content and ads can also include more relevant results, recommendations, and tailored ads based on past activity from this browser, like previous Google searches. We also use cookies and data to tailor the experience to be age-appropriate, if relevant.
Select “More options” to see additional information, including details about managing your privacy settings. You can also visit g.co/privacytools at any time.
Reject all
Accept all
More options
Privacy Policy
Terms of Service",https://news.google.com/rss/articles/CBMi6AFBVV95cUxOcjlfYW93enRiNjUtRUlERUtLTVpjai1HZE52d3BGcG5oU2NWcVZPNE1kclpzcjBLaUtnc1BjZ1EzVTcxcldqUmtoRGZVc2VpUFlySGNqNWIxdDJKcl9KV0pLakw3V0l6YmdtMF94NTBaRWNDTkw0RWlTMjBORVZ4YTREM3V4YmdtdVhWQ3hiaXVuaHh2OTl2QXlOT0VSMEZFQ2RVcTFxWnNSNDR2RzMyZUZrTUhBSlZsYTI3bWE0WFp3UW1lQVZEMXc1N0dTVnkyUHJwTERLQ3Bvc2ViYW1wcnpJQXUyRGU3?oc=5
2024-01-16,TSLA,Tesla,Musk Demands Bigger Stake in Tesla as Price for A.I. Work (Published 2024) - The New York Times,"EN
Sign in
Before you continue to Google
We use cookies and data to
Deliver and maintain Google services
Track outages and protect against spam, fraud, and abuse
Measure audience engagement and site statistics to understand how our services are used and enhance the quality of those services
If you choose to “Accept all,” we will also use cookies and data to
Develop and improve new services
Deliver and measure the effectiveness of ads
Show personalized content, depending on your settings
Show personalized ads, depending on your settings
If you choose to “Reject all,” we will not use cookies for these additional purposes.
Non-personalized content is influenced by things like the content you’re currently viewing, activity in your active Search session, and your location. Non-personalized ads are influenced by the content you’re currently viewing and your general location. Personalized content and ads can also include more relevant results, recommendations, and tailored ads based on past activity from this browser, like previous Google searches. We also use cookies and data to tailor the experience to be age-appropriate, if relevant.
Select “More options” to see additional information, including details about managing your privacy settings. You can also visit g.co/privacytools at any time.
Reject all
Accept all
More options
Privacy Policy
Terms of Service",https://news.google.com/rss/articles/CBMiekFVX3lxTE96TmdfM2ZOZUVBbXNlaTY3TlMxSzVrZ2dYN2ZKdXBKYkFSYk9pV0daUDZkamZYNVhrZXMyb0VDcHo5QlhIRFpaZi1JdVFsbDVFU2xwamFYZE1OUVYwWkZCWDhMNHJrcTlXbkk0TzNXVXpNTHIyQXdPY093?oc=5
2024-01-15,TSLA,Tesla,Why Tesla Stock Surged 102% in 2023 - Nasdaq,"EN
Sign in
Before you continue to Google
We use cookies and data to
Deliver and maintain Google services
Track outages and protect against spam, fraud, and abuse
Measure audience engagement and site statistics to understand how our services are used and enhance the quality of those services
If you choose to “Accept all,” we will also use cookies and data to
Develop and improve new services
Deliver and measure the effectiveness of ads
Show personalized content, depending on your settings
Show personalized ads, depending on your settings
If you choose to “Reject all,” we will not use cookies for these additional purposes.
Non-personalized content is influenced by things like the content you’re currently viewing, activity in your active Search session, and your location. Non-personalized ads are influenced by the content you’re currently viewing and your general location. Personalized content and ads can also include more relevant results, recommendations, and tailored ads based on past activity from this browser, like previous Google searches. We also use cookies and data to tailor the experience to be age-appropriate, if relevant.
Select “More options” to see additional information, including details about managing your privacy settings. You can also visit g.co/privacytools at any time.
Reject all
Accept all
More options
Privacy Policy
Terms of Service",https://news.google.com/rss/articles/CBMidEFVX3lxTE5CVnIzTEJHZHdOT19zaFBaUWJEeVU5MWstTDBvOUVGRjJ0YllmekhEa1BZODhGNzROS2JGYVZDX2RtdnpKUk01amFFVnFvVEpNMnU5SFpsZThOYUZHWkJZakN1Y2Fpc0VYOTJGenIyOGFFMjZl?oc=5
2024-01-16,TSLA,Tesla,Cathie Wood Spent $50 Million On Tesla Stock Last Week As It Broke Below Key Support - Investor's Business Daily,"EN
Sign in
Before you continue to Google
We use cookies and data to
Deliver and maintain Google services
Track outages and protect against spam, fraud, and abuse
Measure audience engagement and site statistics to understand how our services are used and enhance the quality of those services
If you choose to “Accept all,” we will also use cookies and data to
Develop and improve new services
Deliver and measure the effectiveness of ads
Show personalized content, depending on your settings
Show personalized ads, depending on your settings
If you choose to “Reject all,” we will not use cookies for these additional purposes.
Non-personalized content is influenced by things like the content you’re currently viewing, activity in your active Search session, and your location. Non-personalized ads are influenced by the content you’re currently viewing and your general location. Personalized content and ads can also include more relevant results, recommendations, and tailored ads based on past activity from this browser, like previous Google searches. We also use cookies and data to tailor the experience to be age-appropriate, if relevant.
Select “More options” to see additional information, including details about managing your privacy settings. You can also visit g.co/privacytools at any time.
Reject all
Accept all
More options
Privacy Policy
Terms of Service",https://news.google.com/rss/articles/CBMiqAFBVV95cUxOTTRDZmRlLTBSV1htZ004WkswTkRTM0dvbzBNbUhLaXZCSjRCbUFtS2ItLW1iQnI1OVZrdWc0UGlSd3QzUG9DZDMzdDNjbEs3cnhkLTY3M2R2TlVnbDRhcy1xbnlvcHJGYkEtbVB0bHBaZTZmQzRXTWZCR2pPd3d1enJGN0lwSVB5bEdqcGZGZ0VFTDVNNjlMVXNLLXpaSmgyZWUwaVhMa3g?oc=5
2024-01-31,TSLA,Tesla,Judge voids Elon Musk's 'unfathomable' $56 billion Tesla pay package - Reuters,"EN
Sign in
Before you continue to Google
We use cookies and data to
Deliver and maintain Google services
Track outages and protect against spam, fraud, and abuse
Measure audience engagement and site statistics to understand how our services are used and enhance the quality of those services
If you choose to “Accept all,” we will also use cookies and data to
Develop and improve new services
Deliver and measure the effectiveness of ads
Show personalized content, depending on your settings
Show personalized ads, depending on your settings
If you choose to “Reject all,” we will not use cookies for these additional purposes.
Non-personalized content is influenced by things like the content you’re currently viewing, activity in your active Search session, and your location. Non-personalized ads are influenced by the content you’re currently viewing and your general location. Personalized content and ads can also include more relevant results, recommendations, and tailored ads based on past activity from this browser, like previous Google searches. We also use cookies and data to tailor the experience to be age-appropriate, if relevant.
Select “More options” to see additional information, including details about managing your privacy settings. You can also visit g.co/privacytools at any time.
Reject all
Accept all
More options
Privacy Policy
Terms of Service",https://news.google.com/rss/articles/CBMiqgFBVV95cUxQQkt4Q1NodV8xLUJ6djA3bFk3NFVYZHBna1lhYzRUX2kya3M3bm1XRnV0QlZ6QW50Nmh5NXZHekxJbWRGN3dpYkFUOEJmdzRtdFF2a3J4Ni1mYTItN0dNRGJfRk9FS3NqRkpEU2ViT29fd2RxTlZfOHAzajhKdW5PbGllQi1WWFBHa1N3YXYzbjFtM3Vpam5zeEFmYUtwQzBnX045NlJ5N3pRZw?oc=5
2024-01-29,TSLA,Tesla,Cathie Wood Buys Tesla Stock (TSLA) as Shares Tumble 25% This Year - Bloomberg.com,"EN
Sign in
Before you continue to Google
We use cookies and data to
Deliver and maintain Google services
Track outages and protect against spam, fraud, and abuse
Measure audience engagement and site statistics to understand how our services are used and enhance the quality of those services
If you choose to “Accept all,” we will also use cookies and data to
Develop and improve new services
Deliver and measure the effectiveness of ads
Show personalized content, depending on your settings
Show personalized ads, depending on your settings
If you choose to “Reject all,” we will not use cookies for these additional purposes.
Non-personalized content is influenced by things like the content you’re currently viewing, activity in your active Search session, and your location. Non-personalized ads are influenced by the content you’re currently viewing and your general location. Personalized content and ads can also include more relevant results, recommendations, and tailored ads based on past activity from this browser, like previous Google searches. We also use cookies and data to tailor the experience to be age-appropriate, if relevant.
Select “More options” to see additional information, including details about managing your privacy settings. You can also visit g.co/privacytools at any time.
Reject all
Accept all
More options
Privacy Policy
Terms of Service",https://news.google.com/rss/articles/CBMitAFBVV95cUxOTDdudnowWGRzbEg4ajhNMzY2bmxTcEZDMFJIZkNzc2tzZDNLSlVwNVFIcDNKM0dpNGJYOWtOWEs0TW9hX1poZmpTbElkbWJvc2QtYkUxN29TMXdCUWZwV1FvbTRTTVRiTVlJU0hTdkFQQ3RsSUlKTmNWRDZvZE5tRVBhVVhDNlRyRlJ1ZmJqQTRlQVVYTk0tNmJZSlJMalRmdzJZcHVUYTNKNjRvY1pDeDZOdXI?oc=5
2024-01-16,TSLA,Tesla,Tesla Stock Seesaws After Elon Musk Says He Wants 25% Control Before Advancing AI - Investopedia,"EN
Sign in
Before you continue to Google
We use cookies and data to
Deliver and maintain Google services
Track outages and protect against spam, fraud, and abuse
Measure audience engagement and site statistics to understand how our services are used and enhance the quality of those services
If you choose to “Accept all,” we will also use cookies and data to
Develop and improve new services
Deliver and measure the effectiveness of ads
Show personalized content, depending on your settings
Show personalized ads, depending on your settings
If you choose to “Reject all,” we will not use cookies for these additional purposes.
Non-personalized content is influenced by things like the content you’re currently viewing, activity in your active Search session, and your location. Non-personalized ads are influenced by the content you’re currently viewing and your general location. Personalized content and ads can also include more relevant results, recommendations, and tailored ads based on past activity from this browser, like previous Google searches. We also use cookies and data to tailor the experience to be age-appropriate, if relevant.
Select “More options” to see additional information, including details about managing your privacy settings. You can also visit g.co/privacytools at any time.
Reject all
Accept all
More options
Privacy Policy
Terms of Service",https://news.google.com/rss/articles/CBMiuAFBVV95cUxNQ08yRzljMzFkdUNWVFY1bXlkZ2NXMnhvaHU1S1MtbTdFdU5BLUNtS3pDQWNaT2lBWFZoaTFOUk55YjdLV1ZzMVYyM3QwOHNSNXlZS1JWaUxsc3NkOTNtelhTc3FzVnZYWEo2SjVHalpKMEMyRTZiUTNlZmhPZDl0TGpiVzNwbXBpRTltS280LVV3cm15SE1UeWZyUU4wQ25CblA0bEdtdWxOa3MwY0l3UC1MckFDbGs4?oc=5
2024-01-26,TSLA,Tesla,Tesla’s stock hasn’t fallen enough — this analyst sees a further 30% downside - MarketWatch,"EN
Sign in
Before you continue to Google
We use cookies and data to
Deliver and maintain Google services
Track outages and protect against spam, fraud, and abuse
Measure audience engagement and site statistics to understand how our services are used and enhance the quality of those services
If you choose to “Accept all,” we will also use cookies and data to
Develop and improve new services
Deliver and measure the effectiveness of ads
Show personalized content, depending on your settings
Show personalized ads, depending on your settings
If you choose to “Reject all,” we will not use cookies for these additional purposes.
Non-personalized content is influenced by things like the content you’re currently viewing, activity in your active Search session, and your location. Non-personalized ads are influenced by the content you’re currently viewing and your general location. Personalized content and ads can also include more relevant results, recommendations, and tailored ads based on past activity from this browser, like previous Google searches. We also use cookies and data to tailor the experience to be age-appropriate, if relevant.
Select “More options” to see additional information, including details about managing your privacy settings. You can also visit g.co/privacytools at any time.
Reject all
Accept all
More options
Privacy Policy
Terms of Service",https://news.google.com/rss/articles/CBMiswFBVV95cUxPeDVfZEsya2lCWTNoNjdlMnViSFFKMlpmTVR2eFFPUDlTRmVmX0dYTGk2RHVWeDQ2dmZPSTgyS2pSZUtISVpud0QzeFZGZzNsRDd2aEpuVTd4a0I1ckxqVFFLLWVfNnoxT01HMHdMYXVWeG9MT1RVS0ZOZ3ZMcUtreUwxTlY1NzcyNWVVUXgxcmgyQ1ljeHBUeEI1aU5UUV9aQWk4RVNIR0tmVWNVN0t1YVlkOA?oc=5
2024-01-06,TSLA,Tesla,Short sellers lost more money betting against Tesla than any other company last year - CNN,"EN
Sign in
Before you continue to Google
We use cookies and data to
Deliver and maintain Google services
Track outages and protect against spam, fraud, and abuse
Measure audience engagement and site statistics to understand how our services are used and enhance the quality of those services
If you choose to “Accept all,” we will also use cookies and data to
Develop and improve new services
Deliver and measure the effectiveness of ads
Show personalized content, depending on your settings
Show personalized ads, depending on your settings
If you choose to “Reject all,” we will not use cookies for these additional purposes.
Non-personalized content is influenced by things like the content you’re currently viewing, activity in your active Search session, and your location. Non-personalized ads are influenced by the content you’re currently viewing and your general location. Personalized content and ads can also include more relevant results, recommendations, and tailored ads based on past activity from this browser, like previous Google searches. We also use cookies and data to tailor the experience to be age-appropriate, if relevant.
Select “More options” to see additional information, including details about managing your privacy settings. You can also visit g.co/privacytools at any time.
Reject all
Accept all
More options
Privacy Policy
Terms of Service",https://news.google.com/rss/articles/CBMigwFBVV95cUxOYVdsbk1pZDdJa0FzNjBoTE5CbmgtY3VlYkpJTHBzRlVmVWdzdzlVMEpteEhadXFINFhqZDAxRmZCeE1rd2h5RXpvQXRyeXh1RWY2c0k2LUNxejhBbGFnV2hlZ21QNjIyYWJVVXNlMFlCTU1PRXl2eXlvUnlEUHVKRFVsNNIBekFVX3lxTE1PdHAxckhVQ0R5WkRLMVFKaHI0SWJEdHZlbHl6QkhmYmcyNG1WU3hUeWRrT1hjZXAtNHFGMGtvaGhWVUswUEYzR19wNWVKRmlSczVRM3JhRFh3N1Npa3RaWUkyblVNR1F2MjVzdmF5ZV9POFN6aFdyb3d3?oc=5
2024-01-16,TSLA,Tesla,"Tesla Stock Edges Higher After Elon Musk's Comments on Ownership, AI - WSJ","EN
Sign in
Before you continue to Google
We use cookies and data to
Deliver and maintain Google services
Track outages and protect against spam, fraud, and abuse
Measure audience engagement and site statistics to understand how our services are used and enhance the quality of those services
If you choose to “Accept all,” we will also use cookies and data to
Develop and improve new services
Deliver and measure the effectiveness of ads
Show personalized content, depending on your settings
Show personalized ads, depending on your settings
If you choose to “Reject all,” we will not use cookies for these additional purposes.
Non-personalized content is influenced by things like the content you’re currently viewing, activity in your active Search session, and your location. Non-personalized ads are influenced by the content you’re currently viewing and your general location. Personalized content and ads can also include more relevant results, recommendations, and tailored ads based on past activity from this browser, like previous Google searches. We also use cookies and data to tailor the experience to be age-appropriate, if relevant.
Select “More options” to see additional information, including details about managing your privacy settings. You can also visit g.co/privacytools at any time.
Reject all
Accept all
More options
Privacy Policy
Terms of Service",https://news.google.com/rss/articles/CBMiiAJBVV95cUxNVzhPX0MyNXplUkdXSzd5RHdGOUp1eTdKRlNUMkFqaGRfUGlhUk1sR3VwQVFqUl9OWUd4el9CSFlQTXhzbjU1VmREbmx3WXJwUWE1cUxUTm5hZEI4a0ZtWmg3elhnaFJEcDRBMTlGUU1VZHFIQjVZTXpxUEFvU2JxODlWeVdUeWN3TUd2YWlVYzRPR04xMFhvbGRaM201dW1VVnpsNjBMNWoxRTE1WUhobms2RVp2WEQ5cTFSVkdUZGwtR2pvSTdZYTlrTUlzcC1OeVFiaHFXN01EWkxtc3VyclN6S1dKZDZoMjl3UGZ0eFk3bl9TX3V1a3U5ZVA5SnNJYVAtZFE1dW0?oc=5
2024-01-25,TSLA,Tesla,Tesla Tumbles as Growth Slows (Published 2024) - The New York Times,"EN
Sign in
Before you continue to Google
We use cookies and data to
Deliver and maintain Google services
Track outages and protect against spam, fraud, and abuse
Measure audience engagement and site statistics to understand how our services are used and enhance the quality of those services
If you choose to “Accept all,” we will also use cookies and data to
Develop and improve new services
Deliver and measure the effectiveness of ads
Show personalized content, depending on your settings
Show personalized ads, depending on your settings
If you choose to “Reject all,” we will not use cookies for these additional purposes.
Non-personalized content is influenced by things like the content you’re currently viewing, activity in your active Search session, and your location. Non-personalized ads are influenced by the content you’re currently viewing and your general location. Personalized content and ads can also include more relevant results, recommendations, and tailored ads based on past activity from this browser, like previous Google searches. We also use cookies and data to tailor the experience to be age-appropriate, if relevant.
Select “More options” to see additional information, including details about managing your privacy settings. You can also visit g.co/privacytools at any time.
Reject all
Accept all
More options
Privacy Policy
Terms of Service",https://news.google.com/rss/articles/CBMijgFBVV95cUxPQVQ0NjVhZHBXWjA0em92WXhHTmFHc1A3MTNBbTBucExkUlpiaFk3cWtUU2ViZXJvbGJ3M3gxS0l3RTFvMUg0YWxMNllyRWRwOG0yNFZqamk5cVJ6ZG16UlE5WmxCQjBJYnJ1SV84N1FhVHU1NkJXWHRETGlGYWNDak95QVd1MlJ0R3BpM3FR?oc=5
2024-01-18,TSLA,Tesla,Breakingviews - Elon Musk’s losing streak is heading for Tesla - Reuters,"EN
Sign in
Before you continue to Google
We use cookies and data to
Deliver and maintain Google services
Track outages and protect against spam, fraud, and abuse
Measure audience engagement and site statistics to understand how our services are used and enhance the quality of those services
If you choose to “Accept all,” we will also use cookies and data to
Develop and improve new services
Deliver and measure the effectiveness of ads
Show personalized content, depending on your settings
Show personalized ads, depending on your settings
If you choose to “Reject all,” we will not use cookies for these additional purposes.
Non-personalized content is influenced by things like the content you’re currently viewing, activity in your active Search session, and your location. Non-personalized ads are influenced by the content you’re currently viewing and your general location. Personalized content and ads can also include more relevant results, recommendations, and tailored ads based on past activity from this browser, like previous Google searches. We also use cookies and data to tailor the experience to be age-appropriate, if relevant.
Select “More options” to see additional information, including details about managing your privacy settings. You can also visit g.co/privacytools at any time.
Reject all
Accept all
More options
Privacy Policy
Terms of Service",https://news.google.com/rss/articles/CBMilgFBVV95cUxPVnVYS0lNc28xdm5fanphUEVqRXZUZ0FHNTdUS19xVVhRTjlqZU9Wa1RBQXd1MjRIZ3JZTWZZT0cyODFoN1BmZ0xId29TWUl2UlBXVmdFMjN4RTFaY1Awb2wxeGZmTDltMFJaUjZrQlAtQUZidUloOXB0NElBSlQ2aTg1SmNQaU9XVkduYnJLU1ROd1lkVlE?oc=5
2024-01-25,TSLA,Tesla,Tesla Earnings: Stock Drops; Report Falls Short; EV Maker Warns of 'Notably' Slower Growth - Barron's,"EN
Sign in
Before you continue to Google
We use cookies and data to
Deliver and maintain Google services
Track outages and protect against spam, fraud, and abuse
Measure audience engagement and site statistics to understand how our services are used and enhance the quality of those services
If you choose to “Accept all,” we will also use cookies and data to
Develop and improve new services
Deliver and measure the effectiveness of ads
Show personalized content, depending on your settings
Show personalized ads, depending on your settings
If you choose to “Reject all,” we will not use cookies for these additional purposes.
Non-personalized content is influenced by things like the content you’re currently viewing, activity in your active Search session, and your location. Non-personalized ads are influenced by the content you’re currently viewing and your general location. Personalized content and ads can also include more relevant results, recommendations, and tailored ads based on past activity from this browser, like previous Google searches. We also use cookies and data to tailor the experience to be age-appropriate, if relevant.
Select “More options” to see additional information, including details about managing your privacy settings. You can also visit g.co/privacytools at any time.
Reject all
Accept all
More options
Privacy Policy
Terms of Service",https://news.google.com/rss/articles/CBMifkFVX3lxTE43NGdpUlpTaGhSQ3JvdFhaTnJBejB4WXA0U290SkpEVWtFU0xaNjlHa01OcXFUdGhNSUo0RFFfVlh3cDR6b0xXbmxpQUlIMmFTaHRlcThkNm1SbWFfeUNLLWpEMm1WUjMwN0k1NGIyM3g4d0FGekYzRGU5S0MwQQ?oc=5
2024-01-17,TSLA,Tesla,Elon Musk’s Tesla Ultimatum Makes No Sense - Bloomberg.com,"EN
Sign in
Before you continue to Google
We use cookies and data to
Deliver and maintain Google services
Track outages and protect against spam, fraud, and abuse
Measure audience engagement and site statistics to understand how our services are used and enhance the quality of those services
If you choose to “Accept all,” we will also use cookies and data to
Develop and improve new services
Deliver and measure the effectiveness of ads
Show personalized content, depending on your settings
Show personalized ads, depending on your settings
If you choose to “Reject all,” we will not use cookies for these additional purposes.
Non-personalized content is influenced by things like the content you’re currently viewing, activity in your active Search session, and your location. Non-personalized ads are influenced by the content you’re currently viewing and your general location. Personalized content and ads can also include more relevant results, recommendations, and tailored ads based on past activity from this browser, like previous Google searches. We also use cookies and data to tailor the experience to be age-appropriate, if relevant.
Select “More options” to see additional information, including details about managing your privacy settings. You can also visit g.co/privacytools at any time.
Reject all
Accept all
More options
Privacy Policy
Terms of Service",https://news.google.com/rss/articles/CBMiqgFBVV95cUxNck9zZXU5Y2hhQi1Td1V5M2tWbTdWYzNycV9aZUc4a2VKd0w5NkNwWVZfWnA2WVdfOFVPanppM3RrN0xqTkpYLU1YRjZ2R3Nib1ZnYnhSVXVMUHVTNXJDTjNPRlZsNmJMVVRNUklpR2k1SndIM1dISDdhcmdSb1RmNF8xWEN1bUxRRGJqRHV6LTNJRV82RmxaTXI2eWVya28yT1c2MGJtYjNEQQ?oc=5
2024-01-26,TSLA,Tesla,Tesla Stock Drop Reveals Cracks in Musk’s Fantasyland - Barron's,"EN
Sign in
Before you continue to Google
We use cookies and data to
Deliver and maintain Google services
Track outages and protect against spam, fraud, and abuse
Measure audience engagement and site statistics to understand how our services are used and enhance the quality of those services
If you choose to “Accept all,” we will also use cookies and data to
Develop and improve new services
Deliver and measure the effectiveness of ads
Show personalized content, depending on your settings
Show personalized ads, depending on your settings
If you choose to “Reject all,” we will not use cookies for these additional purposes.
Non-personalized content is influenced by things like the content you’re currently viewing, activity in your active Search session, and your location. Non-personalized ads are influenced by the content you’re currently viewing and your general location. Personalized content and ads can also include more relevant results, recommendations, and tailored ads based on past activity from this browser, like previous Google searches. We also use cookies and data to tailor the experience to be age-appropriate, if relevant.
Select “More options” to see additional information, including details about managing your privacy settings. You can also visit g.co/privacytools at any time.
Reject all
Accept all
More options
Privacy Policy
Terms of Service",https://news.google.com/rss/articles/CBMifkFVX3lxTE4wNU41UzJ4Z2F3ekRlaHdrTk1xMGZxcG9majRVdnk5XzlSOVNIdUxJdHpObkd1RjNiaXFLSDlER2p6T3k3TjgyeUx2V1ZxMDlIU2pLMnNYN0R0bFFwYmpVNXc4bDlUVUxKdW1aRGRBb3liTVRrYVBJUTZGdlVrdw?oc=5
2024-01-31,TSLA,Tesla,"After Earnings, Is Tesla Stock a Buy, a Sell, or Fairly Valued? - Morningstar","EN
Sign in
Before you continue to Google
We use cookies and data to
Deliver and maintain Google services
Track outages and protect against spam, fraud, and abuse
Measure audience engagement and site statistics to understand how our services are used and enhance the quality of those services
If you choose to “Accept all,” we will also use cookies and data to
Develop and improve new services
Deliver and measure the effectiveness of ads
Show personalized content, depending on your settings
Show personalized ads, depending on your settings
If you choose to “Reject all,” we will not use cookies for these additional purposes.
Non-personalized content is influenced by things like the content you’re currently viewing, activity in your active Search session, and your location. Non-personalized ads are influenced by the content you’re currently viewing and your general location. Personalized content and ads can also include more relevant results, recommendations, and tailored ads based on past activity from this browser, like previous Google searches. We also use cookies and data to tailor the experience to be age-appropriate, if relevant.
Select “More options” to see additional information, including details about managing your privacy settings. You can also visit g.co/privacytools at any time.
Reject all
Accept all
More options
Privacy Policy
Terms of Service",https://news.google.com/rss/articles/CBMilwFBVV95cUxPNnFzUGJMMUpvaG5vLWpLeHJmbU9nWWEzekpMaWpPcjh0dGJUeERRWG85V3ZrSGVSUkRvRXVKb2lMTmRfY2Z0cjcyOERIT25WTC1NLW1HQnJEQWVEWEFIVThUYW9BQWdhMVFwWlFUTEhLc0g5elJtcTJjeFBUcDFmT3ZaYnlfU3pCSWRoNEhyaUV2c1ROM0RZ?oc=5
2024-02-05,TSLA,Tesla,Tesla stock drops as investors scrutinize board’s close personal ties to Elon Musk - CNN,"EN
Sign in
Before you continue to Google
We use cookies and data to
Deliver and maintain Google services
Track outages and protect against spam, fraud, and abuse
Measure audience engagement and site statistics to understand how our services are used and enhance the quality of those services
If you choose to “Accept all,” we will also use cookies and data to
Develop and improve new services
Deliver and measure the effectiveness of ads
Show personalized content, depending on your settings
Show personalized ads, depending on your settings
If you choose to “Reject all,” we will not use cookies for these additional purposes.
Non-personalized content is influenced by things like the content you’re currently viewing, activity in your active Search session, and your location. Non-personalized ads are influenced by the content you’re currently viewing and your general location. Personalized content and ads can also include more relevant results, recommendations, and tailored ads based on past activity from this browser, like previous Google searches. We also use cookies and data to tailor the experience to be age-appropriate, if relevant.
Select “More options” to see additional information, including details about managing your privacy settings. You can also visit g.co/privacytools at any time.
Reject all
Accept all
More options
Privacy Policy
Terms of Service",https://news.google.com/rss/articles/CBMiigFBVV95cUxNNHFjaFlZaW9mUloyN1l4YVU4am5HX3JnbEVEdmRaYmlOLTlwaFp1ci1pVnNZM1U5dWdGOWFZZzY3cG9iRWtSS2I3N1dseGhMQVNKVkFHaW00TlpydDFlUGdqb0F6OERNQlNYRm9uV1BJOGdaNXpNNFhOVVdaQUNqaGJqWlFTQVJ1Z2fSAXtBVV95cUxPME9BY0NQMXVLQWQzbEVsb3hydWlZenhXVWFOODZaRHFGUUl6b3pkVHZFV2xqM25sUVpxdmJKNENDZkxRRklGZ202M1NYV2l4R0JhdXJ1TERtamhjbFFpeDRLYkJDdXpLcGQ0MUIteUFmRkxPUEZhSzFlbUE?oc=5
2024-01-31,TSLA,Tesla,"Why Tesla stock has been on a wild, wild ride - Yahoo Finance","EN
Sign in
Before you continue to Google
We use cookies and data to
Deliver and maintain Google services
Track outages and protect against spam, fraud, and abuse
Measure audience engagement and site statistics to understand how our services are used and enhance the quality of those services
If you choose to “Accept all,” we will also use cookies and data to
Develop and improve new services
Deliver and measure the effectiveness of ads
Show personalized content, depending on your settings
Show personalized ads, depending on your settings
If you choose to “Reject all,” we will not use cookies for these additional purposes.
Non-personalized content is influenced by things like the content you’re currently viewing, activity in your active Search session, and your location. Non-personalized ads are influenced by the content you’re currently viewing and your general location. Personalized content and ads can also include more relevant results, recommendations, and tailored ads based on past activity from this browser, like previous Google searches. We also use cookies and data to tailor the experience to be age-appropriate, if relevant.
Select “More options” to see additional information, including details about managing your privacy settings. You can also visit g.co/privacytools at any time.
Reject all
Accept all
More options
Privacy Policy
Terms of Service",https://news.google.com/rss/articles/CBMilAFBVV95cUxNcjBqd3F5LW5XQ21kTjhDY20tWWF3T3lXbl9tVGNpOXVmQzVIN1FWbU0waWNYWnJieFZVZEcxQlJ3Sy01UjhWVVNJSEdGTXdFc1h4T2xVam03djNfU2IwaV9vMC10c2hoU2pkM0h4LVFtSkhrSlNTSmQ5cTZQRmtPcVdrR0lIZmY4NzF0NWV3MHVFQVpM?oc=5
2024-03-01,TSLA,Tesla,Lawyers in Musk pay case seek fee of $6 billion in Tesla stock - NBC News,"EN
Sign in
Before you continue to Google
We use cookies and data to
Deliver and maintain Google services
Track outages and protect against spam, fraud, and abuse
Measure audience engagement and site statistics to understand how our services are used and enhance the quality of those services
If you choose to “Accept all,” we will also use cookies and data to
Develop and improve new services
Deliver and measure the effectiveness of ads
Show personalized content, depending on your settings
Show personalized ads, depending on your settings
If you choose to “Reject all,” we will not use cookies for these additional purposes.
Non-personalized content is influenced by things like the content you’re currently viewing, activity in your active Search session, and your location. Non-personalized ads are influenced by the content you’re currently viewing and your general location. Personalized content and ads can also include more relevant results, recommendations, and tailored ads based on past activity from this browser, like previous Google searches. We also use cookies and data to tailor the experience to be age-appropriate, if relevant.
Select “More options” to see additional information, including details about managing your privacy settings. You can also visit g.co/privacytools at any time.
Reject all
Accept all
More options
Privacy Policy
Terms of Service",https://news.google.com/rss/articles/CBMipgFBVV95cUxPYm5jVzM1V3YybHIwS2h1ZS1KMlU2TlNkWHBLdExfUHVCelBOdFM0M0VnY3ZRSWNIREtweUJENzV2c0ZyRGlBZDZVLXBXR3ZoNXF4ZmtpUDR0cWk1czNfdFZZSEFvU3A5UEVvR1BlempMV01YOHVXSk1tZTFCY1d2Nl9hNGE0Tmk0WVpYN1VNZmp3OFF5eXNJV2tQX09MTWFDMkpxSGZR0gFWQVVfeXFMTlRLNThfaDlmUGpvMUthbHlVSXZwa1gtZjFraWlwZm44cUlBOUF3Y05ycXBBT0JnczV0MDctS0xPckdJd2VLOW1nR1dtbHdabDZHY01OLUE?oc=5
2024-01-31,TSLA,Tesla,"Tesla Stock Is Falling. Sell It Now, Says Analyst. - Barron's","EN
Sign in
Before you continue to Google
We use cookies and data to
Deliver and maintain Google services
Track outages and protect against spam, fraud, and abuse
Measure audience engagement and site statistics to understand how our services are used and enhance the quality of those services
If you choose to “Accept all,” we will also use cookies and data to
Develop and improve new services
Deliver and measure the effectiveness of ads
Show personalized content, depending on your settings
Show personalized ads, depending on your settings
If you choose to “Reject all,” we will not use cookies for these additional purposes.
Non-personalized content is influenced by things like the content you’re currently viewing, activity in your active Search session, and your location. Non-personalized ads are influenced by the content you’re currently viewing and your general location. Personalized content and ads can also include more relevant results, recommendations, and tailored ads based on past activity from this browser, like previous Google searches. We also use cookies and data to tailor the experience to be age-appropriate, if relevant.
Select “More options” to see additional information, including details about managing your privacy settings. You can also visit g.co/privacytools at any time.
Reject all
Accept all
More options
Privacy Policy
Terms of Service",https://news.google.com/rss/articles/CBMickFVX3lxTFBtbFRMNjRqVi0xNjUwZlJvV3hXN2pCN1YyWUFQby1LajFBMTVXTnFNenAtb2pfcGtnXzVVMG1oZ0c3ZElFMi1pYU8zZ3hLM2RqZDZRWFFjOV9jeXBwbEVNZ0EyU0E2U29FdkxRZGFEbzJNZw?oc=5
2024-02-01,TSLA,Tesla,Tesla Stock Heads For 'Death Cross' - WSJ,"EN
Sign in
Before you continue to Google
We use cookies and data to
Deliver and maintain Google services
Track outages and protect against spam, fraud, and abuse
Measure audience engagement and site statistics to understand how our services are used and enhance the quality of those services
If you choose to “Accept all,” we will also use cookies and data to
Develop and improve new services
Deliver and measure the effectiveness of ads
Show personalized content, depending on your settings
Show personalized ads, depending on your settings
If you choose to “Reject all,” we will not use cookies for these additional purposes.
Non-personalized content is influenced by things like the content you’re currently viewing, activity in your active Search session, and your location. Non-personalized ads are influenced by the content you’re currently viewing and your general location. Personalized content and ads can also include more relevant results, recommendations, and tailored ads based on past activity from this browser, like previous Google searches. We also use cookies and data to tailor the experience to be age-appropriate, if relevant.
Select “More options” to see additional information, including details about managing your privacy settings. You can also visit g.co/privacytools at any time.
Reject all
Accept all
More options
Privacy Policy
Terms of Service",https://news.google.com/rss/articles/CBMi2gFBVV95cUxNTDEyaEpWSDktb0Vwc1pNa3dUcl9XQkxPR1hacWFYZG51NGdjNHpfV2p0NWlxTmxsa1FERXJRWThYQU5JaEEwcHRveFBLbHpTSFdTbmkyNDloYS16T0RNWmhUa05GWUc1aVZocjJud0NiX3pZZU1HbklNSDR2Q2U2amFGeUFlTlpzSVdzZUdERV9SbUE3am5TQjBqYWJub3hnR1FnRzhkekJtd3lXTHBvcDFIcjZLMkVEQ3VIZUZTYUQ5RzZhenNLNjBJUThnYmJGcVpyY0dUQ3EyUQ?oc=5
2024-02-04,TSLA,Tesla,Analyst who correctly warned Tesla stock could fall unveils new target - TheStreet,"EN
Sign in
Before you continue to Google
We use cookies and data to
Deliver and maintain Google services
Track outages and protect against spam, fraud, and abuse
Measure audience engagement and site statistics to understand how our services are used and enhance the quality of those services
If you choose to “Accept all,” we will also use cookies and data to
Develop and improve new services
Deliver and measure the effectiveness of ads
Show personalized content, depending on your settings
Show personalized ads, depending on your settings
If you choose to “Reject all,” we will not use cookies for these additional purposes.
Non-personalized content is influenced by things like the content you’re currently viewing, activity in your active Search session, and your location. Non-personalized ads are influenced by the content you’re currently viewing and your general location. Personalized content and ads can also include more relevant results, recommendations, and tailored ads based on past activity from this browser, like previous Google searches. We also use cookies and data to tailor the experience to be age-appropriate, if relevant.
Select “More options” to see additional information, including details about managing your privacy settings. You can also visit g.co/privacytools at any time.
Reject all
Accept all
More options
Privacy Policy
Terms of Service",https://news.google.com/rss/articles/CBMiqwFBVV95cUxPWWNzSUFrQnlwQ3N2X3JUUGRkUy13dGlZS2Y2djIxY0Q3UWx4cVNvZVctWWVlVFA4WlM1RHBNS0dyVUdwdThBbmRPdG9SdEFQOGN4SDZHek11a1NWd2tpa3YyLVR5Qm5wbWxrM3BObmViTjBSaEcwT3drdVdLZWRjcVF6WGd2R29GZE1kb1NFMU94am5kMWZCRkFhUm1JMnNtT1p2b2ZUZjI0dUk?oc=5
2024-01-31,TSLA,Tesla,Judge voids Elon Musk's 'unfathomable' $56 billion Tesla pay package - Reuters,"EN
Sign in
Before you continue to Google
We use cookies and data to
Deliver and maintain Google services
Track outages and protect against spam, fraud, and abuse
Measure audience engagement and site statistics to understand how our services are used and enhance the quality of those services
If you choose to “Accept all,” we will also use cookies and data to
Develop and improve new services
Deliver and measure the effectiveness of ads
Show personalized content, depending on your settings
Show personalized ads, depending on your settings
If you choose to “Reject all,” we will not use cookies for these additional purposes.
Non-personalized content is influenced by things like the content you’re currently viewing, activity in your active Search session, and your location. Non-personalized ads are influenced by the content you’re currently viewing and your general location. Personalized content and ads can also include more relevant results, recommendations, and tailored ads based on past activity from this browser, like previous Google searches. We also use cookies and data to tailor the experience to be age-appropriate, if relevant.
Select “More options” to see additional information, including details about managing your privacy settings. You can also visit g.co/privacytools at any time.
Reject all
Accept all
More options
Privacy Policy
Terms of Service",https://news.google.com/rss/articles/CBMiqgFBVV95cUxQQkt4Q1NodV8xLUJ6djA3bFk3NFVYZHBna1lhYzRUX2kya3M3bm1XRnV0QlZ6QW50Nmh5NXZHekxJbWRGN3dpYkFUOEJmdzRtdFF2a3J4Ni1mYTItN0dNRGJfRk9FS3NqRkpEU2ViT29fd2RxTlZfOHAzajhKdW5PbGllQi1WWFBHa1N3YXYzbjFtM3Vpam5zeEFmYUtwQzBnX045NlJ5N3pRZw?oc=5
2024-02-05,TSLA,Tesla,Tesla Stock Sinks To 9-Month Low—Worst S&P 500 Performer—As Musk Controversies Leave ‘Black Cloud’ - Forbes,"EN
Sign in
Before you continue to Google
We use cookies and data to
Deliver and maintain Google services
Track outages and protect against spam, fraud, and abuse
Measure audience engagement and site statistics to understand how our services are used and enhance the quality of those services
If you choose to “Accept all,” we will also use cookies and data to
Develop and improve new services
Deliver and measure the effectiveness of ads
Show personalized content, depending on your settings
Show personalized ads, depending on your settings
If you choose to “Reject all,” we will not use cookies for these additional purposes.
Non-personalized content is influenced by things like the content you’re currently viewing, activity in your active Search session, and your location. Non-personalized ads are influenced by the content you’re currently viewing and your general location. Personalized content and ads can also include more relevant results, recommendations, and tailored ads based on past activity from this browser, like previous Google searches. We also use cookies and data to tailor the experience to be age-appropriate, if relevant.
Select “More options” to see additional information, including details about managing your privacy settings. You can also visit g.co/privacytools at any time.
Reject all
Accept all
More options
Privacy Policy
Terms of Service",https://news.google.com/rss/articles/CBMi3wFBVV95cUxNNFkyWWtRVktIN29rMzhUV296Nm1rYW10S19RTVg2YVB6YkZETFg5UjNvUkw4bFk3S0tqU2Y0anBteEJvNDNvM0MtZHdoRmQ2MDFCdm9rRFJMQnBUSVpzWWdJd1hxVjg4eFE5cFVQaktMRl9JT1J3eVlwejNscklmd3VvUlMzS2RWTWFJTDZpZGNlTEZYUW5RdWk0ZmVDbUlTUUN4MHR4Z3VUR082Yng1bXlYMnFSYjJkb2I1akhIVFdQUEdMWkctdS0zZE9nVnppbHFFRDNjUUdYTFhFcE93?oc=5
2024-02-11,TSLA,Tesla,Tesla’s Slide Has Investors Wondering If It’s Still Magnificent - Bloomberg.com,"EN
Sign in
Before you continue to Google
We use cookies and data to
Deliver and maintain Google services
Track outages and protect against spam, fraud, and abuse
Measure audience engagement and site statistics to understand how our services are used and enhance the quality of those services
If you choose to “Accept all,” we will also use cookies and data to
Develop and improve new services
Deliver and measure the effectiveness of ads
Show personalized content, depending on your settings
Show personalized ads, depending on your settings
If you choose to “Reject all,” we will not use cookies for these additional purposes.
Non-personalized content is influenced by things like the content you’re currently viewing, activity in your active Search session, and your location. Non-personalized ads are influenced by the content you’re currently viewing and your general location. Personalized content and ads can also include more relevant results, recommendations, and tailored ads based on past activity from this browser, like previous Google searches. We also use cookies and data to tailor the experience to be age-appropriate, if relevant.
Select “More options” to see additional information, including details about managing your privacy settings. You can also visit g.co/privacytools at any time.
Reject all
Accept all
More options
Privacy Policy
Terms of Service",https://news.google.com/rss/articles/CBMitgFBVV95cUxNY20tU3dEU3pITE9PbkVXVHEwOWI3amlCZzQ5MElxSUc4c1l0XzA2OGZyUGgyYVZTTVFjeUlCYUNoSjJFUExQNkdYOXNDUkNRT210UmNfTldfajVvZGdUVmJJbHpyUUtiVkJ2bFd0SkRqVHFyemFtVDc1cExFVG85REhtM1hUM0tnM3hsUnZrNUJ2R2xaUTFzY0FCNFhOa09KeTRNYWw4UHZMSk1oOXhNdS1WaFBsUQ?oc=5
2024-02-05,TSLA,Tesla,Tesla Stock Approaches 8-Month Low Amid Scrutiny of Directors' Ties to Musk - Investopedia,"EN
Sign in
Before you continue to Google
We use cookies and data to
Deliver and maintain Google services
Track outages and protect against spam, fraud, and abuse
Measure audience engagement and site statistics to understand how our services are used and enhance the quality of those services
If you choose to “Accept all,” we will also use cookies and data to
Develop and improve new services
Deliver and measure the effectiveness of ads
Show personalized content, depending on your settings
Show personalized ads, depending on your settings
If you choose to “Reject all,” we will not use cookies for these additional purposes.
Non-personalized content is influenced by things like the content you’re currently viewing, activity in your active Search session, and your location. Non-personalized ads are influenced by the content you’re currently viewing and your general location. Personalized content and ads can also include more relevant results, recommendations, and tailored ads based on past activity from this browser, like previous Google searches. We also use cookies and data to tailor the experience to be age-appropriate, if relevant.
Select “More options” to see additional information, including details about managing your privacy settings. You can also visit g.co/privacytools at any time.
Reject all
Accept all
More options
Privacy Policy
Terms of Service",https://news.google.com/rss/articles/CBMisAFBVV95cUxPZHpqS1g1Mzd1Y2c3LWZiblBOOEJKYU1JZmIydkRDajVHNFl5WDM4R3RaeG1yNlpXQmxoWGZMTmJCNElYTVBoN1Nld25DTEtMMHR1T0czUk1hb0ZibnRsUXdPUmFLZ3l4RmlKaVFEUENDTFdBc1VSWWY0TTlaWmJoaTdaWjZvWE9MRFFkRVRMVi0ySlBfUHNGTXJzVHNnU2RNS0h6bm1ESGdmNURDeWJadA?oc=5
2024-02-13,TSLA,Tesla,Tesla (TSLA) Stock: Another Reason to Buy The Pullback - Nasdaq,"EN
Sign in
Before you continue to Google
We use cookies and data to
Deliver and maintain Google services
Track outages and protect against spam, fraud, and abuse
Measure audience engagement and site statistics to understand how our services are used and enhance the quality of those services
If you choose to “Accept all,” we will also use cookies and data to
Develop and improve new services
Deliver and measure the effectiveness of ads
Show personalized content, depending on your settings
Show personalized ads, depending on your settings
If you choose to “Reject all,” we will not use cookies for these additional purposes.
Non-personalized content is influenced by things like the content you’re currently viewing, activity in your active Search session, and your location. Non-personalized ads are influenced by the content you’re currently viewing and your general location. Personalized content and ads can also include more relevant results, recommendations, and tailored ads based on past activity from this browser, like previous Google searches. We also use cookies and data to tailor the experience to be age-appropriate, if relevant.
Select “More options” to see additional information, including details about managing your privacy settings. You can also visit g.co/privacytools at any time.
Reject all
Accept all
More options
Privacy Policy
Terms of Service",https://news.google.com/rss/articles/CBMiiwFBVV95cUxPd0x0amIxaFNlR25yRFBSM3QxTUgyaHJhZmVDUVdHZ0NqdUVmWTRaeXFEN2hObEEwVDhQR3RKVkNId3ppeHVvMDVfU3hiaE5UOEFoUnE0ZzBuNzFXVGc3RUQ3cEdqS3N3UllTT1FpWlJ5SzlUZnF4X295enVMVG8xVlM2RXNiNXNYRWJF?oc=5
2024-02-05,TSLA,Tesla,Tesla Stock Is Falling. Here’s What’s Dragging It Down. - Barron's,"EN
Sign in
Before you continue to Google
We use cookies and data to
Deliver and maintain Google services
Track outages and protect against spam, fraud, and abuse
Measure audience engagement and site statistics to understand how our services are used and enhance the quality of those services
If you choose to “Accept all,” we will also use cookies and data to
Develop and improve new services
Deliver and measure the effectiveness of ads
Show personalized content, depending on your settings
Show personalized ads, depending on your settings
If you choose to “Reject all,” we will not use cookies for these additional purposes.
Non-personalized content is influenced by things like the content you’re currently viewing, activity in your active Search session, and your location. Non-personalized ads are influenced by the content you’re currently viewing and your general location. Personalized content and ads can also include more relevant results, recommendations, and tailored ads based on past activity from this browser, like previous Google searches. We also use cookies and data to tailor the experience to be age-appropriate, if relevant.
Select “More options” to see additional information, including details about managing your privacy settings. You can also visit g.co/privacytools at any time.
Reject all
Accept all
More options
Privacy Policy
Terms of Service",https://news.google.com/rss/articles/CBMic0FVX3lxTE93a3hXUUdFbHFSYmd1a2dlUFc5bkEzQWdvUUtaUWNhN1R0THd1dkRuWXhURnpvOTFvR0lQem4tZ1BUeXI1NVNBUzVkQXlvVFFfelFpSVh0cC1wc25oMC1LSkVJeWtGM3RCdjJna2RQeVJPVUk?oc=5
2024-02-15,TSLA,Tesla,Analyst weighs in on Tesla stock after short sellers pounce - TheStreet,"EN
Sign in
Before you continue to Google
We use cookies and data to
Deliver and maintain Google services
Track outages and protect against spam, fraud, and abuse
Measure audience engagement and site statistics to understand how our services are used and enhance the quality of those services
If you choose to “Accept all,” we will also use cookies and data to
Develop and improve new services
Deliver and measure the effectiveness of ads
Show personalized content, depending on your settings
Show personalized ads, depending on your settings
If you choose to “Reject all,” we will not use cookies for these additional purposes.
Non-personalized content is influenced by things like the content you’re currently viewing, activity in your active Search session, and your location. Non-personalized ads are influenced by the content you’re currently viewing and your general location. Personalized content and ads can also include more relevant results, recommendations, and tailored ads based on past activity from this browser, like previous Google searches. We also use cookies and data to tailor the experience to be age-appropriate, if relevant.
Select “More options” to see additional information, including details about managing your privacy settings. You can also visit g.co/privacytools at any time.
Reject all
Accept all
More options
Privacy Policy
Terms of Service",https://news.google.com/rss/articles/CBMilwFBVV95cUxOQkJ1SlZMelZUUFhKM2I5YzNXS1ZYMUtvNktaazlzNGllR0p5MW5TVTRfeFpWQ2E1VXBLaVR3VFJnVVI0MmFhQ1ROc3dnLU0yTHp2NlB5eVhURHRLMnczWm1RS0RyTmxvTjJUMVNMWDlwMS1BcVI4aGhqR0xPM3MtTFUtTTJJdF9McmlXOWN0c0d2SnNwelZF?oc=5
2024-02-21,TSLA,Tesla,Tesla Stock Has a Nvidia Risk - Barron's,"EN
Sign in
Before you continue to Google
We use cookies and data to
Deliver and maintain Google services
Track outages and protect against spam, fraud, and abuse
Measure audience engagement and site statistics to understand how our services are used and enhance the quality of those services
If you choose to “Accept all,” we will also use cookies and data to
Develop and improve new services
Deliver and measure the effectiveness of ads
Show personalized content, depending on your settings
Show personalized ads, depending on your settings
If you choose to “Reject all,” we will not use cookies for these additional purposes.
Non-personalized content is influenced by things like the content you’re currently viewing, activity in your active Search session, and your location. Non-personalized ads are influenced by the content you’re currently viewing and your general location. Personalized content and ads can also include more relevant results, recommendations, and tailored ads based on past activity from this browser, like previous Google searches. We also use cookies and data to tailor the experience to be age-appropriate, if relevant.
Select “More options” to see additional information, including details about managing your privacy settings. You can also visit g.co/privacytools at any time.
Reject all
Accept all
More options
Privacy Policy
Terms of Service",https://news.google.com/rss/articles/CBMifEFVX3lxTE5nNXlMenR3LXpWX211LTZPUGJDOGM0NlFIdnQ3bWMweVEyRzBXaS1ES2I4Y2kyR0VZTVlYUHdIOWlYQldzdnBLMHNnZDVKNnNMWmtmNFJFbEpBbWVKa3FRUERTN1BVTWl4VEYxT19FZlhoNlJBRGxmdlYzRWY?oc=5
2024-02-13,TSLA,Tesla,Tesla Stock Is Falling Again. Why the CPI Inflation Report Can Take Some Blame. - Barron's,"EN
Sign in
Before you continue to Google
We use cookies and data to
Deliver and maintain Google services
Track outages and protect against spam, fraud, and abuse
Measure audience engagement and site statistics to understand how our services are used and enhance the quality of those services
If you choose to “Accept all,” we will also use cookies and data to
Develop and improve new services
Deliver and measure the effectiveness of ads
Show personalized content, depending on your settings
Show personalized ads, depending on your settings
If you choose to “Reject all,” we will not use cookies for these additional purposes.
Non-personalized content is influenced by things like the content you’re currently viewing, activity in your active Search session, and your location. Non-personalized ads are influenced by the content you’re currently viewing and your general location. Personalized content and ads can also include more relevant results, recommendations, and tailored ads based on past activity from this browser, like previous Google searches. We also use cookies and data to tailor the experience to be age-appropriate, if relevant.
Select “More options” to see additional information, including details about managing your privacy settings. You can also visit g.co/privacytools at any time.
Reject all
Accept all
More options
Privacy Policy
Terms of Service",https://news.google.com/rss/articles/CBMic0FVX3lxTFBLR1hsSjZRcHhvdDlRdkd6ZmhKMndFZzBaZ2dPeDgwUWFteVlNTzBpWGQzdHFJQzBXbV9MM2lINzJ0SE50MFFRS0ttR1pJdzF3SWZydXZ3elRoOTFPMEJwdThEcTJrUXo0SF9vRkdURzVJNXc?oc=5
2024-02-14,TSLA,Tesla,Tesla Stock Is Down 26% in 2024. This Number Explains Why. - Barron's,"EN
Sign in
Before you continue to Google
We use cookies and data to
Deliver and maintain Google services
Track outages and protect against spam, fraud, and abuse
Measure audience engagement and site statistics to understand how our services are used and enhance the quality of those services
If you choose to “Accept all,” we will also use cookies and data to
Develop and improve new services
Deliver and measure the effectiveness of ads
Show personalized content, depending on your settings
Show personalized ads, depending on your settings
If you choose to “Reject all,” we will not use cookies for these additional purposes.
Non-personalized content is influenced by things like the content you’re currently viewing, activity in your active Search session, and your location. Non-personalized ads are influenced by the content you’re currently viewing and your general location. Personalized content and ads can also include more relevant results, recommendations, and tailored ads based on past activity from this browser, like previous Google searches. We also use cookies and data to tailor the experience to be age-appropriate, if relevant.
Select “More options” to see additional information, including details about managing your privacy settings. You can also visit g.co/privacytools at any time.
Reject all
Accept all
More options
Privacy Policy
Terms of Service",https://news.google.com/rss/articles/CBMifEFVX3lxTE9wZGdoMzE1RmsxdmlTVkhLRUxIZFB3NkNTV2kzYlBnSk0tR3pudGFJTlhzeU11WnFNbEQtcWZncXpXcDh0NHZmM1BLWk5YUE5zS1dzZ2poME43dkVEa1VHYzlSMzZnQmZTc1dId3g4ZUVXTU8zOGlfeFdaYVo?oc=5
2024-02-06,TSLA,Tesla,Tesla Stock Is Down Again. Downgrades and Rates Aren’t Helping. - Barron's,"EN
Sign in
Before you continue to Google
We use cookies and data to
Deliver and maintain Google services
Track outages and protect against spam, fraud, and abuse
Measure audience engagement and site statistics to understand how our services are used and enhance the quality of those services
If you choose to “Accept all,” we will also use cookies and data to
Develop and improve new services
Deliver and measure the effectiveness of ads
Show personalized content, depending on your settings
Show personalized ads, depending on your settings
If you choose to “Reject all,” we will not use cookies for these additional purposes.
Non-personalized content is influenced by things like the content you’re currently viewing, activity in your active Search session, and your location. Non-personalized ads are influenced by the content you’re currently viewing and your general location. Personalized content and ads can also include more relevant results, recommendations, and tailored ads based on past activity from this browser, like previous Google searches. We also use cookies and data to tailor the experience to be age-appropriate, if relevant.
Select “More options” to see additional information, including details about managing your privacy settings. You can also visit g.co/privacytools at any time.
Reject all
Accept all
More options
Privacy Policy
Terms of Service",https://news.google.com/rss/articles/CBMic0FVX3lxTE1nSHlFRi0zZUl3QWtnSXY1TXowVWRJUU53dXBhbUFldEhJdFlGWXBYaDRUNHhHRWVNZnhGbFpmMXluYXJ1Mm5RYzBZaGNEVDEyeFFBQkZDWnN5OHFtLTV1R2dwWmF2QmNfS3N0cmpUVzI5RzQ?oc=5
2024-02-27,TSLA,Tesla,Tesla Stock Rises. Can It Erase Its Post-Earnings Tumble? - Barron's,"EN
Sign in
Before you continue to Google
We use cookies and data to
Deliver and maintain Google services
Track outages and protect against spam, fraud, and abuse
Measure audience engagement and site statistics to understand how our services are used and enhance the quality of those services
If you choose to “Accept all,” we will also use cookies and data to
Develop and improve new services
Deliver and measure the effectiveness of ads
Show personalized content, depending on your settings
Show personalized ads, depending on your settings
If you choose to “Reject all,” we will not use cookies for these additional purposes.
Non-personalized content is influenced by things like the content you’re currently viewing, activity in your active Search session, and your location. Non-personalized ads are influenced by the content you’re currently viewing and your general location. Personalized content and ads can also include more relevant results, recommendations, and tailored ads based on past activity from this browser, like previous Google searches. We also use cookies and data to tailor the experience to be age-appropriate, if relevant.
Select “More options” to see additional information, including details about managing your privacy settings. You can also visit g.co/privacytools at any time.
Reject all
Accept all
More options
Privacy Policy
Terms of Service",https://news.google.com/rss/articles/CBMic0FVX3lxTE1WSUNJckprd2g2eXp5SkxoNWZpS2hkUnB6WnpQYnpuMVY4THBPOGx5RlBwM2ZoVHVUbkh1LTc3RXBpYlBaNGE5MlgwcGZXTWM4T3I5d3pwTWI5YjVaNVR2djZUYmpsTlhPQVNjLTNHTl93VGM?oc=5
2024-02-02,TSLA,Tesla,Tesla Stock Just Made A Death Cross As Market Sentiments Shift - Nasdaq,"EN
Sign in
Before you continue to Google
We use cookies and data to
Deliver and maintain Google services
Track outages and protect against spam, fraud, and abuse
Measure audience engagement and site statistics to understand how our services are used and enhance the quality of those services
If you choose to “Accept all,” we will also use cookies and data to
Develop and improve new services
Deliver and measure the effectiveness of ads
Show personalized content, depending on your settings
Show personalized ads, depending on your settings
If you choose to “Reject all,” we will not use cookies for these additional purposes.
Non-personalized content is influenced by things like the content you’re currently viewing, activity in your active Search session, and your location. Non-personalized ads are influenced by the content you’re currently viewing and your general location. Personalized content and ads can also include more relevant results, recommendations, and tailored ads based on past activity from this browser, like previous Google searches. We also use cookies and data to tailor the experience to be age-appropriate, if relevant.
Select “More options” to see additional information, including details about managing your privacy settings. You can also visit g.co/privacytools at any time.
Reject all
Accept all
More options
Privacy Policy
Terms of Service",https://news.google.com/rss/articles/CBMimgFBVV95cUxOaXhxQjNEMlZDRVF4SC1qSkMwbW1PR2c1ZUZiVkV4SVF5bXp6NU1ac3A4ZGNpUFVGNFpmeFlOcXlPZ3E0Wk5UbkFhcUFDSGs0X2Y1M05nd2ZTS1VCTXEwM2REeUVxRjYtVW9CY0otakJJYUJlMWtDdlRLSmUzdC11dWR4dE1OVERiR0NweGZtMEdZU0s1RHRtRjB3?oc=5
2024-03-14,TSLA,Tesla,Tesla is the worst performing stock in the S&P 500. Analysts say it has further to fall - CNN,"EN
Sign in
Before you continue to Google
We use cookies and data to
Deliver and maintain Google services
Track outages and protect against spam, fraud, and abuse
Measure audience engagement and site statistics to understand how our services are used and enhance the quality of those services
If you choose to “Accept all,” we will also use cookies and data to
Develop and improve new services
Deliver and measure the effectiveness of ads
Show personalized content, depending on your settings
Show personalized ads, depending on your settings
If you choose to “Reject all,” we will not use cookies for these additional purposes.
Non-personalized content is influenced by things like the content you’re currently viewing, activity in your active Search session, and your location. Non-personalized ads are influenced by the content you’re currently viewing and your general location. Personalized content and ads can also include more relevant results, recommendations, and tailored ads based on past activity from this browser, like previous Google searches. We also use cookies and data to tailor the experience to be age-appropriate, if relevant.
Select “More options” to see additional information, including details about managing your privacy settings. You can also visit g.co/privacytools at any time.
Reject all
Accept all
More options
Privacy Policy
Terms of Service",https://news.google.com/rss/articles/CBMihwFBVV95cUxQVkxBaTBoNkxTOXJEcHpmS2hHMmM3X0RDQ3NqTXRlazF1cjA0TG9vOE9KOGNxX3NvSUQ0OWVvLTk3VDdiT1oteUlqT3ZSVXFJOXNncXlScEVldnQxQVFMRzQtbDFTXzBndmlBMGhRM2RpV1lycE1wRHpCQWRHT01mdXVOQkpaY0XSAX5BVV95cUxQaUlGWkJCMGNIelg3ODNyLVc0THJVZXlwTVJFNlNFLXFIMHFncTZuM0xvdjRfZjI3aEs1a0ZSbDFPbi1RQzVQTmpoSWVsU0xBN1hYTUJ4QjJrZ014TkV1TlpuaUxYc0hsTmEtX2xJVzNVdkl2U09jS1pWMC1jUWc?oc=5
2024-03-14,TSLA,Tesla,Tesla Stock Extends Losses For Third Day Over Growth Concerns—Key Level to Watch - Investopedia,"EN
Sign in
Before you continue to Google
We use cookies and data to
Deliver and maintain Google services
Track outages and protect against spam, fraud, and abuse
Measure audience engagement and site statistics to understand how our services are used and enhance the quality of those services
If you choose to “Accept all,” we will also use cookies and data to
Develop and improve new services
Deliver and measure the effectiveness of ads
Show personalized content, depending on your settings
Show personalized ads, depending on your settings
If you choose to “Reject all,” we will not use cookies for these additional purposes.
Non-personalized content is influenced by things like the content you’re currently viewing, activity in your active Search session, and your location. Non-personalized ads are influenced by the content you’re currently viewing and your general location. Personalized content and ads can also include more relevant results, recommendations, and tailored ads based on past activity from this browser, like previous Google searches. We also use cookies and data to tailor the experience to be age-appropriate, if relevant.
Select “More options” to see additional information, including details about managing your privacy settings. You can also visit g.co/privacytools at any time.
Reject all
Accept all
More options
Privacy Policy
Terms of Service",https://news.google.com/rss/articles/CBMipAFBVV95cUxQWGxPLUZnRXM4djhyZmdEbGFncE02S2pka2tqTE1OVEJJZWlNMFdjRG1CUjJGUnVRN3VVektBWEVtZlcyd0FiY1lxamRjTms2QkpFT2J4aElNQW94dmFteGhvZ0JFQzlEMTBVekphX3IzRDE2aWN4dWV6VEMybEFQRWRqbG9kYkQwaUNXUi1HR0xXckpFT3BUSk9hcV9yc3Y5S0tkRg?oc=5
2024-03-19,TSLA,Tesla,Tesla Stock Is Falling. CEO Elon Musk Gives Interview on His X Platform. - Barron's,"EN
Sign in
Before you continue to Google
We use cookies and data to
Deliver and maintain Google services
Track outages and protect against spam, fraud, and abuse
Measure audience engagement and site statistics to understand how our services are used and enhance the quality of those services
If you choose to “Accept all,” we will also use cookies and data to
Develop and improve new services
Deliver and measure the effectiveness of ads
Show personalized content, depending on your settings
Show personalized ads, depending on your settings
If you choose to “Reject all,” we will not use cookies for these additional purposes.
Non-personalized content is influenced by things like the content you’re currently viewing, activity in your active Search session, and your location. Non-personalized ads are influenced by the content you’re currently viewing and your general location. Personalized content and ads can also include more relevant results, recommendations, and tailored ads based on past activity from this browser, like previous Google searches. We also use cookies and data to tailor the experience to be age-appropriate, if relevant.
Select “More options” to see additional information, including details about managing your privacy settings. You can also visit g.co/privacytools at any time.
Reject all
Accept all
More options
Privacy Policy
Terms of Service",https://news.google.com/rss/articles/CBMic0FVX3lxTFBxV1k0QjVIZ21Zc2Vmd3UtQ21CalNLdFBJLXlUTmNfRVZSbnU4Tnlqc2d2T3FMektld0I5TmpLYlJWSVVTczlpXzJGY19QckFlMy1EVzAzeVFCLU40R05yNElGU0JvTVBJZlg0aG03bjE2NFk?oc=5
2024-03-29,TSLA,Tesla,Tesla’s awful quarter has Wall Street on edge ahead of delivery numbers - CNBC,"EN
Sign in
Before you continue to Google
We use cookies and data to
Deliver and maintain Google services
Track outages and protect against spam, fraud, and abuse
Measure audience engagement and site statistics to understand how our services are used and enhance the quality of those services
If you choose to “Accept all,” we will also use cookies and data to
Develop and improve new services
Deliver and measure the effectiveness of ads
Show personalized content, depending on your settings
Show personalized ads, depending on your settings
If you choose to “Reject all,” we will not use cookies for these additional purposes.
Non-personalized content is influenced by things like the content you’re currently viewing, activity in your active Search session, and your location. Non-personalized ads are influenced by the content you’re currently viewing and your general location. Personalized content and ads can also include more relevant results, recommendations, and tailored ads based on past activity from this browser, like previous Google searches. We also use cookies and data to tailor the experience to be age-appropriate, if relevant.
Select “More options” to see additional information, including details about managing your privacy settings. You can also visit g.co/privacytools at any time.
Reject all
Accept all
More options
Privacy Policy
Terms of Service",https://news.google.com/rss/articles/CBMiqwFBVV95cUxOTXVnU2xHTzNWNndNa0dwNWtleTd2TTY3ZTR6NXc1MnVvcjRUY3dmSVZVa0R4ZWtkSWNTMzRyaWt2b2JwRldKaVRFNmwyWFIxMEJ1SDJOWm1iRzNGbld0YVVCVlV3THNWY2xicTh4azR6Z3Z1ZGh6aTlHQmM5ZUduQkprNjFSeWdlWHI5NHVrdENOWF91aVFHdWYtZ0NzOWxYTjd5VWx5bU5wNW_SAbABQVVfeXFMT1U2U0xWMEtFU1FkU1NsSGRQOThIT3lzLW9YQ19nQi1kNUpKdnR0SHRKQkdnaEZ6ZEVuZ2haQnA5OEw2Nmh1M3ZtbWE4OTNIYmhhRjZ5U0pSN2MwdW1Fd3pDa19KNVRyLWtuSkt1X3VhYkg4dGdBTTVvb1Y3M19RSVgxYmVxZTNFNFpQVWw5N2o3V21hbW1zNWhXWUVIek95ZkFBdVlRX2VaNl9BV3pVSFQ?oc=5
2024-03-04,TSLA,Tesla,"Tesla stock tumbles 7% as shipments slump, new price cuts announced in China - Yahoo Finance","EN
Sign in
Before you continue to Google
We use cookies and data to
Deliver and maintain Google services
Track outages and protect against spam, fraud, and abuse
Measure audience engagement and site statistics to understand how our services are used and enhance the quality of those services
If you choose to “Accept all,” we will also use cookies and data to
Develop and improve new services
Deliver and measure the effectiveness of ads
Show personalized content, depending on your settings
Show personalized ads, depending on your settings
If you choose to “Reject all,” we will not use cookies for these additional purposes.
Non-personalized content is influenced by things like the content you’re currently viewing, activity in your active Search session, and your location. Non-personalized ads are influenced by the content you’re currently viewing and your general location. Personalized content and ads can also include more relevant results, recommendations, and tailored ads based on past activity from this browser, like previous Google searches. We also use cookies and data to tailor the experience to be age-appropriate, if relevant.
Select “More options” to see additional information, including details about managing your privacy settings. You can also visit g.co/privacytools at any time.
Reject all
Accept all
More options
Privacy Policy
Terms of Service",https://news.google.com/rss/articles/CBMivAFBVV95cUxQeVBybHN4R2tOYUp4YnVOR3dUYzg4NFRpSHZrcWh1dUpKVnBGalc3aDZ3RlZRek96Ui05MXBNV2JMeEZpMXN4LXFHTndzWFVOZDhYUUdtSU94dEhRd011b2FBeUQxb0RrTWtDUmpjV3UzVWk3Q1J1V1ZFVDJZdS1FZGVHZWw3ck5FNC1xTWdDdFdNb29VQ1hCZ0p2dnF4bFJmRjBYTnExZnhxQk1MQ0EyN0RfalRXWlRnUkpjSg?oc=5
2024-03-06,TSLA,Tesla,Tesla shares fall after Morgan Stanley cuts price target on weakening EV demand - Reuters,"EN
Sign in
Before you continue to Google
We use cookies and data to
Deliver and maintain Google services
Track outages and protect against spam, fraud, and abuse
Measure audience engagement and site statistics to understand how our services are used and enhance the quality of those services
If you choose to “Accept all,” we will also use cookies and data to
Develop and improve new services
Deliver and measure the effectiveness of ads
Show personalized content, depending on your settings
Show personalized ads, depending on your settings
If you choose to “Reject all,” we will not use cookies for these additional purposes.
Non-personalized content is influenced by things like the content you’re currently viewing, activity in your active Search session, and your location. Non-personalized ads are influenced by the content you’re currently viewing and your general location. Personalized content and ads can also include more relevant results, recommendations, and tailored ads based on past activity from this browser, like previous Google searches. We also use cookies and data to tailor the experience to be age-appropriate, if relevant.
Select “More options” to see additional information, including details about managing your privacy settings. You can also visit g.co/privacytools at any time.
Reject all
Accept all
More options
Privacy Policy
Terms of Service",https://news.google.com/rss/articles/CBMi2gFBVV95cUxQSk92eFZCcHJXWDNmZU9ZUFlFZWZwTzJpdlIwWkZMRHc1UVRFSW5FQWpiMFd2b0xPUE4xVU9QcTFkbFA2LU1qWjBEYVdPbFp2akUycm9jR05HazFlb0U3SFRBZHZpZjNNbFZEdTY0bDlzUzRzY1d3bVJlcEJBMTI4bWd5Y2ExWUdWTU9fU2dFLUxXM25yV2pSRURIQXZJOEMzZG1BRldLc2d1bGp1TmFLN21MN2Q1WkZFeE1Uc1J1VzVmeXFPOEo1Y2lCZ3lZejJTNGM1cXhpT0o5dw?oc=5
2024-03-01,TSLA,Tesla,Lawyers in Musk pay case seek fee of $6 billion in Tesla stock - NBC News,"EN
Sign in
Before you continue to Google
We use cookies and data to
Deliver and maintain Google services
Track outages and protect against spam, fraud, and abuse
Measure audience engagement and site statistics to understand how our services are used and enhance the quality of those services
If you choose to “Accept all,” we will also use cookies and data to
Develop and improve new services
Deliver and measure the effectiveness of ads
Show personalized content, depending on your settings
Show personalized ads, depending on your settings
If you choose to “Reject all,” we will not use cookies for these additional purposes.
Non-personalized content is influenced by things like the content you’re currently viewing, activity in your active Search session, and your location. Non-personalized ads are influenced by the content you’re currently viewing and your general location. Personalized content and ads can also include more relevant results, recommendations, and tailored ads based on past activity from this browser, like previous Google searches. We also use cookies and data to tailor the experience to be age-appropriate, if relevant.
Select “More options” to see additional information, including details about managing your privacy settings. You can also visit g.co/privacytools at any time.
Reject all
Accept all
More options
Privacy Policy
Terms of Service",https://news.google.com/rss/articles/CBMipgFBVV95cUxPYm5jVzM1V3YybHIwS2h1ZS1KMlU2TlNkWHBLdExfUHVCelBOdFM0M0VnY3ZRSWNIREtweUJENzV2c0ZyRGlBZDZVLXBXR3ZoNXF4ZmtpUDR0cWk1czNfdFZZSEFvU3A5UEVvR1BlempMV01YOHVXSk1tZTFCY1d2Nl9hNGE0Tmk0WVpYN1VNZmp3OFF5eXNJV2tQX09MTWFDMkpxSGZR0gFWQVVfeXFMTlRLNThfaDlmUGpvMUthbHlVSXZwa1gtZjFraWlwZm44cUlBOUF3Y05ycXBBT0JnczV0MDctS0xPckdJd2VLOW1nR1dtbHdabDZHY01OLUE?oc=5
2024-03-16,TSLA,Tesla,Tesla Stock Hit 10-Month Lows But Dive Doesn't Scare Cathie Wood - Investor's Business Daily,"EN
Sign in
Before you continue to Google
We use cookies and data to
Deliver and maintain Google services
Track outages and protect against spam, fraud, and abuse
Measure audience engagement and site statistics to understand how our services are used and enhance the quality of those services
If you choose to “Accept all,” we will also use cookies and data to
Develop and improve new services
Deliver and measure the effectiveness of ads
Show personalized content, depending on your settings
Show personalized ads, depending on your settings
If you choose to “Reject all,” we will not use cookies for these additional purposes.
Non-personalized content is influenced by things like the content you’re currently viewing, activity in your active Search session, and your location. Non-personalized ads are influenced by the content you’re currently viewing and your general location. Personalized content and ads can also include more relevant results, recommendations, and tailored ads based on past activity from this browser, like previous Google searches. We also use cookies and data to tailor the experience to be age-appropriate, if relevant.
Select “More options” to see additional information, including details about managing your privacy settings. You can also visit g.co/privacytools at any time.
Reject all
Accept all
More options
Privacy Policy
Terms of Service",https://news.google.com/rss/articles/CBMijwFBVV95cUxPRC0xWUpIdFpTaVVvWDNOTWpXWFJaUjVnS0hQdVVfbV9vQmhvbnFNdExkZ0xJR3RqcTRjU2I3cWZoMnNSZUh1MTRjWlVqcTN2SHhJcE16VTZRRVF0alZQbmhqYUVTa3praEE4dmxKeHlhNlRPSGh4QzY2MjUtMG14cnE2c0lDS3A5c3lwUG9ncw?oc=5
2024-03-26,TSLA,Tesla,What’s behind Tesla’s stock rally? A short test drive. - MarketWatch,"EN
Sign in
Before you continue to Google
We use cookies and data to
Deliver and maintain Google services
Track outages and protect against spam, fraud, and abuse
Measure audience engagement and site statistics to understand how our services are used and enhance the quality of those services
If you choose to “Accept all,” we will also use cookies and data to
Develop and improve new services
Deliver and measure the effectiveness of ads
Show personalized content, depending on your settings
Show personalized ads, depending on your settings
If you choose to “Reject all,” we will not use cookies for these additional purposes.
Non-personalized content is influenced by things like the content you’re currently viewing, activity in your active Search session, and your location. Non-personalized ads are influenced by the content you’re currently viewing and your general location. Personalized content and ads can also include more relevant results, recommendations, and tailored ads based on past activity from this browser, like previous Google searches. We also use cookies and data to tailor the experience to be age-appropriate, if relevant.
Select “More options” to see additional information, including details about managing your privacy settings. You can also visit g.co/privacytools at any time.
Reject all
Accept all
More options
Privacy Policy
Terms of Service",https://news.google.com/rss/articles/CBMimAFBVV95cUxPVzZRQUZHVm1MOVQ1b2VkOEdpcWR3Vm5Zbm9haUlzNjlyb1otdm05c0hwMXdXTS1FVlp3Sko3UnVIRTgzQ3N2dnBjal80OGFBZVNSM0FQVkZTZkdFUXpOWW5WZzA0R0FMeUp2MFBMVHlqbThPUWc2eWZWLWV2QVpISTlfZWNXV0JwdnJZbk5xWG9rWjNZcG8tdw?oc=5
2024-03-22,TSLA,Tesla,Elon Musk’s $250 billion Tesla losing streak takes another lurch downward on reports of a production cut at his China plant - Fortune,"EN
Sign in
Before you continue to Google
We use cookies and data to
Deliver and maintain Google services
Track outages and protect against spam, fraud, and abuse
Measure audience engagement and site statistics to understand how our services are used and enhance the quality of those services
If you choose to “Accept all,” we will also use cookies and data to
Develop and improve new services
Deliver and measure the effectiveness of ads
Show personalized content, depending on your settings
Show personalized ads, depending on your settings
If you choose to “Reject all,” we will not use cookies for these additional purposes.
Non-personalized content is influenced by things like the content you’re currently viewing, activity in your active Search session, and your location. Non-personalized ads are influenced by the content you’re currently viewing and your general location. Personalized content and ads can also include more relevant results, recommendations, and tailored ads based on past activity from this browser, like previous Google searches. We also use cookies and data to tailor the experience to be age-appropriate, if relevant.
Select “More options” to see additional information, including details about managing your privacy settings. You can also visit g.co/privacytools at any time.
Reject all
Accept all
More options
Privacy Policy
Terms of Service",https://news.google.com/rss/articles/CBMiswFBVV95cUxQbUJCZ2FjWTBhVklaamRCTzBDUlJhWFpWTHV1UWZ6a29MMENZbjAxbThialBRZXVGV0hvdXZTb3NiZElaeFJyM0NuVlZLRjIxcDlmcFE2WEJYTzJ2bkZVT0FNdmV0XzVvSEdTQ0Y3blFNWlh2Nzk2anExMEFEWW8wV3BiSXdqNlhfSlBzRUlKanVBOG9XTWlSTFFvRkx6dU1ydXlkdW1ZYzBkY1Y2aXp5elE2MA?oc=5
2024-03-23,TSLA,Tesla,How Low Can Tesla Stock Go as Analysts Question the Growth Story? - Nasdaq,"EN
Sign in
Before you continue to Google
We use cookies and data to
Deliver and maintain Google services
Track outages and protect against spam, fraud, and abuse
Measure audience engagement and site statistics to understand how our services are used and enhance the quality of those services
If you choose to “Accept all,” we will also use cookies and data to
Develop and improve new services
Deliver and measure the effectiveness of ads
Show personalized content, depending on your settings
Show personalized ads, depending on your settings
If you choose to “Reject all,” we will not use cookies for these additional purposes.
Non-personalized content is influenced by things like the content you’re currently viewing, activity in your active Search session, and your location. Non-personalized ads are influenced by the content you’re currently viewing and your general location. Personalized content and ads can also include more relevant results, recommendations, and tailored ads based on past activity from this browser, like previous Google searches. We also use cookies and data to tailor the experience to be age-appropriate, if relevant.
Select “More options” to see additional information, including details about managing your privacy settings. You can also visit g.co/privacytools at any time.
Reject all
Accept all
More options
Privacy Policy
Terms of Service",https://news.google.com/rss/articles/CBMinAFBVV95cUxQVXB6NktDd0hDZF80LVNWdmc3ZU81NnVDSkpLOEo0UVB2UXJvQ0UyZ1NJdDYzNUNieXcxVVhBZ09PcW9oVmlCeTUzd1ZDdUhFdmJUb20yYVI4MFFIbXBkOG9Venl5cWxwTmo2WFhYT0Rfd1htMjQ4aFk4LXRmeUxJMFk4OWNkcG0zS3dJdENFc21hSTk1aERhVnNpYnI?oc=5
2024-03-13,TSLA,Tesla,Tesla Stock Tumbles as Wells Fargo Analysts Call it a 'Growth Company With No Growth' - Investopedia,"EN
Sign in
Before you continue to Google
We use cookies and data to
Deliver and maintain Google services
Track outages and protect against spam, fraud, and abuse
Measure audience engagement and site statistics to understand how our services are used and enhance the quality of those services
If you choose to “Accept all,” we will also use cookies and data to
Develop and improve new services
Deliver and measure the effectiveness of ads
Show personalized content, depending on your settings
Show personalized ads, depending on your settings
If you choose to “Reject all,” we will not use cookies for these additional purposes.
Non-personalized content is influenced by things like the content you’re currently viewing, activity in your active Search session, and your location. Non-personalized ads are influenced by the content you’re currently viewing and your general location. Personalized content and ads can also include more relevant results, recommendations, and tailored ads based on past activity from this browser, like previous Google searches. We also use cookies and data to tailor the experience to be age-appropriate, if relevant.
Select “More options” to see additional information, including details about managing your privacy settings. You can also visit g.co/privacytools at any time.
Reject all
Accept all
More options
Privacy Policy
Terms of Service",https://news.google.com/rss/articles/CBMingFBVV95cUxQdWFLalozZ0M0MjB6Yk80a2pMVnFvVDR4ZjBTM0lfeEVtSlVnNjc4dHNLWnVaU0RsNTRLRHJ5QlhxbkMzWE0tZl93Y1ZCeVZ4WDNRS3Y3bXd6RFZ1ZkdGQmtKRzVvTUhGYVdhbF93X1hfWUp4R290NllZLTlTYm00LVlZdXhWeTZMc3BjNmhvMloxT0g4aURxRnp1Nm5JUQ?oc=5
2024-03-18,TSLA,Tesla,"Tesla Stock Is Rising. Its Model Y Price Hike, Rival XPeng's Brand Launch. - Barron's","EN
Sign in
Before you continue to Google
We use cookies and data to
Deliver and maintain Google services
Track outages and protect against spam, fraud, and abuse
Measure audience engagement and site statistics to understand how our services are used and enhance the quality of those services
If you choose to “Accept all,” we will also use cookies and data to
Develop and improve new services
Deliver and measure the effectiveness of ads
Show personalized content, depending on your settings
Show personalized ads, depending on your settings
If you choose to “Reject all,” we will not use cookies for these additional purposes.
Non-personalized content is influenced by things like the content you’re currently viewing, activity in your active Search session, and your location. Non-personalized ads are influenced by the content you’re currently viewing and your general location. Personalized content and ads can also include more relevant results, recommendations, and tailored ads based on past activity from this browser, like previous Google searches. We also use cookies and data to tailor the experience to be age-appropriate, if relevant.
Select “More options” to see additional information, including details about managing your privacy settings. You can also visit g.co/privacytools at any time.
Reject all
Accept all
More options
Privacy Policy
Terms of Service",https://news.google.com/rss/articles/CBMiggFBVV95cUxOQXlhV2VrOVQ2WHhsWTdfODYxLW4wTVBQNHUxUF9nSWZXUFFVb3ZZTGdCZXdzWHE5SXJkVVRTeGNPcXB3NmQ4RVE0N3V4clhldTdKQjFuOHdjaVhnTEhkWTFiTE1aQkxtTjdZc19pMU45YTJxd0lrQ1NnVDV3Ri1vR2pB?oc=5
2024-03-18,TSLA,Tesla,"Tesla shares gain after Model Y price hike in US, Europe - Reuters","EN
Sign in
Before you continue to Google
We use cookies and data to
Deliver and maintain Google services
Track outages and protect against spam, fraud, and abuse
Measure audience engagement and site statistics to understand how our services are used and enhance the quality of those services
If you choose to “Accept all,” we will also use cookies and data to
Develop and improve new services
Deliver and measure the effectiveness of ads
Show personalized content, depending on your settings
Show personalized ads, depending on your settings
If you choose to “Reject all,” we will not use cookies for these additional purposes.
Non-personalized content is influenced by things like the content you’re currently viewing, activity in your active Search session, and your location. Non-personalized ads are influenced by the content you’re currently viewing and your general location. Personalized content and ads can also include more relevant results, recommendations, and tailored ads based on past activity from this browser, like previous Google searches. We also use cookies and data to tailor the experience to be age-appropriate, if relevant.
Select “More options” to see additional information, including details about managing your privacy settings. You can also visit g.co/privacytools at any time.
Reject all
Accept all
More options
Privacy Policy
Terms of Service",https://news.google.com/rss/articles/CBMiugFBVV95cUxOMU9vd0QwZno5bUdSLU1aUHdQamk4QXVEU0xweUl1eGlRT0NWeEl3aVpjMkMzQ3NIZG5uUmhndURzWVg0UTBFLVZ4Z0R1NS1hdkdPLXllTWNpWDRnODhSQS1LdlBVZG52MnlJRjhkTW45ZkkzNEFiT3Jzd2YxeUdSNnJuczdHTk4tVTVGNnlTTDFFTFZaZ0dqWE9Rdld5RHZPVjFqSlM0cXV1MTdEMDdUem1RLUhQR0hTVVE?oc=5
2024-03-29,TSLA,Tesla,Tesla Bulls Turn Bearish As 'Nightmare' First Quarter Comes To An End - Investor's Business Daily,"EN
Sign in
Before you continue to Google
We use cookies and data to
Deliver and maintain Google services
Track outages and protect against spam, fraud, and abuse
Measure audience engagement and site statistics to understand how our services are used and enhance the quality of those services
If you choose to “Accept all,” we will also use cookies and data to
Develop and improve new services
Deliver and measure the effectiveness of ads
Show personalized content, depending on your settings
Show personalized ads, depending on your settings
If you choose to “Reject all,” we will not use cookies for these additional purposes.
Non-personalized content is influenced by things like the content you’re currently viewing, activity in your active Search session, and your location. Non-personalized ads are influenced by the content you’re currently viewing and your general location. Personalized content and ads can also include more relevant results, recommendations, and tailored ads based on past activity from this browser, like previous Google searches. We also use cookies and data to tailor the experience to be age-appropriate, if relevant.
Select “More options” to see additional information, including details about managing your privacy settings. You can also visit g.co/privacytools at any time.
Reject all
Accept all
More options
Privacy Policy
Terms of Service",https://news.google.com/rss/articles/CBMimgFBVV95cUxOUHlreW04RW1DYkRKRjVia0lOaVoxSU8xTXRYbnM0cDIwdTdrVmhlWXhWbHBuQm1sSjhyR3NrOThfT1llRnFyMDVOOGNROHIzZm53d1RVX2tBTDJBWWtTdXV5RXRJTDhBQU1KMGVRaXpBLUdaMnBnVUdDa3p4aHJlREFwck9nSHV2TWQtVUdzWlQ0RWxEQkxxYlVB?oc=5
2024-03-05,TSLA,Tesla,Tesla shares skid after China sales fell to the lowest level in over a year - Reuters,"EN
Sign in
Before you continue to Google
We use cookies and data to
Deliver and maintain Google services
Track outages and protect against spam, fraud, and abuse
Measure audience engagement and site statistics to understand how our services are used and enhance the quality of those services
If you choose to “Accept all,” we will also use cookies and data to
Develop and improve new services
Deliver and measure the effectiveness of ads
Show personalized content, depending on your settings
Show personalized ads, depending on your settings
If you choose to “Reject all,” we will not use cookies for these additional purposes.
Non-personalized content is influenced by things like the content you’re currently viewing, activity in your active Search session, and your location. Non-personalized ads are influenced by the content you’re currently viewing and your general location. Personalized content and ads can also include more relevant results, recommendations, and tailored ads based on past activity from this browser, like previous Google searches. We also use cookies and data to tailor the experience to be age-appropriate, if relevant.
Select “More options” to see additional information, including details about managing your privacy settings. You can also visit g.co/privacytools at any time.
Reject all
Accept all
More options
Privacy Policy
Terms of Service",https://news.google.com/rss/articles/CBMitwFBVV95cUxOTlRpdEdwbTVEMnk1eGJxUjZoc0s2VmZnZldxRW9LdEpwVzVESlR6ZU9URkNqb3U0QnlrTzZlc0tZNDdKYUdjWTFvenl3TGhsR2NpcGlhbmZfMElrSl90T2doU3lMdDVMZkdQSEpUVmNHWS0tVzdCbzFfQ00yQ3djN0dMbG0zTWFwOUxIb0FleU5HTEYxU1psNXpBS3FMd1Itb0ZYYkxzdVk5cktWemwzM1Y0WFRNV0k?oc=5
2024-03-18,TSLA,Tesla,Tesla Stock Jumps After EV Maker Raises Model Y Prices - Investopedia,"EN
Sign in
Before you continue to Google
We use cookies and data to
Deliver and maintain Google services
Track outages and protect against spam, fraud, and abuse
Measure audience engagement and site statistics to understand how our services are used and enhance the quality of those services
If you choose to “Accept all,” we will also use cookies and data to
Develop and improve new services
Deliver and measure the effectiveness of ads
Show personalized content, depending on your settings
Show personalized ads, depending on your settings
If you choose to “Reject all,” we will not use cookies for these additional purposes.
Non-personalized content is influenced by things like the content you’re currently viewing, activity in your active Search session, and your location. Non-personalized ads are influenced by the content you’re currently viewing and your general location. Personalized content and ads can also include more relevant results, recommendations, and tailored ads based on past activity from this browser, like previous Google searches. We also use cookies and data to tailor the experience to be age-appropriate, if relevant.
Select “More options” to see additional information, including details about managing your privacy settings. You can also visit g.co/privacytools at any time.
Reject all
Accept all
More options
Privacy Policy
Terms of Service",https://news.google.com/rss/articles/CBMilgFBVV95cUxNY1pvX2w2SnZBSzJmenk2YzhrRnZSLVlZdDdxZk52ajE3ZE8zajE3bjl4d1p6cFFXUkVHNjYwM3dBLXN6dHIteHN2NEFqTWJGZTh6TFEwS1FRYWx0Q0VQS3d5bUZQNlptNnExeldWTjJGeHh5UldBaC1BeFN6V3MwQ3RnSEx6YjNPU1ZKMEY2eDJOa2lwcGc?oc=5
2024-03-20,TSLA,Tesla,This Is the Biggest Risk to Tesla Stock Ahead of Its Delivery Report - Barron's,"EN
Sign in
Before you continue to Google
We use cookies and data to
Deliver and maintain Google services
Track outages and protect against spam, fraud, and abuse
Measure audience engagement and site statistics to understand how our services are used and enhance the quality of those services
If you choose to “Accept all,” we will also use cookies and data to
Develop and improve new services
Deliver and measure the effectiveness of ads
Show personalized content, depending on your settings
Show personalized ads, depending on your settings
If you choose to “Reject all,” we will not use cookies for these additional purposes.
Non-personalized content is influenced by things like the content you’re currently viewing, activity in your active Search session, and your location. Non-personalized ads are influenced by the content you’re currently viewing and your general location. Personalized content and ads can also include more relevant results, recommendations, and tailored ads based on past activity from this browser, like previous Google searches. We also use cookies and data to tailor the experience to be age-appropriate, if relevant.
Select “More options” to see additional information, including details about managing your privacy settings. You can also visit g.co/privacytools at any time.
Reject all
Accept all
More options
Privacy Policy
Terms of Service",https://news.google.com/rss/articles/CBMiggFBVV95cUxPeEh3XzA1SDFPWkdhQUc1aENKOVRmc3R1a3RTRXR0VlpEMHVpTkxZbFBmbWloM0pyaUJxbUwxcEY1d3lxVXFVdndEdmxYckpzdnVvTWJPU3U4Zjhvd3hKemhEalN2WlQ0SWZLb2F1aXNfb005NTBxQlg2U2FHOTh5NlR3?oc=5
2024-03-14,TSLA,Tesla,Tesla Downgraded On Weak Deliveries. This Bull Is Still Optimistic. - Investor's Business Daily,"EN
Sign in
Before you continue to Google
We use cookies and data to
Deliver and maintain Google services
Track outages and protect against spam, fraud, and abuse
Measure audience engagement and site statistics to understand how our services are used and enhance the quality of those services
If you choose to “Accept all,” we will also use cookies and data to
Develop and improve new services
Deliver and measure the effectiveness of ads
Show personalized content, depending on your settings
Show personalized ads, depending on your settings
If you choose to “Reject all,” we will not use cookies for these additional purposes.
Non-personalized content is influenced by things like the content you’re currently viewing, activity in your active Search session, and your location. Non-personalized ads are influenced by the content you’re currently viewing and your general location. Personalized content and ads can also include more relevant results, recommendations, and tailored ads based on past activity from this browser, like previous Google searches. We also use cookies and data to tailor the experience to be age-appropriate, if relevant.
Select “More options” to see additional information, including details about managing your privacy settings. You can also visit g.co/privacytools at any time.
Reject all
Accept all
More options
Privacy Policy
Terms of Service",https://news.google.com/rss/articles/CBMifkFVX3lxTFBGRzEtOUlOUzVaSlVTb3c0blhEeHQ0Y1J1NTVnVTE0cUtCcTdTYmdERmdVZ3NMelBnMlBVeWkyLWdJc01jeFpPVGNrNF9adTZZOVh2MzJyaTQ3ekRJamZVMlYtUnc3Rmw4ekNTR0Z3QlRiMWFKSkJzSjZzdFFnQQ?oc=5
2024-03-26,TSLA,Tesla,Tesla Stock Jumps as Musk Offers Free Driver-Assistance Trial - Investopedia,"EN
Sign in
Before you continue to Google
We use cookies and data to
Deliver and maintain Google services
Track outages and protect against spam, fraud, and abuse
Measure audience engagement and site statistics to understand how our services are used and enhance the quality of those services
If you choose to “Accept all,” we will also use cookies and data to
Develop and improve new services
Deliver and measure the effectiveness of ads
Show personalized content, depending on your settings
Show personalized ads, depending on your settings
If you choose to “Reject all,” we will not use cookies for these additional purposes.
Non-personalized content is influenced by things like the content you’re currently viewing, activity in your active Search session, and your location. Non-personalized ads are influenced by the content you’re currently viewing and your general location. Personalized content and ads can also include more relevant results, recommendations, and tailored ads based on past activity from this browser, like previous Google searches. We also use cookies and data to tailor the experience to be age-appropriate, if relevant.
Select “More options” to see additional information, including details about managing your privacy settings. You can also visit g.co/privacytools at any time.
Reject all
Accept all
More options
Privacy Policy
Terms of Service",https://news.google.com/rss/articles/CBMinwFBVV95cUxQMlhoaXBEUjZaNHJReXFpTS10MU1oUEJQNXJuMWk0bVFXWTY4UGhiVG0wVmxoVGJlSndYWnd1SHV1MktXbkZTZVg5UDJ3dzV0MFRnb3laZ0dhWWw0S0pjM1NSeG9GcjBBMmdacnZNWUZEUDloc21QYWNTYXN4U2o4TVU0M2plSlExODlLUGFhTVd4N2dvWGNEYlFpbTIyTVU?oc=5
2024-04-09,TSLA,Tesla,Tesla Stock Is Down 30% In 2024. Is It a Buy? - Morningstar,"EN
Sign in
Before you continue to Google
We use cookies and data to
Deliver and maintain Google services
Track outages and protect against spam, fraud, and abuse
Measure audience engagement and site statistics to understand how our services are used and enhance the quality of those services
If you choose to “Accept all,” we will also use cookies and data to
Develop and improve new services
Deliver and measure the effectiveness of ads
Show personalized content, depending on your settings
Show personalized ads, depending on your settings
If you choose to “Reject all,” we will not use cookies for these additional purposes.
Non-personalized content is influenced by things like the content you’re currently viewing, activity in your active Search session, and your location. Non-personalized ads are influenced by the content you’re currently viewing and your general location. Personalized content and ads can also include more relevant results, recommendations, and tailored ads based on past activity from this browser, like previous Google searches. We also use cookies and data to tailor the experience to be age-appropriate, if relevant.
Select “More options” to see additional information, including details about managing your privacy settings. You can also visit g.co/privacytools at any time.
Reject all
Accept all
More options
Privacy Policy
Terms of Service",https://news.google.com/rss/articles/CBMifEFVX3lxTE5OaHVQRjVwTi1XQm1nalR0XzZMRl9MTzdXQjJGd1E0LTYzaUdTbFNqd2VhWEpsdTkyMDhCbmc0alpFWHVNOXE2X3BEYXVxOFpGUGFfVVRyZnR1VGxzdTNpS0Nxb1E5dHk2MHp3VXNZaVAyakZSdzIxbkZNazY?oc=5
2024-04-09,TSLA,Tesla,Tesla stock has plummeted this year. Will the company recover? - ABC News,"EN
Sign in
Before you continue to Google
We use cookies and data to
Deliver and maintain Google services
Track outages and protect against spam, fraud, and abuse
Measure audience engagement and site statistics to understand how our services are used and enhance the quality of those services
If you choose to “Accept all,” we will also use cookies and data to
Develop and improve new services
Deliver and measure the effectiveness of ads
Show personalized content, depending on your settings
Show personalized ads, depending on your settings
If you choose to “Reject all,” we will not use cookies for these additional purposes.
Non-personalized content is influenced by things like the content you’re currently viewing, activity in your active Search session, and your location. Non-personalized ads are influenced by the content you’re currently viewing and your general location. Personalized content and ads can also include more relevant results, recommendations, and tailored ads based on past activity from this browser, like previous Google searches. We also use cookies and data to tailor the experience to be age-appropriate, if relevant.
Select “More options” to see additional information, including details about managing your privacy settings. You can also visit g.co/privacytools at any time.
Reject all
Accept all
More options
Privacy Policy
Terms of Service",https://news.google.com/rss/articles/CBMimAFBVV95cUxPRnkwY21KNkd0S0xCM0xHblpVZUo4VVFseDRNMWgybDdGTmJmcVJBS1h5bVdfSzd5MEJSc3hwVmRYbVBDZkliTlJ1bUg0ZldjbkRlS2FpT3l3WUV4RVk4SmdOQThFME1KdWJBVnktN0RmVVdNMVBvQXBkeVhaSEVfMDJEd3NFaEItS0RJalVvNjdocmZxNDBpRNIBngFBVV95cUxQOHZfNXY1akp3c1V6QkhXdGtXYnNzcnFBMDIyOFZzbHRhQ2hFVEU3VEk2OVk5eDhJbUpmQzJyd0RkUkM5Q1hLYjltMFp1ai1tZ1hyMzZPWExqS2xya2xLdmlnSzRxTHlTeDBOZ29lZ05OeFprMGNoald2UDNJTU9keS1JQ2htNmlHQlU2VWpwdHZJOVphdmYyTGxRNlBQQQ?oc=5
2024-04-18,TSLA,Tesla,"Tesla shares tumble below $150 per share, giving up all gains made over the past year - AP News","EN
Sign in
Before you continue to Google
We use cookies and data to
Deliver and maintain Google services
Track outages and protect against spam, fraud, and abuse
Measure audience engagement and site statistics to understand how our services are used and enhance the quality of those services
If you choose to “Accept all,” we will also use cookies and data to
Develop and improve new services
Deliver and measure the effectiveness of ads
Show personalized content, depending on your settings
Show personalized ads, depending on your settings
If you choose to “Reject all,” we will not use cookies for these additional purposes.
Non-personalized content is influenced by things like the content you’re currently viewing, activity in your active Search session, and your location. Non-personalized ads are influenced by the content you’re currently viewing and your general location. Personalized content and ads can also include more relevant results, recommendations, and tailored ads based on past activity from this browser, like previous Google searches. We also use cookies and data to tailor the experience to be age-appropriate, if relevant.
Select “More options” to see additional information, including details about managing your privacy settings. You can also visit g.co/privacytools at any time.
Reject all
Accept all
More options
Privacy Policy
Terms of Service",https://news.google.com/rss/articles/CBMioAFBVV95cUxNbUdLRG16Sm9SbmZKVG5YdmItQjg2M2NGYUtLM0VJaE9PLVp3dmlrWENoUTdKeVhMcmdDdnJWUnV1Q0FOWlc0NDVTTjNQWmxFVjNfMjN5b0pWMGZmTEhER1NKaE1pWWRweE92YW1HcllxVkZDakVTTEhHSUlBRHVFOHE3MUlQaFFITjNUV3FvX2hwYVBjWEE2c0U0OXlpSmtk?oc=5
2024-04-29,TSLA,Tesla,Why Tesla Stock Surged After CEO Elon Musk’s Visit to China - Investopedia,"EN
Sign in
Before you continue to Google
We use cookies and data to
Deliver and maintain Google services
Track outages and protect against spam, fraud, and abuse
Measure audience engagement and site statistics to understand how our services are used and enhance the quality of those services
If you choose to “Accept all,” we will also use cookies and data to
Develop and improve new services
Deliver and measure the effectiveness of ads
Show personalized content, depending on your settings
Show personalized ads, depending on your settings
If you choose to “Reject all,” we will not use cookies for these additional purposes.
Non-personalized content is influenced by things like the content you’re currently viewing, activity in your active Search session, and your location. Non-personalized ads are influenced by the content you’re currently viewing and your general location. Personalized content and ads can also include more relevant results, recommendations, and tailored ads based on past activity from this browser, like previous Google searches. We also use cookies and data to tailor the experience to be age-appropriate, if relevant.
Select “More options” to see additional information, including details about managing your privacy settings. You can also visit g.co/privacytools at any time.
Reject all
Accept all
More options
Privacy Policy
Terms of Service",https://news.google.com/rss/articles/CBMimgFBVV95cUxQeHJSQVZDUkJjVDNXQzVPb2JsN0JLN3ctSlJYY29BZmJxalNwaFB1eUZvZHY1Z1gydHV3c3dsYk5KaVloblJNejlrQmJvTE11RkVHeGw2NWhFNmNtSVR4cjFTZkhhSHRlUzlGZ3hBV0U2OGxvTTBUT1RDaExnYzJMZUZ4ZEJ3YVJuM2JCTGV1aXRZMzNxbEwzcUdn?oc=5
2024-04-24,TSLA,Tesla,Tesla stock surges as EV maker will 'accelerate' the launch of cheaper cars - Yahoo Finance,"EN
Sign in
Before you continue to Google
We use cookies and data to
Deliver and maintain Google services
Track outages and protect against spam, fraud, and abuse
Measure audience engagement and site statistics to understand how our services are used and enhance the quality of those services
If you choose to “Accept all,” we will also use cookies and data to
Develop and improve new services
Deliver and measure the effectiveness of ads
Show personalized content, depending on your settings
Show personalized ads, depending on your settings
If you choose to “Reject all,” we will not use cookies for these additional purposes.
Non-personalized content is influenced by things like the content you’re currently viewing, activity in your active Search session, and your location. Non-personalized ads are influenced by the content you’re currently viewing and your general location. Personalized content and ads can also include more relevant results, recommendations, and tailored ads based on past activity from this browser, like previous Google searches. We also use cookies and data to tailor the experience to be age-appropriate, if relevant.
Select “More options” to see additional information, including details about managing your privacy settings. You can also visit g.co/privacytools at any time.
Reject all
Accept all
More options
Privacy Policy
Terms of Service",https://news.google.com/rss/articles/CBMicEFVX3lxTE5CTWJ4NDBTOWh2VU9LNmRXTnNtSlVHTElqcG9jTjFtVDNRZ25WUDVjVGpNWnlvSWxjMmVMbGVFd2FmWEJZcGR1Y1VBWUdEdFBXOWRPUlUyNENTTzdocHpWRnJ5MlNzU0dOTzdwM3NGM3g?oc=5
2024-04-25,TSLA,Tesla,Three Reasons Why Tesla Stock Is Rallying After Q1 Earnings. Elon Musk Issues Criteria For Investors. - Investor's Business Daily,"EN
Sign in
Before you continue to Google
We use cookies and data to
Deliver and maintain Google services
Track outages and protect against spam, fraud, and abuse
Measure audience engagement and site statistics to understand how our services are used and enhance the quality of those services
If you choose to “Accept all,” we will also use cookies and data to
Develop and improve new services
Deliver and measure the effectiveness of ads
Show personalized content, depending on your settings
Show personalized ads, depending on your settings
If you choose to “Reject all,” we will not use cookies for these additional purposes.
Non-personalized content is influenced by things like the content you’re currently viewing, activity in your active Search session, and your location. Non-personalized ads are influenced by the content you’re currently viewing and your general location. Personalized content and ads can also include more relevant results, recommendations, and tailored ads based on past activity from this browser, like previous Google searches. We also use cookies and data to tailor the experience to be age-appropriate, if relevant.
Select “More options” to see additional information, including details about managing your privacy settings. You can also visit g.co/privacytools at any time.
Reject all
Accept all
More options
Privacy Policy
Terms of Service",https://news.google.com/rss/articles/CBMikwFBVV95cUxNR1pWMERjV2lmZF9GQm9ON1VDb3lrU3NPc1FURHE5U2ZQU0laRmNkdXlBOGc0U0tsMU1iOWFPT25XQVVUTVA5cnBKb3Z3WnZoOFlVWDh5M0NCVWFweHFlY0lsWU5iVFptbUhvcFlJUDdocmhMVnBGZTI5OUxQWUxlZUl3MjlTR29rS2d3MlZhejdNUTA?oc=5
2024-04-29,TSLA,Tesla,"Stock Market News, April 29, 2024: Tesla Shares Jump, Indexes Rise - WSJ","EN
Sign in
Before you continue to Google
We use cookies and data to
Deliver and maintain Google services
Track outages and protect against spam, fraud, and abuse
Measure audience engagement and site statistics to understand how our services are used and enhance the quality of those services
If you choose to “Accept all,” we will also use cookies and data to
Develop and improve new services
Deliver and measure the effectiveness of ads
Show personalized content, depending on your settings
Show personalized ads, depending on your settings
If you choose to “Reject all,” we will not use cookies for these additional purposes.
Non-personalized content is influenced by things like the content you’re currently viewing, activity in your active Search session, and your location. Non-personalized ads are influenced by the content you’re currently viewing and your general location. Personalized content and ads can also include more relevant results, recommendations, and tailored ads based on past activity from this browser, like previous Google searches. We also use cookies and data to tailor the experience to be age-appropriate, if relevant.
Select “More options” to see additional information, including details about managing your privacy settings. You can also visit g.co/privacytools at any time.
Reject all
Accept all
More options
Privacy Policy
Terms of Service",https://news.google.com/rss/articles/CBMie0FVX3lxTE9pdHgzQnYxYnNwUW9wRkFwUzJHcFlUenZqWTU5OURKMHpwaXpMZnNuaUVfckozMlVPTXowZ0lmTENtczJqYzBlYWw1ajR5cDZnZW5DTGF6dnJNQmhqa2JCcHBKOGFDOXliUHNkZFQ4ZC1EM3dhbEtnN2ZCMA?oc=5
2024-04-22,TSLA,Tesla,"Tesla shares slide to 15-month low ahead of earnings, as Wall Street frets over price cuts, layoffs - CNBC","EN
Sign in
Before you continue to Google
We use cookies and data to
Deliver and maintain Google services
Track outages and protect against spam, fraud, and abuse
Measure audience engagement and site statistics to understand how our services are used and enhance the quality of those services
If you choose to “Accept all,” we will also use cookies and data to
Develop and improve new services
Deliver and measure the effectiveness of ads
Show personalized content, depending on your settings
Show personalized ads, depending on your settings
If you choose to “Reject all,” we will not use cookies for these additional purposes.
Non-personalized content is influenced by things like the content you’re currently viewing, activity in your active Search session, and your location. Non-personalized ads are influenced by the content you’re currently viewing and your general location. Personalized content and ads can also include more relevant results, recommendations, and tailored ads based on past activity from this browser, like previous Google searches. We also use cookies and data to tailor the experience to be age-appropriate, if relevant.
Select “More options” to see additional information, including details about managing your privacy settings. You can also visit g.co/privacytools at any time.
Reject all
Accept all
More options
Privacy Policy
Terms of Service",https://news.google.com/rss/articles/CBMioAFBVV95cUxPSU5hYWFPbWxIVTB0MmQwVkRwTU94Z3lHT21oeC1XOEF0c3lVWFlBQVNWaFZ3WXRSVHJITzZTTVB0VTRXQjRpMmlTdVJ6cmhpcGNzLWlUazB6S2Y3Sl9iQUEydy1QdVhWRi1kT0RVNTR6LW1Qdzd6bU1uWnY0RDlrWjBOV3JpcGJhdVlnNWNhdGNSMkI0SndGcXhsVUNTTEFY0gGmAUFVX3lxTE9FdEpSdDdKLW5halUtakkzcHpYUFU2endJSllyQlRvRnI5LW10aEZjVU9xTjhNNXZVcVJYcnVJTTQxTFMtck9RMkdCYWRTRUMwaUVDc182Yk5uYU5UZWNNcDNsWDNLQzdTTUU5Q0lqTEtfQnNScnZnYm1hYnpZS3VOeG5VdGxxdENTS0k4akUzLURSR2JRTmc0NVJGNnpKcHpvOGE3VHc?oc=5
2024-04-18,TSLA,Tesla,"As electric car sales slump, Tesla shares relinquish a year's worth of gains - CBS News","EN
Sign in
Before you continue to Google
We use cookies and data to
Deliver and maintain Google services
Track outages and protect against spam, fraud, and abuse
Measure audience engagement and site statistics to understand how our services are used and enhance the quality of those services
If you choose to “Accept all,” we will also use cookies and data to
Develop and improve new services
Deliver and measure the effectiveness of ads
Show personalized content, depending on your settings
Show personalized ads, depending on your settings
If you choose to “Reject all,” we will not use cookies for these additional purposes.
Non-personalized content is influenced by things like the content you’re currently viewing, activity in your active Search session, and your location. Non-personalized ads are influenced by the content you’re currently viewing and your general location. Personalized content and ads can also include more relevant results, recommendations, and tailored ads based on past activity from this browser, like previous Google searches. We also use cookies and data to tailor the experience to be age-appropriate, if relevant.
Select “More options” to see additional information, including details about managing your privacy settings. You can also visit g.co/privacytools at any time.
Reject all
Accept all
More options
Privacy Policy
Terms of Service",https://news.google.com/rss/articles/CBMie0FVX3lxTE1abENYR0UtaFR2R0U4UTFXOVp4bjdidWpFTVBXT2R5eU9JbGo2bUtJelBpdzhBaG9WbFJUcDJCaFVWSDVfSUlLQlRhYVU3dlZyNlZDQmp0OElTNzhJUGNSVUxOeXh0cnhfREZsTFd1dFdMTTQ0U1FXM29PRdIBgAFBVV95cUxOVUZXMnVQOGt4MllBa0NILTNfMk1vNzQyaWxEVXJvVmlHZHhmbF8wMFRNZ01Xb252Q1hDVnlxdGVCZFc4WDg2aGVNTzdwY2hfUnBTNUxDdkg5Y1RRYUJ6RThwTXpQcmRyVHE1cHBhOVROX2huVFltMHN3dUx0VE15bQ?oc=5
2024-04-29,TSLA,Tesla,Tesla Stock Soars on FSD Approval in China. 3 Reasons the News Is a Big Deal. - Barron's,"EN
Sign in
Before you continue to Google
We use cookies and data to
Deliver and maintain Google services
Track outages and protect against spam, fraud, and abuse
Measure audience engagement and site statistics to understand how our services are used and enhance the quality of those services
If you choose to “Accept all,” we will also use cookies and data to
Develop and improve new services
Deliver and measure the effectiveness of ads
Show personalized content, depending on your settings
Show personalized ads, depending on your settings
If you choose to “Reject all,” we will not use cookies for these additional purposes.
Non-personalized content is influenced by things like the content you’re currently viewing, activity in your active Search session, and your location. Non-personalized ads are influenced by the content you’re currently viewing and your general location. Personalized content and ads can also include more relevant results, recommendations, and tailored ads based on past activity from this browser, like previous Google searches. We also use cookies and data to tailor the experience to be age-appropriate, if relevant.
Select “More options” to see additional information, including details about managing your privacy settings. You can also visit g.co/privacytools at any time.
Reject all
Accept all
More options
Privacy Policy
Terms of Service",https://news.google.com/rss/articles/CBMihwFBVV95cUxQTFRKZ3BYN0NpRGNEcUljdVlyMHFwWTQtM2NyUmtqR3Y1SHExd3o5RmJiUGpUY1Qzd0FYanpSVTNTOVEtWG1YWXhURGNqaU44U2dUeTQ2RzJTQW85ODYyWXpjaS1ETEFZQ3AzOU0ycTFfYnN3ZUh1c18zNkt2OXR2dG5nS3h4N1k?oc=5
2024-04-16,TSLA,Tesla,"Going Into Earnings, Is Tesla Stock a Buy, a Sell, or Fairly Valued? - Morningstar","EN
Sign in
Before you continue to Google
We use cookies and data to
Deliver and maintain Google services
Track outages and protect against spam, fraud, and abuse
Measure audience engagement and site statistics to understand how our services are used and enhance the quality of those services
If you choose to “Accept all,” we will also use cookies and data to
Develop and improve new services
Deliver and measure the effectiveness of ads
Show personalized content, depending on your settings
Show personalized ads, depending on your settings
If you choose to “Reject all,” we will not use cookies for these additional purposes.
Non-personalized content is influenced by things like the content you’re currently viewing, activity in your active Search session, and your location. Non-personalized ads are influenced by the content you’re currently viewing and your general location. Personalized content and ads can also include more relevant results, recommendations, and tailored ads based on past activity from this browser, like previous Google searches. We also use cookies and data to tailor the experience to be age-appropriate, if relevant.
Select “More options” to see additional information, including details about managing your privacy settings. You can also visit g.co/privacytools at any time.
Reject all
Accept all
More options
Privacy Policy
Terms of Service",https://news.google.com/rss/articles/CBMingFBVV95cUxOb2s5WnZGdXZWSS14NER0Y3Z0WUgteVRxY3J5ZEtIc1BrTGxDNEF5VHhReEVVY0VWdXZScUIzQ0JVbEFPa1pySFJLWndHbDF0eGRVb2tJU1Nrb1hTV0laczd1OG1PMFFYSHhpeWNacWtOc0dnV2t3S0hQZ0t4d0liZzlxZGN4NThoM01PRVJZMjZ6OFY2czlldFFiUUpKUQ?oc=5
2024-04-24,TSLA,Tesla,What Analysts Are Saying as Tesla Stock Gains 12% After Earnings Miss - Investopedia,"EN
Sign in
Before you continue to Google
We use cookies and data to
Deliver and maintain Google services
Track outages and protect against spam, fraud, and abuse
Measure audience engagement and site statistics to understand how our services are used and enhance the quality of those services
If you choose to “Accept all,” we will also use cookies and data to
Develop and improve new services
Deliver and measure the effectiveness of ads
Show personalized content, depending on your settings
Show personalized ads, depending on your settings
If you choose to “Reject all,” we will not use cookies for these additional purposes.
Non-personalized content is influenced by things like the content you’re currently viewing, activity in your active Search session, and your location. Non-personalized ads are influenced by the content you’re currently viewing and your general location. Personalized content and ads can also include more relevant results, recommendations, and tailored ads based on past activity from this browser, like previous Google searches. We also use cookies and data to tailor the experience to be age-appropriate, if relevant.
Select “More options” to see additional information, including details about managing your privacy settings. You can also visit g.co/privacytools at any time.
Reject all
Accept all
More options
Privacy Policy
Terms of Service",https://news.google.com/rss/articles/CBMiswFBVV95cUxOeHlBWi10emFheWhxVFVkT3V4Ny1SUThiTjZITWVYQ0x3RU9aQnRkajB4UTlxU1BNa0F6cW10Wm9uUUU0TDFjMWRldlhIQzJOTXFNSjdWajh5aEZjekItdjlKZUZDOC1vYVNJeEVCTGJhWl94cUxQc2pUTUc0RE90Slo3WDJoR011dkp2aUtEaUhzUUJpdDlrNUZWc2dLZlJzRldHcDdwR3VndTlpT2NRM3pFbw?oc=5
2024-04-22,TSLA,Tesla,Meet the Tesla Diehards Sticking With the Stock Despite Its Disastrous Year - WSJ,"EN
Sign in
Before you continue to Google
We use cookies and data to
Deliver and maintain Google services
Track outages and protect against spam, fraud, and abuse
Measure audience engagement and site statistics to understand how our services are used and enhance the quality of those services
If you choose to “Accept all,” we will also use cookies and data to
Develop and improve new services
Deliver and measure the effectiveness of ads
Show personalized content, depending on your settings
Show personalized ads, depending on your settings
If you choose to “Reject all,” we will not use cookies for these additional purposes.
Non-personalized content is influenced by things like the content you’re currently viewing, activity in your active Search session, and your location. Non-personalized ads are influenced by the content you’re currently viewing and your general location. Personalized content and ads can also include more relevant results, recommendations, and tailored ads based on past activity from this browser, like previous Google searches. We also use cookies and data to tailor the experience to be age-appropriate, if relevant.
Select “More options” to see additional information, including details about managing your privacy settings. You can also visit g.co/privacytools at any time.
Reject all
Accept all
More options
Privacy Policy
Terms of Service",https://news.google.com/rss/articles/CBMifEFVX3lxTE8zSUdyVUFocGowbWkxTkhRUF9iU0g2cGNlQ293MHl1bTRhSzNLeVRSTXo0VnRYN2FEbmcxamJDeGFIeEgtUU9SN0xXbmFfSGxSMW9HQlhXMmM1WE1yT003em9YOFFTWHNYc0hpNU1iVG01blJfR0dTNDEwYVA?oc=5
2024-04-06,TSLA,Tesla,Tesla Stock Is Rising Again. Why It Refuses to Sell Off. - Barron's,"EN
Sign in
Before you continue to Google
We use cookies and data to
Deliver and maintain Google services
Track outages and protect against spam, fraud, and abuse
Measure audience engagement and site statistics to understand how our services are used and enhance the quality of those services
If you choose to “Accept all,” we will also use cookies and data to
Develop and improve new services
Deliver and measure the effectiveness of ads
Show personalized content, depending on your settings
Show personalized ads, depending on your settings
If you choose to “Reject all,” we will not use cookies for these additional purposes.
Non-personalized content is influenced by things like the content you’re currently viewing, activity in your active Search session, and your location. Non-personalized ads are influenced by the content you’re currently viewing and your general location. Personalized content and ads can also include more relevant results, recommendations, and tailored ads based on past activity from this browser, like previous Google searches. We also use cookies and data to tailor the experience to be age-appropriate, if relevant.
Select “More options” to see additional information, including details about managing your privacy settings. You can also visit g.co/privacytools at any time.
Reject all
Accept all
More options
Privacy Policy
Terms of Service",https://news.google.com/rss/articles/CBMid0FVX3lxTE55V1M5TEtQM2RTVUl2OUpRM3pvNkdxU3hSRHpiajFVaWtacXZTYXpBcmd3YVdva05aaVZOX3pXZDZ1Y0l5bkwwR2RHenh0eWRSSWJSNDR6aGZFbkVsbnh1TFduUGtZczNvMzdoTVBPZ0pPT2FSTXAw?oc=5
2024-04-29,TSLA,Tesla,"After Earnings, Is Tesla Stock a Buy, a Sell, or Fairly Valued? - Morningstar","EN
Sign in
Before you continue to Google
We use cookies and data to
Deliver and maintain Google services
Track outages and protect against spam, fraud, and abuse
Measure audience engagement and site statistics to understand how our services are used and enhance the quality of those services
If you choose to “Accept all,” we will also use cookies and data to
Develop and improve new services
Deliver and measure the effectiveness of ads
Show personalized content, depending on your settings
Show personalized ads, depending on your settings
If you choose to “Reject all,” we will not use cookies for these additional purposes.
Non-personalized content is influenced by things like the content you’re currently viewing, activity in your active Search session, and your location. Non-personalized ads are influenced by the content you’re currently viewing and your general location. Personalized content and ads can also include more relevant results, recommendations, and tailored ads based on past activity from this browser, like previous Google searches. We also use cookies and data to tailor the experience to be age-appropriate, if relevant.
Select “More options” to see additional information, including details about managing your privacy settings. You can also visit g.co/privacytools at any time.
Reject all
Accept all
More options
Privacy Policy
Terms of Service",https://news.google.com/rss/articles/CBMilwFBVV95cUxOQ2VzT3BOQWh5T1daVkxEZm1pQjZWSDBlbUpJSHhtZHpIRjRENk9pUXdoVUJZRFlEZ0RoU2VRZUhKWnpRcXNTcFNXbUc5Z1kxTlBUcTlKTWZjWDduXzQycDA2dXJ3aHdkb2hFaG5NNHdPeUxZLXVBZDJsMkpIbGtYVENNRWlhQlZDeGstY1FUbTJWUFFDTzBN?oc=5
2024-04-30,TSLA,Tesla,What The Tesla Stock Chart Is Telling Us After A 37% Gain Over The Past Week - Investopedia,"EN
Sign in
Before you continue to Google
We use cookies and data to
Deliver and maintain Google services
Track outages and protect against spam, fraud, and abuse
Measure audience engagement and site statistics to understand how our services are used and enhance the quality of those services
If you choose to “Accept all,” we will also use cookies and data to
Develop and improve new services
Deliver and measure the effectiveness of ads
Show personalized content, depending on your settings
Show personalized ads, depending on your settings
If you choose to “Reject all,” we will not use cookies for these additional purposes.
Non-personalized content is influenced by things like the content you’re currently viewing, activity in your active Search session, and your location. Non-personalized ads are influenced by the content you’re currently viewing and your general location. Personalized content and ads can also include more relevant results, recommendations, and tailored ads based on past activity from this browser, like previous Google searches. We also use cookies and data to tailor the experience to be age-appropriate, if relevant.
Select “More options” to see additional information, including details about managing your privacy settings. You can also visit g.co/privacytools at any time.
Reject all
Accept all
More options
Privacy Policy
Terms of Service",https://news.google.com/rss/articles/CBMiugFBVV95cUxNNXZRNUVYeHNReVcydFBENVNraEJTc20xLXd3YldWX3otdHhudVpNSklEaXQyZHpOVUNHY0ZTOVBYeXVRRTJ3WEtPVkJZeFl5LURFSm1kQVg2MzE1THp3TTJheGU5cEs2ZzBqbk05UGVGVGxuU0Z1Wm4yRG1odmppQkFjNkdBa2NJeVFBSlJ6MUV1Z1hoU3RvSjc2bW9nQ2sxTndBM3N4eTkxcXBQWVdzSGlkUkUwTWxta0E?oc=5
2024-04-22,TSLA,Tesla,"Tesla Stock Is Going to Rebound, Contrarians Say - Barron's","EN
Sign in
Before you continue to Google
We use cookies and data to
Deliver and maintain Google services
Track outages and protect against spam, fraud, and abuse
Measure audience engagement and site statistics to understand how our services are used and enhance the quality of those services
If you choose to “Accept all,” we will also use cookies and data to
Develop and improve new services
Deliver and measure the effectiveness of ads
Show personalized content, depending on your settings
Show personalized ads, depending on your settings
If you choose to “Reject all,” we will not use cookies for these additional purposes.
Non-personalized content is influenced by things like the content you’re currently viewing, activity in your active Search session, and your location. Non-personalized ads are influenced by the content you’re currently viewing and your general location. Personalized content and ads can also include more relevant results, recommendations, and tailored ads based on past activity from this browser, like previous Google searches. We also use cookies and data to tailor the experience to be age-appropriate, if relevant.
Select “More options” to see additional information, including details about managing your privacy settings. You can also visit g.co/privacytools at any time.
Reject all
Accept all
More options
Privacy Policy
Terms of Service",https://news.google.com/rss/articles/CBMifEFVX3lxTE9uTHVjbzVWVW5VTm9sRk42Z0pNY2VTWFBLV0hGbXFSa2VlMWpGNml2UWNKQVlhTU1LVV9TcXhkRHl2QUNleTQ0VFNkNlBMc1FfRjU3UUxqWi1DN2xidEwtYTZHZUotNHRUWHJQdWh0TDg3OXdQSnVtb3EtZ0c?oc=5
2024-04-23,TSLA,Tesla,"Stock Market News, April 23, 2024: Nasdaq Closes Higher; Tesla Stock Rises Post-Market - WSJ","EN
Sign in
Before you continue to Google
We use cookies and data to
Deliver and maintain Google services
Track outages and protect against spam, fraud, and abuse
Measure audience engagement and site statistics to understand how our services are used and enhance the quality of those services
If you choose to “Accept all,” we will also use cookies and data to
Develop and improve new services
Deliver and measure the effectiveness of ads
Show personalized content, depending on your settings
Show personalized ads, depending on your settings
If you choose to “Reject all,” we will not use cookies for these additional purposes.
Non-personalized content is influenced by things like the content you’re currently viewing, activity in your active Search session, and your location. Non-personalized ads are influenced by the content you’re currently viewing and your general location. Personalized content and ads can also include more relevant results, recommendations, and tailored ads based on past activity from this browser, like previous Google searches. We also use cookies and data to tailor the experience to be age-appropriate, if relevant.
Select “More options” to see additional information, including details about managing your privacy settings. You can also visit g.co/privacytools at any time.
Reject all
Accept all
More options
Privacy Policy
Terms of Service",https://news.google.com/rss/articles/CBMie0FVX3lxTE9qQlBhcGVTbDRCUkpPNHN6OFFKRjNJVERHUzNNMFQzQjZUUjY2M1E5RkJMbUtYREhQMkhESnQxQzBrWk5mREFVY0VBSUxIQUxOQXlpT3d1bTV5LU56aUlXckxqZVQtZlpLQmpFZk5NNnB1MjlOZjJUcENfZw?oc=5
2024-04-23,TSLA,Tesla,Tesla Stock Jumps on Accelerated Production Plans Despite Earnings Miss - Investopedia,"EN
Sign in
Before you continue to Google
We use cookies and data to
Deliver and maintain Google services
Track outages and protect against spam, fraud, and abuse
Measure audience engagement and site statistics to understand how our services are used and enhance the quality of those services
If you choose to “Accept all,” we will also use cookies and data to
Develop and improve new services
Deliver and measure the effectiveness of ads
Show personalized content, depending on your settings
Show personalized ads, depending on your settings
If you choose to “Reject all,” we will not use cookies for these additional purposes.
Non-personalized content is influenced by things like the content you’re currently viewing, activity in your active Search session, and your location. Non-personalized ads are influenced by the content you’re currently viewing and your general location. Personalized content and ads can also include more relevant results, recommendations, and tailored ads based on past activity from this browser, like previous Google searches. We also use cookies and data to tailor the experience to be age-appropriate, if relevant.
Select “More options” to see additional information, including details about managing your privacy settings. You can also visit g.co/privacytools at any time.
Reject all
Accept all
More options
Privacy Policy
Terms of Service",https://news.google.com/rss/articles/CBMibkFVX3lxTE95UHVyM0FZMS1SUTVjWjFtNnF2c1ExcVlOd3ZPUGlxVU1GbGtDTnFydEZMOHdaemZyUThsM1JISWdhRnUzejQ2Q0ZRZk91RkpXc19WUzQ3eGJSZjJlSzdaNk42TURqSmhRaWotV0lR?oc=5
2024-04-25,TSLA,Tesla,Tesla First-Quarter Earnings: Stock Pops on Results; Elon Musk Says Sales Will Grow; Model 2 Timeline - Barron's,"EN
Sign in
Before you continue to Google
We use cookies and data to
Deliver and maintain Google services
Track outages and protect against spam, fraud, and abuse
Measure audience engagement and site statistics to understand how our services are used and enhance the quality of those services
If you choose to “Accept all,” we will also use cookies and data to
Develop and improve new services
Deliver and measure the effectiveness of ads
Show personalized content, depending on your settings
Show personalized ads, depending on your settings
If you choose to “Reject all,” we will not use cookies for these additional purposes.
Non-personalized content is influenced by things like the content you’re currently viewing, activity in your active Search session, and your location. Non-personalized ads are influenced by the content you’re currently viewing and your general location. Personalized content and ads can also include more relevant results, recommendations, and tailored ads based on past activity from this browser, like previous Google searches. We also use cookies and data to tailor the experience to be age-appropriate, if relevant.
Select “More options” to see additional information, including details about managing your privacy settings. You can also visit g.co/privacytools at any time.
Reject all
Accept all
More options
Privacy Policy
Terms of Service",https://news.google.com/rss/articles/CBMicEFVX3lxTE5XY284VDZQUUZvV1IwYWJ6NVVNT3lZVjM2cW8waDVqTnhtbXVpWndGNUluUzhzN3F3Z2RITU1WV3hVTkkxN2FTMEhSYV9nZGNjZW1qZ21DVWk0OXNEZVlqNHBCY3cwOEdTWG1saGhDLUs?oc=5
2024-05-08,TSLA,Tesla,Tesla Stock Drops Again on Reports of Musk FSD Investigation - Barron's,"EN
Sign in
Before you continue to Google
We use cookies and data to
Deliver and maintain Google services
Track outages and protect against spam, fraud, and abuse
Measure audience engagement and site statistics to understand how our services are used and enhance the quality of those services
If you choose to “Accept all,” we will also use cookies and data to
Develop and improve new services
Deliver and measure the effectiveness of ads
Show personalized content, depending on your settings
Show personalized ads, depending on your settings
If you choose to “Reject all,” we will not use cookies for these additional purposes.
Non-personalized content is influenced by things like the content you’re currently viewing, activity in your active Search session, and your location. Non-personalized ads are influenced by the content you’re currently viewing and your general location. Personalized content and ads can also include more relevant results, recommendations, and tailored ads based on past activity from this browser, like previous Google searches. We also use cookies and data to tailor the experience to be age-appropriate, if relevant.
Select “More options” to see additional information, including details about managing your privacy settings. You can also visit g.co/privacytools at any time.
Reject all
Accept all
More options
Privacy Policy
Terms of Service",https://news.google.com/rss/articles/CBMihAFBVV95cUxOeVNYa1ZNUHRwWjZEQXZxZVRnMkl6SVJrTFF4djFhQjVPamw5YjZDSWFUaW5ZWl93aEtPR2JEQ2pHT3RUdFJlUXpYNXp6TFUyODIyRjJTZ3RLMGhNSWNNanQtdlNaTXpGdVJxSlBnMUp6VzRGREdaRTJ0Z25RcFZDNWczVXE?oc=5
2024-05-30,TSLA,Tesla,Why This Analyst Says Tesla Stock Could Surge More Than 260% - Investor's Business Daily,"EN
Sign in
Before you continue to Google
We use cookies and data to
Deliver and maintain Google services
Track outages and protect against spam, fraud, and abuse
Measure audience engagement and site statistics to understand how our services are used and enhance the quality of those services
If you choose to “Accept all,” we will also use cookies and data to
Develop and improve new services
Deliver and measure the effectiveness of ads
Show personalized content, depending on your settings
Show personalized ads, depending on your settings
If you choose to “Reject all,” we will not use cookies for these additional purposes.
Non-personalized content is influenced by things like the content you’re currently viewing, activity in your active Search session, and your location. Non-personalized ads are influenced by the content you’re currently viewing and your general location. Personalized content and ads can also include more relevant results, recommendations, and tailored ads based on past activity from this browser, like previous Google searches. We also use cookies and data to tailor the experience to be age-appropriate, if relevant.
Select “More options” to see additional information, including details about managing your privacy settings. You can also visit g.co/privacytools at any time.
Reject all
Accept all
More options
Privacy Policy
Terms of Service",https://news.google.com/rss/articles/CBMihwFBVV95cUxPRXVQVjhtOXVyeE1fblFBemxqWFNqb09lTW1kZVRIWVAzUEZmZHlLbTlxd1hHZEhpbVV1TXNRUFU4Q3NjTmRxakZJWEV5V3VucG1MZGEzMEVNbnB0eGZKb0xSeTJERV81TWlILVVFc0ttU0xjSnJxY0E3Ty00MnA1UnNSR0x5d2s?oc=5
2024-05-13,TSLA,Tesla,Tesla Stock in Focus after EV Maker Launches Model Y Financing Initiative - Investopedia,"EN
Sign in
Before you continue to Google
We use cookies and data to
Deliver and maintain Google services
Track outages and protect against spam, fraud, and abuse
Measure audience engagement and site statistics to understand how our services are used and enhance the quality of those services
If you choose to “Accept all,” we will also use cookies and data to
Develop and improve new services
Deliver and measure the effectiveness of ads
Show personalized content, depending on your settings
Show personalized ads, depending on your settings
If you choose to “Reject all,” we will not use cookies for these additional purposes.
Non-personalized content is influenced by things like the content you’re currently viewing, activity in your active Search session, and your location. Non-personalized ads are influenced by the content you’re currently viewing and your general location. Personalized content and ads can also include more relevant results, recommendations, and tailored ads based on past activity from this browser, like previous Google searches. We also use cookies and data to tailor the experience to be age-appropriate, if relevant.
Select “More options” to see additional information, including details about managing your privacy settings. You can also visit g.co/privacytools at any time.
Reject all
Accept all
More options
Privacy Policy
Terms of Service",https://news.google.com/rss/articles/CBMirwFBVV95cUxNUExYUXVqTXN5X19UX1ZNWWVBU0xVZHVhTkphaXNKZkpyTTlOOEtVRjZNS1ZPb2tnbkNIU210ZHdiZjc0MFlZeklBQWl6Ym1ZX292MGpXTWxvVVh2LW5hSWtLMjVCY0hHdEExQnlBbW9jZGxRR2FNZ1R6Z3hJVk1SNEJPSklraFl3RDBzMzVpYXFkYmZhYm1YbjRYdkVxZ2tIdGw4T1ZPWUpmWmU1LVVJ?oc=5
2024-05-21,TSLA,Tesla,"Tesla stock pops after company reveals new details, deliveries for its semitruck program - Yahoo Finance","EN
Sign in
Before you continue to Google
We use cookies and data to
Deliver and maintain Google services
Track outages and protect against spam, fraud, and abuse
Measure audience engagement and site statistics to understand how our services are used and enhance the quality of those services
If you choose to “Accept all,” we will also use cookies and data to
Develop and improve new services
Deliver and measure the effectiveness of ads
Show personalized content, depending on your settings
Show personalized ads, depending on your settings
If you choose to “Reject all,” we will not use cookies for these additional purposes.
Non-personalized content is influenced by things like the content you’re currently viewing, activity in your active Search session, and your location. Non-personalized ads are influenced by the content you’re currently viewing and your general location. Personalized content and ads can also include more relevant results, recommendations, and tailored ads based on past activity from this browser, like previous Google searches. We also use cookies and data to tailor the experience to be age-appropriate, if relevant.
Select “More options” to see additional information, including details about managing your privacy settings. You can also visit g.co/privacytools at any time.
Reject all
Accept all
More options
Privacy Policy
Terms of Service",https://news.google.com/rss/articles/CBMizgFBVV95cUxOcVc0SGloSVRwZDVmQWRrc3NHQ1o1enlETHZib29HS05ScVFGdkxqZHRRaEQ4VjZmWGhZUFZxeFBiZnZKYUFka3o0YWpPUGFPMUF3TzE4WG1oNUVPa1VDRHoyaUEwaDhXdkV2WkdsTk84SnQxZVVDeFF4VnM5OEdKeHpjQjlvc2tDdnhPYXRQX3VLWTNxOHhDeENoYzV1WjV0SGJrN1l0R2ttbkFxWUJ4eTJtaHFuZTRMbEpyeGFiLTU1RVJ0Q1VHQmF5YkRzQQ?oc=5
2024-05-05,TSLA,Tesla,Tesla Stock Put Options Are Still Highly Priced - Ideal for Shareholders to Sell Short for Income - Nasdaq,"EN
Sign in
Before you continue to Google
We use cookies and data to
Deliver and maintain Google services
Track outages and protect against spam, fraud, and abuse
Measure audience engagement and site statistics to understand how our services are used and enhance the quality of those services
If you choose to “Accept all,” we will also use cookies and data to
Develop and improve new services
Deliver and measure the effectiveness of ads
Show personalized content, depending on your settings
Show personalized ads, depending on your settings
If you choose to “Reject all,” we will not use cookies for these additional purposes.
Non-personalized content is influenced by things like the content you’re currently viewing, activity in your active Search session, and your location. Non-personalized ads are influenced by the content you’re currently viewing and your general location. Personalized content and ads can also include more relevant results, recommendations, and tailored ads based on past activity from this browser, like previous Google searches. We also use cookies and data to tailor the experience to be age-appropriate, if relevant.
Select “More options” to see additional information, including details about managing your privacy settings. You can also visit g.co/privacytools at any time.
Reject all
Accept all
More options
Privacy Policy
Terms of Service",https://news.google.com/rss/articles/CBMivAFBVV95cUxOVDlfOFNGemphbzJSRmlvR2dsWUg3V1F5Q29id0xjSEkyTVM4VXVEN3NCejc2WVM2QU9XNUVJNlY1VTNvWFAxUXpGUm10TXc4WTZCX0tDVDdKbE1ZTU1iOEZwdi15am9WcjVIX0w1MTNPZkV4dXdfZ0JxTVJPaTBic1NIU25JcTUwQ2JqcW1ILU5aQ19BMER3T2ZISlpCbXBRRUtaUHpMT0VVaUluUTZiQ1NSWUxJZ280M1ByVw?oc=5
2024-05-13,TSLA,Tesla,"Tesla will drop 70% after robotaxi and AI ambitions stop shielding a failing business, 'Big Short' investor says - markets.businessinsider.com","EN
Sign in
Before you continue to Google
We use cookies and data to
Deliver and maintain Google services
Track outages and protect against spam, fraud, and abuse
Measure audience engagement and site statistics to understand how our services are used and enhance the quality of those services
If you choose to “Accept all,” we will also use cookies and data to
Develop and improve new services
Deliver and measure the effectiveness of ads
Show personalized content, depending on your settings
Show personalized ads, depending on your settings
If you choose to “Reject all,” we will not use cookies for these additional purposes.
Non-personalized content is influenced by things like the content you’re currently viewing, activity in your active Search session, and your location. Non-personalized ads are influenced by the content you’re currently viewing and your general location. Personalized content and ads can also include more relevant results, recommendations, and tailored ads based on past activity from this browser, like previous Google searches. We also use cookies and data to tailor the experience to be age-appropriate, if relevant.
Select “More options” to see additional information, including details about managing your privacy settings. You can also visit g.co/privacytools at any time.
Reject all
Accept all
More options
Privacy Policy
Terms of Service",https://news.google.com/rss/articles/CBMiwAFBVV95cUxPckQ2QUNURFI4QmVCZ0NrTGZQS3lMR29NTDFrWTBGcmNkNXJUTVlCTXZON0FBOHd0dzBHOWlLTDNLa1JETjEwUnlFdDI3b2tFWndBWnVhOEhMbGgxSW1WeXZLU0lsei1WZHAyQ0VQZTJRQk9ZLTBHZGZDeFpZQnUzQnJaOVEyV0Q0UEk3MVhnOTVPZUI1YXhfczVmQk9BT0x2TUw4T3k3R3ZxM2JpV0o2b2ExRjQ4Wkx1RHR4SDlhdEw?oc=5
2024-05-21,TSLA,Tesla,Tesla Stock Rebounds as XPeng Earnings Reassure Investors - Barron's,"EN
Sign in
Before you continue to Google
We use cookies and data to
Deliver and maintain Google services
Track outages and protect against spam, fraud, and abuse
Measure audience engagement and site statistics to understand how our services are used and enhance the quality of those services
If you choose to “Accept all,” we will also use cookies and data to
Develop and improve new services
Deliver and measure the effectiveness of ads
Show personalized content, depending on your settings
Show personalized ads, depending on your settings
If you choose to “Reject all,” we will not use cookies for these additional purposes.
Non-personalized content is influenced by things like the content you’re currently viewing, activity in your active Search session, and your location. Non-personalized ads are influenced by the content you’re currently viewing and your general location. Personalized content and ads can also include more relevant results, recommendations, and tailored ads based on past activity from this browser, like previous Google searches. We also use cookies and data to tailor the experience to be age-appropriate, if relevant.
Select “More options” to see additional information, including details about managing your privacy settings. You can also visit g.co/privacytools at any time.
Reject all
Accept all
More options
Privacy Policy
Terms of Service",https://news.google.com/rss/articles/CBMiggFBVV95cUxONzlQLWZWYXV0cUFLUGhzampXTFBzS1RmZEpjTlJDWjh1dlB4dl9zNWdrMHFYNWltaXZTNzFhUTRHQ2VoY0Mtb0F5SENLM1BMcDdLM2JSR0xzS1E5WXJSeUVHTzRsN1BhV1RGSkI0LURlR3VEaGloQmlaZjBFMXlhMjJn?oc=5
2024-05-09,TSLA,Tesla,Tesla Stock Is Down 30% In 2024. But This Company Is Up 40% And Saw EV Growth Last Quarter. - Investor's Business Daily,"EN
Sign in
Before you continue to Google
We use cookies and data to
Deliver and maintain Google services
Track outages and protect against spam, fraud, and abuse
Measure audience engagement and site statistics to understand how our services are used and enhance the quality of those services
If you choose to “Accept all,” we will also use cookies and data to
Develop and improve new services
Deliver and measure the effectiveness of ads
Show personalized content, depending on your settings
Show personalized ads, depending on your settings
If you choose to “Reject all,” we will not use cookies for these additional purposes.
Non-personalized content is influenced by things like the content you’re currently viewing, activity in your active Search session, and your location. Non-personalized ads are influenced by the content you’re currently viewing and your general location. Personalized content and ads can also include more relevant results, recommendations, and tailored ads based on past activity from this browser, like previous Google searches. We also use cookies and data to tailor the experience to be age-appropriate, if relevant.
Select “More options” to see additional information, including details about managing your privacy settings. You can also visit g.co/privacytools at any time.
Reject all
Accept all
More options
Privacy Policy
Terms of Service",https://news.google.com/rss/articles/CBMiiAFBVV95cUxQSjB5M0hrb3hPX0FzeHJlZHRUckNHQVRLbzJIMDFDMGdfNTJzaUtRc3R6UlJGLUEzV2VTMFlmUEYxWXlxN2hqMnRxQ3lmUTBOTkZaSXVMZ1plcU9Kd1BJbXZYc2oyYk54c2V4eVRpelZUVGZJeEhLZGxOWUJ5bElqc2txcGVPT2Et?oc=5
2024-05-10,TSLA,Tesla,Elon Musk says Warren Buffett should buy Tesla stock — Berkshire already even owns a stake in its top competitor - Yahoo Finance,"EN
Sign in
Before you continue to Google
We use cookies and data to
Deliver and maintain Google services
Track outages and protect against spam, fraud, and abuse
Measure audience engagement and site statistics to understand how our services are used and enhance the quality of those services
If you choose to “Accept all,” we will also use cookies and data to
Develop and improve new services
Deliver and measure the effectiveness of ads
Show personalized content, depending on your settings
Show personalized ads, depending on your settings
If you choose to “Reject all,” we will not use cookies for these additional purposes.
Non-personalized content is influenced by things like the content you’re currently viewing, activity in your active Search session, and your location. Non-personalized ads are influenced by the content you’re currently viewing and your general location. Personalized content and ads can also include more relevant results, recommendations, and tailored ads based on past activity from this browser, like previous Google searches. We also use cookies and data to tailor the experience to be age-appropriate, if relevant.
Select “More options” to see additional information, including details about managing your privacy settings. You can also visit g.co/privacytools at any time.
Reject all
Accept all
More options
Privacy Policy
Terms of Service",https://news.google.com/rss/articles/CBMigAFBVV95cUxPamZvZmpBdDRVRXhIUnhFbUJERGxhdkdNSFRQX3BKME5GT1VSNmV2aEw0Undkc05va3RuNWFXamJXSmVfSkdaWVg1TF9rNlVKMFQ1S1JFQkQ5NnNhLVVfZ0lDVHNIR2Y5a29ETUVqWk02bHJnM3VxY1V3aHU0dC1iZQ?oc=5
2024-05-06,TSLA,Tesla,Tesla Stock Is Rising After an Eventful Weekend - Barron's,"EN
Sign in
Before you continue to Google
We use cookies and data to
Deliver and maintain Google services
Track outages and protect against spam, fraud, and abuse
Measure audience engagement and site statistics to understand how our services are used and enhance the quality of those services
If you choose to “Accept all,” we will also use cookies and data to
Develop and improve new services
Deliver and measure the effectiveness of ads
Show personalized content, depending on your settings
Show personalized ads, depending on your settings
If you choose to “Reject all,” we will not use cookies for these additional purposes.
Non-personalized content is influenced by things like the content you’re currently viewing, activity in your active Search session, and your location. Non-personalized ads are influenced by the content you’re currently viewing and your general location. Personalized content and ads can also include more relevant results, recommendations, and tailored ads based on past activity from this browser, like previous Google searches. We also use cookies and data to tailor the experience to be age-appropriate, if relevant.
Select “More options” to see additional information, including details about managing your privacy settings. You can also visit g.co/privacytools at any time.
Reject all
Accept all
More options
Privacy Policy
Terms of Service",https://news.google.com/rss/articles/CBMiekFVX3lxTE03WjdjckFvTm42NGtEREI4Vzh5YjBTWUxqY0xTeDlQbWJGNjl0NkNSYXB3MHk4TUVvd3FWeGtUZURLWkphOHBNdVBKbjN3NXI0WVZkYnk1UURoVk8yLU83VU5XOVNjWS1qUEJHTmZGSlNUcEVkOTVrNkhB?oc=5
2024-04-30,TSLA,Tesla,Tesla Has Best Single Day Gain In More Than Three Years On 'Home Run' China FSD Approval - Investor's Business Daily,"EN
Sign in
Before you continue to Google
We use cookies and data to
Deliver and maintain Google services
Track outages and protect against spam, fraud, and abuse
Measure audience engagement and site statistics to understand how our services are used and enhance the quality of those services
If you choose to “Accept all,” we will also use cookies and data to
Develop and improve new services
Deliver and measure the effectiveness of ads
Show personalized content, depending on your settings
Show personalized ads, depending on your settings
If you choose to “Reject all,” we will not use cookies for these additional purposes.
Non-personalized content is influenced by things like the content you’re currently viewing, activity in your active Search session, and your location. Non-personalized ads are influenced by the content you’re currently viewing and your general location. Personalized content and ads can also include more relevant results, recommendations, and tailored ads based on past activity from this browser, like previous Google searches. We also use cookies and data to tailor the experience to be age-appropriate, if relevant.
Select “More options” to see additional information, including details about managing your privacy settings. You can also visit g.co/privacytools at any time.
Reject all
Accept all
More options
Privacy Policy
Terms of Service",https://news.google.com/rss/articles/CBMilgFBVV95cUxNVkZFbndibFZ3MEN1WThyaTl2LS1URlNmYVVNVjk0ZjhWb2RqQjc5SWE1aUxCcERWcEVZQTdiZFk4QklfSkJXOENhR3JhakRCQnBLUmJBZTZLNDQzTmJWakNpQ2tPUVkxVXJielozdUtpcFdwNllHcUEtOUlVbjJCcnZaLTA1cmdHdDAxTndqUWZoUll3dUE?oc=5
2024-05-02,TSLA,Tesla,Tesla Stock Gets a New Buy Rating - Barron's,"EN
Sign in
Before you continue to Google
We use cookies and data to
Deliver and maintain Google services
Track outages and protect against spam, fraud, and abuse
Measure audience engagement and site statistics to understand how our services are used and enhance the quality of those services
If you choose to “Accept all,” we will also use cookies and data to
Develop and improve new services
Deliver and measure the effectiveness of ads
Show personalized content, depending on your settings
Show personalized ads, depending on your settings
If you choose to “Reject all,” we will not use cookies for these additional purposes.
Non-personalized content is influenced by things like the content you’re currently viewing, activity in your active Search session, and your location. Non-personalized ads are influenced by the content you’re currently viewing and your general location. Personalized content and ads can also include more relevant results, recommendations, and tailored ads based on past activity from this browser, like previous Google searches. We also use cookies and data to tailor the experience to be age-appropriate, if relevant.
Select “More options” to see additional information, including details about managing your privacy settings. You can also visit g.co/privacytools at any time.
Reject all
Accept all
More options
Privacy Policy
Terms of Service",https://news.google.com/rss/articles/CBMic0FVX3lxTE1sWG9XMFkzbTl1dWJoSVFIRjkwUklZa0NYcmNoc0labXJPTTF3bFZXS1N4ZWdWbjg0Zk5BX2l2SGJFU2d3WEVtOGp4RFZ3ZjFOOTZJYTRTRGlnbFVTc040eHVzRlUwUDdYZUJpMnJCNk9vWlE?oc=5
2024-05-08,TSLA,Tesla,Tesla Stock Tests Key Support As DOJ Reportedly Investigates Tesla Over Autonomous Driving - Investor's Business Daily,"EN
Sign in
Before you continue to Google
We use cookies and data to
Deliver and maintain Google services
Track outages and protect against spam, fraud, and abuse
Measure audience engagement and site statistics to understand how our services are used and enhance the quality of those services
If you choose to “Accept all,” we will also use cookies and data to
Develop and improve new services
Deliver and measure the effectiveness of ads
Show personalized content, depending on your settings
Show personalized ads, depending on your settings
If you choose to “Reject all,” we will not use cookies for these additional purposes.
Non-personalized content is influenced by things like the content you’re currently viewing, activity in your active Search session, and your location. Non-personalized ads are influenced by the content you’re currently viewing and your general location. Personalized content and ads can also include more relevant results, recommendations, and tailored ads based on past activity from this browser, like previous Google searches. We also use cookies and data to tailor the experience to be age-appropriate, if relevant.
Select “More options” to see additional information, including details about managing your privacy settings. You can also visit g.co/privacytools at any time.
Reject all
Accept all
More options
Privacy Policy
Terms of Service",https://news.google.com/rss/articles/CBMidEFVX3lxTE9TQ2VUbVJUVnFnVTByMmdqSGJSXzZVbW1uX3YxMWhNZVBpdFNxM1psSW5HYmhKazF2Q2dKSHo4VVJNY1dKaW90ZVpIYnlBTVlDLVpiZmo5dTFhb0o5NGVxdGh5OVZyTzFYLXkzNEw5VUZBZTVt?oc=5
2024-04-30,TSLA,Tesla,"Tesla Layoffs, Exec Departures Weigh On Stock - Barron's","EN
Sign in
Before you continue to Google
We use cookies and data to
Deliver and maintain Google services
Track outages and protect against spam, fraud, and abuse
Measure audience engagement and site statistics to understand how our services are used and enhance the quality of those services
If you choose to “Accept all,” we will also use cookies and data to
Develop and improve new services
Deliver and measure the effectiveness of ads
Show personalized content, depending on your settings
Show personalized ads, depending on your settings
If you choose to “Reject all,” we will not use cookies for these additional purposes.
Non-personalized content is influenced by things like the content you’re currently viewing, activity in your active Search session, and your location. Non-personalized ads are influenced by the content you’re currently viewing and your general location. Personalized content and ads can also include more relevant results, recommendations, and tailored ads based on past activity from this browser, like previous Google searches. We also use cookies and data to tailor the experience to be age-appropriate, if relevant.
Select “More options” to see additional information, including details about managing your privacy settings. You can also visit g.co/privacytools at any time.
Reject all
Accept all
More options
Privacy Policy
Terms of Service",https://news.google.com/rss/articles/CBMifEFVX3lxTE5sb3BUdTB6dkhYQ0dOemVJaFUyY1pSMDJVQWRPSjZFbGJ1YUlidzNsazRIMWp1RV9oN3RlTU16QzNUd1JCOVNOYXdqU1RrWGVSSXhyd0g3ODF4b0VZSWFWTjh6NkJjMmoxdjZpRjhNeldXV2Zzb25WdUJEWlQ?oc=5
2024-05-30,TSLA,Tesla,Tesla Shareholders Are Voting On Elon Musk's Pay Package. What We Know And What's At Stake. - Investor's Business Daily,"EN
Sign in
Before you continue to Google
We use cookies and data to
Deliver and maintain Google services
Track outages and protect against spam, fraud, and abuse
Measure audience engagement and site statistics to understand how our services are used and enhance the quality of those services
If you choose to “Accept all,” we will also use cookies and data to
Develop and improve new services
Deliver and measure the effectiveness of ads
Show personalized content, depending on your settings
Show personalized ads, depending on your settings
If you choose to “Reject all,” we will not use cookies for these additional purposes.
Non-personalized content is influenced by things like the content you’re currently viewing, activity in your active Search session, and your location. Non-personalized ads are influenced by the content you’re currently viewing and your general location. Personalized content and ads can also include more relevant results, recommendations, and tailored ads based on past activity from this browser, like previous Google searches. We also use cookies and data to tailor the experience to be age-appropriate, if relevant.
Select “More options” to see additional information, including details about managing your privacy settings. You can also visit g.co/privacytools at any time.
Reject all
Accept all
More options
Privacy Policy
Terms of Service",https://news.google.com/rss/articles/CBMiggFBVV95cUxQNnlmLWV0VVJPZVNZTjhYM3VQcVlvQ2hDMm92YVVRZnQzOXZ1OE9reE1POTRSTWJuQ3dNallLckFBVndtRzQ1elRZYkpLTVFpZ0FESzdHVXlfX3RtNmFCbTJEbGJ3dEl5WlZvWlhqSS1CLVIwbk92TUh3VVJNanJwai1n?oc=5
2024-05-17,TSLA,Tesla,Tesla Shrugs Off Legal Problems. Why They Are No Surprise. - Barron's,"EN
Sign in
Before you continue to Google
We use cookies and data to
Deliver and maintain Google services
Track outages and protect against spam, fraud, and abuse
Measure audience engagement and site statistics to understand how our services are used and enhance the quality of those services
If you choose to “Accept all,” we will also use cookies and data to
Develop and improve new services
Deliver and measure the effectiveness of ads
Show personalized content, depending on your settings
Show personalized ads, depending on your settings
If you choose to “Reject all,” we will not use cookies for these additional purposes.
Non-personalized content is influenced by things like the content you’re currently viewing, activity in your active Search session, and your location. Non-personalized ads are influenced by the content you’re currently viewing and your general location. Personalized content and ads can also include more relevant results, recommendations, and tailored ads based on past activity from this browser, like previous Google searches. We also use cookies and data to tailor the experience to be age-appropriate, if relevant.
Select “More options” to see additional information, including details about managing your privacy settings. You can also visit g.co/privacytools at any time.
Reject all
Accept all
More options
Privacy Policy
Terms of Service",https://news.google.com/rss/articles/CBMickFVX3lxTE5jRG1FU0tSdmZCUlVZdXdyazc1cU9iMzRZSF9zZzlkdHBzU2xLbDVqWlU5QzVHWk81YWt2ME1DZ3BxNE8tNlRCRlpiUjVDRG1PTk5PX3hoa0F0UUZpM0NJaUpJRVNSVGJvaTVWV0JpMXh1UQ?oc=5
2024-05-07,TSLA,Tesla,Tesla Stock Drops as Government Ramps Up Self-Driving Oversight - Barron's,"EN
Sign in
Before you continue to Google
We use cookies and data to
Deliver and maintain Google services
Track outages and protect against spam, fraud, and abuse
Measure audience engagement and site statistics to understand how our services are used and enhance the quality of those services
If you choose to “Accept all,” we will also use cookies and data to
Develop and improve new services
Deliver and measure the effectiveness of ads
Show personalized content, depending on your settings
Show personalized ads, depending on your settings
If you choose to “Reject all,” we will not use cookies for these additional purposes.
Non-personalized content is influenced by things like the content you’re currently viewing, activity in your active Search session, and your location. Non-personalized ads are influenced by the content you’re currently viewing and your general location. Personalized content and ads can also include more relevant results, recommendations, and tailored ads based on past activity from this browser, like previous Google searches. We also use cookies and data to tailor the experience to be age-appropriate, if relevant.
Select “More options” to see additional information, including details about managing your privacy settings. You can also visit g.co/privacytools at any time.
Reject all
Accept all
More options
Privacy Policy
Terms of Service",https://news.google.com/rss/articles/CBMid0FVX3lxTE5vdmhVOXBvLXpXUEdZNEpTaEFmNTRHQnpEeWVRWnAxZzJwWUJJMWRUaXNicmRqM0EzWUNKQ3kteVlSZmM2SFJHSEVidklCWTVKVk9kRXROd1RjNDVGNzJMUUZtMEs1ZlA5eTVRNmtaeW1pckFmRV8w?oc=5
2024-05-10,TSLA,Tesla,A Departing Tesla Exec Said What Everyone Is Thinking - Barron's,"EN
Sign in
Before you continue to Google
We use cookies and data to
Deliver and maintain Google services
Track outages and protect against spam, fraud, and abuse
Measure audience engagement and site statistics to understand how our services are used and enhance the quality of those services
If you choose to “Accept all,” we will also use cookies and data to
Develop and improve new services
Deliver and measure the effectiveness of ads
Show personalized content, depending on your settings
Show personalized ads, depending on your settings
If you choose to “Reject all,” we will not use cookies for these additional purposes.
Non-personalized content is influenced by things like the content you’re currently viewing, activity in your active Search session, and your location. Non-personalized ads are influenced by the content you’re currently viewing and your general location. Personalized content and ads can also include more relevant results, recommendations, and tailored ads based on past activity from this browser, like previous Google searches. We also use cookies and data to tailor the experience to be age-appropriate, if relevant.
Select “More options” to see additional information, including details about managing your privacy settings. You can also visit g.co/privacytools at any time.
Reject all
Accept all
More options
Privacy Policy
Terms of Service",https://news.google.com/rss/articles/CBMiggFBVV95cUxNZ3lQTThidGZ0MzkzVGx4SWJEVXVQYjkybTlQTUt6UERfNjVxTFlvVzZXV1ZxV1JHb1pZUnVtXzJYWlBYMzM1Nk41em9meTVhSllSQUFidUhnRVZKMjdFVEoxbEZlbjBPdlZOSEtnSlBCeS1NWVBkaUgzRkd1QUpEaDR3?oc=5
2024-05-28,TSLA,Tesla,Tesla Stock Drops as Glass Lewis Urges Shareholders to Reject Musk Pay Package - Barron's,"EN
Sign in
Before you continue to Google
We use cookies and data to
Deliver and maintain Google services
Track outages and protect against spam, fraud, and abuse
Measure audience engagement and site statistics to understand how our services are used and enhance the quality of those services
If you choose to “Accept all,” we will also use cookies and data to
Develop and improve new services
Deliver and measure the effectiveness of ads
Show personalized content, depending on your settings
Show personalized ads, depending on your settings
If you choose to “Reject all,” we will not use cookies for these additional purposes.
Non-personalized content is influenced by things like the content you’re currently viewing, activity in your active Search session, and your location. Non-personalized ads are influenced by the content you’re currently viewing and your general location. Personalized content and ads can also include more relevant results, recommendations, and tailored ads based on past activity from this browser, like previous Google searches. We also use cookies and data to tailor the experience to be age-appropriate, if relevant.
Select “More options” to see additional information, including details about managing your privacy settings. You can also visit g.co/privacytools at any time.
Reject all
Accept all
More options
Privacy Policy
Terms of Service",https://news.google.com/rss/articles/CBMifkFVX3lxTE03czVIOFFzc19Kc3VSdEVHWmJvZlJTQXhWR3pNQ1FqVVZHMWJmQWxGWmR2bWkybFBncHBOT1d3bnlhRklmTl9wWE5jUzNHREJKZ1U4cW5UYWdRRGRicVJ3a1lqMWtUTUdhaUMwSUhvMDJlTlZqcXBXMWVhelI4dw?oc=5
2024-05-16,TSLA,Tesla,Tesla Stock Is Dropping Why It’s Sitting Out the Market Rally. - Barron's,"EN
Sign in
Before you continue to Google
We use cookies and data to
Deliver and maintain Google services
Track outages and protect against spam, fraud, and abuse
Measure audience engagement and site statistics to understand how our services are used and enhance the quality of those services
If you choose to “Accept all,” we will also use cookies and data to
Develop and improve new services
Deliver and measure the effectiveness of ads
Show personalized content, depending on your settings
Show personalized ads, depending on your settings
If you choose to “Reject all,” we will not use cookies for these additional purposes.
Non-personalized content is influenced by things like the content you’re currently viewing, activity in your active Search session, and your location. Non-personalized ads are influenced by the content you’re currently viewing and your general location. Personalized content and ads can also include more relevant results, recommendations, and tailored ads based on past activity from this browser, like previous Google searches. We also use cookies and data to tailor the experience to be age-appropriate, if relevant.
Select “More options” to see additional information, including details about managing your privacy settings. You can also visit g.co/privacytools at any time.
Reject all
Accept all
More options
Privacy Policy
Terms of Service",https://news.google.com/rss/articles/CBMidkFVX3lxTE96SUcxdktKTFZYekZDY2drNDhYakhWS1luWUxJS3dXN0V0eU1jMW5aSjBKUi1yU3ZVV3NJZHliQ21JOHZXU1VlYWxrd1hISk1YeTlFbGYzbmtRYWhqd2g2T1BmSWNIaVQwX2ZOdmNfaDJGN1daZnc?oc=5
2024-06-13,TSLA,Tesla,Tesla Share Price Is Its Own Referendum on Musk - The New York Times,"EN
Sign in
Before you continue to Google
We use cookies and data to
Deliver and maintain Google services
Track outages and protect against spam, fraud, and abuse
Measure audience engagement and site statistics to understand how our services are used and enhance the quality of those services
If you choose to “Accept all,” we will also use cookies and data to
Develop and improve new services
Deliver and measure the effectiveness of ads
Show personalized content, depending on your settings
Show personalized ads, depending on your settings
If you choose to “Reject all,” we will not use cookies for these additional purposes.
Non-personalized content is influenced by things like the content you’re currently viewing, activity in your active Search session, and your location. Non-personalized ads are influenced by the content you’re currently viewing and your general location. Personalized content and ads can also include more relevant results, recommendations, and tailored ads based on past activity from this browser, like previous Google searches. We also use cookies and data to tailor the experience to be age-appropriate, if relevant.
Select “More options” to see additional information, including details about managing your privacy settings. You can also visit g.co/privacytools at any time.
Reject all
Accept all
More options
Privacy Policy
Terms of Service",https://news.google.com/rss/articles/CBMiekFVX3lxTE55eXVMRWNHa2dWaTBqQzl4Njg1VTFTSkRmUnFPblcybEdxa0U4dEhGdlFRckg4bDl0c2U3Y1N3MFIzaVhmVWVqTEdQbnY1aDVsRmdTTHRDSEg3UUNTUFhGQVhubFR3bjh2aWxpc2c5S1VheGJrZlRrY1l3?oc=5
2024-06-14,TSLA,Tesla,Elon Musk wins pay approval but still faces Tesla's floundering stock and rich valuation - Reuters,"EN
Sign in
Before you continue to Google
We use cookies and data to
Deliver and maintain Google services
Track outages and protect against spam, fraud, and abuse
Measure audience engagement and site statistics to understand how our services are used and enhance the quality of those services
If you choose to “Accept all,” we will also use cookies and data to
Develop and improve new services
Deliver and measure the effectiveness of ads
Show personalized content, depending on your settings
Show personalized ads, depending on your settings
If you choose to “Reject all,” we will not use cookies for these additional purposes.
Non-personalized content is influenced by things like the content you’re currently viewing, activity in your active Search session, and your location. Non-personalized ads are influenced by the content you’re currently viewing and your general location. Personalized content and ads can also include more relevant results, recommendations, and tailored ads based on past activity from this browser, like previous Google searches. We also use cookies and data to tailor the experience to be age-appropriate, if relevant.
Select “More options” to see additional information, including details about managing your privacy settings. You can also visit g.co/privacytools at any time.
Reject all
Accept all
More options
Privacy Policy
Terms of Service",https://news.google.com/rss/articles/CBMi1wFBVV95cUxPWWQ1MFkxWjlIbHRtZFJDTkZPeUkzX0E5UmF5RkljMzBlYmN0VUNmNGltRWp4dlBYNXNHY2VwTHN4bU5tRlJkeUd3TDVKV21RTnE2TFlPV21OcnRPeWpiRjg3Y2FkMWw3d09fbjlLWWJoWlNOZG5nZUpoVGd3ZDhXLXpsdURCd3I3MGJiSExiWHZ4Si0ta3VfSjdpT0d3aWVtSFZHalMycC1aeHExY1dfdXc3c2k2WlgxMUVlU3kxbjY1QmxreHhsTlZ1alFVdXhxaGpvX09QUQ?oc=5
2024-06-04,TSLA,Tesla,Musk accused of improperly selling $7.5 billion in Tesla stock before weak sales report that crashed its price - CNN,"EN
Sign in
Before you continue to Google
We use cookies and data to
Deliver and maintain Google services
Track outages and protect against spam, fraud, and abuse
Measure audience engagement and site statistics to understand how our services are used and enhance the quality of those services
If you choose to “Accept all,” we will also use cookies and data to
Develop and improve new services
Deliver and measure the effectiveness of ads
Show personalized content, depending on your settings
Show personalized ads, depending on your settings
If you choose to “Reject all,” we will not use cookies for these additional purposes.
Non-personalized content is influenced by things like the content you’re currently viewing, activity in your active Search session, and your location. Non-personalized ads are influenced by the content you’re currently viewing and your general location. Personalized content and ads can also include more relevant results, recommendations, and tailored ads based on past activity from this browser, like previous Google searches. We also use cookies and data to tailor the experience to be age-appropriate, if relevant.
Select “More options” to see additional information, including details about managing your privacy settings. You can also visit g.co/privacytools at any time.
Reject all
Accept all
More options
Privacy Policy
Terms of Service",https://news.google.com/rss/articles/CBMihwFBVV95cUxNLXBRaDZfMGhTUC1XRHVYaFRRbnUyX1hSR3E3VmloNnpNLWx0alowSFVaUnBDdExEbzlVR2lmN042Vkk2eFY1OGJGY2d1V09vdTlUYnVmdXpCZk5qR3pIdDNPcmljQk5SQmVwWWl6YnVFU3I4VmtpNF92Y0plZHZ4dkdPUXRhZDjSAX5BVV95cUxNMkpaekk0NDl6a0lJNWFqbE90NDNucVhwRWpLTlpmLUxreHMzcHczbElINGVKd3drRDBRQmE4NGFSWWpvQ3ZZcGVZeUtSTFMwT2JmNjRDSG1KNUxFM25MWnBfTjdhVmxVUVlWa0ZQZWwxeC1wbjh0a3lQbDdaRlE?oc=5
2024-06-28,TSLA,Tesla,Tesla Stock Finally Cracked $200. Here’s Where the Rally Goes Next. - Barron's,"EN
Sign in
Before you continue to Google
We use cookies and data to
Deliver and maintain Google services
Track outages and protect against spam, fraud, and abuse
Measure audience engagement and site statistics to understand how our services are used and enhance the quality of those services
If you choose to “Accept all,” we will also use cookies and data to
Develop and improve new services
Deliver and measure the effectiveness of ads
Show personalized content, depending on your settings
Show personalized ads, depending on your settings
If you choose to “Reject all,” we will not use cookies for these additional purposes.
Non-personalized content is influenced by things like the content you’re currently viewing, activity in your active Search session, and your location. Non-personalized ads are influenced by the content you’re currently viewing and your general location. Personalized content and ads can also include more relevant results, recommendations, and tailored ads based on past activity from this browser, like previous Google searches. We also use cookies and data to tailor the experience to be age-appropriate, if relevant.
Select “More options” to see additional information, including details about managing your privacy settings. You can also visit g.co/privacytools at any time.
Reject all
Accept all
More options
Privacy Policy
Terms of Service",https://news.google.com/rss/articles/CBMihgFBVV95cUxQY2hYaXBtam1hTW54eVJGUE9mWjczYV8wendsbXVhY0dsYjNmZmd1c01CTjFpSzVPRlNwYWxUVUlWVTBqa1NUNEMybjJHckx4UXJyZDJIeFFwTlVXekRSOVVuTUctczQ0MlA5ZmUyeGxEUjhrSm41QjQtdEdCelc4YnNnTGE4dw?oc=5
2024-06-13,TSLA,Tesla,Tesla stock jumps after Musk says shareholders backed pay package - Los Angeles Times,"EN
Sign in
Before you continue to Google
We use cookies and data to
Deliver and maintain Google services
Track outages and protect against spam, fraud, and abuse
Measure audience engagement and site statistics to understand how our services are used and enhance the quality of those services
If you choose to “Accept all,” we will also use cookies and data to
Develop and improve new services
Deliver and measure the effectiveness of ads
Show personalized content, depending on your settings
Show personalized ads, depending on your settings
If you choose to “Reject all,” we will not use cookies for these additional purposes.
Non-personalized content is influenced by things like the content you’re currently viewing, activity in your active Search session, and your location. Non-personalized ads are influenced by the content you’re currently viewing and your general location. Personalized content and ads can also include more relevant results, recommendations, and tailored ads based on past activity from this browser, like previous Google searches. We also use cookies and data to tailor the experience to be age-appropriate, if relevant.
Select “More options” to see additional information, including details about managing your privacy settings. You can also visit g.co/privacytools at any time.
Reject all
Accept all
More options
Privacy Policy
Terms of Service",https://news.google.com/rss/articles/CBMitgFBVV95cUxNVzB5bGlFdG5MdFJJalVjRVcyN0Z6a2RITVBjbDdHaWRpRUpYUXJsa0FtTWNMdU82aDFWUWVYOEJ5YkQ4N3p5dVlTZ2NURUpydGs2d2YxcHU5ZWlUcTNTVVVmMGNoNVdmUC1MLWFfUUR3dVhsNTBoUEx0eFhZS2VDSnNBSEJOcFdiWERwSHA2Y04zQnh0bmxNSXRFNDh5WUtBb05wZDdyeGl5RjVaRFZndVhqRURXUQ?oc=5
2024-05-30,TSLA,Tesla,Why This Analyst Says Tesla Stock Could Surge More Than 260% - Investor's Business Daily,"EN
Sign in
Before you continue to Google
We use cookies and data to
Deliver and maintain Google services
Track outages and protect against spam, fraud, and abuse
Measure audience engagement and site statistics to understand how our services are used and enhance the quality of those services
If you choose to “Accept all,” we will also use cookies and data to
Develop and improve new services
Deliver and measure the effectiveness of ads
Show personalized content, depending on your settings
Show personalized ads, depending on your settings
If you choose to “Reject all,” we will not use cookies for these additional purposes.
Non-personalized content is influenced by things like the content you’re currently viewing, activity in your active Search session, and your location. Non-personalized ads are influenced by the content you’re currently viewing and your general location. Personalized content and ads can also include more relevant results, recommendations, and tailored ads based on past activity from this browser, like previous Google searches. We also use cookies and data to tailor the experience to be age-appropriate, if relevant.
Select “More options” to see additional information, including details about managing your privacy settings. You can also visit g.co/privacytools at any time.
Reject all
Accept all
More options
Privacy Policy
Terms of Service",https://news.google.com/rss/articles/CBMihwFBVV95cUxPRXVQVjhtOXVyeE1fblFBemxqWFNqb09lTW1kZVRIWVAzUEZmZHlLbTlxd1hHZEhpbVV1TXNRUFU4Q3NjTmRxakZJWEV5V3VucG1MZGEzMEVNbnB0eGZKb0xSeTJERV81TWlILVVFc0ttU0xjSnJxY0E3Ty00MnA1UnNSR0x5d2s?oc=5
2024-06-12,TSLA,Tesla,"Tesla’s stock should hit $2,600 in five years, says Cathie Wood’s Ark Invest - MarketWatch","EN
Sign in
Before you continue to Google
We use cookies and data to
Deliver and maintain Google services
Track outages and protect against spam, fraud, and abuse
Measure audience engagement and site statistics to understand how our services are used and enhance the quality of those services
If you choose to “Accept all,” we will also use cookies and data to
Develop and improve new services
Deliver and measure the effectiveness of ads
Show personalized content, depending on your settings
Show personalized ads, depending on your settings
If you choose to “Reject all,” we will not use cookies for these additional purposes.
Non-personalized content is influenced by things like the content you’re currently viewing, activity in your active Search session, and your location. Non-personalized ads are influenced by the content you’re currently viewing and your general location. Personalized content and ads can also include more relevant results, recommendations, and tailored ads based on past activity from this browser, like previous Google searches. We also use cookies and data to tailor the experience to be age-appropriate, if relevant.
Select “More options” to see additional information, including details about managing your privacy settings. You can also visit g.co/privacytools at any time.
Reject all
Accept all
More options
Privacy Policy
Terms of Service",https://news.google.com/rss/articles/CBMitgFBVV95cUxQVHlBTHFqcHU5eVZQajZRelZoRWtMWWptcVZIb216STJaMDhoWjFYZWZScnY0eFRGSlJ6VEJtUXdGcVA0Z0hRVzVJSWhmRkx3a2VaNmZvc1M5SHFDMVAyODBuSU5PY2pITk9kR2dOUlR1VGVPQVdVVk5GelRFNzF1V1pWYjEyV1Q5eENoSjV0THN4TkdSQ2hxTUV2NlhBc2ZvRjBvUldhUmV5VUw2R1RISV9vMjJMZw?oc=5
2024-06-12,TSLA,Tesla,"Cathie Wood’s ARK Invest predicts Tesla stock will surge 1,350% over the next five years. Elon Musk says it’s an ‘extremely challenging, but achievable’ target - Fortune","EN
Sign in
Before you continue to Google
We use cookies and data to
Deliver and maintain Google services
Track outages and protect against spam, fraud, and abuse
Measure audience engagement and site statistics to understand how our services are used and enhance the quality of those services
If you choose to “Accept all,” we will also use cookies and data to
Develop and improve new services
Deliver and measure the effectiveness of ads
Show personalized content, depending on your settings
Show personalized ads, depending on your settings
If you choose to “Reject all,” we will not use cookies for these additional purposes.
Non-personalized content is influenced by things like the content you’re currently viewing, activity in your active Search session, and your location. Non-personalized ads are influenced by the content you’re currently viewing and your general location. Personalized content and ads can also include more relevant results, recommendations, and tailored ads based on past activity from this browser, like previous Google searches. We also use cookies and data to tailor the experience to be age-appropriate, if relevant.
Select “More options” to see additional information, including details about managing your privacy settings. You can also visit g.co/privacytools at any time.
Reject all
Accept all
More options
Privacy Policy
Terms of Service",https://news.google.com/rss/articles/CBMimgFBVV95cUxOby1pcHo5cXNYaTlkbFhCRDBhb2VNN3F2MmhuS1NwTERkQ0FRQWp6WW1JMFhwWEdZWWVOa2swM0xDVjhpNUhscnpZa0w0NWNVV3FJOTVTZzUtaFZKekJXSVNvbkw5R3Y3RTFNRVRxbFBsU1RVZVBSSFBuZXp5dk5YS2NtNjJjcmdIYWFrdzBueUNpNjlfRnB0ZlFR?oc=5
2024-06-12,TSLA,Tesla,"ARK’s Expected Value For Tesla In 2029: $2,600 Per Share - Ark Invest","EN
Sign in
Before you continue to Google
We use cookies and data to
Deliver and maintain Google services
Track outages and protect against spam, fraud, and abuse
Measure audience engagement and site statistics to understand how our services are used and enhance the quality of those services
If you choose to “Accept all,” we will also use cookies and data to
Develop and improve new services
Deliver and measure the effectiveness of ads
Show personalized content, depending on your settings
Show personalized ads, depending on your settings
If you choose to “Reject all,” we will not use cookies for these additional purposes.
Non-personalized content is influenced by things like the content you’re currently viewing, activity in your active Search session, and your location. Non-personalized ads are influenced by the content you’re currently viewing and your general location. Personalized content and ads can also include more relevant results, recommendations, and tailored ads based on past activity from this browser, like previous Google searches. We also use cookies and data to tailor the experience to be age-appropriate, if relevant.
Select “More options” to see additional information, including details about managing your privacy settings. You can also visit g.co/privacytools at any time.
Reject all
Accept all
More options
Privacy Policy
Terms of Service",https://news.google.com/rss/articles/CBMiiAFBVV95cUxQRE00dlpxV0NQb0N1TzlzNmZMNzVDRDFidWFWUldBZm0xNTJDcDJCRVZUSzZhcXhmckx1WXRHODJPTXh0NDNTVmJfU2dodEVNUkp1eHhuZUJzQlBBVFJ5ZEpxZ3dVUVcwNWsxVERJMUYzT2pGOWNFdktTeHVYSFg5c3NqTS1sa3ls?oc=5
2024-06-17,TSLA,Tesla,"Tesla Stock Is Soaring, but It Won’t Top This Level - Barron's","EN
Sign in
Before you continue to Google
We use cookies and data to
Deliver and maintain Google services
Track outages and protect against spam, fraud, and abuse
Measure audience engagement and site statistics to understand how our services are used and enhance the quality of those services
If you choose to “Accept all,” we will also use cookies and data to
Develop and improve new services
Deliver and measure the effectiveness of ads
Show personalized content, depending on your settings
Show personalized ads, depending on your settings
If you choose to “Reject all,” we will not use cookies for these additional purposes.
Non-personalized content is influenced by things like the content you’re currently viewing, activity in your active Search session, and your location. Non-personalized ads are influenced by the content you’re currently viewing and your general location. Personalized content and ads can also include more relevant results, recommendations, and tailored ads based on past activity from this browser, like previous Google searches. We also use cookies and data to tailor the experience to be age-appropriate, if relevant.
Select “More options” to see additional information, including details about managing your privacy settings. You can also visit g.co/privacytools at any time.
Reject all
Accept all
More options
Privacy Policy
Terms of Service",https://news.google.com/rss/articles/CBMid0FVX3lxTE1lUTFpZmIxcGVyQjFycFdGWmw4SS1FY01GR0xVSFBjank0eXFMV0dBTlo0TWp0RThnREZnb2MwTW12N1ZaZ3Q1UC1RaVIxQnI3eDdYRXZxNk9xRnlxaU9TVTU0LW83RnJSampOVkl1bDVoeGVZN3FF?oc=5
2024-06-04,TSLA,Tesla,These early Tesla bulls are giving up on the stock - Reuters,"EN
Sign in
Before you continue to Google
We use cookies and data to
Deliver and maintain Google services
Track outages and protect against spam, fraud, and abuse
Measure audience engagement and site statistics to understand how our services are used and enhance the quality of those services
If you choose to “Accept all,” we will also use cookies and data to
Develop and improve new services
Deliver and measure the effectiveness of ads
Show personalized content, depending on your settings
Show personalized ads, depending on your settings
If you choose to “Reject all,” we will not use cookies for these additional purposes.
Non-personalized content is influenced by things like the content you’re currently viewing, activity in your active Search session, and your location. Non-personalized ads are influenced by the content you’re currently viewing and your general location. Personalized content and ads can also include more relevant results, recommendations, and tailored ads based on past activity from this browser, like previous Google searches. We also use cookies and data to tailor the experience to be age-appropriate, if relevant.
Select “More options” to see additional information, including details about managing your privacy settings. You can also visit g.co/privacytools at any time.
Reject all
Accept all
More options
Privacy Policy
Terms of Service",https://news.google.com/rss/articles/CBMirgFBVV95cUxPa1d0Z2sxYVVCNzluTUVwcklIeEN1ZF9NOWpNTXZvSXFmOG5GZHdXMG1DcHJ2MEVJOGZCYzVtM2VDdVJDNzV1eWxjampDbFRNSE1mcHlzVUZmQVpTU1EtNVMyMkVxeG93ekdmdDg2WWFsUGstY1oxTUYtQUlmMVNMOGltbl9ZeDNqUkM3UWszdTN0Szk4MWxLYkJIZUFmNXNqcWM2OTIwbEVxQ2tYbFE?oc=5
2024-06-14,TSLA,Tesla,"Tesla Shareholders Approve Elon Musk's $56 Billion Pay Deal, Reincorporation In Texas - Investor's Business Daily","EN
Sign in
Before you continue to Google
We use cookies and data to
Deliver and maintain Google services
Track outages and protect against spam, fraud, and abuse
Measure audience engagement and site statistics to understand how our services are used and enhance the quality of those services
If you choose to “Accept all,” we will also use cookies and data to
Develop and improve new services
Deliver and measure the effectiveness of ads
Show personalized content, depending on your settings
Show personalized ads, depending on your settings
If you choose to “Reject all,” we will not use cookies for these additional purposes.
Non-personalized content is influenced by things like the content you’re currently viewing, activity in your active Search session, and your location. Non-personalized ads are influenced by the content you’re currently viewing and your general location. Personalized content and ads can also include more relevant results, recommendations, and tailored ads based on past activity from this browser, like previous Google searches. We also use cookies and data to tailor the experience to be age-appropriate, if relevant.
Select “More options” to see additional information, including details about managing your privacy settings. You can also visit g.co/privacytools at any time.
Reject all
Accept all
More options
Privacy Policy
Terms of Service",https://news.google.com/rss/articles/CBMijgFBVV95cUxNNVVSN3NmdzZVYVdWWXF2TXB0bDlnYnYyOHpTNGxFT19NQlRGbFhsQl9RbDJSYVdoSTRCbEZ2RWtiVmZ6Rno2VFA3WTlQSXRvSjVOaW14UW5JZ3U5ODRVRmktLWROTmFlZmk3cFRrQ0JoMjhzMFJ1dFMwMkFvZGUta1RfemFIZkp1Nk51OGFn?oc=5
2024-06-17,TSLA,Tesla,Elon Musk’s multi-billion paycheck just got approved by stockholders. That could be a fraction of what’s coming - CNN,"EN
Sign in
Before you continue to Google
We use cookies and data to
Deliver and maintain Google services
Track outages and protect against spam, fraud, and abuse
Measure audience engagement and site statistics to understand how our services are used and enhance the quality of those services
If you choose to “Accept all,” we will also use cookies and data to
Develop and improve new services
Deliver and measure the effectiveness of ads
Show personalized content, depending on your settings
Show personalized ads, depending on your settings
If you choose to “Reject all,” we will not use cookies for these additional purposes.
Non-personalized content is influenced by things like the content you’re currently viewing, activity in your active Search session, and your location. Non-personalized ads are influenced by the content you’re currently viewing and your general location. Personalized content and ads can also include more relevant results, recommendations, and tailored ads based on past activity from this browser, like previous Google searches. We also use cookies and data to tailor the experience to be age-appropriate, if relevant.
Select “More options” to see additional information, including details about managing your privacy settings. You can also visit g.co/privacytools at any time.
Reject all
Accept all
More options
Privacy Policy
Terms of Service",https://news.google.com/rss/articles/CBMiiwFBVV95cUxONVdnTk1BcFJTWlNGUFZTMGY1am5mdnJjbWxjd3l1UWpCUUhDYS10LVRWLXB3bEVjQkZoTWZEU0dTV1ZObjFMUmVCU3hidktDUGtmNVBOcEtIYlIxODlDa3VHM1hpRFNGR284TUl1VWhuOThsOTNRX1FERGxkMXdiN2tJVGdVbkFYOVNN0gGCAUFVX3lxTE9lZ244azgyYXFpTGd4N2RGNGE1a015MjVMY090VlctSGwyeEVaUUdBWWtjSm0zUXdpN25Pakxtd3JkLUxfSGN6NzI3X3Fpd3p2bnA0dmhsLUlNLWZRWUl0M3ltdkpMc3BEeks2Q1E3R2JsRDRRZTJsMlBxRi1qdXBLb2c?oc=5
2024-06-27,TSLA,Tesla,Tesla Stock Nears $200. Why It’s Make or Break Time. - Barron's,"EN
Sign in
Before you continue to Google
We use cookies and data to
Deliver and maintain Google services
Track outages and protect against spam, fraud, and abuse
Measure audience engagement and site statistics to understand how our services are used and enhance the quality of those services
If you choose to “Accept all,” we will also use cookies and data to
Develop and improve new services
Deliver and measure the effectiveness of ads
Show personalized content, depending on your settings
Show personalized ads, depending on your settings
If you choose to “Reject all,” we will not use cookies for these additional purposes.
Non-personalized content is influenced by things like the content you’re currently viewing, activity in your active Search session, and your location. Non-personalized ads are influenced by the content you’re currently viewing and your general location. Personalized content and ads can also include more relevant results, recommendations, and tailored ads based on past activity from this browser, like previous Google searches. We also use cookies and data to tailor the experience to be age-appropriate, if relevant.
Select “More options” to see additional information, including details about managing your privacy settings. You can also visit g.co/privacytools at any time.
Reject all
Accept all
More options
Privacy Policy
Terms of Service",https://news.google.com/rss/articles/CBMihwFBVV95cUxNb3ZWRkxBUGc2bThZTlBlVnRTQjhpdlVMazlLMFV1Q1lxY1ZTV0pxRmNTZjlmNEdJeUdHSkpsMnd4UGZ6dWJ1aVUyOEV6X0thcFpMWkZXeHZiNkIyeW5ZbUEzTWs4MUdsTVpsY1FIQWNYYjViSFBWR0JfYWJzWnRQZ0NJclI3ZGc?oc=5
2024-06-17,TSLA,Tesla,Tesla Stock: How The SEC's Latest Elon Musk Investigation Could Hit Tesla - Investor's Business Daily,"EN
Sign in
Before you continue to Google
We use cookies and data to
Deliver and maintain Google services
Track outages and protect against spam, fraud, and abuse
Measure audience engagement and site statistics to understand how our services are used and enhance the quality of those services
If you choose to “Accept all,” we will also use cookies and data to
Develop and improve new services
Deliver and measure the effectiveness of ads
Show personalized content, depending on your settings
Show personalized ads, depending on your settings
If you choose to “Reject all,” we will not use cookies for these additional purposes.
Non-personalized content is influenced by things like the content you’re currently viewing, activity in your active Search session, and your location. Non-personalized ads are influenced by the content you’re currently viewing and your general location. Personalized content and ads can also include more relevant results, recommendations, and tailored ads based on past activity from this browser, like previous Google searches. We also use cookies and data to tailor the experience to be age-appropriate, if relevant.
Select “More options” to see additional information, including details about managing your privacy settings. You can also visit g.co/privacytools at any time.
Reject all
Accept all
More options
Privacy Policy
Terms of Service",https://news.google.com/rss/articles/CBMihAFBVV95cUxQVDZtQkhPUjRtTG91X2Z2Y05PbTg2N1RIU1VUTFpzeUJ0c2hkWGJPU3k1RmVUYk9LbDhua19YUTFSci1hR3JENkM5VlZuWVZlX0twZjNZX1hrSThVY0pldlVnckplVXZEZXY0MU5qeC1uQUJBa25pZXV4dF9TMm03UTRWaU4?oc=5
2024-06-18,TSLA,Tesla,"Musk plans stock option grants to Tesla's high-performers, sources say - Reuters","EN
Sign in
Before you continue to Google
We use cookies and data to
Deliver and maintain Google services
Track outages and protect against spam, fraud, and abuse
Measure audience engagement and site statistics to understand how our services are used and enhance the quality of those services
If you choose to “Accept all,” we will also use cookies and data to
Develop and improve new services
Deliver and measure the effectiveness of ads
Show personalized content, depending on your settings
Show personalized ads, depending on your settings
If you choose to “Reject all,” we will not use cookies for these additional purposes.
Non-personalized content is influenced by things like the content you’re currently viewing, activity in your active Search session, and your location. Non-personalized ads are influenced by the content you’re currently viewing and your general location. Personalized content and ads can also include more relevant results, recommendations, and tailored ads based on past activity from this browser, like previous Google searches. We also use cookies and data to tailor the experience to be age-appropriate, if relevant.
Select “More options” to see additional information, including details about managing your privacy settings. You can also visit g.co/privacytools at any time.
Reject all
Accept all
More options
Privacy Policy
Terms of Service",https://news.google.com/rss/articles/CBMiywFBVV95cUxPeGwwUVlWaUYyLUJMdkVxYU5xVzNqQVFuaW9qWm9Hczhkd3BEYXB0cUhtSmpWTzFjV2pJc1Fub0ZvN0dfXzZLYUFfek5NZ2VxLV9oNWFSMnVSM2tORWx1Z0FKakpPYjVIM2F6T0RMV1JjOW5UTmEtYXQzSnZIYnVfckVMT0dCbjd0ZnRhc3ZlcUJva2RJXzRYVl9ockdQNzUzcmtuODNLM3A2SHBQVzRwdnYyYTByY3EzYm1xZUo5OUhUaGVoSjl1OEs3dw?oc=5
2024-06-18,TSLA,Tesla,Tesla Is Hitting New Highs By This Metric - Investor's Business Daily,"EN
Sign in
Before you continue to Google
We use cookies and data to
Deliver and maintain Google services
Track outages and protect against spam, fraud, and abuse
Measure audience engagement and site statistics to understand how our services are used and enhance the quality of those services
If you choose to “Accept all,” we will also use cookies and data to
Develop and improve new services
Deliver and measure the effectiveness of ads
Show personalized content, depending on your settings
Show personalized ads, depending on your settings
If you choose to “Reject all,” we will not use cookies for these additional purposes.
Non-personalized content is influenced by things like the content you’re currently viewing, activity in your active Search session, and your location. Non-personalized ads are influenced by the content you’re currently viewing and your general location. Personalized content and ads can also include more relevant results, recommendations, and tailored ads based on past activity from this browser, like previous Google searches. We also use cookies and data to tailor the experience to be age-appropriate, if relevant.
Select “More options” to see additional information, including details about managing your privacy settings. You can also visit g.co/privacytools at any time.
Reject all
Accept all
More options
Privacy Policy
Terms of Service",https://news.google.com/rss/articles/CBMijwFBVV95cUxNUjFma2l5VTU4ZTVWa0NtTHI4X29BRW9taGdNQkNyeW1xWmdmcWhNVGx6b25ObkhWWFNFV254OXVwUlAyaGFlSlZuZjZKNTFNcUhxUHV1U1Yzc0ZsLWFnRlprNVp3eFpkMHgxQVBENXk3ay1VRUhMbEdRbzdtRjY5eXUwTzdXa3lDeENuVU1CNA?oc=5
2024-06-10,TSLA,Tesla,What Happens to Tesla Stock If Shareholders Reject Musk’s Pay - Barron's,"EN
Sign in
Before you continue to Google
We use cookies and data to
Deliver and maintain Google services
Track outages and protect against spam, fraud, and abuse
Measure audience engagement and site statistics to understand how our services are used and enhance the quality of those services
If you choose to “Accept all,” we will also use cookies and data to
Develop and improve new services
Deliver and measure the effectiveness of ads
Show personalized content, depending on your settings
Show personalized ads, depending on your settings
If you choose to “Reject all,” we will not use cookies for these additional purposes.
Non-personalized content is influenced by things like the content you’re currently viewing, activity in your active Search session, and your location. Non-personalized ads are influenced by the content you’re currently viewing and your general location. Personalized content and ads can also include more relevant results, recommendations, and tailored ads based on past activity from this browser, like previous Google searches. We also use cookies and data to tailor the experience to be age-appropriate, if relevant.
Select “More options” to see additional information, including details about managing your privacy settings. You can also visit g.co/privacytools at any time.
Reject all
Accept all
More options
Privacy Policy
Terms of Service",https://news.google.com/rss/articles/CBMifkFVX3lxTE8yZjVQdTE5R293TC1qUklZYXNaaGxBMHRlOXlSem96LURKcklxNWhVb2lMbWtiZlRfTzNpdEJ0TlVaR2dmMkdnV3UxWjVnb1I2eFBfTTh5SnNtMGMzcmdyTEtVcHZWbWN5Z20xbnZsbS1HbUZPT096NF9LVlY1dw?oc=5
2024-05-31,TSLA,Tesla,"Elon Musk, Tesla, Lash Out As Some Institutional Investors Reject CEO Pay Package - Investor's Business Daily","EN
Sign in
Before you continue to Google
We use cookies and data to
Deliver and maintain Google services
Track outages and protect against spam, fraud, and abuse
Measure audience engagement and site statistics to understand how our services are used and enhance the quality of those services
If you choose to “Accept all,” we will also use cookies and data to
Develop and improve new services
Deliver and measure the effectiveness of ads
Show personalized content, depending on your settings
Show personalized ads, depending on your settings
If you choose to “Reject all,” we will not use cookies for these additional purposes.
Non-personalized content is influenced by things like the content you’re currently viewing, activity in your active Search session, and your location. Non-personalized ads are influenced by the content you’re currently viewing and your general location. Personalized content and ads can also include more relevant results, recommendations, and tailored ads based on past activity from this browser, like previous Google searches. We also use cookies and data to tailor the experience to be age-appropriate, if relevant.
Select “More options” to see additional information, including details about managing your privacy settings. You can also visit g.co/privacytools at any time.
Reject all
Accept all
More options
Privacy Policy
Terms of Service",https://news.google.com/rss/articles/CBMikwFBVV95cUxPVWZUem1hbzcwUHF3djMwVnNsOGtkeXhsTDVZWlBHYzRzaHhRU0FaN2xNUjlRMzVCbXpxVXdyOGhFRHUzMDBGNFUtbUM4V2xFekRpb3hmQVhzbTFlUnI3TFVsbFljamtaMjhVNDRRNGppSXdaa25aLXM5U2RaNVFOMk1CeXJjdlZLOXNzWUp1ZlZmYXc?oc=5
2024-06-10,TSLA,Tesla,Elon Musk 'Not Cool' With Institutions But Claims He Has Retail Investor Support Ahead Of Meeting - Investor's Business Daily,"EN
Sign in
Before you continue to Google
We use cookies and data to
Deliver and maintain Google services
Track outages and protect against spam, fraud, and abuse
Measure audience engagement and site statistics to understand how our services are used and enhance the quality of those services
If you choose to “Accept all,” we will also use cookies and data to
Develop and improve new services
Deliver and measure the effectiveness of ads
Show personalized content, depending on your settings
Show personalized ads, depending on your settings
If you choose to “Reject all,” we will not use cookies for these additional purposes.
Non-personalized content is influenced by things like the content you’re currently viewing, activity in your active Search session, and your location. Non-personalized ads are influenced by the content you’re currently viewing and your general location. Personalized content and ads can also include more relevant results, recommendations, and tailored ads based on past activity from this browser, like previous Google searches. We also use cookies and data to tailor the experience to be age-appropriate, if relevant.
Select “More options” to see additional information, including details about managing your privacy settings. You can also visit g.co/privacytools at any time.
Reject all
Accept all
More options
Privacy Policy
Terms of Service",https://news.google.com/rss/articles/CBMingFBVV95cUxQdDV2SXo0ZzV6cU9KWEJ2M18wTFZLMmhwY21EVHBOenU1SFhlaGNrUGxoaFlTVWctaFRUaWFHWmtDOWl4b1A4LXhabjJ5dlVYcFhzcmtRQzdreDNOcFdtNURrS29mc3BielhqNjJCTm9fUTV3MHFVN09UYmM0QUxLOTZ4OHRxZTRRSUU2eFpCdzhZSldNaHBZbElqNC1FUQ?oc=5
2024-07-24,TSLA,Tesla,Tesla's bleak margins sink shares as Musk hypes everything but cars - Reuters,"EN
Sign in
Before you continue to Google
We use cookies and data to
Deliver and maintain Google services
Track outages and protect against spam, fraud, and abuse
Measure audience engagement and site statistics to understand how our services are used and enhance the quality of those services
If you choose to “Accept all,” we will also use cookies and data to
Develop and improve new services
Deliver and measure the effectiveness of ads
Show personalized content, depending on your settings
Show personalized ads, depending on your settings
If you choose to “Reject all,” we will not use cookies for these additional purposes.
Non-personalized content is influenced by things like the content you’re currently viewing, activity in your active Search session, and your location. Non-personalized ads are influenced by the content you’re currently viewing and your general location. Personalized content and ads can also include more relevant results, recommendations, and tailored ads based on past activity from this browser, like previous Google searches. We also use cookies and data to tailor the experience to be age-appropriate, if relevant.
Select “More options” to see additional information, including details about managing your privacy settings. You can also visit g.co/privacytools at any time.
Reject all
Accept all
More options
Privacy Policy
Terms of Service",https://news.google.com/rss/articles/CBMixgFBVV95cUxPNXZuX0xiY3E5Y2QwS0hhOHZFS0tGVFpMOVR5Y2JsQlhzdFhpR3R2OTRvTXFfWnlZd2FPRUdxVFJiaFRXR3VoNWpsaWxGVm96RE1LVGp4SnR1VFNCR21VdklkeGJGR2dDb0VpbjZIeG9DWDQ0NVhwOG9lZ1lzRG5pcThDTHY5ZU5LUWVlN0p1X3VIUzlTWVhtYXE4eXlPd0lZNDdMeDdpc0dqRmlzZmlRaHFmY2FIQTlvZjdTaWExdEM2WmlYVmc?oc=5
2024-07-12,TSLA,Tesla,"Going Into Earnings, Is Tesla Stock a Buy, a Sell, or Fairly Valued? - Morningstar","EN
Sign in
Before you continue to Google
We use cookies and data to
Deliver and maintain Google services
Track outages and protect against spam, fraud, and abuse
Measure audience engagement and site statistics to understand how our services are used and enhance the quality of those services
If you choose to “Accept all,” we will also use cookies and data to
Develop and improve new services
Deliver and measure the effectiveness of ads
Show personalized content, depending on your settings
Show personalized ads, depending on your settings
If you choose to “Reject all,” we will not use cookies for these additional purposes.
Non-personalized content is influenced by things like the content you’re currently viewing, activity in your active Search session, and your location. Non-personalized ads are influenced by the content you’re currently viewing and your general location. Personalized content and ads can also include more relevant results, recommendations, and tailored ads based on past activity from this browser, like previous Google searches. We also use cookies and data to tailor the experience to be age-appropriate, if relevant.
Select “More options” to see additional information, including details about managing your privacy settings. You can also visit g.co/privacytools at any time.
Reject all
Accept all
More options
Privacy Policy
Terms of Service",https://news.google.com/rss/articles/CBMingFBVV95cUxPX1VtbnJfOGZUckFmbHVKZGVSZUczcTQ0cllBbUtMaGY0ZTFPMUt1OGx0TmpJRDBzRkpoYVoxTW9ZSzdzRXdWZUF3MFNzVnJDSGppMkwxM1AyRjBGdFBsajcwajFoSUVKZ0YtOVFvUFBUOXNFbHc2NEdCVElCRXI2U2NtWTJ1QktJR1ZkMXd2Zk9QUmpxVERFZGRBM0Ztdw?oc=5
2024-07-05,TSLA,Tesla,"Tesla stock rises again, extending monster 40% rally over the last month - Yahoo Finance","EN
Sign in
Before you continue to Google
We use cookies and data to
Deliver and maintain Google services
Track outages and protect against spam, fraud, and abuse
Measure audience engagement and site statistics to understand how our services are used and enhance the quality of those services
If you choose to “Accept all,” we will also use cookies and data to
Develop and improve new services
Deliver and measure the effectiveness of ads
Show personalized content, depending on your settings
Show personalized ads, depending on your settings
If you choose to “Reject all,” we will not use cookies for these additional purposes.
Non-personalized content is influenced by things like the content you’re currently viewing, activity in your active Search session, and your location. Non-personalized ads are influenced by the content you’re currently viewing and your general location. Personalized content and ads can also include more relevant results, recommendations, and tailored ads based on past activity from this browser, like previous Google searches. We also use cookies and data to tailor the experience to be age-appropriate, if relevant.
Select “More options” to see additional information, including details about managing your privacy settings. You can also visit g.co/privacytools at any time.
Reject all
Accept all
More options
Privacy Policy
Terms of Service",https://news.google.com/rss/articles/CBMitwFBVV95cUxPWVY3WXhtaWNmSHd3dms3NXRDNlpzY3E0SnU0VGJibDF0UTZGZXJ3aW9lcVVXVUI2a0xnbldyZERudWNUaUVDa09PX3puamlQdk5LdEVTWDlyRi1Ib09JUnRURU9BeTVnVy1RZnBzV01uY0plN1NUY1MwYTJxcUJZWTJpQ0ZhbjlUUko0QS0tbVczcUw4YUVsRVBsVFB6VXRMbWFka0U2b0duVVNzZms3RGhvLXBWYzA?oc=5
2024-07-09,TSLA,Tesla,"Tesla 10-Day Win Streak: 44% Spike, $250 Bil Market Cap Hike - Investor's Business Daily","EN
Sign in
Before you continue to Google
We use cookies and data to
Deliver and maintain Google services
Track outages and protect against spam, fraud, and abuse
Measure audience engagement and site statistics to understand how our services are used and enhance the quality of those services
If you choose to “Accept all,” we will also use cookies and data to
Develop and improve new services
Deliver and measure the effectiveness of ads
Show personalized content, depending on your settings
Show personalized ads, depending on your settings
If you choose to “Reject all,” we will not use cookies for these additional purposes.
Non-personalized content is influenced by things like the content you’re currently viewing, activity in your active Search session, and your location. Non-personalized ads are influenced by the content you’re currently viewing and your general location. Personalized content and ads can also include more relevant results, recommendations, and tailored ads based on past activity from this browser, like previous Google searches. We also use cookies and data to tailor the experience to be age-appropriate, if relevant.
Select “More options” to see additional information, including details about managing your privacy settings. You can also visit g.co/privacytools at any time.
Reject all
Accept all
More options
Privacy Policy
Terms of Service",https://news.google.com/rss/articles/CBMifkFVX3lxTE9pLTdjOGdZdzA5SHYyZHcxT2hETHp5RjJTa0ZBS2R0eUFHcHREbElZdWlxYzRiX3VlcVkzcWhSTFpFRzNZNHpyamUwUFV1YXNCYTdERkpUSGdNcnVVZ2p5LUJERmpQcUNtMHZkYkY0OE92VDNDMjhaSm1VenpLQQ?oc=5
2024-07-05,TSLA,Tesla,Tesla’s Stock Roars Back Even as Its Car Business Keeps Faltering - Bloomberg.com,"EN
Sign in
Before you continue to Google
We use cookies and data to
Deliver and maintain Google services
Track outages and protect against spam, fraud, and abuse
Measure audience engagement and site statistics to understand how our services are used and enhance the quality of those services
If you choose to “Accept all,” we will also use cookies and data to
Develop and improve new services
Deliver and measure the effectiveness of ads
Show personalized content, depending on your settings
Show personalized ads, depending on your settings
If you choose to “Reject all,” we will not use cookies for these additional purposes.
Non-personalized content is influenced by things like the content you’re currently viewing, activity in your active Search session, and your location. Non-personalized ads are influenced by the content you’re currently viewing and your general location. Personalized content and ads can also include more relevant results, recommendations, and tailored ads based on past activity from this browser, like previous Google searches. We also use cookies and data to tailor the experience to be age-appropriate, if relevant.
Select “More options” to see additional information, including details about managing your privacy settings. You can also visit g.co/privacytools at any time.
Reject all
Accept all
More options
Privacy Policy
Terms of Service",https://news.google.com/rss/articles/CBMiuwFBVV95cUxOR0F5WkJsSnR0a3IwbGRLazNrS1V0cFhXWTlqM1ROYXhfMnRITkFzbDl3U3RVZEFnSzZBUE1Kdy1tOWplenRKekVUcEhweU1zRE1vQ0Q3MVM2TE14TDBRc04tYVpsSjluUmE0dFNCZlRadWRIbzRVaUpyb21RV0ZOaWdIRVFITHcwSGVJc1BiQWx6N0FsZzh3TWV6N21ldkxlbGtycUlVQnlxWkkyeW1xX2dLWjdwUnFkTElN?oc=5
2024-07-02,TSLA,Tesla,Tesla Stock Surges as Q2 Deliveries Beat Estimates - Investopedia,"EN
Sign in
Before you continue to Google
We use cookies and data to
Deliver and maintain Google services
Track outages and protect against spam, fraud, and abuse
Measure audience engagement and site statistics to understand how our services are used and enhance the quality of those services
If you choose to “Accept all,” we will also use cookies and data to
Develop and improve new services
Deliver and measure the effectiveness of ads
Show personalized content, depending on your settings
Show personalized ads, depending on your settings
If you choose to “Reject all,” we will not use cookies for these additional purposes.
Non-personalized content is influenced by things like the content you’re currently viewing, activity in your active Search session, and your location. Non-personalized ads are influenced by the content you’re currently viewing and your general location. Personalized content and ads can also include more relevant results, recommendations, and tailored ads based on past activity from this browser, like previous Google searches. We also use cookies and data to tailor the experience to be age-appropriate, if relevant.
Select “More options” to see additional information, including details about managing your privacy settings. You can also visit g.co/privacytools at any time.
Reject all
Accept all
More options
Privacy Policy
Terms of Service",https://news.google.com/rss/articles/CBMikAFBVV95cUxOTTVRTzRzUjNsQ2ZPX1o1MVN0MlY3OER5MVZNbGQ4cUlVc3NQbjlCWkNyeHhrWDhTcExaZFN6S1I3UzJCcjdIUTlsOTlOQ3ZIZ1ZIRllMRWdBbXlfbmo1V2NZbnBIUWhvU245VGE3RWRySXVVaE53ME9SMmFVWHUxbWVQZXY1SlNmcExMXzZCUTk?oc=5
2024-07-23,TSLA,Tesla,Tesla stock tumbles after its profit plunged - CNN,"EN
Sign in
Before you continue to Google
We use cookies and data to
Deliver and maintain Google services
Track outages and protect against spam, fraud, and abuse
Measure audience engagement and site statistics to understand how our services are used and enhance the quality of those services
If you choose to “Accept all,” we will also use cookies and data to
Develop and improve new services
Deliver and measure the effectiveness of ads
Show personalized content, depending on your settings
Show personalized ads, depending on your settings
If you choose to “Reject all,” we will not use cookies for these additional purposes.
Non-personalized content is influenced by things like the content you’re currently viewing, activity in your active Search session, and your location. Non-personalized ads are influenced by the content you’re currently viewing and your general location. Personalized content and ads can also include more relevant results, recommendations, and tailored ads based on past activity from this browser, like previous Google searches. We also use cookies and data to tailor the experience to be age-appropriate, if relevant.
Select “More options” to see additional information, including details about managing your privacy settings. You can also visit g.co/privacytools at any time.
Reject all
Accept all
More options
Privacy Policy
Terms of Service",https://news.google.com/rss/articles/CBMic0FVX3lxTE1ZeWZ3dEw2NFNaRTUwekM0UVh0a0ZUSnZXdnV1LS1vNVNXbTJYUTFvcDUzV09LMUd2c3piOFNFNU1EVy01NFNRODZTOHdrYXlqM2JPbld0NmJlNWFXUmhCTi0zUzhpZ3Y2YnRXanNPMmxRS03SAWpBVV95cUxPR25GT3JuOWFoQXpvQWROYzdjTVEyNzBQTUh3WHpCZG5ZTEN2SFdwZU1udFJ4N29HUjFBa0RMTUVRd2RFWVl0QlFDN19iY294LUdJM1ZuUER2ZXFXNGQ2YVlVSElBOFpiYjNB?oc=5
2024-07-02,TSLA,Tesla,Why Is Tesla Stock Up Today? The EV Maker Turned Its Delivery Numbers Around. - Barron's,"EN
Sign in
Before you continue to Google
We use cookies and data to
Deliver and maintain Google services
Track outages and protect against spam, fraud, and abuse
Measure audience engagement and site statistics to understand how our services are used and enhance the quality of those services
If you choose to “Accept all,” we will also use cookies and data to
Develop and improve new services
Deliver and measure the effectiveness of ads
Show personalized content, depending on your settings
Show personalized ads, depending on your settings
If you choose to “Reject all,” we will not use cookies for these additional purposes.
Non-personalized content is influenced by things like the content you’re currently viewing, activity in your active Search session, and your location. Non-personalized ads are influenced by the content you’re currently viewing and your general location. Personalized content and ads can also include more relevant results, recommendations, and tailored ads based on past activity from this browser, like previous Google searches. We also use cookies and data to tailor the experience to be age-appropriate, if relevant.
Select “More options” to see additional information, including details about managing your privacy settings. You can also visit g.co/privacytools at any time.
Reject all
Accept all
More options
Privacy Policy
Terms of Service",https://news.google.com/rss/articles/CBMijAFBVV95cUxQN0pBT2dqUXVYdC1GbzNoTWJkU3NaNzN6MjNnX051MlFucVV5c2JVYkNQRVMycHpQazBfWGRFY0RGZ2g4elFnRGxGOHpjYU04WDgwR1JLSzFKQVVGeUlMSHpjNjJwRUx3RTN6UlplVGxpM0puQ2hVXzhHYWlveTRsdURlSE9wTzUtNEc0OQ?oc=5
2024-07-24,TSLA,Tesla,Tesla shares plummet after company reports falling profits - ABC News,"EN
Sign in
Before you continue to Google
We use cookies and data to
Deliver and maintain Google services
Track outages and protect against spam, fraud, and abuse
Measure audience engagement and site statistics to understand how our services are used and enhance the quality of those services
If you choose to “Accept all,” we will also use cookies and data to
Develop and improve new services
Deliver and measure the effectiveness of ads
Show personalized content, depending on your settings
Show personalized ads, depending on your settings
If you choose to “Reject all,” we will not use cookies for these additional purposes.
Non-personalized content is influenced by things like the content you’re currently viewing, activity in your active Search session, and your location. Non-personalized ads are influenced by the content you’re currently viewing and your general location. Personalized content and ads can also include more relevant results, recommendations, and tailored ads based on past activity from this browser, like previous Google searches. We also use cookies and data to tailor the experience to be age-appropriate, if relevant.
Select “More options” to see additional information, including details about managing your privacy settings. You can also visit g.co/privacytools at any time.
Reject all
Accept all
More options
Privacy Policy
Terms of Service",https://news.google.com/rss/articles/CBMirgFBVV95cUxNcEhPc2hEZVB5V2JEeTlIdHIwLUFvNmMtNjNidmxyMDdVdVNtRC1TRUtoa0UwZ3R3djJLLXNmTWllZDcxMnpMcEwwVEFYSjhvSHdRaXg0enlrNEJ5eHRJY09RLUx0cGlaeWpSSW5uajVLbUR4ZXNwcVNvX2ExVUJXMElrLV9wdmZkMTdEMUdVY0pJWnlTT2FYT2ZhNHp4QkZDUlZxcl83a2RYVkswUUHSAbMBQVVfeXFMTTQ3VXlVRndvSWVWTDlfSktKS2ZRbk5FMTkyYzl5ZkxaN3ZiQi1oWTFzWFlROURNTDdoMlNIYS1PMVZ5NzFvbm1waDQ5U2pLbDF2dEd0cEplS2VGa3JjcngzenlBVkxwajBVNXhhQ3hCaHUtSHNzQkV4R201YlZZbGZSUEppQmN1YmczTHB6SjN4MXBzcGhBanhNTXJZOGdRRHpqdDR2NXNKQ19sU3paeHA4X1k?oc=5
2024-07-02,TSLA,Tesla,Tesla’s stock jumps as deliveries beat expectations by a wide margin - MarketWatch,"EN
Sign in
Before you continue to Google
We use cookies and data to
Deliver and maintain Google services
Track outages and protect against spam, fraud, and abuse
Measure audience engagement and site statistics to understand how our services are used and enhance the quality of those services
If you choose to “Accept all,” we will also use cookies and data to
Develop and improve new services
Deliver and measure the effectiveness of ads
Show personalized content, depending on your settings
Show personalized ads, depending on your settings
If you choose to “Reject all,” we will not use cookies for these additional purposes.
Non-personalized content is influenced by things like the content you’re currently viewing, activity in your active Search session, and your location. Non-personalized ads are influenced by the content you’re currently viewing and your general location. Personalized content and ads can also include more relevant results, recommendations, and tailored ads based on past activity from this browser, like previous Google searches. We also use cookies and data to tailor the experience to be age-appropriate, if relevant.
Select “More options” to see additional information, including details about managing your privacy settings. You can also visit g.co/privacytools at any time.
Reject all
Accept all
More options
Privacy Policy
Terms of Service",https://news.google.com/rss/articles/CBMiuAFBVV95cUxNc3NRak1oemxRYmxiQWFWVi0xN3loY09mVVhsdjJsVFp1LTBjRTBja0ViMWxwcUhYYm1yT3hCcWgtTDU5QUlwWExrT2FaNjVEbEtVcF9haC11ZWVNU1cxamgwQzFVejRqcFFMekFyN1p1bDdWQ3VCWnhZTlhsNnNINE9KYjBMVjJJaEp2QlpqVXZPVGxYdXdOSldTcExMU1ExZEcwVGM1VkZtaWktUnVrMHVkenhzRW12?oc=5
2024-07-03,TSLA,Tesla,"Tesla stock pops 6%, extends rally as 'Mojo back for Musk' after latest delivery data - Yahoo Finance","EN
Sign in
Before you continue to Google
We use cookies and data to
Deliver and maintain Google services
Track outages and protect against spam, fraud, and abuse
Measure audience engagement and site statistics to understand how our services are used and enhance the quality of those services
If you choose to “Accept all,” we will also use cookies and data to
Develop and improve new services
Deliver and measure the effectiveness of ads
Show personalized content, depending on your settings
Show personalized ads, depending on your settings
If you choose to “Reject all,” we will not use cookies for these additional purposes.
Non-personalized content is influenced by things like the content you’re currently viewing, activity in your active Search session, and your location. Non-personalized ads are influenced by the content you’re currently viewing and your general location. Personalized content and ads can also include more relevant results, recommendations, and tailored ads based on past activity from this browser, like previous Google searches. We also use cookies and data to tailor the experience to be age-appropriate, if relevant.
Select “More options” to see additional information, including details about managing your privacy settings. You can also visit g.co/privacytools at any time.
Reject all
Accept all
More options
Privacy Policy
Terms of Service",https://news.google.com/rss/articles/CBMixgFBVV95cUxNYlI2U2V4TVkxQVh4VEpCenFRNmFvd0JUbGtRQjZLcE9adkNYOHJ4NlVLU3RyQWRtSk8taExNa3dVT0lqYk8wdVZXU1ZLNXlHa1d5MHJFWllvZ3FBVTNnZ1lmc2RkMjRReGNMVU9MRkdpbk4wRXpjaTZrOUY1akU1aDdWUFBhd2pDOGRseTV3QjNiQTc0RTh3Qk5WdUt0Um4yVUhORFRTVVJwamRyZF9ORjYyVzdpaTBHYlRrUlAtMkRoZnJyZUE?oc=5
2024-07-07,TSLA,Tesla,Watch These Tesla Stock Price Levels After Last Week's Huge Rally - Investopedia,"EN
Sign in
Before you continue to Google
We use cookies and data to
Deliver and maintain Google services
Track outages and protect against spam, fraud, and abuse
Measure audience engagement and site statistics to understand how our services are used and enhance the quality of those services
If you choose to “Accept all,” we will also use cookies and data to
Develop and improve new services
Deliver and measure the effectiveness of ads
Show personalized content, depending on your settings
Show personalized ads, depending on your settings
If you choose to “Reject all,” we will not use cookies for these additional purposes.
Non-personalized content is influenced by things like the content you’re currently viewing, activity in your active Search session, and your location. Non-personalized ads are influenced by the content you’re currently viewing and your general location. Personalized content and ads can also include more relevant results, recommendations, and tailored ads based on past activity from this browser, like previous Google searches. We also use cookies and data to tailor the experience to be age-appropriate, if relevant.
Select “More options” to see additional information, including details about managing your privacy settings. You can also visit g.co/privacytools at any time.
Reject all
Accept all
More options
Privacy Policy
Terms of Service",https://news.google.com/rss/articles/CBMilAFBVV95cUxQVHZrdFl1dFRBOWdMX0Zudko3QlQ2V005c3BZbTFVaFFKZVVxSW9DTDhFdDcwcnV3RkVKdEh3cGg2cXJfSURNODFtRDR2dXl2QTVPc2ZDb0VYQ1lyam1WTU1JS3VZaEdFd2NKc2QxVVpWM1hJZDFGVHJIUEZrcXlJQUFQMy1MR2ZuaVZYQUtBVkM4X3Bi?oc=5
2024-07-23,TSLA,Tesla,"Tesla shares could swing 10% either way after earnings, options show - Reuters","EN
Sign in
Before you continue to Google
We use cookies and data to
Deliver and maintain Google services
Track outages and protect against spam, fraud, and abuse
Measure audience engagement and site statistics to understand how our services are used and enhance the quality of those services
If you choose to “Accept all,” we will also use cookies and data to
Develop and improve new services
Deliver and measure the effectiveness of ads
Show personalized content, depending on your settings
Show personalized ads, depending on your settings
If you choose to “Reject all,” we will not use cookies for these additional purposes.
Non-personalized content is influenced by things like the content you’re currently viewing, activity in your active Search session, and your location. Non-personalized ads are influenced by the content you’re currently viewing and your general location. Personalized content and ads can also include more relevant results, recommendations, and tailored ads based on past activity from this browser, like previous Google searches. We also use cookies and data to tailor the experience to be age-appropriate, if relevant.
Select “More options” to see additional information, including details about managing your privacy settings. You can also visit g.co/privacytools at any time.
Reject all
Accept all
More options
Privacy Policy
Terms of Service",https://news.google.com/rss/articles/CBMizAFBVV95cUxNN191TEVDbWd5djZ4M3NZRFRnNVBmSGZFRV9EMF9YRGRidURna1F2RWxRNk9Kc0pya09PZ3dVR0ktYWNNVjF2UVd3dmpBV1BfQnpOcDExTE55d2Fya00xekVBaWRKTFFUWll2cTQtN3BLRS1Bd2pwV2t2UGlwTlhsZkxaLVBRbm8yZU5TVzBHYm4xX3dLeE1WUmZpaWwxS1ZDRUQxNnZ2eDNOME1BclppWWxIVW5lTzRjR0s1YzRCaU8tcno3X1NjQlZFN3Y?oc=5
2024-07-24,TSLA,Tesla,Tesla Earnings: Stock Dips on Disappointing Results; Restructuring Charge; Robotaxi Date Set - Barron's,"EN
Sign in
Before you continue to Google
We use cookies and data to
Deliver and maintain Google services
Track outages and protect against spam, fraud, and abuse
Measure audience engagement and site statistics to understand how our services are used and enhance the quality of those services
If you choose to “Accept all,” we will also use cookies and data to
Develop and improve new services
Deliver and measure the effectiveness of ads
Show personalized content, depending on your settings
Show personalized ads, depending on your settings
If you choose to “Reject all,” we will not use cookies for these additional purposes.
Non-personalized content is influenced by things like the content you’re currently viewing, activity in your active Search session, and your location. Non-personalized ads are influenced by the content you’re currently viewing and your general location. Personalized content and ads can also include more relevant results, recommendations, and tailored ads based on past activity from this browser, like previous Google searches. We also use cookies and data to tailor the experience to be age-appropriate, if relevant.
Select “More options” to see additional information, including details about managing your privacy settings. You can also visit g.co/privacytools at any time.
Reject all
Accept all
More options
Privacy Policy
Terms of Service",https://news.google.com/rss/articles/CBMieEFVX3lxTE91d1J2Q1hFS1FuYUFsLTltU3NjbGxuZ242d3NPaUdmb3BUSWRpaGNKV3hkMklSdlJ4Vko1dU5QMVNIR0VNeDhBNUdoMGtCMVNKNXhjR2JyYnVHb3RrUWdqOE9FUWlER3N4VFBSNEI5RTZJalZZQ3dUZA?oc=5
2024-07-23,TSLA,Tesla,Watch These Tesla Price Levels as EV Maker's Stock Slumps After Earnings Dissapoint - Investopedia,"EN
Sign in
Before you continue to Google
We use cookies and data to
Deliver and maintain Google services
Track outages and protect against spam, fraud, and abuse
Measure audience engagement and site statistics to understand how our services are used and enhance the quality of those services
If you choose to “Accept all,” we will also use cookies and data to
Develop and improve new services
Deliver and measure the effectiveness of ads
Show personalized content, depending on your settings
Show personalized ads, depending on your settings
If you choose to “Reject all,” we will not use cookies for these additional purposes.
Non-personalized content is influenced by things like the content you’re currently viewing, activity in your active Search session, and your location. Non-personalized ads are influenced by the content you’re currently viewing and your general location. Personalized content and ads can also include more relevant results, recommendations, and tailored ads based on past activity from this browser, like previous Google searches. We also use cookies and data to tailor the experience to be age-appropriate, if relevant.
Select “More options” to see additional information, including details about managing your privacy settings. You can also visit g.co/privacytools at any time.
Reject all
Accept all
More options
Privacy Policy
Terms of Service",https://news.google.com/rss/articles/CBMijgFBVV95cUxQQXljR1RaTmptRm1JX0NKVkVFbDdFUXlaMVdSVTIwa3B6ajBUaFZKZzA3ZmdaU0kyS0dodFdqVElWNGphV2dSMUE0N01BcjZZU0YxV3NFMURtUW1ydW9GbkJxN2U3Y0YzVEhPQ2o1VHBGR05aemczWjFFV0lqcXJBcXU5X01QbjRidlY5LXVB?oc=5
2024-07-15,TSLA,Tesla,Tesla Stock Jumps. Why Elon Musk’s Trump Endorsement Can Be Vital for EVs. - Barron's,"EN
Sign in
Before you continue to Google
We use cookies and data to
Deliver and maintain Google services
Track outages and protect against spam, fraud, and abuse
Measure audience engagement and site statistics to understand how our services are used and enhance the quality of those services
If you choose to “Accept all,” we will also use cookies and data to
Develop and improve new services
Deliver and measure the effectiveness of ads
Show personalized content, depending on your settings
Show personalized ads, depending on your settings
If you choose to “Reject all,” we will not use cookies for these additional purposes.
Non-personalized content is influenced by things like the content you’re currently viewing, activity in your active Search session, and your location. Non-personalized ads are influenced by the content you’re currently viewing and your general location. Personalized content and ads can also include more relevant results, recommendations, and tailored ads based on past activity from this browser, like previous Google searches. We also use cookies and data to tailor the experience to be age-appropriate, if relevant.
Select “More options” to see additional information, including details about managing your privacy settings. You can also visit g.co/privacytools at any time.
Reject all
Accept all
More options
Privacy Policy
Terms of Service",https://news.google.com/rss/articles/CBMikAFBVV95cUxPQXg1QXRSXzNDTjNFZmZpOEpxcWU2QWYyOXhySXNwV3FZSHgxU21EOFNNVDltZl8xLV82N3pkOGt2R2d2VjJKcGlrZ2xSOWdsalpTZGxMSDFnU2JBaVFLYVJzWTZwSDFPZHp2bk05QTJIRUxCZGN1bzdOU0R1V3ZUeVN4c25iMy0xU2JqaUVsa3M?oc=5
2024-07-03,TSLA,Tesla,Tesla stock surges as quarterly vehicle deliveries beat Wall Street estimates - Yahoo Finance,"EN
Sign in
Before you continue to Google
We use cookies and data to
Deliver and maintain Google services
Track outages and protect against spam, fraud, and abuse
Measure audience engagement and site statistics to understand how our services are used and enhance the quality of those services
If you choose to “Accept all,” we will also use cookies and data to
Develop and improve new services
Deliver and measure the effectiveness of ads
Show personalized content, depending on your settings
Show personalized ads, depending on your settings
If you choose to “Reject all,” we will not use cookies for these additional purposes.
Non-personalized content is influenced by things like the content you’re currently viewing, activity in your active Search session, and your location. Non-personalized ads are influenced by the content you’re currently viewing and your general location. Personalized content and ads can also include more relevant results, recommendations, and tailored ads based on past activity from this browser, like previous Google searches. We also use cookies and data to tailor the experience to be age-appropriate, if relevant.
Select “More options” to see additional information, including details about managing your privacy settings. You can also visit g.co/privacytools at any time.
Reject all
Accept all
More options
Privacy Policy
Terms of Service",https://news.google.com/rss/articles/CBMiwAFBVV95cUxNcTFfSHZoM0EyUXp0NWxCVzdZaUJXZGRtWTVxQUpuUmRLTGhHdzVWR3M3Z2JXN0Z4dG9BckJxdnRENUdEMVpzMXVFcmVSdVZjck9zTkxfMlVyVEZIdFMzZVpQdGVqb3hfMGg0Qng1dHg4Y2JWcTR5MHlkR2o2RkszVUZkMmJMMDY3UEdMcVJfTlZiWTJNenpGVWh4bGRCTEdWM0Z0VGlFb1dnMVRzR19KUXhyRkZ2OEl2QVA2anRWV00?oc=5
2024-07-10,TSLA,Tesla,Tesla Stock Rises for 11th Straight Session as Goldman Lifts Price Target - Investopedia,"EN
Sign in
Before you continue to Google
We use cookies and data to
Deliver and maintain Google services
Track outages and protect against spam, fraud, and abuse
Measure audience engagement and site statistics to understand how our services are used and enhance the quality of those services
If you choose to “Accept all,” we will also use cookies and data to
Develop and improve new services
Deliver and measure the effectiveness of ads
Show personalized content, depending on your settings
Show personalized ads, depending on your settings
If you choose to “Reject all,” we will not use cookies for these additional purposes.
Non-personalized content is influenced by things like the content you’re currently viewing, activity in your active Search session, and your location. Non-personalized ads are influenced by the content you’re currently viewing and your general location. Personalized content and ads can also include more relevant results, recommendations, and tailored ads based on past activity from this browser, like previous Google searches. We also use cookies and data to tailor the experience to be age-appropriate, if relevant.
Select “More options” to see additional information, including details about managing your privacy settings. You can also visit g.co/privacytools at any time.
Reject all
Accept all
More options
Privacy Policy
Terms of Service",https://news.google.com/rss/articles/CBMipgFBVV95cUxOYjlXa050S3lZeGlQSmdVbk45OTJXZWV4N3JBdFhDaDF0V1lyTURieEJya25SRlRBcldBUEZWbUwwM016MTI3aS1Sdzkzd21DNlFtUXB2RWNSeWl4ZmxFTnEzaHBjOVF6V0ZEYXpSM2d5dWc5ZmdIZjZqNVhuVnN3UE5NejVMcHV2WENBNXlBOThoU1pBNDMtZ0dyZTZpSG1Gc0YzUkZn?oc=5
2024-07-22,TSLA,Tesla,"Tesla Stock Jumps Ahead of Earnings, as Musk Says Humanoid Robot Will Come in 2025 - Investopedia","EN
Sign in
Before you continue to Google
We use cookies and data to
Deliver and maintain Google services
Track outages and protect against spam, fraud, and abuse
Measure audience engagement and site statistics to understand how our services are used and enhance the quality of those services
If you choose to “Accept all,” we will also use cookies and data to
Develop and improve new services
Deliver and measure the effectiveness of ads
Show personalized content, depending on your settings
Show personalized ads, depending on your settings
If you choose to “Reject all,” we will not use cookies for these additional purposes.
Non-personalized content is influenced by things like the content you’re currently viewing, activity in your active Search session, and your location. Non-personalized ads are influenced by the content you’re currently viewing and your general location. Personalized content and ads can also include more relevant results, recommendations, and tailored ads based on past activity from this browser, like previous Google searches. We also use cookies and data to tailor the experience to be age-appropriate, if relevant.
Select “More options” to see additional information, including details about managing your privacy settings. You can also visit g.co/privacytools at any time.
Reject all
Accept all
More options
Privacy Policy
Terms of Service",https://news.google.com/rss/articles/CBMisgFBVV95cUxORV9PUVBrUWZHQmVhNzhuNmxnMldQcl9hcGludUtMYjNBZUkyVFpBRmRKQld0LTVWZ0doY2tEbm9YbW92aTMzdVcwMUpRVnM1VHRzNDg4UnNHWW1WNFN6RDZ6VHJRU05HTkVqMUI5Sm1pQW9ETHZVM2ZIMVBzUWR5ZTdudEZodzZ1V1NpU2VFal8xbEx5WnozdjJVYXhqRWhBVFM3QWJncHJJdzJyZ1ItV013?oc=5
2024-07-10,TSLA,Tesla,"Tesla's market share has fallen, but Elon Musk's company is back among the Magnificent Seven - Fortune","EN
Sign in
Before you continue to Google
We use cookies and data to
Deliver and maintain Google services
Track outages and protect against spam, fraud, and abuse
Measure audience engagement and site statistics to understand how our services are used and enhance the quality of those services
If you choose to “Accept all,” we will also use cookies and data to
Develop and improve new services
Deliver and measure the effectiveness of ads
Show personalized content, depending on your settings
Show personalized ads, depending on your settings
If you choose to “Reject all,” we will not use cookies for these additional purposes.
Non-personalized content is influenced by things like the content you’re currently viewing, activity in your active Search session, and your location. Non-personalized ads are influenced by the content you’re currently viewing and your general location. Personalized content and ads can also include more relevant results, recommendations, and tailored ads based on past activity from this browser, like previous Google searches. We also use cookies and data to tailor the experience to be age-appropriate, if relevant.
Select “More options” to see additional information, including details about managing your privacy settings. You can also visit g.co/privacytools at any time.
Reject all
Accept all
More options
Privacy Policy
Terms of Service",https://news.google.com/rss/articles/CBMiugFBVV95cUxNUUZRSnVmUVdNUHFDT21adlZSREV2YmNYcmxNTEFUdlZFOWZyR3dGVzBTa1JwR2xWNk1qaUZlbDVyMGVxU2hHd0g2ODh1MG9wblYxUVcteGlFMVZDZmdnWThzcXNYMGZEci1JWnF3dkRmMHBjSzRzVlI0ZWFvTi1UMGpDWUFBd0VwSnJVUFczVUUzU2lRbzRnY0JTd1A2MGRHMHJfQ21lWFZyRVI3Uy1BYjhUOXdaRDVoeWc?oc=5
2024-08-01,TSLA,Tesla,"After Earnings, Is Tesla Stock a Buy, a Sell, or Fairly Valued? - Morningstar","EN
Sign in
Before you continue to Google
We use cookies and data to
Deliver and maintain Google services
Track outages and protect against spam, fraud, and abuse
Measure audience engagement and site statistics to understand how our services are used and enhance the quality of those services
If you choose to “Accept all,” we will also use cookies and data to
Develop and improve new services
Deliver and measure the effectiveness of ads
Show personalized content, depending on your settings
Show personalized ads, depending on your settings
If you choose to “Reject all,” we will not use cookies for these additional purposes.
Non-personalized content is influenced by things like the content you’re currently viewing, activity in your active Search session, and your location. Non-personalized ads are influenced by the content you’re currently viewing and your general location. Personalized content and ads can also include more relevant results, recommendations, and tailored ads based on past activity from this browser, like previous Google searches. We also use cookies and data to tailor the experience to be age-appropriate, if relevant.
Select “More options” to see additional information, including details about managing your privacy settings. You can also visit g.co/privacytools at any time.
Reject all
Accept all
More options
Privacy Policy
Terms of Service",https://news.google.com/rss/articles/CBMilwFBVV95cUxOVmotbXpReHZ4VDdXZHhScXo4TVM5cVYtb2I5LVk2eFY3YlNtZXotcFpmOUtoWl8wcHgyZ0ZFSjlnYnRTM1FDRlZpQm5OVDhCVWNFT2tMNHlVZkUtRFpXTG05YTE0SnE1OG9DaWZ5QmctaXhXUTl3R01kNkVfN2FXaG9LSUdiYk1zNWg2eFZLMklOcFlpclE0?oc=5
2024-08-09,TSLA,Tesla,Elon Musk is bringing lawsuits to Texas. A judge with Tesla stock keeps hearing them - NPR,"EN
Sign in
Before you continue to Google
We use cookies and data to
Deliver and maintain Google services
Track outages and protect against spam, fraud, and abuse
Measure audience engagement and site statistics to understand how our services are used and enhance the quality of those services
If you choose to “Accept all,” we will also use cookies and data to
Develop and improve new services
Deliver and measure the effectiveness of ads
Show personalized content, depending on your settings
Show personalized ads, depending on your settings
If you choose to “Reject all,” we will not use cookies for these additional purposes.
Non-personalized content is influenced by things like the content you’re currently viewing, activity in your active Search session, and your location. Non-personalized ads are influenced by the content you’re currently viewing and your general location. Personalized content and ads can also include more relevant results, recommendations, and tailored ads based on past activity from this browser, like previous Google searches. We also use cookies and data to tailor the experience to be age-appropriate, if relevant.
Select “More options” to see additional information, including details about managing your privacy settings. You can also visit g.co/privacytools at any time.
Reject all
Accept all
More options
Privacy Policy
Terms of Service",https://news.google.com/rss/articles/CBMiogFBVV95cUxQakFfemRuWDNENXhUSFkyc1ZVbDB0MXpHLXUwdE9KcW0tNEo0QVBXMlZVZ2FFOTRnTng1S3QxOUNLRk1qT1dxYWpXbWlyZ0RQQ1RNN2Y3UDBZdW5ZSmYycGE3SDFtaTFPVXVkLU56NWJYSGpXTHVFTWJpRlB1MHJwSFY0UEZvSGlacF9ySURNbkdpQUktRlBORnhkd0t1aTl2dWc?oc=5
2024-08-15,TSLA,Tesla,Tesla Stock Is Rising. Here’s What’s Moving It. - Barron's,"EN
Sign in
Before you continue to Google
We use cookies and data to
Deliver and maintain Google services
Track outages and protect against spam, fraud, and abuse
Measure audience engagement and site statistics to understand how our services are used and enhance the quality of those services
If you choose to “Accept all,” we will also use cookies and data to
Develop and improve new services
Deliver and measure the effectiveness of ads
Show personalized content, depending on your settings
Show personalized ads, depending on your settings
If you choose to “Reject all,” we will not use cookies for these additional purposes.
Non-personalized content is influenced by things like the content you’re currently viewing, activity in your active Search session, and your location. Non-personalized ads are influenced by the content you’re currently viewing and your general location. Personalized content and ads can also include more relevant results, recommendations, and tailored ads based on past activity from this browser, like previous Google searches. We also use cookies and data to tailor the experience to be age-appropriate, if relevant.
Select “More options” to see additional information, including details about managing your privacy settings. You can also visit g.co/privacytools at any time.
Reject all
Accept all
More options
Privacy Policy
Terms of Service",https://news.google.com/rss/articles/CBMidEFVX3lxTE56eTNnbmlyOUZpMGZPZWJmRF8yRWVrOUpIVWJ4Um5rMFBFOVJ5TUJFb0RhQkQ0bk5JakJNMy1vcmo1dUpHSkdWS3VCaU9zcllVODVOZnB4amlaS09HMWRjNGtvelRydXVQbkRuN2ZSWi1FaTFC?oc=5
2024-08-27,TSLA,Tesla,Tesla Stock Eyes A New Base As China Vehicle Registrations Still Look Good - Investor's Business Daily,"EN
Sign in
Before you continue to Google
We use cookies and data to
Deliver and maintain Google services
Track outages and protect against spam, fraud, and abuse
Measure audience engagement and site statistics to understand how our services are used and enhance the quality of those services
If you choose to “Accept all,” we will also use cookies and data to
Develop and improve new services
Deliver and measure the effectiveness of ads
Show personalized content, depending on your settings
Show personalized ads, depending on your settings
If you choose to “Reject all,” we will not use cookies for these additional purposes.
Non-personalized content is influenced by things like the content you’re currently viewing, activity in your active Search session, and your location. Non-personalized ads are influenced by the content you’re currently viewing and your general location. Personalized content and ads can also include more relevant results, recommendations, and tailored ads based on past activity from this browser, like previous Google searches. We also use cookies and data to tailor the experience to be age-appropriate, if relevant.
Select “More options” to see additional information, including details about managing your privacy settings. You can also visit g.co/privacytools at any time.
Reject all
Accept all
More options
Privacy Policy
Terms of Service",https://news.google.com/rss/articles/CBMiigFBVV95cUxNQnBtVnlRRXJqcEtrSmFuVFp5bW9fLUxHR0NJQnN0LUs5aFJGUDBhT3pUZENsXzNERGhKY3dMWnFaTUVha0R2MXRMRDcwLUdiSXFuNDJFajdnazMySlAwanVXQ2FPTG13VGRDZEF3NW51UUJBVnlYcXhSZGdkVTltVkxYemZXMHp4eWc?oc=5
2024-08-05,TSLA,Tesla,Why Tesla Stock Is Down Today - The Motley Fool,"EN
Sign in
Before you continue to Google
We use cookies and data to
Deliver and maintain Google services
Track outages and protect against spam, fraud, and abuse
Measure audience engagement and site statistics to understand how our services are used and enhance the quality of those services
If you choose to “Accept all,” we will also use cookies and data to
Develop and improve new services
Deliver and measure the effectiveness of ads
Show personalized content, depending on your settings
Show personalized ads, depending on your settings
If you choose to “Reject all,” we will not use cookies for these additional purposes.
Non-personalized content is influenced by things like the content you’re currently viewing, activity in your active Search session, and your location. Non-personalized ads are influenced by the content you’re currently viewing and your general location. Personalized content and ads can also include more relevant results, recommendations, and tailored ads based on past activity from this browser, like previous Google searches. We also use cookies and data to tailor the experience to be age-appropriate, if relevant.
Select “More options” to see additional information, including details about managing your privacy settings. You can also visit g.co/privacytools at any time.
Reject all
Accept all
More options
Privacy Policy
Terms of Service",https://news.google.com/rss/articles/CBMifEFVX3lxTE11U1h0clVRMHkyUHdWNWdjc1NYcmlwSU10YUo5bWw2Vi1mRzl3Mi1TVWVjZ3FObVJXU0xYbktJQlhJWHZxdWN6LU4yb05SVllzVkRjcjVwclZMTm1BM2hiaHhxUndYVldicmlxWEVzVFpTN29pQW84UnF2ang?oc=5
2024-08-21,TSLA,Tesla,Why Backing Trump is a Bigger Risk for Tesla Stock than for Elon Musk - Nasdaq,"EN
Sign in
Before you continue to Google
We use cookies and data to
Deliver and maintain Google services
Track outages and protect against spam, fraud, and abuse
Measure audience engagement and site statistics to understand how our services are used and enhance the quality of those services
If you choose to “Accept all,” we will also use cookies and data to
Develop and improve new services
Deliver and measure the effectiveness of ads
Show personalized content, depending on your settings
Show personalized ads, depending on your settings
If you choose to “Reject all,” we will not use cookies for these additional purposes.
Non-personalized content is influenced by things like the content you’re currently viewing, activity in your active Search session, and your location. Non-personalized ads are influenced by the content you’re currently viewing and your general location. Personalized content and ads can also include more relevant results, recommendations, and tailored ads based on past activity from this browser, like previous Google searches. We also use cookies and data to tailor the experience to be age-appropriate, if relevant.
Select “More options” to see additional information, including details about managing your privacy settings. You can also visit g.co/privacytools at any time.
Reject all
Accept all
More options
Privacy Policy
Terms of Service",https://news.google.com/rss/articles/CBMiiwFBVV95cUxONmJna01aRDg5QU5NTnRTNEdqa0JTVEpsNTdBb3gxN1o4R19GaHVaNHlMSWl3SF85SDQyeG9IVDljSW9FcU1JQm5lRVl1T0x5SDh2YzVlUkY1WTlwbTFhNlpRMzJjMjV2N1pJN2FjLW9rQTlkTER5YWRRSW5pWUIzV0VxYVBnLS1ud3Jr?oc=5
2024-07-30,TSLA,Tesla,Watch These Tesla Price Levels as EV Maker's Stock Continues Rollercoaster Ride - Investopedia,"EN
Sign in
Before you continue to Google
We use cookies and data to
Deliver and maintain Google services
Track outages and protect against spam, fraud, and abuse
Measure audience engagement and site statistics to understand how our services are used and enhance the quality of those services
If you choose to “Accept all,” we will also use cookies and data to
Develop and improve new services
Deliver and measure the effectiveness of ads
Show personalized content, depending on your settings
Show personalized ads, depending on your settings
If you choose to “Reject all,” we will not use cookies for these additional purposes.
Non-personalized content is influenced by things like the content you’re currently viewing, activity in your active Search session, and your location. Non-personalized ads are influenced by the content you’re currently viewing and your general location. Personalized content and ads can also include more relevant results, recommendations, and tailored ads based on past activity from this browser, like previous Google searches. We also use cookies and data to tailor the experience to be age-appropriate, if relevant.
Select “More options” to see additional information, including details about managing your privacy settings. You can also visit g.co/privacytools at any time.
Reject all
Accept all
More options
Privacy Policy
Terms of Service",https://news.google.com/rss/articles/CBMitAFBVV95cUxNeHU3ZkI0M2JQQnF4WTRFZTBzOWotVHFvWm9EUklzeGlmMThqaWdsMm5IQ1ozNTZDczNvMzdRNms2Y2FNNDZrZElQZTNrNzRFMTNWY21MajF4c3N1MGROLXhaWGZRWEppenZ3TnlIMHNlZmZWVXV1YjFCVUxkNVhuaHYwcUlCcUpybmJDT1hYbGh6VlBzU2tyUUpEeWV6T2hMTHZNVUUxX3NURWk3WDRBSnpFZl8?oc=5
2024-08-07,TSLA,Tesla,Why this Tesla investor and Elon Musk supporter is buying the stock dip - Yahoo Finance,"EN
Sign in
Before you continue to Google
We use cookies and data to
Deliver and maintain Google services
Track outages and protect against spam, fraud, and abuse
Measure audience engagement and site statistics to understand how our services are used and enhance the quality of those services
If you choose to “Accept all,” we will also use cookies and data to
Develop and improve new services
Deliver and measure the effectiveness of ads
Show personalized content, depending on your settings
Show personalized ads, depending on your settings
If you choose to “Reject all,” we will not use cookies for these additional purposes.
Non-personalized content is influenced by things like the content you’re currently viewing, activity in your active Search session, and your location. Non-personalized ads are influenced by the content you’re currently viewing and your general location. Personalized content and ads can also include more relevant results, recommendations, and tailored ads based on past activity from this browser, like previous Google searches. We also use cookies and data to tailor the experience to be age-appropriate, if relevant.
Select “More options” to see additional information, including details about managing your privacy settings. You can also visit g.co/privacytools at any time.
Reject all
Accept all
More options
Privacy Policy
Terms of Service",https://news.google.com/rss/articles/CBMiuAFBVV95cUxOcDZtVTljQ0NJWVVrdnhsdnBrQ0QzekdBUWZab2ZlcWk5U0pBY2JtYWU0QjdoREs5VVJSV093V20tSkVfeFBFQTRlT3pKWkdnUzNkR3ZidGhuUFpJZkVXX0VhcFNSaktoallNajhMLVd4WE1wSHlDdVptNjlwdEdjX1VLdmQzeFJvRDdITS1VSlBPRGVaSk5XSEF1M01IRDBMb3JFeVJEUGhZTDZCNkdwMGVZTjVwcmxX?oc=5
2024-07-29,TSLA,Tesla,"Tesla stock has 40% upside as a 'top pick' as it corners the EV-credit market, Morgan Stanley says - markets.businessinsider.com","EN
Sign in
Before you continue to Google
We use cookies and data to
Deliver and maintain Google services
Track outages and protect against spam, fraud, and abuse
Measure audience engagement and site statistics to understand how our services are used and enhance the quality of those services
If you choose to “Accept all,” we will also use cookies and data to
Develop and improve new services
Deliver and measure the effectiveness of ads
Show personalized content, depending on your settings
Show personalized ads, depending on your settings
If you choose to “Reject all,” we will not use cookies for these additional purposes.
Non-personalized content is influenced by things like the content you’re currently viewing, activity in your active Search session, and your location. Non-personalized ads are influenced by the content you’re currently viewing and your general location. Personalized content and ads can also include more relevant results, recommendations, and tailored ads based on past activity from this browser, like previous Google searches. We also use cookies and data to tailor the experience to be age-appropriate, if relevant.
Select “More options” to see additional information, including details about managing your privacy settings. You can also visit g.co/privacytools at any time.
Reject all
Accept all
More options
Privacy Policy
Terms of Service",https://news.google.com/rss/articles/CBMitgFBVV95cUxNRzR4eEFPVi0yWnAxTnI0aHVEb2xHUjdpSHFnSGN6YkZMZXVKb3NZVkxpc1NTSU1hUHd1dFUyYi00bWR6aGoxN0xWMF92Vl9nZm1SOTBMb1FzNG9CeWlIeWpUNVc5bDBjbVFPWk9oRU9FLXdscnRtWU5fVThEWWV6Vnk3V1cwTHV3UGFjMTIyaVlkMEhKb3Vpc2c0dmpxS09wVVJSM29TM3FPYTQzbEtybVFpMHgwQQ?oc=5
2024-08-26,TSLA,Tesla,Tesla Stock Is Down. Here’s What’s Moving Shares. - Barron's,"EN
Sign in
Before you continue to Google
We use cookies and data to
Deliver and maintain Google services
Track outages and protect against spam, fraud, and abuse
Measure audience engagement and site statistics to understand how our services are used and enhance the quality of those services
If you choose to “Accept all,” we will also use cookies and data to
Develop and improve new services
Deliver and measure the effectiveness of ads
Show personalized content, depending on your settings
Show personalized ads, depending on your settings
If you choose to “Reject all,” we will not use cookies for these additional purposes.
Non-personalized content is influenced by things like the content you’re currently viewing, activity in your active Search session, and your location. Non-personalized ads are influenced by the content you’re currently viewing and your general location. Personalized content and ads can also include more relevant results, recommendations, and tailored ads based on past activity from this browser, like previous Google searches. We also use cookies and data to tailor the experience to be age-appropriate, if relevant.
Select “More options” to see additional information, including details about managing your privacy settings. You can also visit g.co/privacytools at any time.
Reject all
Accept all
More options
Privacy Policy
Terms of Service",https://news.google.com/rss/articles/CBMif0FVX3lxTE5vbmpscVh4SnVqZ1Z5RzlnVGdKeGR6ckZ2MzByWnR2VWtmemo4Xzc1dnVkOENMemxFRzJCcDZwYnUyUVRiZ1Q1U045anRSRWxVSDV4NUN5eUJTTGxVOHNEbmlWZGgzb1h3M181cGc3UWRKb3NHWHlSZV9FRGN6VWc?oc=5
2024-08-08,TSLA,Tesla,Tesla Stock Is Slipping. Here’s the Reason It’s Moving. - Barron's,"EN
Sign in
Before you continue to Google
We use cookies and data to
Deliver and maintain Google services
Track outages and protect against spam, fraud, and abuse
Measure audience engagement and site statistics to understand how our services are used and enhance the quality of those services
If you choose to “Accept all,” we will also use cookies and data to
Develop and improve new services
Deliver and measure the effectiveness of ads
Show personalized content, depending on your settings
Show personalized ads, depending on your settings
If you choose to “Reject all,” we will not use cookies for these additional purposes.
Non-personalized content is influenced by things like the content you’re currently viewing, activity in your active Search session, and your location. Non-personalized ads are influenced by the content you’re currently viewing and your general location. Personalized content and ads can also include more relevant results, recommendations, and tailored ads based on past activity from this browser, like previous Google searches. We also use cookies and data to tailor the experience to be age-appropriate, if relevant.
Select “More options” to see additional information, including details about managing your privacy settings. You can also visit g.co/privacytools at any time.
Reject all
Accept all
More options
Privacy Policy
Terms of Service",https://news.google.com/rss/articles/CBMifEFVX3lxTE1SOXFhSE5YMnVsTEY4eGdVODBDeExMUnBrMlM1aW9HSzNQZ0F2aEZneUVrVWdsMWNIVVA3TUd0bmNtTnBjREdhWFpoYmw3c2pscnNBMHA5S0dZYklWNDQxNW1mUXh1U0E2RGlpaWVZbDlEOVA4R3JrVzdZWko?oc=5
2024-08-27,TSLA,Tesla,Tesla Stock Is Down. Here’s What’s Moving Shares. - Barron's,"EN
Sign in
Before you continue to Google
We use cookies and data to
Deliver and maintain Google services
Track outages and protect against spam, fraud, and abuse
Measure audience engagement and site statistics to understand how our services are used and enhance the quality of those services
If you choose to “Accept all,” we will also use cookies and data to
Develop and improve new services
Deliver and measure the effectiveness of ads
Show personalized content, depending on your settings
Show personalized ads, depending on your settings
If you choose to “Reject all,” we will not use cookies for these additional purposes.
Non-personalized content is influenced by things like the content you’re currently viewing, activity in your active Search session, and your location. Non-personalized ads are influenced by the content you’re currently viewing and your general location. Personalized content and ads can also include more relevant results, recommendations, and tailored ads based on past activity from this browser, like previous Google searches. We also use cookies and data to tailor the experience to be age-appropriate, if relevant.
Select “More options” to see additional information, including details about managing your privacy settings. You can also visit g.co/privacytools at any time.
Reject all
Accept all
More options
Privacy Policy
Terms of Service",https://news.google.com/rss/articles/CBMid0FVX3lxTE1TOXR0VHNEYWgxVUc2R0ZMcjBXYlFyQmlRcXBLb1FJa21SaG9GMWU0bTJZRTE2aWs1dmlidlduajNxcmpQT3Jab1YyeVFlUEg3eWJjV2s4SGZyNUpLTzV1VERKVDNMcWh3dXgtU3loQ2k5SGtLOGpz?oc=5
2024-08-22,TSLA,Tesla,Tesla Stock Drops as Truck Crash Investigated by NTSB - Barron's,"EN
Sign in
Before you continue to Google
We use cookies and data to
Deliver and maintain Google services
Track outages and protect against spam, fraud, and abuse
Measure audience engagement and site statistics to understand how our services are used and enhance the quality of those services
If you choose to “Accept all,” we will also use cookies and data to
Develop and improve new services
Deliver and measure the effectiveness of ads
Show personalized content, depending on your settings
Show personalized ads, depending on your settings
If you choose to “Reject all,” we will not use cookies for these additional purposes.
Non-personalized content is influenced by things like the content you’re currently viewing, activity in your active Search session, and your location. Non-personalized ads are influenced by the content you’re currently viewing and your general location. Personalized content and ads can also include more relevant results, recommendations, and tailored ads based on past activity from this browser, like previous Google searches. We also use cookies and data to tailor the experience to be age-appropriate, if relevant.
Select “More options” to see additional information, including details about managing your privacy settings. You can also visit g.co/privacytools at any time.
Reject all
Accept all
More options
Privacy Policy
Terms of Service",https://news.google.com/rss/articles/CBMilgFBVV95cUxPNnlwWnJzOGNZOGcxWEVSZGszZkFiZndINFNIRWRkYTRhbXlYd2RWYXBKZWRJMkRZNWNnM2lQVFg4TllmSjd2UmN3YjVIeUo1andOOVZJMElxUDBTdXoyalhuQ3NHTU0zUnYxS3dxM1NHNVhnUlZtUjFKTEk4YkJMWFJFb0l2dzNlU0NXcDFwVnN2WnNmZVE?oc=5
2024-08-02,TSLA,Tesla,Tesla Stock Is Falling to End a Very Wild Week - Barron's,"EN
Sign in
Before you continue to Google
We use cookies and data to
Deliver and maintain Google services
Track outages and protect against spam, fraud, and abuse
Measure audience engagement and site statistics to understand how our services are used and enhance the quality of those services
If you choose to “Accept all,” we will also use cookies and data to
Develop and improve new services
Deliver and measure the effectiveness of ads
Show personalized content, depending on your settings
Show personalized ads, depending on your settings
If you choose to “Reject all,” we will not use cookies for these additional purposes.
Non-personalized content is influenced by things like the content you’re currently viewing, activity in your active Search session, and your location. Non-personalized ads are influenced by the content you’re currently viewing and your general location. Personalized content and ads can also include more relevant results, recommendations, and tailored ads based on past activity from this browser, like previous Google searches. We also use cookies and data to tailor the experience to be age-appropriate, if relevant.
Select “More options” to see additional information, including details about managing your privacy settings. You can also visit g.co/privacytools at any time.
Reject all
Accept all
More options
Privacy Policy
Terms of Service",https://news.google.com/rss/articles/CBMic0FVX3lxTE9kYnR0dzY2MWpMOGtBaGdNdnRGZWhDeENVczRGZ0dBUGM5SmpzZUQyaFc1dF9seE9FQTNGcGdRMExkV3dmN0p4N3R6VGRpdUU4T3dmLUx2dEhHcnhhZmNaa0txRV93QnM0UElwcHV4UV9YT3M?oc=5
2024-07-29,TSLA,Tesla,Tesla Stock Jumps. Why Shares Gain After Big Drops—and 3 Things to Watch Today. - Barron's,"EN
Sign in
Before you continue to Google
We use cookies and data to
Deliver and maintain Google services
Track outages and protect against spam, fraud, and abuse
Measure audience engagement and site statistics to understand how our services are used and enhance the quality of those services
If you choose to “Accept all,” we will also use cookies and data to
Develop and improve new services
Deliver and measure the effectiveness of ads
Show personalized content, depending on your settings
Show personalized ads, depending on your settings
If you choose to “Reject all,” we will not use cookies for these additional purposes.
Non-personalized content is influenced by things like the content you’re currently viewing, activity in your active Search session, and your location. Non-personalized ads are influenced by the content you’re currently viewing and your general location. Personalized content and ads can also include more relevant results, recommendations, and tailored ads based on past activity from this browser, like previous Google searches. We also use cookies and data to tailor the experience to be age-appropriate, if relevant.
Select “More options” to see additional information, including details about managing your privacy settings. You can also visit g.co/privacytools at any time.
Reject all
Accept all
More options
Privacy Policy
Terms of Service",https://news.google.com/rss/articles/CBMic0FVX3lxTE5wbXZuZTdIaEVrbloxQXkzaW1PWS0yZWRUU01aOHdBU1dsRlRNakpjeEFrOHB3YUVGTkpQNkNOTjlOQUNFdWpsM2lkam5uSnVzSGc3QmdCMGFrX3lyZFBMY19xNVFjamRoRkU0NmF0djBHZG8?oc=5
2024-08-28,TSLA,Tesla,Tesla Stock Fell Again. All the News Sent The Same Message. - Barron's,"EN
Sign in
Before you continue to Google
We use cookies and data to
Deliver and maintain Google services
Track outages and protect against spam, fraud, and abuse
Measure audience engagement and site statistics to understand how our services are used and enhance the quality of those services
If you choose to “Accept all,” we will also use cookies and data to
Develop and improve new services
Deliver and measure the effectiveness of ads
Show personalized content, depending on your settings
Show personalized ads, depending on your settings
If you choose to “Reject all,” we will not use cookies for these additional purposes.
Non-personalized content is influenced by things like the content you’re currently viewing, activity in your active Search session, and your location. Non-personalized ads are influenced by the content you’re currently viewing and your general location. Personalized content and ads can also include more relevant results, recommendations, and tailored ads based on past activity from this browser, like previous Google searches. We also use cookies and data to tailor the experience to be age-appropriate, if relevant.
Select “More options” to see additional information, including details about managing your privacy settings. You can also visit g.co/privacytools at any time.
Reject all
Accept all
More options
Privacy Policy
Terms of Service",https://news.google.com/rss/articles/CBMiekFVX3lxTE9GYmdYV2tGZDJNVEdUTU1ueDYtNjFjNmxraFpPc2t1Nk96TGVWYloyc3E1R2ZOZy1OdWdPYWlPamJaZ0NfT1pVX09LeHBIM29JTEZhX2lTWmNBVU92VFBUOXYxMVNpRWI1NjBaa29oS3NycTVCeFZMSlNR?oc=5
2024-08-07,TSLA,Tesla,Tesla Stock Ended Higher. It Was All About Japan. - Barron's,"EN
Sign in
Before you continue to Google
We use cookies and data to
Deliver and maintain Google services
Track outages and protect against spam, fraud, and abuse
Measure audience engagement and site statistics to understand how our services are used and enhance the quality of those services
If you choose to “Accept all,” we will also use cookies and data to
Develop and improve new services
Deliver and measure the effectiveness of ads
Show personalized content, depending on your settings
Show personalized ads, depending on your settings
If you choose to “Reject all,” we will not use cookies for these additional purposes.
Non-personalized content is influenced by things like the content you’re currently viewing, activity in your active Search session, and your location. Non-personalized ads are influenced by the content you’re currently viewing and your general location. Personalized content and ads can also include more relevant results, recommendations, and tailored ads based on past activity from this browser, like previous Google searches. We also use cookies and data to tailor the experience to be age-appropriate, if relevant.
Select “More options” to see additional information, including details about managing your privacy settings. You can also visit g.co/privacytools at any time.
Reject all
Accept all
More options
Privacy Policy
Terms of Service",https://news.google.com/rss/articles/CBMib0FVX3lxTE9rcjVEaWpWblRKX21PR2lwU2VSR0hiZTJMZV9samZjR0pkU0xWV0pDV2Z0RzViV09QQk5TYm5xbUVZUmxqcloxRzhwRVhocElMMFBoUGs5ZWFVUlRMNk1IeUdKYnRDS21yV2RBYWxMcw?oc=5
2024-08-16,TSLA,Tesla,Tesla Stock Is Up. Where the Charts Say It Goes Next. - Barron's,"EN
Sign in
Before you continue to Google
We use cookies and data to
Deliver and maintain Google services
Track outages and protect against spam, fraud, and abuse
Measure audience engagement and site statistics to understand how our services are used and enhance the quality of those services
If you choose to “Accept all,” we will also use cookies and data to
Develop and improve new services
Deliver and measure the effectiveness of ads
Show personalized content, depending on your settings
Show personalized ads, depending on your settings
If you choose to “Reject all,” we will not use cookies for these additional purposes.
Non-personalized content is influenced by things like the content you’re currently viewing, activity in your active Search session, and your location. Non-personalized ads are influenced by the content you’re currently viewing and your general location. Personalized content and ads can also include more relevant results, recommendations, and tailored ads based on past activity from this browser, like previous Google searches. We also use cookies and data to tailor the experience to be age-appropriate, if relevant.
Select “More options” to see additional information, including details about managing your privacy settings. You can also visit g.co/privacytools at any time.
Reject all
Accept all
More options
Privacy Policy
Terms of Service",https://news.google.com/rss/articles/CBMijAFBVV95cUxPZnF1OEJNOU9NdEN0RXhfcmd6aTBJeG5sOHRFeVdnaXNBRkNzalBTVmp6ekxqTzFjRkVVY09GQW9sZzRZWV8ycWhra0ZzamFpU1VOU1RsbzlNMDNiVUdiQnBaaUFoMzgzc3FaMkh3SmVpeHlnUVI1YVZxcFNiLXRwQXZiR1k1S0VObnVxTw?oc=5
2024-07-31,TSLA,Tesla,Tesla Stock Rises—and the Gain Has Nothing to Do With Tesla - Barron's,"EN
Sign in
Before you continue to Google
We use cookies and data to
Deliver and maintain Google services
Track outages and protect against spam, fraud, and abuse
Measure audience engagement and site statistics to understand how our services are used and enhance the quality of those services
If you choose to “Accept all,” we will also use cookies and data to
Develop and improve new services
Deliver and measure the effectiveness of ads
Show personalized content, depending on your settings
Show personalized ads, depending on your settings
If you choose to “Reject all,” we will not use cookies for these additional purposes.
Non-personalized content is influenced by things like the content you’re currently viewing, activity in your active Search session, and your location. Non-personalized ads are influenced by the content you’re currently viewing and your general location. Personalized content and ads can also include more relevant results, recommendations, and tailored ads based on past activity from this browser, like previous Google searches. We also use cookies and data to tailor the experience to be age-appropriate, if relevant.
Select “More options” to see additional information, including details about managing your privacy settings. You can also visit g.co/privacytools at any time.
Reject all
Accept all
More options
Privacy Policy
Terms of Service",https://news.google.com/rss/articles/CBMia0FVX3lxTE5TVFczSHBaMWloY0tQaG11bXJhTHBNNnlwTFhEWElfaHlvN0pXQ2lzd0ROLTZQWDNQVjhZaGZ1elcxcGhNNUMwRE9SWDhFX21RV3BZdk0wRU1FSkJqampIMEdaZG43dDFoQlYw?oc=5
2024-08-01,TSLA,Tesla,"Tesla Stock Is Down. Look at NIO, Li Auto, XPeng—and the Fed. - Barron's","EN
Sign in
Before you continue to Google
We use cookies and data to
Deliver and maintain Google services
Track outages and protect against spam, fraud, and abuse
Measure audience engagement and site statistics to understand how our services are used and enhance the quality of those services
If you choose to “Accept all,” we will also use cookies and data to
Develop and improve new services
Deliver and measure the effectiveness of ads
Show personalized content, depending on your settings
Show personalized ads, depending on your settings
If you choose to “Reject all,” we will not use cookies for these additional purposes.
Non-personalized content is influenced by things like the content you’re currently viewing, activity in your active Search session, and your location. Non-personalized ads are influenced by the content you’re currently viewing and your general location. Personalized content and ads can also include more relevant results, recommendations, and tailored ads based on past activity from this browser, like previous Google searches. We also use cookies and data to tailor the experience to be age-appropriate, if relevant.
Select “More options” to see additional information, including details about managing your privacy settings. You can also visit g.co/privacytools at any time.
Reject all
Accept all
More options
Privacy Policy
Terms of Service",https://news.google.com/rss/articles/CBMif0FVX3lxTFBKUTBfUTh3TjVVNXMxb182TVBaekdXWloxSTZvRFNYWnE3UUFnSU43c296UDZaaGtCRzBRZU52X1Z6QnBJVFdUeHJuekZLYnliRVpzZkhncUtXSVZpNWIyWHpFSDV1TWo1emt4RUNwWHJaMVlUNnJTc0hTVTVZWTA?oc=5
2024-09-23,TSLA,Tesla,Tesla Stock Wipes Out 2024 Losses—Again. What Lifted the Shares. - Barron's,"EN
Sign in
Before you continue to Google
We use cookies and data to
Deliver and maintain Google services
Track outages and protect against spam, fraud, and abuse
Measure audience engagement and site statistics to understand how our services are used and enhance the quality of those services
If you choose to “Accept all,” we will also use cookies and data to
Develop and improve new services
Deliver and measure the effectiveness of ads
Show personalized content, depending on your settings
Show personalized ads, depending on your settings
If you choose to “Reject all,” we will not use cookies for these additional purposes.
Non-personalized content is influenced by things like the content you’re currently viewing, activity in your active Search session, and your location. Non-personalized ads are influenced by the content you’re currently viewing and your general location. Personalized content and ads can also include more relevant results, recommendations, and tailored ads based on past activity from this browser, like previous Google searches. We also use cookies and data to tailor the experience to be age-appropriate, if relevant.
Select “More options” to see additional information, including details about managing your privacy settings. You can also visit g.co/privacytools at any time.
Reject all
Accept all
More options
Privacy Policy
Terms of Service",https://news.google.com/rss/articles/CBMidkFVX3lxTE1RRTNjNzczMEhkZVpHV3NsYWxHS3RDUk00YjVRc0l5WndNbWZpemF4VldmekRrTi1GOFpSa0xTaUtqWmxLbmtRUnJTeXBCSW9HQVdQSnBXaGNwTGVmNWRqMUtST044clczaGdQd1YySnE1c3lldnc?oc=5
2024-09-23,TSLA,Tesla,Why Tesla's Stock Popped 5% Today - Investopedia,"EN
Sign in
Before you continue to Google
We use cookies and data to
Deliver and maintain Google services
Track outages and protect against spam, fraud, and abuse
Measure audience engagement and site statistics to understand how our services are used and enhance the quality of those services
If you choose to “Accept all,” we will also use cookies and data to
Develop and improve new services
Deliver and measure the effectiveness of ads
Show personalized content, depending on your settings
Show personalized ads, depending on your settings
If you choose to “Reject all,” we will not use cookies for these additional purposes.
Non-personalized content is influenced by things like the content you’re currently viewing, activity in your active Search session, and your location. Non-personalized ads are influenced by the content you’re currently viewing and your general location. Personalized content and ads can also include more relevant results, recommendations, and tailored ads based on past activity from this browser, like previous Google searches. We also use cookies and data to tailor the experience to be age-appropriate, if relevant.
Select “More options” to see additional information, including details about managing your privacy settings. You can also visit g.co/privacytools at any time.
Reject all
Accept all
More options
Privacy Policy
Terms of Service",https://news.google.com/rss/articles/CBMijAFBVV95cUxPVzQyaHNPdExuc2lORzNOTWd5MzI0Q0c3bkQ3VEdXSGt2bGZBeTRFY0xjVEdGbGhHQlU3OVRLRVdkbmtrYlVYNkMwdGx0SUlOcTJJVjVSSi1VaEVpekFTUFB2U2RycUlNUm52amU2ejBLZHhmRTVBU0pnZE1sSkdvMmRiZVIzbHRzTFhQcw?oc=5
2024-09-24,TSLA,Tesla,"Tesla’s Robotaxi Event Nears, Waymo Hits 100,000 Fares Per Week - Investor's Business Daily","EN
Sign in
Before you continue to Google
We use cookies and data to
Deliver and maintain Google services
Track outages and protect against spam, fraud, and abuse
Measure audience engagement and site statistics to understand how our services are used and enhance the quality of those services
If you choose to “Accept all,” we will also use cookies and data to
Develop and improve new services
Deliver and measure the effectiveness of ads
Show personalized content, depending on your settings
Show personalized ads, depending on your settings
If you choose to “Reject all,” we will not use cookies for these additional purposes.
Non-personalized content is influenced by things like the content you’re currently viewing, activity in your active Search session, and your location. Non-personalized ads are influenced by the content you’re currently viewing and your general location. Personalized content and ads can also include more relevant results, recommendations, and tailored ads based on past activity from this browser, like previous Google searches. We also use cookies and data to tailor the experience to be age-appropriate, if relevant.
Select “More options” to see additional information, including details about managing your privacy settings. You can also visit g.co/privacytools at any time.
Reject all
Accept all
More options
Privacy Policy
Terms of Service",https://news.google.com/rss/articles/CBMif0FVX3lxTE5ZZy15bU11ZzBsamJjSFp1cW9GU2hrS1hobzRJTDhxZ1Rfem1xTUZSaWtqYzI3UkJUanloWlNUSDZoNGdqckdWX1NlZ2VMclpITElBaklJVjNNZVZiQkVQakxaWjNXWWIteE12dzR4OVRScjlqVHFWWlMyZ0JBZmc?oc=5
2024-09-10,TSLA,Tesla,"Tesla’s stock deserves a ‘unique’ valuation, according to the newest bull - MarketWatch","EN
Sign in
Before you continue to Google
We use cookies and data to
Deliver and maintain Google services
Track outages and protect against spam, fraud, and abuse
Measure audience engagement and site statistics to understand how our services are used and enhance the quality of those services
If you choose to “Accept all,” we will also use cookies and data to
Develop and improve new services
Deliver and measure the effectiveness of ads
Show personalized content, depending on your settings
Show personalized ads, depending on your settings
If you choose to “Reject all,” we will not use cookies for these additional purposes.
Non-personalized content is influenced by things like the content you’re currently viewing, activity in your active Search session, and your location. Non-personalized ads are influenced by the content you’re currently viewing and your general location. Personalized content and ads can also include more relevant results, recommendations, and tailored ads based on past activity from this browser, like previous Google searches. We also use cookies and data to tailor the experience to be age-appropriate, if relevant.
Select “More options” to see additional information, including details about managing your privacy settings. You can also visit g.co/privacytools at any time.
Reject all
Accept all
More options
Privacy Policy
Terms of Service",https://news.google.com/rss/articles/CBMisgFBVV95cUxNU09aZ2VsV0NpRTRMUlAtTnlLa1dWTWtDWXc1X2NONVFRUTdPSzhxaTVLSFVGN0R3SHNlRUxud0M5RDJCWW56akVsNWFCUlQ0QkUtck9IejJ4NjZsUElaa0h2NG00ZkR0N2FCV2V1QWZOV0R4Zk16am92eGlXdDdSbXNtbjNOWGExSmVQM2dUcUtUWmlxRmRCOGFqaGdKeHVFYUtvQ1hUdjFMakEyaHRhaGpn?oc=5
2024-09-24,TSLA,Tesla,Tesla stock pops amid bullish sales forecast as robotaxi unveiling looms - Yahoo Finance,"EN
Sign in
Before you continue to Google
We use cookies and data to
Deliver and maintain Google services
Track outages and protect against spam, fraud, and abuse
Measure audience engagement and site statistics to understand how our services are used and enhance the quality of those services
If you choose to “Accept all,” we will also use cookies and data to
Develop and improve new services
Deliver and measure the effectiveness of ads
Show personalized content, depending on your settings
Show personalized ads, depending on your settings
If you choose to “Reject all,” we will not use cookies for these additional purposes.
Non-personalized content is influenced by things like the content you’re currently viewing, activity in your active Search session, and your location. Non-personalized ads are influenced by the content you’re currently viewing and your general location. Personalized content and ads can also include more relevant results, recommendations, and tailored ads based on past activity from this browser, like previous Google searches. We also use cookies and data to tailor the experience to be age-appropriate, if relevant.
Select “More options” to see additional information, including details about managing your privacy settings. You can also visit g.co/privacytools at any time.
Reject all
Accept all
More options
Privacy Policy
Terms of Service",https://news.google.com/rss/articles/CBMiugFBVV95cUxQZkhQU0gzTDFJdi15RVRlVEFSUUFkSHQwZTJPd3BMWXNhVlpzbzhZR2NJQ2xscUUwbHhGZjRRNVhzTmhqQ1hvRlpMdGNFczU5MVhyVGh6bGlnQk8wRUVhN0dvaW52QTBEeGRsbm5ZcTNXS0lBd3BLOC1jUEowT1g4ZU9rS1h2LWhTVkEyN29yWUtRTnp1MEt1ckhEdGtzZE1NZS13Y0VVd1RCVFpLTkM1V2pfbUNjSUE4S2c?oc=5
2024-09-23,TSLA,Tesla,"Tesla stock surges amid optimism on Q3 earnings, 'robotaxi day' - Fortune","EN
Sign in
Before you continue to Google
We use cookies and data to
Deliver and maintain Google services
Track outages and protect against spam, fraud, and abuse
Measure audience engagement and site statistics to understand how our services are used and enhance the quality of those services
If you choose to “Accept all,” we will also use cookies and data to
Develop and improve new services
Deliver and measure the effectiveness of ads
Show personalized content, depending on your settings
Show personalized ads, depending on your settings
If you choose to “Reject all,” we will not use cookies for these additional purposes.
Non-personalized content is influenced by things like the content you’re currently viewing, activity in your active Search session, and your location. Non-personalized ads are influenced by the content you’re currently viewing and your general location. Personalized content and ads can also include more relevant results, recommendations, and tailored ads based on past activity from this browser, like previous Google searches. We also use cookies and data to tailor the experience to be age-appropriate, if relevant.
Select “More options” to see additional information, including details about managing your privacy settings. You can also visit g.co/privacytools at any time.
Reject all
Accept all
More options
Privacy Policy
Terms of Service",https://news.google.com/rss/articles/CBMic0FVX3lxTE9wenVDa0Q1eHpYNm5VQ2FmSkNZN3duWXZUX2xha1FHU2Z0TXpFMzE0VVNoS2FWQ0IzcmZpN3BlbHpiUTFaMzNmc1NJUEJUb2c1VmFjQUxPdU1oSl9QajdQTlVNZ2lTTjRBQTBPeWtTNWNaeDQ?oc=5
2024-09-13,TSLA,Tesla,"If You'd Invested $10,000 in Tesla Stock 5 Years Ago, Here's How Much You'd Have Today - The Motley Fool","EN
Sign in
Before you continue to Google
We use cookies and data to
Deliver and maintain Google services
Track outages and protect against spam, fraud, and abuse
Measure audience engagement and site statistics to understand how our services are used and enhance the quality of those services
If you choose to “Accept all,” we will also use cookies and data to
Develop and improve new services
Deliver and measure the effectiveness of ads
Show personalized content, depending on your settings
Show personalized ads, depending on your settings
If you choose to “Reject all,” we will not use cookies for these additional purposes.
Non-personalized content is influenced by things like the content you’re currently viewing, activity in your active Search session, and your location. Non-personalized ads are influenced by the content you’re currently viewing and your general location. Personalized content and ads can also include more relevant results, recommendations, and tailored ads based on past activity from this browser, like previous Google searches. We also use cookies and data to tailor the experience to be age-appropriate, if relevant.
Select “More options” to see additional information, including details about managing your privacy settings. You can also visit g.co/privacytools at any time.
Reject all
Accept all
More options
Privacy Policy
Terms of Service",https://news.google.com/rss/articles/CBMilwFBVV95cUxOdmQzU08zWTBIdjBWZVFHQWRKaW16NHB6ZXpuZWNxcUowT2pRVjlDZEVERjM3REp1aHRWSGxxNWVQakh4MzU2ZmhVS3dYR3lwaW00clBCYV93V09JZTdidDFnY0lvMHpqWnF3VzJIVGpCOHdTSWJ5TUlPUHVuSFpZdjM1U3E4YlZjal93YmFkTWhBelFuejlJ?oc=5
2024-09-23,TSLA,Tesla,Goldman Sachs analyst revisits Tesla stock price target ahead of key events - TheStreet,"EN
Sign in
Before you continue to Google
We use cookies and data to
Deliver and maintain Google services
Track outages and protect against spam, fraud, and abuse
Measure audience engagement and site statistics to understand how our services are used and enhance the quality of those services
If you choose to “Accept all,” we will also use cookies and data to
Develop and improve new services
Deliver and measure the effectiveness of ads
Show personalized content, depending on your settings
Show personalized ads, depending on your settings
If you choose to “Reject all,” we will not use cookies for these additional purposes.
Non-personalized content is influenced by things like the content you’re currently viewing, activity in your active Search session, and your location. Non-personalized ads are influenced by the content you’re currently viewing and your general location. Personalized content and ads can also include more relevant results, recommendations, and tailored ads based on past activity from this browser, like previous Google searches. We also use cookies and data to tailor the experience to be age-appropriate, if relevant.
Select “More options” to see additional information, including details about managing your privacy settings. You can also visit g.co/privacytools at any time.
Reject all
Accept all
More options
Privacy Policy
Terms of Service",https://news.google.com/rss/articles/CBMisgFBVV95cUxPUWpVNlhON2x3bkJEZVBsMUswbl84cXl4RmNWdjdZMU43VE1Scnc3MmhKN01lbDFrMWhHcDY3TmhOZVNaaktXT3NhbHcyWkRlb0dWdEVDNFJBbHI3Rk90N05tdXlBcHk4WVh4ZWdyMkhlS29DNlp0aVVvR3ZsQkhHRWViR0dlV1JYWUJpV2dqTWRLdDNMWFpKV2ZZUERwRjAwVVg5QnFZZklfWHV2ZlhmN1pn?oc=5
2024-09-23,TSLA,Tesla,What's Next For Tesla's Stock Price After Monday's 5% Surge? - Investopedia,"EN
Sign in
Before you continue to Google
We use cookies and data to
Deliver and maintain Google services
Track outages and protect against spam, fraud, and abuse
Measure audience engagement and site statistics to understand how our services are used and enhance the quality of those services
If you choose to “Accept all,” we will also use cookies and data to
Develop and improve new services
Deliver and measure the effectiveness of ads
Show personalized content, depending on your settings
Show personalized ads, depending on your settings
If you choose to “Reject all,” we will not use cookies for these additional purposes.
Non-personalized content is influenced by things like the content you’re currently viewing, activity in your active Search session, and your location. Non-personalized ads are influenced by the content you’re currently viewing and your general location. Personalized content and ads can also include more relevant results, recommendations, and tailored ads based on past activity from this browser, like previous Google searches. We also use cookies and data to tailor the experience to be age-appropriate, if relevant.
Select “More options” to see additional information, including details about managing your privacy settings. You can also visit g.co/privacytools at any time.
Reject all
Accept all
More options
Privacy Policy
Terms of Service",https://news.google.com/rss/articles/CBMilAFBVV95cUxORHczMi05aGpkbHdJOURyUkk2bU5IeV9seVB4eTdHZDE1SGJsZndLNW1CVVVYRlVtRVFvVjlHYUVzcUdkeUVoWld4OE1PREZ4X0ZBTmZMYmtVdFh5Q2c5WDY5eWxXblBpYzVKUzd0R3VQM2psRExqUnJ0WllRVF9xYmhkOXhKeUhScEw2VFhOdm9rODlB?oc=5
2024-09-04,TSLA,Tesla,Tesla Stock Rises. 3 Things That Could Jolt the EV Maker’s Shares. - Barron's,"EN
Sign in
Before you continue to Google
We use cookies and data to
Deliver and maintain Google services
Track outages and protect against spam, fraud, and abuse
Measure audience engagement and site statistics to understand how our services are used and enhance the quality of those services
If you choose to “Accept all,” we will also use cookies and data to
Develop and improve new services
Deliver and measure the effectiveness of ads
Show personalized content, depending on your settings
Show personalized ads, depending on your settings
If you choose to “Reject all,” we will not use cookies for these additional purposes.
Non-personalized content is influenced by things like the content you’re currently viewing, activity in your active Search session, and your location. Non-personalized ads are influenced by the content you’re currently viewing and your general location. Personalized content and ads can also include more relevant results, recommendations, and tailored ads based on past activity from this browser, like previous Google searches. We also use cookies and data to tailor the experience to be age-appropriate, if relevant.
Select “More options” to see additional information, including details about managing your privacy settings. You can also visit g.co/privacytools at any time.
Reject all
Accept all
More options
Privacy Policy
Terms of Service",https://news.google.com/rss/articles/CBMid0FVX3lxTE5UalRQZWMzR1ozTGVmU2VreU9DakVMdVZrZmNlbW5HRS1IbmUxWjJrS1A4SEwyY0ZfQTE1Z1pLenZ6N2ItX3JWYTVGV1puTGQ1dVlPZEVjbnVZNllDdDdaNG4xWk9wcEZmQ2VjcDRhZWRMdEUyVkVr?oc=5
2024-09-10,TSLA,Tesla,Tesla Stock Gets A New Buy Rating. China Sales Turn Positive For 2024. - Investor's Business Daily,"EN
Sign in
Before you continue to Google
We use cookies and data to
Deliver and maintain Google services
Track outages and protect against spam, fraud, and abuse
Measure audience engagement and site statistics to understand how our services are used and enhance the quality of those services
If you choose to “Accept all,” we will also use cookies and data to
Develop and improve new services
Deliver and measure the effectiveness of ads
Show personalized content, depending on your settings
Show personalized ads, depending on your settings
If you choose to “Reject all,” we will not use cookies for these additional purposes.
Non-personalized content is influenced by things like the content you’re currently viewing, activity in your active Search session, and your location. Non-personalized ads are influenced by the content you’re currently viewing and your general location. Personalized content and ads can also include more relevant results, recommendations, and tailored ads based on past activity from this browser, like previous Google searches. We also use cookies and data to tailor the experience to be age-appropriate, if relevant.
Select “More options” to see additional information, including details about managing your privacy settings. You can also visit g.co/privacytools at any time.
Reject all
Accept all
More options
Privacy Policy
Terms of Service",https://news.google.com/rss/articles/CBMie0FVX3lxTFAxNnM2QVVQVjJMVnVXeVpZZ2NfRXN3UTVaSG9zRjRxdjZzd09vclJPRVBKdjNfU1g1YWVSckRMNXFWRlpWb1RyVWlvalFiTWMxU2NYVFZvOU9abUlPNzlZM3VJYVVydDQ0eHNIa3h6cG1xbVhsX2dzdnFmUQ?oc=5
2024-09-06,TSLA,Tesla,Why Tesla Stock Dropped Today: 3 Reasons - Barron's,"EN
Sign in
Before you continue to Google
We use cookies and data to
Deliver and maintain Google services
Track outages and protect against spam, fraud, and abuse
Measure audience engagement and site statistics to understand how our services are used and enhance the quality of those services
If you choose to “Accept all,” we will also use cookies and data to
Develop and improve new services
Deliver and measure the effectiveness of ads
Show personalized content, depending on your settings
Show personalized ads, depending on your settings
If you choose to “Reject all,” we will not use cookies for these additional purposes.
Non-personalized content is influenced by things like the content you’re currently viewing, activity in your active Search session, and your location. Non-personalized ads are influenced by the content you’re currently viewing and your general location. Personalized content and ads can also include more relevant results, recommendations, and tailored ads based on past activity from this browser, like previous Google searches. We also use cookies and data to tailor the experience to be age-appropriate, if relevant.
Select “More options” to see additional information, including details about managing your privacy settings. You can also visit g.co/privacytools at any time.
Reject all
Accept all
More options
Privacy Policy
Terms of Service",https://news.google.com/rss/articles/CBMic0FVX3lxTFBqM2RCdFdSUkdXa25Ma29VWnpKUVA5bWlkWERCZzhrS3pXUFhIR1pXdVcxdmd2YVlxNlluSi14UFhvLVBWMVpPMjRjdVFWVEhPdWVxWWdxS2t6bjJQMFRhQTRTdjI1dTBPczFUWm9mSjlVb28?oc=5
2024-09-23,TSLA,Tesla,S&P 500 Gains and Losses Today: Tesla Stock Jumps as Analysts Highlight Catalysts - Investopedia,"EN
Sign in
Before you continue to Google
We use cookies and data to
Deliver and maintain Google services
Track outages and protect against spam, fraud, and abuse
Measure audience engagement and site statistics to understand how our services are used and enhance the quality of those services
If you choose to “Accept all,” we will also use cookies and data to
Develop and improve new services
Deliver and measure the effectiveness of ads
Show personalized content, depending on your settings
Show personalized ads, depending on your settings
If you choose to “Reject all,” we will not use cookies for these additional purposes.
Non-personalized content is influenced by things like the content you’re currently viewing, activity in your active Search session, and your location. Non-personalized ads are influenced by the content you’re currently viewing and your general location. Personalized content and ads can also include more relevant results, recommendations, and tailored ads based on past activity from this browser, like previous Google searches. We also use cookies and data to tailor the experience to be age-appropriate, if relevant.
Select “More options” to see additional information, including details about managing your privacy settings. You can also visit g.co/privacytools at any time.
Reject all
Accept all
More options
Privacy Policy
Terms of Service",https://news.google.com/rss/articles/CBMie0FVX3lxTFA2ZE5UTzRrTUxUT0hiMjVUa0V4V2hFZndmZE41YzlfcG9odGxjcFdRbHBVT3RhWG4zVGhkc0VLYzlRcTlZVk96Q0hVR3ByWjFfUVNKOU9ra29tdXVaRUVtSlUwdF9jbDA0enpFMHpYT2RKekE0eDRRaHpCRQ?oc=5
2024-09-25,TSLA,Tesla,Tesla Stock Rises While GM and Ford Tank. There Are Good Reasons for That. - Barron's,"EN
Sign in
Before you continue to Google
We use cookies and data to
Deliver and maintain Google services
Track outages and protect against spam, fraud, and abuse
Measure audience engagement and site statistics to understand how our services are used and enhance the quality of those services
If you choose to “Accept all,” we will also use cookies and data to
Develop and improve new services
Deliver and measure the effectiveness of ads
Show personalized content, depending on your settings
Show personalized ads, depending on your settings
If you choose to “Reject all,” we will not use cookies for these additional purposes.
Non-personalized content is influenced by things like the content you’re currently viewing, activity in your active Search session, and your location. Non-personalized ads are influenced by the content you’re currently viewing and your general location. Personalized content and ads can also include more relevant results, recommendations, and tailored ads based on past activity from this browser, like previous Google searches. We also use cookies and data to tailor the experience to be age-appropriate, if relevant.
Select “More options” to see additional information, including details about managing your privacy settings. You can also visit g.co/privacytools at any time.
Reject all
Accept all
More options
Privacy Policy
Terms of Service",https://news.google.com/rss/articles/CBMigwFBVV95cUxQcGEtUnR5bE14RHBOMW1JdloyX0hrNWZNbmNKR2F0TnktUFU1Nlcwc1pyUnBYQU1HXzV4akcyX001b1BlRTZ6RHRyTWxyQnNFM1djRjJHbkk1THpGMWxfTUU5UUJYY3MtenNFc3BGeXJTQkg5dnQ2YTZRcWE0SThpUEhKWQ?oc=5
2024-09-05,TSLA,Tesla,Tesla Stock Rises Again. Self-Driving News Is Exciting Investors. - Barron's,"EN
Sign in
Before you continue to Google
We use cookies and data to
Deliver and maintain Google services
Track outages and protect against spam, fraud, and abuse
Measure audience engagement and site statistics to understand how our services are used and enhance the quality of those services
If you choose to “Accept all,” we will also use cookies and data to
Develop and improve new services
Deliver and measure the effectiveness of ads
Show personalized content, depending on your settings
Show personalized ads, depending on your settings
If you choose to “Reject all,” we will not use cookies for these additional purposes.
Non-personalized content is influenced by things like the content you’re currently viewing, activity in your active Search session, and your location. Non-personalized ads are influenced by the content you’re currently viewing and your general location. Personalized content and ads can also include more relevant results, recommendations, and tailored ads based on past activity from this browser, like previous Google searches. We also use cookies and data to tailor the experience to be age-appropriate, if relevant.
Select “More options” to see additional information, including details about managing your privacy settings. You can also visit g.co/privacytools at any time.
Reject all
Accept all
More options
Privacy Policy
Terms of Service",https://news.google.com/rss/articles/CBMikgFBVV95cUxNcjBtZmhRbVNfY0VYZDFxTVVrdFpDcHY3WVFRQ013QWVPMFgxOS05S3pvMUdMMmNHYW1rc1R2dElqSFkwNVJkTWRVb2trek5JQW5Va2RpeGZ2eThQSXRNcnNvNFgzZllVWko0bnhmcjc0XzdySlIxSnJrZ2JkcGcwYkl1Y0tzSzhFeC1xMnhZNV9HZw?oc=5
2024-09-26,TSLA,Tesla,"Tesla Stock Is Rising. It Hasn’t Been This High Since July, and Here’s Why. - Barron's","EN
Sign in
Before you continue to Google
We use cookies and data to
Deliver and maintain Google services
Track outages and protect against spam, fraud, and abuse
Measure audience engagement and site statistics to understand how our services are used and enhance the quality of those services
If you choose to “Accept all,” we will also use cookies and data to
Develop and improve new services
Deliver and measure the effectiveness of ads
Show personalized content, depending on your settings
Show personalized ads, depending on your settings
If you choose to “Reject all,” we will not use cookies for these additional purposes.
Non-personalized content is influenced by things like the content you’re currently viewing, activity in your active Search session, and your location. Non-personalized ads are influenced by the content you’re currently viewing and your general location. Personalized content and ads can also include more relevant results, recommendations, and tailored ads based on past activity from this browser, like previous Google searches. We also use cookies and data to tailor the experience to be age-appropriate, if relevant.
Select “More options” to see additional information, including details about managing your privacy settings. You can also visit g.co/privacytools at any time.
Reject all
Accept all
More options
Privacy Policy
Terms of Service",https://news.google.com/rss/articles/CBMib0FVX3lxTE1aWGd1NmxhWjdZaDBnX2RlSnBFcVdmZl9ETUtTTHBRYk03dGVpeXVZXzg5Nk80TEFzS3FpR1lsbFQ1S3phUVo2Ylg5QzUwakxUbkpDN3NyQ1A3YmwyRkM4NjRDeHprM1lnUzJUNjhMOA?oc=5
2024-09-11,TSLA,Tesla,Tesla Stock Is Falling. What’s Moving the Shares. - Barron's,"EN
Sign in
Before you continue to Google
We use cookies and data to
Deliver and maintain Google services
Track outages and protect against spam, fraud, and abuse
Measure audience engagement and site statistics to understand how our services are used and enhance the quality of those services
If you choose to “Accept all,” we will also use cookies and data to
Develop and improve new services
Deliver and measure the effectiveness of ads
Show personalized content, depending on your settings
Show personalized ads, depending on your settings
If you choose to “Reject all,” we will not use cookies for these additional purposes.
Non-personalized content is influenced by things like the content you’re currently viewing, activity in your active Search session, and your location. Non-personalized ads are influenced by the content you’re currently viewing and your general location. Personalized content and ads can also include more relevant results, recommendations, and tailored ads based on past activity from this browser, like previous Google searches. We also use cookies and data to tailor the experience to be age-appropriate, if relevant.
Select “More options” to see additional information, including details about managing your privacy settings. You can also visit g.co/privacytools at any time.
Reject all
Accept all
More options
Privacy Policy
Terms of Service",https://news.google.com/rss/articles/CBMib0FVX3lxTE5EbHRQLVVERko2eEdrb3VOLXhwVGpORk9hMGcxQ2xTM0pqS1lrV1dRcU5reHRNQTVvSG5QWjV4ZmRKWW1oZmpIQ25RdlNiY1NpOUw1Z2p1Q1hIblp2MWhtaGRCMWVTZmZmczQzbTc4WQ?oc=5
2024-09-12,TSLA,Tesla,Tesla Stock Rises Again. SpaceX May Have Helped. - Barron's,"EN
Sign in
Before you continue to Google
We use cookies and data to
Deliver and maintain Google services
Track outages and protect against spam, fraud, and abuse
Measure audience engagement and site statistics to understand how our services are used and enhance the quality of those services
If you choose to “Accept all,” we will also use cookies and data to
Develop and improve new services
Deliver and measure the effectiveness of ads
Show personalized content, depending on your settings
Show personalized ads, depending on your settings
If you choose to “Reject all,” we will not use cookies for these additional purposes.
Non-personalized content is influenced by things like the content you’re currently viewing, activity in your active Search session, and your location. Non-personalized ads are influenced by the content you’re currently viewing and your general location. Personalized content and ads can also include more relevant results, recommendations, and tailored ads based on past activity from this browser, like previous Google searches. We also use cookies and data to tailor the experience to be age-appropriate, if relevant.
Select “More options” to see additional information, including details about managing your privacy settings. You can also visit g.co/privacytools at any time.
Reject all
Accept all
More options
Privacy Policy
Terms of Service",https://news.google.com/rss/articles/CBMidEFVX3lxTFBEMjAzTlNaWFBDdjNUci1EcEhfUDJCTDV0Y2lOX2QwTGZJVjNlX3dBc3U4WkpYLXgzelplSmlyc2NmU1E2OGI2NWhWLTRQazBZLUloaWhzVDFubGxCNkFZZVozamtYWjBUNlVrbzN1V2o5VUZv?oc=5
2024-09-09,TSLA,Tesla,"Tesla Stock Is Rising. It’s Giving This Stock a Boost, Too. - Barron's","EN
Sign in
Before you continue to Google
We use cookies and data to
Deliver and maintain Google services
Track outages and protect against spam, fraud, and abuse
Measure audience engagement and site statistics to understand how our services are used and enhance the quality of those services
If you choose to “Accept all,” we will also use cookies and data to
Develop and improve new services
Deliver and measure the effectiveness of ads
Show personalized content, depending on your settings
Show personalized ads, depending on your settings
If you choose to “Reject all,” we will not use cookies for these additional purposes.
Non-personalized content is influenced by things like the content you’re currently viewing, activity in your active Search session, and your location. Non-personalized ads are influenced by the content you’re currently viewing and your general location. Personalized content and ads can also include more relevant results, recommendations, and tailored ads based on past activity from this browser, like previous Google searches. We also use cookies and data to tailor the experience to be age-appropriate, if relevant.
Select “More options” to see additional information, including details about managing your privacy settings. You can also visit g.co/privacytools at any time.
Reject all
Accept all
More options
Privacy Policy
Terms of Service",https://news.google.com/rss/articles/CBMifkFVX3lxTE1qUmt1QTE5cXRPS1VWQmplMUpRNnkyeW1TXzc5cEV5dzRqdUhaU1BvcDlzWWh1aGpocWxVeDlVZGNlbDNTMUlWVGZDTjU4YUpVVG9QUWRxM294eVRBeURFNTNocEIwV2JMWW93WWhidTZKZmNObE16V0luRUxqUQ?oc=5
2024-09-18,TSLA,Tesla,Tesla Stock Gains. What History Says Happens on Fed Day. - Barron's,"EN
Sign in
Before you continue to Google
We use cookies and data to
Deliver and maintain Google services
Track outages and protect against spam, fraud, and abuse
Measure audience engagement and site statistics to understand how our services are used and enhance the quality of those services
If you choose to “Accept all,” we will also use cookies and data to
Develop and improve new services
Deliver and measure the effectiveness of ads
Show personalized content, depending on your settings
Show personalized ads, depending on your settings
If you choose to “Reject all,” we will not use cookies for these additional purposes.
Non-personalized content is influenced by things like the content you’re currently viewing, activity in your active Search session, and your location. Non-personalized ads are influenced by the content you’re currently viewing and your general location. Personalized content and ads can also include more relevant results, recommendations, and tailored ads based on past activity from this browser, like previous Google searches. We also use cookies and data to tailor the experience to be age-appropriate, if relevant.
Select “More options” to see additional information, including details about managing your privacy settings. You can also visit g.co/privacytools at any time.
Reject all
Accept all
More options
Privacy Policy
Terms of Service",https://news.google.com/rss/articles/CBMie0FVX3lxTE1XWldld3FIWll1QWRrYzE4aDd2MzFrZ19ib3JQNS1pWWtzcmh4aWdxc1pCdUVKRXE3MzRMY25YbXlPVXp6RTJZM1JsMmdxazRwVFNadV9DYk9KU1R2cFBLYTFrdHVNT2RLX0p2emNFSkZVc3BSeVppODFibw?oc=5
2024-10-15,TSLA,Tesla,Tesla Stock Tumbled On The Robotaxi Event. It's Still Sky-High By This Metric. - Investor's Business Daily,"EN
Sign in
Before you continue to Google
We use cookies and data to
Deliver and maintain Google services
Track outages and protect against spam, fraud, and abuse
Measure audience engagement and site statistics to understand how our services are used and enhance the quality of those services
If you choose to “Accept all,” we will also use cookies and data to
Develop and improve new services
Deliver and measure the effectiveness of ads
Show personalized content, depending on your settings
Show personalized ads, depending on your settings
If you choose to “Reject all,” we will not use cookies for these additional purposes.
Non-personalized content is influenced by things like the content you’re currently viewing, activity in your active Search session, and your location. Non-personalized ads are influenced by the content you’re currently viewing and your general location. Personalized content and ads can also include more relevant results, recommendations, and tailored ads based on past activity from this browser, like previous Google searches. We also use cookies and data to tailor the experience to be age-appropriate, if relevant.
Select “More options” to see additional information, including details about managing your privacy settings. You can also visit g.co/privacytools at any time.
Reject all
Accept all
More options
Privacy Policy
Terms of Service",https://news.google.com/rss/articles/CBMickFVX3lxTE9UWFJ1YUhrX2Z3M3k0XzVsN0xWaHN3UGV2MFF5czE0Z2doODlsLU0zZnI4WW56bFBCQTRtZGNMNGVXemhUc3Fjb1VmTUN1QmFKNUVTWkI3WHZRb2NVNzJZVXpIMUxqN1NBTnNkb0d6NlUzZw?oc=5
2024-10-24,TSLA,Tesla,Tesla stock soars for best day since 2013 as investors cheer Q3 earnings report - Yahoo Finance,"EN
Sign in
Before you continue to Google
We use cookies and data to
Deliver and maintain Google services
Track outages and protect against spam, fraud, and abuse
Measure audience engagement and site statistics to understand how our services are used and enhance the quality of those services
If you choose to “Accept all,” we will also use cookies and data to
Develop and improve new services
Deliver and measure the effectiveness of ads
Show personalized content, depending on your settings
Show personalized ads, depending on your settings
If you choose to “Reject all,” we will not use cookies for these additional purposes.
Non-personalized content is influenced by things like the content you’re currently viewing, activity in your active Search session, and your location. Non-personalized ads are influenced by the content you’re currently viewing and your general location. Personalized content and ads can also include more relevant results, recommendations, and tailored ads based on past activity from this browser, like previous Google searches. We also use cookies and data to tailor the experience to be age-appropriate, if relevant.
Select “More options” to see additional information, including details about managing your privacy settings. You can also visit g.co/privacytools at any time.
Reject all
Accept all
More options
Privacy Policy
Terms of Service",https://news.google.com/rss/articles/CBMiwwFBVV95cUxQblUtaHRERHZ6bXVEVXU0V09sc3ZDMDNlVUdLT0xDWEZCWkQ2a0FSNGI2S2MwN1BhNjBvOW9mUnMtUGN6WVlnUU9PTUtEQ1N6bEhoNC0xZGZFNVotem41dHRsTzRlcnh5NndSZDhDWTNTVmxVcHctbVlpSk1TOFdWWl9WakpEZlZ2bmN4X3FFWWUwY2kxb3hLcjFUUUYxdXdyUHdUQ19lRHNUZzkteXBmQkJNaEU1VWtuSFJaTHFkdlNSR1U?oc=5
2024-10-24,TSLA,Tesla,Why Tesla Stock Popped 22% on Earnings; Biggest Gain in 11 Years; Shares Turn Positive on Year; More News - Barron's,"EN
Sign in
Before you continue to Google
We use cookies and data to
Deliver and maintain Google services
Track outages and protect against spam, fraud, and abuse
Measure audience engagement and site statistics to understand how our services are used and enhance the quality of those services
If you choose to “Accept all,” we will also use cookies and data to
Develop and improve new services
Deliver and measure the effectiveness of ads
Show personalized content, depending on your settings
Show personalized ads, depending on your settings
If you choose to “Reject all,” we will not use cookies for these additional purposes.
Non-personalized content is influenced by things like the content you’re currently viewing, activity in your active Search session, and your location. Non-personalized ads are influenced by the content you’re currently viewing and your general location. Personalized content and ads can also include more relevant results, recommendations, and tailored ads based on past activity from this browser, like previous Google searches. We also use cookies and data to tailor the experience to be age-appropriate, if relevant.
Select “More options” to see additional information, including details about managing your privacy settings. You can also visit g.co/privacytools at any time.
Reject all
Accept all
More options
Privacy Policy
Terms of Service",https://news.google.com/rss/articles/CBMieEFVX3lxTE5WUFBNM0Jhdl90NUgxV3VIY2c0V2NCc2JLU1pBanhEa0pJT1VhNTJRaU5mamxicllkbzNQUEp4bjVfb1ZNdm00N1pWZkY3X0d2dnVUVVFlTnRtOHpWcHhKUGY0NjFlNjdpbVRaTGlNQURQMm5IenhwMQ?oc=5
2024-10-11,TSLA,Tesla,Tesla Stock Fall Erases $67 Billion in Market Value - WSJ,"EN
Sign in
Before you continue to Google
We use cookies and data to
Deliver and maintain Google services
Track outages and protect against spam, fraud, and abuse
Measure audience engagement and site statistics to understand how our services are used and enhance the quality of those services
If you choose to “Accept all,” we will also use cookies and data to
Develop and improve new services
Deliver and measure the effectiveness of ads
Show personalized content, depending on your settings
Show personalized ads, depending on your settings
If you choose to “Reject all,” we will not use cookies for these additional purposes.
Non-personalized content is influenced by things like the content you’re currently viewing, activity in your active Search session, and your location. Non-personalized ads are influenced by the content you’re currently viewing and your general location. Personalized content and ads can also include more relevant results, recommendations, and tailored ads based on past activity from this browser, like previous Google searches. We also use cookies and data to tailor the experience to be age-appropriate, if relevant.
Select “More options” to see additional information, including details about managing your privacy settings. You can also visit g.co/privacytools at any time.
Reject all
Accept all
More options
Privacy Policy
Terms of Service",https://news.google.com/rss/articles/CBMilAJBVV95cUxPaFh5cFJVSGRYbDNWNHZGZlkzQ1A1Z0Vwa184N0E0c1hNRU9oZWhmZ3Y5OFhIQ1RzRkFQM0VqNjhKVF9mT2pVc09lQkFRNEdjbElPcmNkZkhWTTlJOEE2dUE1YnJySnR3V1RXMlFHZENIbHBtbVRQT005UGJrNGprdUZjNEZZU214SE40U3pEV01SVTZxenQ3Q0duVGVDOV9DUlJOd0FrLUV2QW5fUE9xN3djNnVxVXFCOFREOVh3ckFZc09LN2RNYWU2cF9UTTVpbVQydXZLNW9zRFhjdzBkRUI2a0ltSlNQb0RqQlNvODMzWjVyeDZ1ZFJYNVhGeEM5dF9BOXlZU1lzTzhTWVc3UkdydlM?oc=5
2024-10-11,TSLA,Tesla,Tesla Stock Slumps After 'Cybercab' Unveiling Fails To Impress Investors - Investopedia,"EN
Sign in
Before you continue to Google
We use cookies and data to
Deliver and maintain Google services
Track outages and protect against spam, fraud, and abuse
Measure audience engagement and site statistics to understand how our services are used and enhance the quality of those services
If you choose to “Accept all,” we will also use cookies and data to
Develop and improve new services
Deliver and measure the effectiveness of ads
Show personalized content, depending on your settings
Show personalized ads, depending on your settings
If you choose to “Reject all,” we will not use cookies for these additional purposes.
Non-personalized content is influenced by things like the content you’re currently viewing, activity in your active Search session, and your location. Non-personalized ads are influenced by the content you’re currently viewing and your general location. Personalized content and ads can also include more relevant results, recommendations, and tailored ads based on past activity from this browser, like previous Google searches. We also use cookies and data to tailor the experience to be age-appropriate, if relevant.
Select “More options” to see additional information, including details about managing your privacy settings. You can also visit g.co/privacytools at any time.
Reject all
Accept all
More options
Privacy Policy
Terms of Service",https://news.google.com/rss/articles/CBMiqwFBVV95cUxQTEpvNlBMaWVuVnQ2YUViaVBkMnlVLWRKREYtVmVFZXI3YUJ6RG9VbGV3SG1Nb3pEMEJQaHR5UE1kZ0FnREQ4QWZaZ19STXdUT2xYQUxmd1JQbmY2Z3ZJc0oxajRuclo1WU5DWFoyU3lBUTdCbTRBS1NjMWZoWkFQM2dFNm1Ja3cya1EyMHpWeW1UNnYxZlV4TE1BQ21BZklkdWJYbEJqdlozV0E?oc=5
2024-10-16,TSLA,Tesla,New records show Texas judge on X case didn't sell his Tesla shares after taking the suit - NPR,"EN
Sign in
Before you continue to Google
We use cookies and data to
Deliver and maintain Google services
Track outages and protect against spam, fraud, and abuse
Measure audience engagement and site statistics to understand how our services are used and enhance the quality of those services
If you choose to “Accept all,” we will also use cookies and data to
Develop and improve new services
Deliver and measure the effectiveness of ads
Show personalized content, depending on your settings
Show personalized ads, depending on your settings
If you choose to “Reject all,” we will not use cookies for these additional purposes.
Non-personalized content is influenced by things like the content you’re currently viewing, activity in your active Search session, and your location. Non-personalized ads are influenced by the content you’re currently viewing and your general location. Personalized content and ads can also include more relevant results, recommendations, and tailored ads based on past activity from this browser, like previous Google searches. We also use cookies and data to tailor the experience to be age-appropriate, if relevant.
Select “More options” to see additional information, including details about managing your privacy settings. You can also visit g.co/privacytools at any time.
Reject all
Accept all
More options
Privacy Policy
Terms of Service",https://news.google.com/rss/articles/CBMiiwFBVV95cUxOWUtNZEFBbnZLdEFBdmwzWThxLWxFR29ld0FZTlpnR2YwYmxNQjVyeWozZXRqTzBzMXp6NWRINWhpcmtzc0JCbjdlMDh0enh2a1o1WTV0UFZTTzNxLUtsRklUd1B3VDNicEY4Ymo2WnJhRGN5Q2RWTWpoMGZybTZqeHM1Q0IzSzI5aHVJ?oc=5
2024-10-11,TSLA,Tesla,Tesla stock tumbles after Elon Musk's unimpressive robotaxi event - NBC Bay Area,"EN
Sign in
Before you continue to Google
We use cookies and data to
Deliver and maintain Google services
Track outages and protect against spam, fraud, and abuse
Measure audience engagement and site statistics to understand how our services are used and enhance the quality of those services
If you choose to “Accept all,” we will also use cookies and data to
Develop and improve new services
Deliver and measure the effectiveness of ads
Show personalized content, depending on your settings
Show personalized ads, depending on your settings
If you choose to “Reject all,” we will not use cookies for these additional purposes.
Non-personalized content is influenced by things like the content you’re currently viewing, activity in your active Search session, and your location. Non-personalized ads are influenced by the content you’re currently viewing and your general location. Personalized content and ads can also include more relevant results, recommendations, and tailored ads based on past activity from this browser, like previous Google searches. We also use cookies and data to tailor the experience to be age-appropriate, if relevant.
Select “More options” to see additional information, including details about managing your privacy settings. You can also visit g.co/privacytools at any time.
Reject all
Accept all
More options
Privacy Policy
Terms of Service",https://news.google.com/rss/articles/CBMiggFBVV95cUxOX2NfWVJmLU9ULUtxWG1DTHF5TVJZRGh1YTROSS1HZTRmU19DTWkwUEIyNWdaTENEYXVVNC1PZ2pEY1d6cF9PcWsxM3dhRTFqVE5Ednp4NVJMMjM3YnFwcmN1MTNXUW01RVFfOTJUVkhQY3Fub3dWTG9UWnF3ejRzRlpB0gGKAUFVX3lxTFBGaTQ1TTltY1ZQVEcwYTFoMElqbmVOZDA4Q0gxQXVfczBLb1JmcXRFOTg3RnpFX0xNcGtFNGtaNGlXMmJ2ZXBPdVp2am9NUHZ5UG9iQ0RLZ0xONmNyYlJod2xTQjJoN25fbnJzdW5ZLTc3Y05vVV9hRFpVUjIyenhHbTN1TEpmbkQzZw?oc=5
2024-10-24,TSLA,Tesla,Tesla stock soars 22% for best day in over a decade on Musk's 2025 growth projection - CNBC,"EN
Sign in
Before you continue to Google
We use cookies and data to
Deliver and maintain Google services
Track outages and protect against spam, fraud, and abuse
Measure audience engagement and site statistics to understand how our services are used and enhance the quality of those services
If you choose to “Accept all,” we will also use cookies and data to
Develop and improve new services
Deliver and measure the effectiveness of ads
Show personalized content, depending on your settings
Show personalized ads, depending on your settings
If you choose to “Reject all,” we will not use cookies for these additional purposes.
Non-personalized content is influenced by things like the content you’re currently viewing, activity in your active Search session, and your location. Non-personalized ads are influenced by the content you’re currently viewing and your general location. Personalized content and ads can also include more relevant results, recommendations, and tailored ads based on past activity from this browser, like previous Google searches. We also use cookies and data to tailor the experience to be age-appropriate, if relevant.
Select “More options” to see additional information, including details about managing your privacy settings. You can also visit g.co/privacytools at any time.
Reject all
Accept all
More options
Privacy Policy
Terms of Service",https://news.google.com/rss/articles/CBMiqAFBVV95cUxPaDA2cFlMNTltU3Jic2NMSHozeDlMWkQ4TWhmbE5NYXR0dzR0ejYxWkxEdGtUTTdTRVdwS1pnN0JBcG42bW40LWdsQTFieF9udzVtQlpjdVdveGt6enNoZTJVdmtvUnRyQU1BSmM2UUdWSlFmTkhwYThoZE5peEhicEUxS1ZnNHBuQWZCamFoZlNrWXpHWjBQWFNDY2lCMHR2Yk5sNmhFRlnSAa4BQVVfeXFMTmcwU3FLMFpUdTBaaVFiRTVOQUtpOUY5a3FUbkRfNUxadF84Yk1aV211RTlISFp1azdkQk9qd3F1dXVQQ3IxZVlqOXBfdnVtRjJjZHNDTFMzbEl2UXNFMzJTTGthQjRLV0VFdmloUEdsUVVXWURWV3ozUGsxT2RYME55U1NDVmdxWWQ2cWlWd0ZVVHl3NXpDOWI0RFdZeDRfUG1Lc01NVWhrdFBsYVpR?oc=5
2024-10-17,TSLA,Tesla,Why CalPERS is being pushed to divest from Tesla - CalMatters,"EN
Sign in
Before you continue to Google
We use cookies and data to
Deliver and maintain Google services
Track outages and protect against spam, fraud, and abuse
Measure audience engagement and site statistics to understand how our services are used and enhance the quality of those services
If you choose to “Accept all,” we will also use cookies and data to
Develop and improve new services
Deliver and measure the effectiveness of ads
Show personalized content, depending on your settings
Show personalized ads, depending on your settings
If you choose to “Reject all,” we will not use cookies for these additional purposes.
Non-personalized content is influenced by things like the content you’re currently viewing, activity in your active Search session, and your location. Non-personalized ads are influenced by the content you’re currently viewing and your general location. Personalized content and ads can also include more relevant results, recommendations, and tailored ads based on past activity from this browser, like previous Google searches. We also use cookies and data to tailor the experience to be age-appropriate, if relevant.
Select “More options” to see additional information, including details about managing your privacy settings. You can also visit g.co/privacytools at any time.
Reject all
Accept all
More options
Privacy Policy
Terms of Service",https://news.google.com/rss/articles/CBMieEFVX3lxTE14TGNua09DaXRHcGFJaHZheGpoTDZzVEZxS2JKUHlsZUhYcjUxVHZUQ29vajRGbWl1bXhwTF9STExEbUVNSlZ6cGloT1hQM1R6cjQxV2FkdVJTNUZEb3V3TFpWZVg1MWNCenJDWVhtQWNfbEpTLWMtWQ?oc=5
2024-10-27,TSLA,Tesla,Should you buy Tesla stock now? The EV maker is ‘charging up for the next wave of growth’ - Fortune,"EN
Sign in
Before you continue to Google
We use cookies and data to
Deliver and maintain Google services
Track outages and protect against spam, fraud, and abuse
Measure audience engagement and site statistics to understand how our services are used and enhance the quality of those services
If you choose to “Accept all,” we will also use cookies and data to
Develop and improve new services
Deliver and measure the effectiveness of ads
Show personalized content, depending on your settings
Show personalized ads, depending on your settings
If you choose to “Reject all,” we will not use cookies for these additional purposes.
Non-personalized content is influenced by things like the content you’re currently viewing, activity in your active Search session, and your location. Non-personalized ads are influenced by the content you’re currently viewing and your general location. Personalized content and ads can also include more relevant results, recommendations, and tailored ads based on past activity from this browser, like previous Google searches. We also use cookies and data to tailor the experience to be age-appropriate, if relevant.
Select “More options” to see additional information, including details about managing your privacy settings. You can also visit g.co/privacytools at any time.
Reject all
Accept all
More options
Privacy Policy
Terms of Service",https://news.google.com/rss/articles/CBMitAFBVV95cUxNWGJjZklSR2QwZ09PbmJqOGM1LUxXM2EwanczWDlwMXlxX0tmMWVIN3VXNVdkRVFka0tkTldqLUd1OWZyaEFMUV9HN242SlJtZnhnTVViSlVNUjNSYWEwbEhvOE5Yc2Y2SWw5emFMSHNNdDI2NWtURDUyOWFMQWZkbkRhVlFqQ3BMeFFSdy1VbUVteEd0empMbW1BeGp1MldNenloclVrTUdCempuWWFWb2U5Y2o?oc=5
2024-10-02,TSLA,Tesla,Tesla stock drops 3% after Q3 deliveries fall short of estimates - Yahoo Finance,"EN
Sign in
Before you continue to Google
We use cookies and data to
Deliver and maintain Google services
Track outages and protect against spam, fraud, and abuse
Measure audience engagement and site statistics to understand how our services are used and enhance the quality of those services
If you choose to “Accept all,” we will also use cookies and data to
Develop and improve new services
Deliver and measure the effectiveness of ads
Show personalized content, depending on your settings
Show personalized ads, depending on your settings
If you choose to “Reject all,” we will not use cookies for these additional purposes.
Non-personalized content is influenced by things like the content you’re currently viewing, activity in your active Search session, and your location. Non-personalized ads are influenced by the content you’re currently viewing and your general location. Personalized content and ads can also include more relevant results, recommendations, and tailored ads based on past activity from this browser, like previous Google searches. We also use cookies and data to tailor the experience to be age-appropriate, if relevant.
Select “More options” to see additional information, including details about managing your privacy settings. You can also visit g.co/privacytools at any time.
Reject all
Accept all
More options
Privacy Policy
Terms of Service",https://news.google.com/rss/articles/CBMirgFBVV95cUxOcFJxZ0tmRmZYS05NLUhnamc1dnQ5Unl6TDF3c01xcTRSSTZYSkJBdlJTdUE2TUR6SE5SdG1USThOaGxxR05PMnlXTzFVOUdocmg1eHJ3LWRMbTdIQnFyQmFjQXBpcjljQmVDdmtiZHBpNkZiNk5IbnpJTnFlTU1raUxCMUdMR1B0WDM2dDU3ZVc4dS03empqN3dUNml5NkgtcUhPZmNnQXcxTmpreUE?oc=5
2024-10-25,TSLA,Tesla,Tesla Stock Breaks Out Above Buy Point After Erasing October Loss In One Day - Investor's Business Daily,"EN
Sign in
Before you continue to Google
We use cookies and data to
Deliver and maintain Google services
Track outages and protect against spam, fraud, and abuse
Measure audience engagement and site statistics to understand how our services are used and enhance the quality of those services
If you choose to “Accept all,” we will also use cookies and data to
Develop and improve new services
Deliver and measure the effectiveness of ads
Show personalized content, depending on your settings
Show personalized ads, depending on your settings
If you choose to “Reject all,” we will not use cookies for these additional purposes.
Non-personalized content is influenced by things like the content you’re currently viewing, activity in your active Search session, and your location. Non-personalized ads are influenced by the content you’re currently viewing and your general location. Personalized content and ads can also include more relevant results, recommendations, and tailored ads based on past activity from this browser, like previous Google searches. We also use cookies and data to tailor the experience to be age-appropriate, if relevant.
Select “More options” to see additional information, including details about managing your privacy settings. You can also visit g.co/privacytools at any time.
Reject all
Accept all
More options
Privacy Policy
Terms of Service",https://news.google.com/rss/articles/CBMimAFBVV95cUxQeDJsV2VwenZsQ1AzeUVEb3pBSHJ5RDRtOGJ0eTVQcjFmMGRzaEhaeXRjYlN3UXBPUWNYOUx6Sld2aE5oTklRbjRidjA5LS1OeGJRaFl5Qm1SaldYWGJxbUlTTVhvTDg0el94WXJzWi1KZzFWUGpmVWlCa3RrejRSRVZkaWNnWEZNQWN2bWlDV2FIMnBOdW9NQQ?oc=5
2024-10-25,TSLA,Tesla,"Tesla's Stock Taps the Brakes, But It's Still Rising—And So Is the Magnificent Seven - Investopedia","EN
Sign in
Before you continue to Google
We use cookies and data to
Deliver and maintain Google services
Track outages and protect against spam, fraud, and abuse
Measure audience engagement and site statistics to understand how our services are used and enhance the quality of those services
If you choose to “Accept all,” we will also use cookies and data to
Develop and improve new services
Deliver and measure the effectiveness of ads
Show personalized content, depending on your settings
Show personalized ads, depending on your settings
If you choose to “Reject all,” we will not use cookies for these additional purposes.
Non-personalized content is influenced by things like the content you’re currently viewing, activity in your active Search session, and your location. Non-personalized ads are influenced by the content you’re currently viewing and your general location. Personalized content and ads can also include more relevant results, recommendations, and tailored ads based on past activity from this browser, like previous Google searches. We also use cookies and data to tailor the experience to be age-appropriate, if relevant.
Select “More options” to see additional information, including details about managing your privacy settings. You can also visit g.co/privacytools at any time.
Reject all
Accept all
More options
Privacy Policy
Terms of Service",https://news.google.com/rss/articles/CBMipgFBVV95cUxNRlRBNWw2enMwM0ZCYTZUcmFzVUVUcHAxdjMxZWZOdi1GTnhJTU5NYU5hQVNlakdIbExqYzIyY0phb1M0T3phcTFhbGlwNnkzLVdhdmZ2ZjVpNDUxbUNlaGJhT0F6TjZrazhTMUJIRFB4TC1kcHJvd0c5V2NNMmR0VEpEeVlUSVVtVHZVcXBNUEJUTS1WZFMzY2NkRTQ1cGtxc0laQ0t3?oc=5
2024-10-25,TSLA,Tesla,Tesla Stock Jumped 22%. What Market History Says Happens Next. - Barron's,"EN
Sign in
Before you continue to Google
We use cookies and data to
Deliver and maintain Google services
Track outages and protect against spam, fraud, and abuse
Measure audience engagement and site statistics to understand how our services are used and enhance the quality of those services
If you choose to “Accept all,” we will also use cookies and data to
Develop and improve new services
Deliver and measure the effectiveness of ads
Show personalized content, depending on your settings
Show personalized ads, depending on your settings
If you choose to “Reject all,” we will not use cookies for these additional purposes.
Non-personalized content is influenced by things like the content you’re currently viewing, activity in your active Search session, and your location. Non-personalized ads are influenced by the content you’re currently viewing and your general location. Personalized content and ads can also include more relevant results, recommendations, and tailored ads based on past activity from this browser, like previous Google searches. We also use cookies and data to tailor the experience to be age-appropriate, if relevant.
Select “More options” to see additional information, including details about managing your privacy settings. You can also visit g.co/privacytools at any time.
Reject all
Accept all
More options
Privacy Policy
Terms of Service",https://news.google.com/rss/articles/CBMidEFVX3lxTE1TV3I5NkJUbkJxUmZRMU5UZjNVM1lNRndLdUJ1ZEZnQ2ctODcyaXBnLUxrVWlBdnc0M0J2Znc3WFNITHZ6NU9rTUNxVVNic19mbzQ1bm16TzM5eHc0U1hZQmEwcVZnYlhaUVN5bGoyVXJvaEhB?oc=5
2024-10-25,TSLA,Tesla,Tesla shares take a break from soaring as investors punish Michael Kors-owner for court loss - Fortune,"EN
Sign in
Before you continue to Google
We use cookies and data to
Deliver and maintain Google services
Track outages and protect against spam, fraud, and abuse
Measure audience engagement and site statistics to understand how our services are used and enhance the quality of those services
If you choose to “Accept all,” we will also use cookies and data to
Develop and improve new services
Deliver and measure the effectiveness of ads
Show personalized content, depending on your settings
Show personalized ads, depending on your settings
If you choose to “Reject all,” we will not use cookies for these additional purposes.
Non-personalized content is influenced by things like the content you’re currently viewing, activity in your active Search session, and your location. Non-personalized ads are influenced by the content you’re currently viewing and your general location. Personalized content and ads can also include more relevant results, recommendations, and tailored ads based on past activity from this browser, like previous Google searches. We also use cookies and data to tailor the experience to be age-appropriate, if relevant.
Select “More options” to see additional information, including details about managing your privacy settings. You can also visit g.co/privacytools at any time.
Reject all
Accept all
More options
Privacy Policy
Terms of Service",https://news.google.com/rss/articles/CBMigAFBVV95cUxQRnNtcWFyR2R2SFB4WVlIc0tBcEttQnZIOHR3UzIyV0k0ZE1KMFVTMDhhSjFxSGowbGZURVI2NTlyT0xISXl2U2lyWEVGNzItcWZaSW1LWlJiQjFjTkMyVEpOWUFERnRXNEQ4ODVEYjV5a1U2MlphajkxS2hiR3pNQg?oc=5
2024-10-23,TSLA,Tesla,Tesla Reports Third-Quarter Earnings Wednesday With Margins In Focus - Investor's Business Daily,"EN
Sign in
Before you continue to Google
We use cookies and data to
Deliver and maintain Google services
Track outages and protect against spam, fraud, and abuse
Measure audience engagement and site statistics to understand how our services are used and enhance the quality of those services
If you choose to “Accept all,” we will also use cookies and data to
Develop and improve new services
Deliver and measure the effectiveness of ads
Show personalized content, depending on your settings
Show personalized ads, depending on your settings
If you choose to “Reject all,” we will not use cookies for these additional purposes.
Non-personalized content is influenced by things like the content you’re currently viewing, activity in your active Search session, and your location. Non-personalized ads are influenced by the content you’re currently viewing and your general location. Personalized content and ads can also include more relevant results, recommendations, and tailored ads based on past activity from this browser, like previous Google searches. We also use cookies and data to tailor the experience to be age-appropriate, if relevant.
Select “More options” to see additional information, including details about managing your privacy settings. You can also visit g.co/privacytools at any time.
Reject all
Accept all
More options
Privacy Policy
Terms of Service",https://news.google.com/rss/articles/CBMioAFBVV95cUxOUS0zWkt0aHFMNEhvSHlYMUp2Sl93M1pCSkwwTHhjS2NXNUJMMUxwVHNVOC0zYjI3RmxOaHlRbDZMQ195dHRDM0Jxa1cwSHcycU41LVJSaW1aQVVDLVNRZDZSTFlHbUlfaWlaQXNUZGFHczZFMXk0bjVleVFWT29veFJwWnRhYm5nQi1PaTdCLWg1bHNud2Zqb25XdVVySDRV?oc=5
2024-10-14,TSLA,Tesla,"Tesla stock sell-off after robotaxi event could be just the beginning, pros warn - Yahoo Finance","EN
Sign in
Before you continue to Google
We use cookies and data to
Deliver and maintain Google services
Track outages and protect against spam, fraud, and abuse
Measure audience engagement and site statistics to understand how our services are used and enhance the quality of those services
If you choose to “Accept all,” we will also use cookies and data to
Develop and improve new services
Deliver and measure the effectiveness of ads
Show personalized content, depending on your settings
Show personalized ads, depending on your settings
If you choose to “Reject all,” we will not use cookies for these additional purposes.
Non-personalized content is influenced by things like the content you’re currently viewing, activity in your active Search session, and your location. Non-personalized ads are influenced by the content you’re currently viewing and your general location. Personalized content and ads can also include more relevant results, recommendations, and tailored ads based on past activity from this browser, like previous Google searches. We also use cookies and data to tailor the experience to be age-appropriate, if relevant.
Select “More options” to see additional information, including details about managing your privacy settings. You can also visit g.co/privacytools at any time.
Reject all
Accept all
More options
Privacy Policy
Terms of Service",https://news.google.com/rss/articles/CBMiwwFBVV95cUxPSmVyZlVyN0NUTTV0X0ozdzRielNCNzVyUWtMZ0c1cnNMUXpLQW90ZWZMLVdwckgtTVBDX0U3SUpUVHdTRVBRbnE2X3BhWHN6Qkc5S09QeTZ0c2JGSnRoQkVmcWtWTXJmVGo4RENkSjVISndqZG1UU0wwR2N1Ujl4dDc5ekZ1aG5HVHphM0FheVhkNzJ1YXJMb0NVdWZBUWtWQTg5RE1tVWlIMmVaYnBTOTdXc3JZTWctbXZRWWo5dW8tMHc?oc=5
2024-10-11,TSLA,Tesla,Tesla Stock Drops 8.8% After Robotaxi Event. It Was Light on Critical Details. - Barron's,"EN
Sign in
Before you continue to Google
We use cookies and data to
Deliver and maintain Google services
Track outages and protect against spam, fraud, and abuse
Measure audience engagement and site statistics to understand how our services are used and enhance the quality of those services
If you choose to “Accept all,” we will also use cookies and data to
Develop and improve new services
Deliver and measure the effectiveness of ads
Show personalized content, depending on your settings
Show personalized ads, depending on your settings
If you choose to “Reject all,” we will not use cookies for these additional purposes.
Non-personalized content is influenced by things like the content you’re currently viewing, activity in your active Search session, and your location. Non-personalized ads are influenced by the content you’re currently viewing and your general location. Personalized content and ads can also include more relevant results, recommendations, and tailored ads based on past activity from this browser, like previous Google searches. We also use cookies and data to tailor the experience to be age-appropriate, if relevant.
Select “More options” to see additional information, including details about managing your privacy settings. You can also visit g.co/privacytools at any time.
Reject all
Accept all
More options
Privacy Policy
Terms of Service",https://news.google.com/rss/articles/CBMiaEFVX3lxTE1GWmpqVGdEWXNEMWxvdWs3RTBVLXRpeVhCUzh4a25sY2JlWjliMzlsUXMyakJaaFJDMmM4bFF0aGFtUWFZVXF5QUlEUEhtU1ZGNXJpUTB6LXYzZGVqdm9XTjhvQXR1cXRl?oc=5
2024-10-11,TSLA,Tesla,Tesla Stock Flashes Major Sell Signal As Robotaxi Event Disappoints The Market - Investor's Business Daily,"EN
Sign in
Before you continue to Google
We use cookies and data to
Deliver and maintain Google services
Track outages and protect against spam, fraud, and abuse
Measure audience engagement and site statistics to understand how our services are used and enhance the quality of those services
If you choose to “Accept all,” we will also use cookies and data to
Develop and improve new services
Deliver and measure the effectiveness of ads
Show personalized content, depending on your settings
Show personalized ads, depending on your settings
If you choose to “Reject all,” we will not use cookies for these additional purposes.
Non-personalized content is influenced by things like the content you’re currently viewing, activity in your active Search session, and your location. Non-personalized ads are influenced by the content you’re currently viewing and your general location. Personalized content and ads can also include more relevant results, recommendations, and tailored ads based on past activity from this browser, like previous Google searches. We also use cookies and data to tailor the experience to be age-appropriate, if relevant.
Select “More options” to see additional information, including details about managing your privacy settings. You can also visit g.co/privacytools at any time.
Reject all
Accept all
More options
Privacy Policy
Terms of Service",https://news.google.com/rss/articles/CBMikgFBVV95cUxQLTA4UTI2cWxZU1RpNGk4cmwzbGpvTE41emhtX1dNYWtrQ0Z6Rzd1eC15SF9nSXExMmpiWk5KeUtOd0s0VU5TYXlQekxnVHN5cU5qaGRmb0NjLVhzZTZabERWYm1Xbko2NXpNeG44UXhWNzNGbUdpcHBvMDJPVk1jT2ZqT0RvT3NhSkpvaUVkZTVFZw?oc=5
2024-10-11,TSLA,Tesla,Tesla Stock Sinks. Why the Event Was a Let Down. - Barron's,"EN
Sign in
Before you continue to Google
We use cookies and data to
Deliver and maintain Google services
Track outages and protect against spam, fraud, and abuse
Measure audience engagement and site statistics to understand how our services are used and enhance the quality of those services
If you choose to “Accept all,” we will also use cookies and data to
Develop and improve new services
Deliver and measure the effectiveness of ads
Show personalized content, depending on your settings
Show personalized ads, depending on your settings
If you choose to “Reject all,” we will not use cookies for these additional purposes.
Non-personalized content is influenced by things like the content you’re currently viewing, activity in your active Search session, and your location. Non-personalized ads are influenced by the content you’re currently viewing and your general location. Personalized content and ads can also include more relevant results, recommendations, and tailored ads based on past activity from this browser, like previous Google searches. We also use cookies and data to tailor the experience to be age-appropriate, if relevant.
Select “More options” to see additional information, including details about managing your privacy settings. You can also visit g.co/privacytools at any time.
Reject all
Accept all
More options
Privacy Policy
Terms of Service",https://news.google.com/rss/articles/CBMiywFBVV95cUxPckRfb1BDQzI4ODNsZmxKTjRxWjFUcGZOdUlfYllSQjZETkNqU1NTYkRQNGI5cVgzX3hNaXNZWXJRY3dNeWdBemdXb052MUI5c3lJaFVxX1FJeVJEdFVRV3VmN2NHQi1BeElKdFhCSHpwUmk0NG16T25LUExxVzBNdGdkenpEeExjcHdXd014QWQwVzAzNWZQSkNGbWdob1hUN2pDRElpXzczdmxyRTUxWTBEdVVIVG1KdjMtcDVNY1FqalBld0JfWndrcw?oc=5
2024-11-11,TSLA,Tesla,Tesla stock extends rally as Musk-Trump alliance fuels gains - Reuters,"EN
Sign in
Before you continue to Google
We use cookies and data to
Deliver and maintain Google services
Track outages and protect against spam, fraud, and abuse
Measure audience engagement and site statistics to understand how our services are used and enhance the quality of those services
If you choose to “Accept all,” we will also use cookies and data to
Develop and improve new services
Deliver and measure the effectiveness of ads
Show personalized content, depending on your settings
Show personalized ads, depending on your settings
If you choose to “Reject all,” we will not use cookies for these additional purposes.
Non-personalized content is influenced by things like the content you’re currently viewing, activity in your active Search session, and your location. Non-personalized ads are influenced by the content you’re currently viewing and your general location. Personalized content and ads can also include more relevant results, recommendations, and tailored ads based on past activity from this browser, like previous Google searches. We also use cookies and data to tailor the experience to be age-appropriate, if relevant.
Select “More options” to see additional information, including details about managing your privacy settings. You can also visit g.co/privacytools at any time.
Reject all
Accept all
More options
Privacy Policy
Terms of Service",https://news.google.com/rss/articles/CBMipwFBVV95cUxQeDdKaTZEOTdwOFRWZjMya3NiTk1WRXdPVUl3cDFOYWo3aXBUbnBNSFozc3ZvNVZiRDRaSE1MRllKeWlNR3BKS05zd2RxaEMwVWVaVzM2QTVtMklRT1ZuY0tJZU82ZWJORDlBTHVnYzlyazVOdUNZS3NsSW9TRjQycWNOY1dJR2tzWE1TZUZqQVRuNVkxQjFfbUZMS2ZLRmxZSE1VSFZFRQ?oc=5
2024-11-11,TSLA,Tesla,Forget Tesla Stock. These Two Giants Also Have Reclaimed A $1 Trillion Market Cap. - Investor's Business Daily,"EN
Sign in
Before you continue to Google
We use cookies and data to
Deliver and maintain Google services
Track outages and protect against spam, fraud, and abuse
Measure audience engagement and site statistics to understand how our services are used and enhance the quality of those services
If you choose to “Accept all,” we will also use cookies and data to
Develop and improve new services
Deliver and measure the effectiveness of ads
Show personalized content, depending on your settings
Show personalized ads, depending on your settings
If you choose to “Reject all,” we will not use cookies for these additional purposes.
Non-personalized content is influenced by things like the content you’re currently viewing, activity in your active Search session, and your location. Non-personalized ads are influenced by the content you’re currently viewing and your general location. Personalized content and ads can also include more relevant results, recommendations, and tailored ads based on past activity from this browser, like previous Google searches. We also use cookies and data to tailor the experience to be age-appropriate, if relevant.
Select “More options” to see additional information, including details about managing your privacy settings. You can also visit g.co/privacytools at any time.
Reject all
Accept all
More options
Privacy Policy
Terms of Service",https://news.google.com/rss/articles/CBMitwFBVV95cUxOXzlxN3d4VWh1Q2pNbDZ6SWF5VGFNU3pWTl9jbm95ZXAydk5SN3VMTXBPSFBNN0dzVkVEbEdrSHJ0cFlhNFlUZUI2czZLbE9LRkQ0RUJNN0x4Nk5WZGNJRGlzbUpFYm5hMGppdTVzNXRRVThaUU1RQ2lfZ0VjV3ZQSXFEYmdHUnZob3ZCcl90RmRWSEZ6aEduWExDX0VYd0loTFZxSERKSHVqd0JzaHNyT3R4MU9GcFk?oc=5
2024-11-13,TSLA,Tesla,Why Tesla Stock Is Up Today - Barron's,"EN
Sign in
Before you continue to Google
We use cookies and data to
Deliver and maintain Google services
Track outages and protect against spam, fraud, and abuse
Measure audience engagement and site statistics to understand how our services are used and enhance the quality of those services
If you choose to “Accept all,” we will also use cookies and data to
Develop and improve new services
Deliver and measure the effectiveness of ads
Show personalized content, depending on your settings
Show personalized ads, depending on your settings
If you choose to “Reject all,” we will not use cookies for these additional purposes.
Non-personalized content is influenced by things like the content you’re currently viewing, activity in your active Search session, and your location. Non-personalized ads are influenced by the content you’re currently viewing and your general location. Personalized content and ads can also include more relevant results, recommendations, and tailored ads based on past activity from this browser, like previous Google searches. We also use cookies and data to tailor the experience to be age-appropriate, if relevant.
Select “More options” to see additional information, including details about managing your privacy settings. You can also visit g.co/privacytools at any time.
Reject all
Accept all
More options
Privacy Policy
Terms of Service",https://news.google.com/rss/articles/CBMiekFVX3lxTE5vS1pqS2t6cG5VVkl5cnRuUkJpa0IwR2xScGtxZ29hVVR0Rnhkc0E1NWs1Y2NsU1FXcDJoM3J1bnNrZlRHRUtxVEpoOS1zaGNHeG9LdVVHNDZ2eGJweEJQRVpzaTVOdTFkN0lMMkc1MDVhV3ZIX3pCdzdB?oc=5
2024-11-06,TSLA,Tesla,"Tesla Stock Soars, Bucking EV Selloff - WSJ","EN
Sign in
Before you continue to Google
We use cookies and data to
Deliver and maintain Google services
Track outages and protect against spam, fraud, and abuse
Measure audience engagement and site statistics to understand how our services are used and enhance the quality of those services
If you choose to “Accept all,” we will also use cookies and data to
Develop and improve new services
Deliver and measure the effectiveness of ads
Show personalized content, depending on your settings
Show personalized ads, depending on your settings
If you choose to “Reject all,” we will not use cookies for these additional purposes.
Non-personalized content is influenced by things like the content you’re currently viewing, activity in your active Search session, and your location. Non-personalized ads are influenced by the content you’re currently viewing and your general location. Personalized content and ads can also include more relevant results, recommendations, and tailored ads based on past activity from this browser, like previous Google searches. We also use cookies and data to tailor the experience to be age-appropriate, if relevant.
Select “More options” to see additional information, including details about managing your privacy settings. You can also visit g.co/privacytools at any time.
Reject all
Accept all
More options
Privacy Policy
Terms of Service",https://news.google.com/rss/articles/CBMihgJBVV95cUxPSHNKOEY2SEpWY1o5dFJ2WHJXd0l0S3FJS21OSlNzelBiQXRKaWUzYjNuQjFRNnd3eFFpOVZJSjdHSEE5WTI4cnRXMEdpQ3FQT21mOGlhRVlPWW43SV9VX0tERE1ua0M4Ri1Da3V1RlJmOWdxYmNnQ2xHbF9DeDFYemQyV04zUGRlRWo3VmdjeTZ3OWdoRTJJZU91VnBpTU5Heko2SGd3bmFPMGlUQmJfclhHd292VWROZS0tYmFKdXRzWGEzaldWYXV3Y3pIZkpVak94dDJuVV9kbks1UkJjd193azVoU1piTjcyQzYzdTI5VFVERlBZU1N5eFFlNTY1dnhDT01B?oc=5
2024-11-19,TSLA,Tesla,Tesla stock roars to second-highest mark ever postelection; here's what could be in store - Austin American-Statesman,"EN
Sign in
Before you continue to Google
We use cookies and data to
Deliver and maintain Google services
Track outages and protect against spam, fraud, and abuse
Measure audience engagement and site statistics to understand how our services are used and enhance the quality of those services
If you choose to “Accept all,” we will also use cookies and data to
Develop and improve new services
Deliver and measure the effectiveness of ads
Show personalized content, depending on your settings
Show personalized ads, depending on your settings
If you choose to “Reject all,” we will not use cookies for these additional purposes.
Non-personalized content is influenced by things like the content you’re currently viewing, activity in your active Search session, and your location. Non-personalized ads are influenced by the content you’re currently viewing and your general location. Personalized content and ads can also include more relevant results, recommendations, and tailored ads based on past activity from this browser, like previous Google searches. We also use cookies and data to tailor the experience to be age-appropriate, if relevant.
Select “More options” to see additional information, including details about managing your privacy settings. You can also visit g.co/privacytools at any time.
Reject all
Accept all
More options
Privacy Policy
Terms of Service",https://news.google.com/rss/articles/CBMi2wFBVV95cUxPcEdjVXJWRDdvQ1BDX3I4M3BRUVJWcFM0a0YtOHpWZHBUYkRGSFhILUNRSU54VlRXQkJlbjZZOWVudEdnUzNOdVFkWmpyVXZWQU83OWZ5QjVsT2VydGFMY1lPUjI5Mm13elAzWXpyMUNYQjZVckpyV1pmWGJjOTNrd0dON2tnSXNaSlFoLTY0SDJCOUtScXJvMkluUklpMjR3SklMVjhlVXdoTUVRbDZpSXNHZWZyc3NtcUVoSFRTMFpnWHNwZ1N0aE5mZUxtQXpnNkI2R1Fxazl5Wnc?oc=5
2024-11-06,TSLA,Tesla,Tesla shares soar more than 14% as Trump win is seen boosting Elon Musk's electric vehicle company - AP News,"EN
Sign in
Before you continue to Google
We use cookies and data to
Deliver and maintain Google services
Track outages and protect against spam, fraud, and abuse
Measure audience engagement and site statistics to understand how our services are used and enhance the quality of those services
If you choose to “Accept all,” we will also use cookies and data to
Develop and improve new services
Deliver and measure the effectiveness of ads
Show personalized content, depending on your settings
Show personalized ads, depending on your settings
If you choose to “Reject all,” we will not use cookies for these additional purposes.
Non-personalized content is influenced by things like the content you’re currently viewing, activity in your active Search session, and your location. Non-personalized ads are influenced by the content you’re currently viewing and your general location. Personalized content and ads can also include more relevant results, recommendations, and tailored ads based on past activity from this browser, like previous Google searches. We also use cookies and data to tailor the experience to be age-appropriate, if relevant.
Select “More options” to see additional information, including details about managing your privacy settings. You can also visit g.co/privacytools at any time.
Reject all
Accept all
More options
Privacy Policy
Terms of Service",https://news.google.com/rss/articles/CBMijwFBVV95cUxPYlZaRXRqVG8zTkdfS2ZUQ0FIYnozWEU3ckVJSy0tcFVsM2gzNHdkd2tqX2VwbzRXNFFtekNWN1BpYllYQlBELWxXU21lRFVJcjMzNmQ3cXpPNlpkRXQtbV9ieGxLdU5VUW1SUkQxUG9aay11b0c1Z0pQaUl4N2NOSEhMaTFtUDFKS3pycURoOA?oc=5
2024-11-11,TSLA,Tesla,Tesla stock soars 9% as Wall Street grows more bullish after 'game-changer' election - Yahoo Finance,"EN
Sign in
Before you continue to Google
We use cookies and data to
Deliver and maintain Google services
Track outages and protect against spam, fraud, and abuse
Measure audience engagement and site statistics to understand how our services are used and enhance the quality of those services
If you choose to “Accept all,” we will also use cookies and data to
Develop and improve new services
Deliver and measure the effectiveness of ads
Show personalized content, depending on your settings
Show personalized ads, depending on your settings
If you choose to “Reject all,” we will not use cookies for these additional purposes.
Non-personalized content is influenced by things like the content you’re currently viewing, activity in your active Search session, and your location. Non-personalized ads are influenced by the content you’re currently viewing and your general location. Personalized content and ads can also include more relevant results, recommendations, and tailored ads based on past activity from this browser, like previous Google searches. We also use cookies and data to tailor the experience to be age-appropriate, if relevant.
Select “More options” to see additional information, including details about managing your privacy settings. You can also visit g.co/privacytools at any time.
Reject all
Accept all
More options
Privacy Policy
Terms of Service",https://news.google.com/rss/articles/CBMixgFBVV95cUxPbU1rNERuaE1HVUZyVDgyNlRXUENHMllnVk9xa1ZIbUtTWmE2SmNqNUY0WmJvUVR2c2E4Z1N0OUdSWTVvVjE3TjNWSWh5bXh6Vy1QemYybXFLb01IM1laRkF6allFU1NNUmdHdFZQYlpKNThYNVVZLWFCWUdMTktDMlZaMmpFN3V2dXpwVkYxTDVkblhPcFozZ0Yyak11aHB6bFFRVWRFbllVREJSTXIwSkJZbmtKMEV2V3ppOGRQczROODJRdkE?oc=5
2024-11-11,TSLA,Tesla,The Tesla Ethicist: How Can I Reconcile My Tesla Stock Gains With Musk’s Skewed Self-Interest? - CleanTechnica,"EN
Sign in
Before you continue to Google
We use cookies and data to
Deliver and maintain Google services
Track outages and protect against spam, fraud, and abuse
Measure audience engagement and site statistics to understand how our services are used and enhance the quality of those services
If you choose to “Accept all,” we will also use cookies and data to
Develop and improve new services
Deliver and measure the effectiveness of ads
Show personalized content, depending on your settings
Show personalized ads, depending on your settings
If you choose to “Reject all,” we will not use cookies for these additional purposes.
Non-personalized content is influenced by things like the content you’re currently viewing, activity in your active Search session, and your location. Non-personalized ads are influenced by the content you’re currently viewing and your general location. Personalized content and ads can also include more relevant results, recommendations, and tailored ads based on past activity from this browser, like previous Google searches. We also use cookies and data to tailor the experience to be age-appropriate, if relevant.
Select “More options” to see additional information, including details about managing your privacy settings. You can also visit g.co/privacytools at any time.
Reject all
Accept all
More options
Privacy Policy
Terms of Service",https://news.google.com/rss/articles/CBMiyAFBVV95cUxORkVfVWMzT3I0bUVKM3BBelVEeUdkRVgwbnRUVDFPa1dWNVJicE8tOFZJbXBtYUtrbnJOS1ZSZnh4N1BnOXNZUmhoNWdIQmkzekEybHJ5Y3hxZFJ5T1JtZFo3WE96SnlaN3RBYzYtUFZRcHhiLTRjdmhqMWxRVzJYN0RXSnh1N0MySkNsdWNlSTRrVEdTcTNXVGFPYTdQaUZ6aktBZ1ZNektZZDBIcTR1a2NaY2JSX1BQNmZCTkpGODYxazN4NVdEWtIBzgFBVV95cUxQWHBlV2JGRHJwVUdjdkhoek1mRmVycUp2Z0x3Snk5M25NenptOGVsY3hXUWxoOGFid3czWjl3QXFpZ3ZmX241WUNBQU9TZHlYY25qcDlQemZHaXk5Smo4RllGSnN4LWRINk1ZTG1ySEloV21uWmMxbUhkUzlNWEp1RzkwUnpZdnEzeko0U1p3cDlLb1VZSmRpOWYzdjBvZXM3SE93TzZzM09XZWVsZ0c5ajlqN3hIV2F1VGFCYVJZYlZkX29XdFpIQ1VtdG5JQQ?oc=5
2024-11-18,TSLA,Tesla,Tesla jumps as Elon Musk’s ‘bet for the ages’ on Trump is seen paying off with federal self-driving rules - Fortune,"EN
Sign in
Before you continue to Google
We use cookies and data to
Deliver and maintain Google services
Track outages and protect against spam, fraud, and abuse
Measure audience engagement and site statistics to understand how our services are used and enhance the quality of those services
If you choose to “Accept all,” we will also use cookies and data to
Develop and improve new services
Deliver and measure the effectiveness of ads
Show personalized content, depending on your settings
Show personalized ads, depending on your settings
If you choose to “Reject all,” we will not use cookies for these additional purposes.
Non-personalized content is influenced by things like the content you’re currently viewing, activity in your active Search session, and your location. Non-personalized ads are influenced by the content you’re currently viewing and your general location. Personalized content and ads can also include more relevant results, recommendations, and tailored ads based on past activity from this browser, like previous Google searches. We also use cookies and data to tailor the experience to be age-appropriate, if relevant.
Select “More options” to see additional information, including details about managing your privacy settings. You can also visit g.co/privacytools at any time.
Reject all
Accept all
More options
Privacy Policy
Terms of Service",https://news.google.com/rss/articles/CBMinwFBVV95cUxOX2hUY19HZmtwY1FPamFuZzNOZk9PZ0tTeF9scVc1VkE3aDFJMkMxX2c0dk50VURvNUNjcDZZamVFY2tpc0tFS3NMVFpsaFZEQzZTcDBCRmxVNllyZEhaMUdSbVJhYnBJNHBQZ01uS2VZNEsxcUM5eVhEQkF0YmRQdnprZnhBbllFXzZncmo3X1dxTll0RTVyS25Kcjg0VDg?oc=5
2024-11-13,TSLA,Tesla,Tesla’s Meme-Like Stock Surge Leaves Wall Street Feeling Wary - Bloomberg.com,"EN
Sign in
Before you continue to Google
We use cookies and data to
Deliver and maintain Google services
Track outages and protect against spam, fraud, and abuse
Measure audience engagement and site statistics to understand how our services are used and enhance the quality of those services
If you choose to “Accept all,” we will also use cookies and data to
Develop and improve new services
Deliver and measure the effectiveness of ads
Show personalized content, depending on your settings
Show personalized ads, depending on your settings
If you choose to “Reject all,” we will not use cookies for these additional purposes.
Non-personalized content is influenced by things like the content you’re currently viewing, activity in your active Search session, and your location. Non-personalized ads are influenced by the content you’re currently viewing and your general location. Personalized content and ads can also include more relevant results, recommendations, and tailored ads based on past activity from this browser, like previous Google searches. We also use cookies and data to tailor the experience to be age-appropriate, if relevant.
Select “More options” to see additional information, including details about managing your privacy settings. You can also visit g.co/privacytools at any time.
Reject all
Accept all
More options
Privacy Policy
Terms of Service",https://news.google.com/rss/articles/CBMisgFBVV95cUxNcnY0Qmc4MzhVemhiX01oN0p1YnFPTlQyWVNyMkI1VEl4N3Vvb1pXMDEzUk8xV1R6TWlGVjNXNWRWNGswaTdPWHQ5aUV4T0xpck1IUGZka2pqaFp4dFBZa3doeWQ5WDdWMHZxbVhpVFRMdDZYRl9DUmhRZ0JoXzh2NHB1ckFTRGNqMUYwdGdVZmJIMVVIQVA0MVlZMnQ2RUpzZ0d5YVVjbjdFWFMyXzhLOW5R?oc=5
2024-11-06,TSLA,Tesla,Should You Buy Tesla Stock After Trump's Election Win? - Kiplinger,"EN
Sign in
Before you continue to Google
We use cookies and data to
Deliver and maintain Google services
Track outages and protect against spam, fraud, and abuse
Measure audience engagement and site statistics to understand how our services are used and enhance the quality of those services
If you choose to “Accept all,” we will also use cookies and data to
Develop and improve new services
Deliver and measure the effectiveness of ads
Show personalized content, depending on your settings
Show personalized ads, depending on your settings
If you choose to “Reject all,” we will not use cookies for these additional purposes.
Non-personalized content is influenced by things like the content you’re currently viewing, activity in your active Search session, and your location. Non-personalized ads are influenced by the content you’re currently viewing and your general location. Personalized content and ads can also include more relevant results, recommendations, and tailored ads based on past activity from this browser, like previous Google searches. We also use cookies and data to tailor the experience to be age-appropriate, if relevant.
Select “More options” to see additional information, including details about managing your privacy settings. You can also visit g.co/privacytools at any time.
Reject all
Accept all
More options
Privacy Policy
Terms of Service",https://news.google.com/rss/articles/CBMikgFBVV95cUxPTFJ1TDd0MFQ5NjNjVEVPUGdyTFlEWXhZNGs4eXg3ci1QdGlmVWxxRkREZVZJV3k2My1oOG1GNWVJNm8tbE5Hc21vZ2hEMmg4VDhuYm8xeFZUTW5DTkVOZDhWald0cG03aFFjOV9EeVowaHhJLTlKWUdDZjhLYm4tRll3NDgtbkdvdTN1VF9YZmxiUQ?oc=5
2024-11-08,TSLA,Tesla,Tesla’s Stock Jumps After Trump’s Victory - The New York Times,"EN
Sign in
Before you continue to Google
We use cookies and data to
Deliver and maintain Google services
Track outages and protect against spam, fraud, and abuse
Measure audience engagement and site statistics to understand how our services are used and enhance the quality of those services
If you choose to “Accept all,” we will also use cookies and data to
Develop and improve new services
Deliver and measure the effectiveness of ads
Show personalized content, depending on your settings
Show personalized ads, depending on your settings
If you choose to “Reject all,” we will not use cookies for these additional purposes.
Non-personalized content is influenced by things like the content you’re currently viewing, activity in your active Search session, and your location. Non-personalized ads are influenced by the content you’re currently viewing and your general location. Personalized content and ads can also include more relevant results, recommendations, and tailored ads based on past activity from this browser, like previous Google searches. We also use cookies and data to tailor the experience to be age-appropriate, if relevant.
Select “More options” to see additional information, including details about managing your privacy settings. You can also visit g.co/privacytools at any time.
Reject all
Accept all
More options
Privacy Policy
Terms of Service",https://news.google.com/rss/articles/CBMiggFBVV95cUxPSUR4aTM0OElHNkxpbjF5d1BUTW00OWtTeWx5Ny1tZThwTVFLMzNyQUFDVEl4WjNiV2Q5RVVhVGZfX3lWX2FwaXFuV0hTNFBDTkpyTHVodzhkaU1UVTUzaVhOLVZDUlhiTkZDejFyTmRfeks0dXB1SlBWQjRMNTVkaVlB?oc=5
2024-11-06,TSLA,Tesla,"Tesla's stock climb starting to price in robotaxi opportunity, says Deepwater's Gene Munster - CNBC","EN
Sign in
Before you continue to Google
We use cookies and data to
Deliver and maintain Google services
Track outages and protect against spam, fraud, and abuse
Measure audience engagement and site statistics to understand how our services are used and enhance the quality of those services
If you choose to “Accept all,” we will also use cookies and data to
Develop and improve new services
Deliver and measure the effectiveness of ads
Show personalized content, depending on your settings
Show personalized ads, depending on your settings
If you choose to “Reject all,” we will not use cookies for these additional purposes.
Non-personalized content is influenced by things like the content you’re currently viewing, activity in your active Search session, and your location. Non-personalized ads are influenced by the content you’re currently viewing and your general location. Personalized content and ads can also include more relevant results, recommendations, and tailored ads based on past activity from this browser, like previous Google searches. We also use cookies and data to tailor the experience to be age-appropriate, if relevant.
Select “More options” to see additional information, including details about managing your privacy settings. You can also visit g.co/privacytools at any time.
Reject all
Accept all
More options
Privacy Policy
Terms of Service",https://news.google.com/rss/articles/CBMizAFBVV95cUxQc1VzTFA2V3pyMlBXQS1DRnpYM1hOX2Fab3Jaa3J5N29XWWZaNlBVMG9jeDJZOXJpQlBTcEg1dExNdHl3dVBjYnVmTmljcXA3cEdzNU1RYjlZelRPZW9obTRlNGVycWNSd2FaZ3NRQ0xwSFpOQUdIWmNEMnlvWFdEbzM3RjRGU3JidzdsdlVkaURKNVNKNVJERWVqSXN1WVBoeUxoTWlRSlpDQ3pXRktPWWVZTVdOd25pc2E3dGRiMmdNYjNyYzBIQkQ3RTM?oc=5
2024-11-06,TSLA,Tesla,Watch These Tesla Price Levels as Stock Surges to 15-Month High - Investopedia,"EN
Sign in
Before you continue to Google
We use cookies and data to
Deliver and maintain Google services
Track outages and protect against spam, fraud, and abuse
Measure audience engagement and site statistics to understand how our services are used and enhance the quality of those services
If you choose to “Accept all,” we will also use cookies and data to
Develop and improve new services
Deliver and measure the effectiveness of ads
Show personalized content, depending on your settings
Show personalized ads, depending on your settings
If you choose to “Reject all,” we will not use cookies for these additional purposes.
Non-personalized content is influenced by things like the content you’re currently viewing, activity in your active Search session, and your location. Non-personalized ads are influenced by the content you’re currently viewing and your general location. Personalized content and ads can also include more relevant results, recommendations, and tailored ads based on past activity from this browser, like previous Google searches. We also use cookies and data to tailor the experience to be age-appropriate, if relevant.
Select “More options” to see additional information, including details about managing your privacy settings. You can also visit g.co/privacytools at any time.
Reject all
Accept all
More options
Privacy Policy
Terms of Service",https://news.google.com/rss/articles/CBMiogFBVV95cUxOU3pFaUxaeHBvUkthMDVCTTRuU0UzR0FxR3I1ZDVNTW8yRlc3QUpOR080M0pCeHVXYW9YcEVodVQyaVV4bWxCdFZ5MnRRakdXZk93a29YQk9NWWNTXzFHNkhtX1BJQmVxR19jUGc2d3JvXzZxSnNobThJblFJUlV3ZjhCbHVXQkdxNVN3UlZqdXBWaXVjcG9kTGJGRkdSQlR0eVE?oc=5
2024-11-25,TSLA,Tesla,Tesla Stock Drops. It May Get Excluded From New California EV Credits. - Barron's,"EN
Sign in
Before you continue to Google
We use cookies and data to
Deliver and maintain Google services
Track outages and protect against spam, fraud, and abuse
Measure audience engagement and site statistics to understand how our services are used and enhance the quality of those services
If you choose to “Accept all,” we will also use cookies and data to
Develop and improve new services
Deliver and measure the effectiveness of ads
Show personalized content, depending on your settings
Show personalized ads, depending on your settings
If you choose to “Reject all,” we will not use cookies for these additional purposes.
Non-personalized content is influenced by things like the content you’re currently viewing, activity in your active Search session, and your location. Non-personalized ads are influenced by the content you’re currently viewing and your general location. Personalized content and ads can also include more relevant results, recommendations, and tailored ads based on past activity from this browser, like previous Google searches. We also use cookies and data to tailor the experience to be age-appropriate, if relevant.
Select “More options” to see additional information, including details about managing your privacy settings. You can also visit g.co/privacytools at any time.
Reject all
Accept all
More options
Privacy Policy
Terms of Service",https://news.google.com/rss/articles/CBMikgFBVV95cUxNQU5FUkl3QWx3aTQtOTR0WnBBSkktdFpkREZMRS1IaW1LMzNlMEh0WkFmanNpS3QwakF1clFVY1pqZjJMX0ZqWmhaOGM3NGxiek9XeWQzXzdKSHZFUjJudjhNUHFXczBNUjNRbmtuOU1wZW5yekI0Znp1ejFnWExKeXo3Rm5SaTJoRm11V2ljSHZqUQ?oc=5
2024-11-11,TSLA,Tesla,Tesla options draw 'euphoric' trading as Trump win fires up stock - Reuters,"EN
Sign in
Before you continue to Google
We use cookies and data to
Deliver and maintain Google services
Track outages and protect against spam, fraud, and abuse
Measure audience engagement and site statistics to understand how our services are used and enhance the quality of those services
If you choose to “Accept all,” we will also use cookies and data to
Develop and improve new services
Deliver and measure the effectiveness of ads
Show personalized content, depending on your settings
Show personalized ads, depending on your settings
If you choose to “Reject all,” we will not use cookies for these additional purposes.
Non-personalized content is influenced by things like the content you’re currently viewing, activity in your active Search session, and your location. Non-personalized ads are influenced by the content you’re currently viewing and your general location. Personalized content and ads can also include more relevant results, recommendations, and tailored ads based on past activity from this browser, like previous Google searches. We also use cookies and data to tailor the experience to be age-appropriate, if relevant.
Select “More options” to see additional information, including details about managing your privacy settings. You can also visit g.co/privacytools at any time.
Reject all
Accept all
More options
Privacy Policy
Terms of Service",https://news.google.com/rss/articles/CBMixAFBVV95cUxQc05nOVBWY01qN1RqVGtnUktuUjFKc2IwX2dmRk93dzQ3RmZMaVhtOWhtVHlFc2hBRnpUWGlHYmszWEllMS03RWlfWmhJS05hU0k4S0NPaG1jcVdaSHpjNURONElhamhiekphUTNGM2EybEVTTkstMVU2YXFBRFhyWmsxRk9maC02N2ZCcEltRm9uR21BblJ3Si1yaXJIWHVfbWxoMmtibi1aU3VuX29aR3hMY2xKdGxfT3htRURLeUZqTExV?oc=5
2024-11-12,TSLA,Tesla,Tesla stock to settle after recent surge: Nuveen CIO - Yahoo Finance,"EN
Sign in
Before you continue to Google
We use cookies and data to
Deliver and maintain Google services
Track outages and protect against spam, fraud, and abuse
Measure audience engagement and site statistics to understand how our services are used and enhance the quality of those services
If you choose to “Accept all,” we will also use cookies and data to
Develop and improve new services
Deliver and measure the effectiveness of ads
Show personalized content, depending on your settings
Show personalized ads, depending on your settings
If you choose to “Reject all,” we will not use cookies for these additional purposes.
Non-personalized content is influenced by things like the content you’re currently viewing, activity in your active Search session, and your location. Non-personalized ads are influenced by the content you’re currently viewing and your general location. Personalized content and ads can also include more relevant results, recommendations, and tailored ads based on past activity from this browser, like previous Google searches. We also use cookies and data to tailor the experience to be age-appropriate, if relevant.
Select “More options” to see additional information, including details about managing your privacy settings. You can also visit g.co/privacytools at any time.
Reject all
Accept all
More options
Privacy Policy
Terms of Service",https://news.google.com/rss/articles/CBMingFBVV95cUxQdVBMaTRhLWRCaEtsV0djRTRldFE4M3g3ako3OXF1ZUpFcGVHM05tRkdNYmNEU0NxcnRaV3FjTEQ2d1BWWDhFNFMzT3k3ZUxEckZaWTN6R1R0em1oZllUYzFCejNmUDJXbnc4cUY5Y1c5Zm1UNmctZDVQcTZxTzA0SlhVNjBuR2ktYTBPUUlsN3JWY2txVldGVFdEU19WZw?oc=5
2024-11-18,TSLA,Tesla,"Stock Market News, Nov. 18, 2024: Tesla Stock Gains; Nasdaq Rallies - WSJ","EN
Sign in
Before you continue to Google
We use cookies and data to
Deliver and maintain Google services
Track outages and protect against spam, fraud, and abuse
Measure audience engagement and site statistics to understand how our services are used and enhance the quality of those services
If you choose to “Accept all,” we will also use cookies and data to
Develop and improve new services
Deliver and measure the effectiveness of ads
Show personalized content, depending on your settings
Show personalized ads, depending on your settings
If you choose to “Reject all,” we will not use cookies for these additional purposes.
Non-personalized content is influenced by things like the content you’re currently viewing, activity in your active Search session, and your location. Non-personalized ads are influenced by the content you’re currently viewing and your general location. Personalized content and ads can also include more relevant results, recommendations, and tailored ads based on past activity from this browser, like previous Google searches. We also use cookies and data to tailor the experience to be age-appropriate, if relevant.
Select “More options” to see additional information, including details about managing your privacy settings. You can also visit g.co/privacytools at any time.
Reject all
Accept all
More options
Privacy Policy
Terms of Service",https://news.google.com/rss/articles/CBMijAFBVV95cUxOSGUwempOSjdYU1U1TWl4S00za0pqaW9GaDcwRHdYRHJMZEVSRnJSS19wVWFxSnpjZmtpbXphQWlhS2Y2RG1pa2tfbmRURTVBV0lRZzJmVkEwRGQ4ZWQ1bE9hMWc1bzcyc2lLX1hLM0pSZ3dZVFd2bFR6SFBOWFNBaEJNVm5jWU5jSnZqTQ?oc=5
2024-11-04,TSLA,Tesla,Tesla’s Stock Faces a New Risk: A Trump Defeat - Barron's,"EN
Sign in
Before you continue to Google
We use cookies and data to
Deliver and maintain Google services
Track outages and protect against spam, fraud, and abuse
Measure audience engagement and site statistics to understand how our services are used and enhance the quality of those services
If you choose to “Accept all,” we will also use cookies and data to
Develop and improve new services
Deliver and measure the effectiveness of ads
Show personalized content, depending on your settings
Show personalized ads, depending on your settings
If you choose to “Reject all,” we will not use cookies for these additional purposes.
Non-personalized content is influenced by things like the content you’re currently viewing, activity in your active Search session, and your location. Non-personalized ads are influenced by the content you’re currently viewing and your general location. Personalized content and ads can also include more relevant results, recommendations, and tailored ads based on past activity from this browser, like previous Google searches. We also use cookies and data to tailor the experience to be age-appropriate, if relevant.
Select “More options” to see additional information, including details about managing your privacy settings. You can also visit g.co/privacytools at any time.
Reject all
Accept all
More options
Privacy Policy
Terms of Service",https://news.google.com/rss/articles/CBMigAFBVV95cUxPV1FraXRKRUxta3J5M0RnZkxIamN1Z2J6a3FQdGJRY3hsSXljbzBYN2NhUUlOSEExZ1IzVEdwbVg3Y3RGbVRETkNzaW9jRmYzUkxMaXlWLWxHbXh1bjd4LURETTdxSFp5QkJRQVU2U2xoejZ4Uzc1WGxGa2tRRFpNRQ?oc=5
2024-11-08,TSLA,Tesla,Tesla Stock: What Elon Musk Gains From Trump’s Win—and What to Do With Shares Now - Barron's,"EN
Sign in
Before you continue to Google
We use cookies and data to
Deliver and maintain Google services
Track outages and protect against spam, fraud, and abuse
Measure audience engagement and site statistics to understand how our services are used and enhance the quality of those services
If you choose to “Accept all,” we will also use cookies and data to
Develop and improve new services
Deliver and measure the effectiveness of ads
Show personalized content, depending on your settings
Show personalized ads, depending on your settings
If you choose to “Reject all,” we will not use cookies for these additional purposes.
Non-personalized content is influenced by things like the content you’re currently viewing, activity in your active Search session, and your location. Non-personalized ads are influenced by the content you’re currently viewing and your general location. Personalized content and ads can also include more relevant results, recommendations, and tailored ads based on past activity from this browser, like previous Google searches. We also use cookies and data to tailor the experience to be age-appropriate, if relevant.
Select “More options” to see additional information, including details about managing your privacy settings. You can also visit g.co/privacytools at any time.
Reject all
Accept all
More options
Privacy Policy
Terms of Service",https://news.google.com/rss/articles/CBMid0FVX3lxTE55cThzM2tEVGVweS1QODN1MWE0bG1lQTlYWllHU0RNaVVPUThkU0NscDJZeDZOT1c5dnBpSThhR2dsMVBhbDUyYnl1cVk5aS03ZE9fbmMtMHYzOVhuWld3anpmQWRaWnZuUnYzT3dqcGZMYTNFZVJN?oc=5
2024-11-29,TSLA,Tesla,Tesla Stock Finished Black Friday on a High Note - Investopedia,"EN
Sign in
Before you continue to Google
We use cookies and data to
Deliver and maintain Google services
Track outages and protect against spam, fraud, and abuse
Measure audience engagement and site statistics to understand how our services are used and enhance the quality of those services
If you choose to “Accept all,” we will also use cookies and data to
Develop and improve new services
Deliver and measure the effectiveness of ads
Show personalized content, depending on your settings
Show personalized ads, depending on your settings
If you choose to “Reject all,” we will not use cookies for these additional purposes.
Non-personalized content is influenced by things like the content you’re currently viewing, activity in your active Search session, and your location. Non-personalized ads are influenced by the content you’re currently viewing and your general location. Personalized content and ads can also include more relevant results, recommendations, and tailored ads based on past activity from this browser, like previous Google searches. We also use cookies and data to tailor the experience to be age-appropriate, if relevant.
Select “More options” to see additional information, including details about managing your privacy settings. You can also visit g.co/privacytools at any time.
Reject all
Accept all
More options
Privacy Policy
Terms of Service",https://news.google.com/rss/articles/CBMimwFBVV95cUxPVDNtVFB6c2g3WUJGVFdQV294YmZlTFJ6NHRuQ1JRNlhWR0hXUlF3emdFYzhiLTBOSHpldlJCSHRaSWp0Y1ItLS15WENMZjByRUE2bEsxeTQwYkhyMGl0TlZ1ZVF5Rm1OQnA5SjJrRW1kUGNBNFBRR08tdDdPaVc3ZEJUSVpsNUhiUWl4aWZuc2NDRnJWR2hUUUxQdw?oc=5
2024-12-12,TSLA,Tesla,Tesla Stock Hit a Record. What History Says Comes Next. - Barron's,"EN
Sign in
Before you continue to Google
We use cookies and data to
Deliver and maintain Google services
Track outages and protect against spam, fraud, and abuse
Measure audience engagement and site statistics to understand how our services are used and enhance the quality of those services
If you choose to “Accept all,” we will also use cookies and data to
Develop and improve new services
Deliver and measure the effectiveness of ads
Show personalized content, depending on your settings
Show personalized ads, depending on your settings
If you choose to “Reject all,” we will not use cookies for these additional purposes.
Non-personalized content is influenced by things like the content you’re currently viewing, activity in your active Search session, and your location. Non-personalized ads are influenced by the content you’re currently viewing and your general location. Personalized content and ads can also include more relevant results, recommendations, and tailored ads based on past activity from this browser, like previous Google searches. We also use cookies and data to tailor the experience to be age-appropriate, if relevant.
Select “More options” to see additional information, including details about managing your privacy settings. You can also visit g.co/privacytools at any time.
Reject all
Accept all
More options
Privacy Policy
Terms of Service",https://news.google.com/rss/articles/CBMifkFVX3lxTE1mdDIzODB1TXFmMGJGbUlhS0xjaWlNTk84aEpZRFY5bHc5U1d4NzhiVXVZVXhoa282R3BJeXF0UVVodzh0ZE44TGkyOFVPNDJFM21Hd1hLODBDZEhrN2RCdHNIdEYyX1dmUGlGaWlFOGhnakxKemY3UDVvTW14QQ?oc=5
2024-12-02,TSLA,Tesla,"Tesla Stock A Buy—Despite ‘Significantly Overvalued’ Core EV Business, Analyst Says - Forbes","EN
Sign in
Before you continue to Google
We use cookies and data to
Deliver and maintain Google services
Track outages and protect against spam, fraud, and abuse
Measure audience engagement and site statistics to understand how our services are used and enhance the quality of those services
If you choose to “Accept all,” we will also use cookies and data to
Develop and improve new services
Deliver and measure the effectiveness of ads
Show personalized content, depending on your settings
Show personalized ads, depending on your settings
If you choose to “Reject all,” we will not use cookies for these additional purposes.
Non-personalized content is influenced by things like the content you’re currently viewing, activity in your active Search session, and your location. Non-personalized ads are influenced by the content you’re currently viewing and your general location. Personalized content and ads can also include more relevant results, recommendations, and tailored ads based on past activity from this browser, like previous Google searches. We also use cookies and data to tailor the experience to be age-appropriate, if relevant.
Select “More options” to see additional information, including details about managing your privacy settings. You can also visit g.co/privacytools at any time.
Reject all
Accept all
More options
Privacy Policy
Terms of Service",https://news.google.com/rss/articles/CBMiywFBVV95cUxQQ2dsWWxoZURWa0dTS3ZjaFQ0aVZXTXhGUzFjb0M2ZTI0M0JwQnlTd082T3prVmVzWVlSaGhZWTkzTUh6VUhoUklpR01OSENWcm0yWDNLVlVNbGhKYXRmUmNScFQtM2xKZjJWQmU2WHJXaXQ5OXNVTlR3TjE3VEwtSWVSOHJWaHpoME85SUZtblBiYXhna3ZNQXpMYkFLMG5RZkVmU3JBU1dVQjllRVhBTVhNRnVjLUNKSW5qXzdVbFh0VF9LNEotSWRabw?oc=5
2024-12-02,TSLA,Tesla,Tesla Rolls Out 'New Brain' Amid 40% Tear On Hopes Trump Will Clear Path For Self Driving - Investor's Business Daily,"EN
Sign in
Before you continue to Google
We use cookies and data to
Deliver and maintain Google services
Track outages and protect against spam, fraud, and abuse
Measure audience engagement and site statistics to understand how our services are used and enhance the quality of those services
If you choose to “Accept all,” we will also use cookies and data to
Develop and improve new services
Deliver and measure the effectiveness of ads
Show personalized content, depending on your settings
Show personalized ads, depending on your settings
If you choose to “Reject all,” we will not use cookies for these additional purposes.
Non-personalized content is influenced by things like the content you’re currently viewing, activity in your active Search session, and your location. Non-personalized ads are influenced by the content you’re currently viewing and your general location. Personalized content and ads can also include more relevant results, recommendations, and tailored ads based on past activity from this browser, like previous Google searches. We also use cookies and data to tailor the experience to be age-appropriate, if relevant.
Select “More options” to see additional information, including details about managing your privacy settings. You can also visit g.co/privacytools at any time.
Reject all
Accept all
More options
Privacy Policy
Terms of Service",https://news.google.com/rss/articles/CBMinwFBVV95cUxPNzJtN0k1YU1yY0t1aU5JeTVTRkVKbmhzbWxFZ1UwVk9kaFVtSnF4dlI4SVRmZmNkSTBPVTlsaWV4ejF2QjY5cE1XWG02M2o2X0VTeDVGa0pWMElEcnliUllDOElCX1owQkdpTE5WTUlIM19wYmRObTlzc0JhM213RmxGUDhibEczQ3A0OXZvSnZRbWxpYTluQUpvekZycWM?oc=5
2024-12-11,TSLA,Tesla,"Tesla shares close at record high, boosted by 69% pop since Trump election victory - CNBC","EN
Sign in
Before you continue to Google
We use cookies and data to
Deliver and maintain Google services
Track outages and protect against spam, fraud, and abuse
Measure audience engagement and site statistics to understand how our services are used and enhance the quality of those services
If you choose to “Accept all,” we will also use cookies and data to
Develop and improve new services
Deliver and measure the effectiveness of ads
Show personalized content, depending on your settings
Show personalized ads, depending on your settings
If you choose to “Reject all,” we will not use cookies for these additional purposes.
Non-personalized content is influenced by things like the content you’re currently viewing, activity in your active Search session, and your location. Non-personalized ads are influenced by the content you’re currently viewing and your general location. Personalized content and ads can also include more relevant results, recommendations, and tailored ads based on past activity from this browser, like previous Google searches. We also use cookies and data to tailor the experience to be age-appropriate, if relevant.
Select “More options” to see additional information, including details about managing your privacy settings. You can also visit g.co/privacytools at any time.
Reject all
Accept all
More options
Privacy Policy
Terms of Service",https://news.google.com/rss/articles/CBMisAFBVV95cUxPLUJBM0x5NVVzMHE5aDJibnA3aFJyMFRRYVpGemFrbTdzQTd6QkU1UkRGem95c25IR0lzOVZId2hXakRHVkRVV3FlMDJZandPa3VFNi14VmFjbDY1dUhyMXlITmhROGVBb0pPcmI3dTl0czVSZzVBSzFUZmxITnZLbXAyNkJDWTRlUTdyTzBZeldNWTEzN2xGLUtUUWlyRzZCQU1iTDhJVWtNNWMzY1FNRNIBtgFBVV95cUxOLXVKbXpXenhuNENtNGlHcm9DNjBPVUpka18zOHFLbERpbU44Q09vdWtRWERRYWEzWVJVMkJYbDZXaWR0SENDWnNxRmtrbS1WdVhXMEw3U1YxemV3a3FmdWNVa1dNdXhhVDd2SDcxbVIwWGRsem5WS1lIdEpSVllYQU1zNU9FdkJOZFlyRWZzNTg4ZmpZbHhjbkpPS2RkQW5rdXhrMG5OUnhqNmR5c2trUTBjbFV5dw?oc=5
2024-12-02,TSLA,Tesla,The Trump Bump Continues for Tesla Stock - WSJ,"EN
Sign in
Before you continue to Google
We use cookies and data to
Deliver and maintain Google services
Track outages and protect against spam, fraud, and abuse
Measure audience engagement and site statistics to understand how our services are used and enhance the quality of those services
If you choose to “Accept all,” we will also use cookies and data to
Develop and improve new services
Deliver and measure the effectiveness of ads
Show personalized content, depending on your settings
Show personalized ads, depending on your settings
If you choose to “Reject all,” we will not use cookies for these additional purposes.
Non-personalized content is influenced by things like the content you’re currently viewing, activity in your active Search session, and your location. Non-personalized ads are influenced by the content you’re currently viewing and your general location. Personalized content and ads can also include more relevant results, recommendations, and tailored ads based on past activity from this browser, like previous Google searches. We also use cookies and data to tailor the experience to be age-appropriate, if relevant.
Select “More options” to see additional information, including details about managing your privacy settings. You can also visit g.co/privacytools at any time.
Reject all
Accept all
More options
Privacy Policy
Terms of Service",https://news.google.com/rss/articles/CBMi5gFBVV95cUxNNzFLakxQRGVsR0YzOThWY2thdTFzREp6NjVZRTJpckxMZlp5dXdJMV8wbmk0aEx0Q21OSzhUNDZINEs5azg4aC1Wc05BNDdMLWYyMmFDYU92WkRvQVNGOU1ubDFWczg0QWtYcm0tNXdOTVlmYVhZcEtmNnJ0SllHX2daVTBnZ2VIR01Ea2trRzhJT2xIc2c4dnJpN1VkMW1LSTZqVzE0Y3M2WFk3bXRoU0ZaQnBGOEo4MnozbmR6eUlmMURtc1psWlNRM01vdUY2cWZHT0RtLXpGNHIwbllUX2lFRG9FUQ?oc=5
2024-12-06,TSLA,Tesla,Tesla’s stock closes at highest price in nearly 3 years. Why it can keep going. - MarketWatch,"EN
Sign in
Before you continue to Google
We use cookies and data to
Deliver and maintain Google services
Track outages and protect against spam, fraud, and abuse
Measure audience engagement and site statistics to understand how our services are used and enhance the quality of those services
If you choose to “Accept all,” we will also use cookies and data to
Develop and improve new services
Deliver and measure the effectiveness of ads
Show personalized content, depending on your settings
Show personalized ads, depending on your settings
If you choose to “Reject all,” we will not use cookies for these additional purposes.
Non-personalized content is influenced by things like the content you’re currently viewing, activity in your active Search session, and your location. Non-personalized ads are influenced by the content you’re currently viewing and your general location. Personalized content and ads can also include more relevant results, recommendations, and tailored ads based on past activity from this browser, like previous Google searches. We also use cookies and data to tailor the experience to be age-appropriate, if relevant.
Select “More options” to see additional information, including details about managing your privacy settings. You can also visit g.co/privacytools at any time.
Reject all
Accept all
More options
Privacy Policy
Terms of Service",https://news.google.com/rss/articles/CBMitwFBVV95cUxQYkJNb1BvWFNsR3o4MWVOUGI2VVpIZUw1Z1lQT3JMV0x5WDduZl9SV3R3eHRkZVJST3hfZTYwdmJRZjBBc3dFOHUwaHVxUFBRdnBLbURrczhHV0FPMFRNdy02S3UyMzJWM1c0WFFDMUE1MGlvbm1vWUxkSTV3bXZ0Mjdyc05acWY1RWJUQUZocFN4a3ZBTnhRT29Pb28ydDlhQklTcVQzU0h5QWVlYWhYTXZzbDZxSjQ?oc=5
2024-12-20,TSLA,Tesla,Is Tesla Stock a Buy or Sell After Massive Post-Election Surge? - Morningstar,"EN
Sign in
Before you continue to Google
We use cookies and data to
Deliver and maintain Google services
Track outages and protect against spam, fraud, and abuse
Measure audience engagement and site statistics to understand how our services are used and enhance the quality of those services
If you choose to “Accept all,” we will also use cookies and data to
Develop and improve new services
Deliver and measure the effectiveness of ads
Show personalized content, depending on your settings
Show personalized ads, depending on your settings
If you choose to “Reject all,” we will not use cookies for these additional purposes.
Non-personalized content is influenced by things like the content you’re currently viewing, activity in your active Search session, and your location. Non-personalized ads are influenced by the content you’re currently viewing and your general location. Personalized content and ads can also include more relevant results, recommendations, and tailored ads based on past activity from this browser, like previous Google searches. We also use cookies and data to tailor the experience to be age-appropriate, if relevant.
Select “More options” to see additional information, including details about managing your privacy settings. You can also visit g.co/privacytools at any time.
Reject all
Accept all
More options
Privacy Policy
Terms of Service",https://news.google.com/rss/articles/CBMiswFBVV95cUxNQ3M2QnJ6R282bndIRmlMWk5VNU5YMTl3R1hOSWZCQVlDS0xndHhMal9YYVRZNW8yVFRVbE5abTgxa2pvVnI3emh1UUExcnFlZ2hHT2czTDBwdFE5b29idWhBdXZzVmQ2S2p3azFRMFpuUmZZdkhlSkFtb0FpNWFERnpBTDNrZTJPeFR2MnQ1SUQ0UGNjcTZrdlJtSVZlWlpiN2M3cm8tVHdUbjNBTGtoM1g0UQ?oc=5
2024-12-03,TSLA,Tesla,Tesla Stock Is Down. It’s More Than Just Musk’s Pay Package. - Barron's,"EN
Sign in
Before you continue to Google
We use cookies and data to
Deliver and maintain Google services
Track outages and protect against spam, fraud, and abuse
Measure audience engagement and site statistics to understand how our services are used and enhance the quality of those services
If you choose to “Accept all,” we will also use cookies and data to
Develop and improve new services
Deliver and measure the effectiveness of ads
Show personalized content, depending on your settings
Show personalized ads, depending on your settings
If you choose to “Reject all,” we will not use cookies for these additional purposes.
Non-personalized content is influenced by things like the content you’re currently viewing, activity in your active Search session, and your location. Non-personalized ads are influenced by the content you’re currently viewing and your general location. Personalized content and ads can also include more relevant results, recommendations, and tailored ads based on past activity from this browser, like previous Google searches. We also use cookies and data to tailor the experience to be age-appropriate, if relevant.
Select “More options” to see additional information, including details about managing your privacy settings. You can also visit g.co/privacytools at any time.
Reject all
Accept all
More options
Privacy Policy
Terms of Service",https://news.google.com/rss/articles/CBMie0FVX3lxTE5lanIxRFRtVkpiNnZ4ZkliRVZ0dnZmN213dnh0T3RzMExWMnE5RkVJWUU4cER2Q2I3WU5YQjFrWHNFUVBYcGdmY1ZZWlM5VzIwQW9qU2NpbkpFWEQwcElqMkpSSXhoRHg5ZWtxM1ZieWNnTEozNF9fUzR2VQ?oc=5
2024-12-02,TSLA,Tesla,More Analysts Are Backing Tesla Stock—And the Shares Are Rising - Investopedia,"EN
Sign in
Before you continue to Google
We use cookies and data to
Deliver and maintain Google services
Track outages and protect against spam, fraud, and abuse
Measure audience engagement and site statistics to understand how our services are used and enhance the quality of those services
If you choose to “Accept all,” we will also use cookies and data to
Develop and improve new services
Deliver and measure the effectiveness of ads
Show personalized content, depending on your settings
Show personalized ads, depending on your settings
If you choose to “Reject all,” we will not use cookies for these additional purposes.
Non-personalized content is influenced by things like the content you’re currently viewing, activity in your active Search session, and your location. Non-personalized ads are influenced by the content you’re currently viewing and your general location. Personalized content and ads can also include more relevant results, recommendations, and tailored ads based on past activity from this browser, like previous Google searches. We also use cookies and data to tailor the experience to be age-appropriate, if relevant.
Select “More options” to see additional information, including details about managing your privacy settings. You can also visit g.co/privacytools at any time.
Reject all
Accept all
More options
Privacy Policy
Terms of Service",https://news.google.com/rss/articles/CBMimAFBVV95cUxPTU5XRVNPN3FJTUEyUFVJQjZDLVhhY1RKTzhMRUVHMDZOYkNJME9NeWZMOWZLSWJfdzBIVllIck5rZ29jY1VzS0tzRWhEYnBBX3o4bHhTQ095cEpZQ0FsT3h2QlBnbXQ4bUF0WG5LZG5fTkR0eUFuQ1FESjBvZG1venVpSGs5M0dIV0R5RXBkbkFoZXExODdzNA?oc=5
2024-12-09,TSLA,Tesla,Tesla Stock Nears 400 For First Time Since 2022 - Investor's Business Daily,"EN
Sign in
Before you continue to Google
We use cookies and data to
Deliver and maintain Google services
Track outages and protect against spam, fraud, and abuse
Measure audience engagement and site statistics to understand how our services are used and enhance the quality of those services
If you choose to “Accept all,” we will also use cookies and data to
Develop and improve new services
Deliver and measure the effectiveness of ads
Show personalized content, depending on your settings
Show personalized ads, depending on your settings
If you choose to “Reject all,” we will not use cookies for these additional purposes.
Non-personalized content is influenced by things like the content you’re currently viewing, activity in your active Search session, and your location. Non-personalized ads are influenced by the content you’re currently viewing and your general location. Personalized content and ads can also include more relevant results, recommendations, and tailored ads based on past activity from this browser, like previous Google searches. We also use cookies and data to tailor the experience to be age-appropriate, if relevant.
Select “More options” to see additional information, including details about managing your privacy settings. You can also visit g.co/privacytools at any time.
Reject all
Accept all
More options
Privacy Policy
Terms of Service",https://news.google.com/rss/articles/CBMihgFBVV95cUxOSXIxVWRQTGNyVTBTYndHanFxbHQyb1A3RHZxYzFrRWxlck9oOE93Z1d0Mmx6T0xQZTlraXctWWwyZE13MHpMeUhqN1ZhQ2dZdkZ6Z18zeGswMm5MZ3hPU2F3cVlsdzVhQ3M3MjNKb2JJUFVDaGoxVzE2TkpMdms4OTR3MzNLUQ?oc=5
2024-12-04,TSLA,Tesla,"Tesla Stock Hits a New 52-Week High, Shakes Off Growth Concerns - Barron's","EN
Sign in
Before you continue to Google
We use cookies and data to
Deliver and maintain Google services
Track outages and protect against spam, fraud, and abuse
Measure audience engagement and site statistics to understand how our services are used and enhance the quality of those services
If you choose to “Accept all,” we will also use cookies and data to
Develop and improve new services
Deliver and measure the effectiveness of ads
Show personalized content, depending on your settings
Show personalized ads, depending on your settings
If you choose to “Reject all,” we will not use cookies for these additional purposes.
Non-personalized content is influenced by things like the content you’re currently viewing, activity in your active Search session, and your location. Non-personalized ads are influenced by the content you’re currently viewing and your general location. Personalized content and ads can also include more relevant results, recommendations, and tailored ads based on past activity from this browser, like previous Google searches. We also use cookies and data to tailor the experience to be age-appropriate, if relevant.
Select “More options” to see additional information, including details about managing your privacy settings. You can also visit g.co/privacytools at any time.
Reject all
Accept all
More options
Privacy Policy
Terms of Service",https://news.google.com/rss/articles/CBMihAFBVV95cUxPWlhaNlBLaTZfa2pZTmZXdkRITUpTb3E1VWxJZW92YXFxdWRYeXVtRU9TbG11ZFVnMXV3NTJsREJYYjRZdldRXzMzVTFsM19wekhDWEU3Wl8tLVNMNEg5eno4MWZjNW1HQmt6cmVicmEyNGZaQjZIZUtYSnVIeGpGTzVZdjc?oc=5
2024-12-17,TSLA,Tesla,Tesla Stock Touches Another Record High - Investopedia,"EN
Sign in
Before you continue to Google
We use cookies and data to
Deliver and maintain Google services
Track outages and protect against spam, fraud, and abuse
Measure audience engagement and site statistics to understand how our services are used and enhance the quality of those services
If you choose to “Accept all,” we will also use cookies and data to
Develop and improve new services
Deliver and measure the effectiveness of ads
Show personalized content, depending on your settings
Show personalized ads, depending on your settings
If you choose to “Reject all,” we will not use cookies for these additional purposes.
Non-personalized content is influenced by things like the content you’re currently viewing, activity in your active Search session, and your location. Non-personalized ads are influenced by the content you’re currently viewing and your general location. Personalized content and ads can also include more relevant results, recommendations, and tailored ads based on past activity from this browser, like previous Google searches. We also use cookies and data to tailor the experience to be age-appropriate, if relevant.
Select “More options” to see additional information, including details about managing your privacy settings. You can also visit g.co/privacytools at any time.
Reject all
Accept all
More options
Privacy Policy
Terms of Service",https://news.google.com/rss/articles/CBMiggFBVV95cUxNRjhPM2VQRXUyVVBrbk9IWVNaNVFjcDBfbXN5bW1uWUozM1ZFTnFMTmNUQ3JtejU2UkQ3MUxhakVFNjJjdmxGRWVTVDJ5bWJtRDFOd2tlOXJBWXYxMWRwbF81Zjc4QnNOcmFmR1kwZ1dLOXhLcUxQYm1BNDdJR1hWeTFB?oc=5
2024-12-12,TSLA,Tesla,"Tesla Stock Hits New High, Backs Off Amid FSD, Trump Optimism - Investor's Business Daily","EN
Sign in
Before you continue to Google
We use cookies and data to
Deliver and maintain Google services
Track outages and protect against spam, fraud, and abuse
Measure audience engagement and site statistics to understand how our services are used and enhance the quality of those services
If you choose to “Accept all,” we will also use cookies and data to
Develop and improve new services
Deliver and measure the effectiveness of ads
Show personalized content, depending on your settings
Show personalized ads, depending on your settings
If you choose to “Reject all,” we will not use cookies for these additional purposes.
Non-personalized content is influenced by things like the content you’re currently viewing, activity in your active Search session, and your location. Non-personalized ads are influenced by the content you’re currently viewing and your general location. Personalized content and ads can also include more relevant results, recommendations, and tailored ads based on past activity from this browser, like previous Google searches. We also use cookies and data to tailor the experience to be age-appropriate, if relevant.
Select “More options” to see additional information, including details about managing your privacy settings. You can also visit g.co/privacytools at any time.
Reject all
Accept all
More options
Privacy Policy
Terms of Service",https://news.google.com/rss/articles/CBMigwFBVV95cUxObTc4RTEtSTA1Q2Myc2N0WC0xUWNCODhYOEdmTWxrM1dUWnV5dXhNSHZDN1B1UGRBOF9tQWhCRGpBRFJIY1ZNWnVtQ1liajFEczEtR01zNzRPSERLTko5LV9TdHJNd0l0aUx5Zk5XSzN5cVFJNmd0TE5mamdkVlFMenVZYw?oc=5
2024-12-18,TSLA,Tesla,Tesla Stock Has Soared. How to Know When to Sell the Shares. - Barron's,"EN
Sign in
Before you continue to Google
We use cookies and data to
Deliver and maintain Google services
Track outages and protect against spam, fraud, and abuse
Measure audience engagement and site statistics to understand how our services are used and enhance the quality of those services
If you choose to “Accept all,” we will also use cookies and data to
Develop and improve new services
Deliver and measure the effectiveness of ads
Show personalized content, depending on your settings
Show personalized ads, depending on your settings
If you choose to “Reject all,” we will not use cookies for these additional purposes.
Non-personalized content is influenced by things like the content you’re currently viewing, activity in your active Search session, and your location. Non-personalized ads are influenced by the content you’re currently viewing and your general location. Personalized content and ads can also include more relevant results, recommendations, and tailored ads based on past activity from this browser, like previous Google searches. We also use cookies and data to tailor the experience to be age-appropriate, if relevant.
Select “More options” to see additional information, including details about managing your privacy settings. You can also visit g.co/privacytools at any time.
Reject all
Accept all
More options
Privacy Policy
Terms of Service",https://news.google.com/rss/articles/CBMidEFVX3lxTFBsenNlZnhxOFBGcjJYV1V1UV9IMDcwX1lTRExuaWRJM1F3bExGSFVpVnBHQ3VGYUh2UHhOZ0g0SG03TXl2S19nQ1NJNUtfdWd6LVdVVDduMVJkc3A0aGYwSFNDYV83Q2V1RDB1QWRSRVdEWmVv?oc=5
2024-12-11,TSLA,Tesla,Tesla Stock Surges to First All-Time High in 3 Years - Investopedia,"EN
Sign in
Before you continue to Google
We use cookies and data to
Deliver and maintain Google services
Track outages and protect against spam, fraud, and abuse
Measure audience engagement and site statistics to understand how our services are used and enhance the quality of those services
If you choose to “Accept all,” we will also use cookies and data to
Develop and improve new services
Deliver and measure the effectiveness of ads
Show personalized content, depending on your settings
Show personalized ads, depending on your settings
If you choose to “Reject all,” we will not use cookies for these additional purposes.
Non-personalized content is influenced by things like the content you’re currently viewing, activity in your active Search session, and your location. Non-personalized ads are influenced by the content you’re currently viewing and your general location. Personalized content and ads can also include more relevant results, recommendations, and tailored ads based on past activity from this browser, like previous Google searches. We also use cookies and data to tailor the experience to be age-appropriate, if relevant.
Select “More options” to see additional information, including details about managing your privacy settings. You can also visit g.co/privacytools at any time.
Reject all
Accept all
More options
Privacy Policy
Terms of Service",https://news.google.com/rss/articles/CBMikwFBVV95cUxNbzNNeEtRQzJkOHJwVXc2QTY0dTQ0RUtLUm1rVnEwdWY4OGNlNnBpZnUwVDhQSnNfOHRUamU3NVlwbU5YS3dBSDRvQ2VzZnJYZ1VoTFUzWjdpdHlLXzhJbWFEYVVqRDhTdlI0bkxzSGhOQ09EaEtwOUNIVlpROV9JQ3lHbXM2bGI2RlNuTmtZQm9ab00?oc=5
2024-11-29,TSLA,Tesla,Tesla Stock Rises to End 1 of Its Best Months Ever - Barron's,"EN
Sign in
Before you continue to Google
We use cookies and data to
Deliver and maintain Google services
Track outages and protect against spam, fraud, and abuse
Measure audience engagement and site statistics to understand how our services are used and enhance the quality of those services
If you choose to “Accept all,” we will also use cookies and data to
Develop and improve new services
Deliver and measure the effectiveness of ads
Show personalized content, depending on your settings
Show personalized ads, depending on your settings
If you choose to “Reject all,” we will not use cookies for these additional purposes.
Non-personalized content is influenced by things like the content you’re currently viewing, activity in your active Search session, and your location. Non-personalized ads are influenced by the content you’re currently viewing and your general location. Personalized content and ads can also include more relevant results, recommendations, and tailored ads based on past activity from this browser, like previous Google searches. We also use cookies and data to tailor the experience to be age-appropriate, if relevant.
Select “More options” to see additional information, including details about managing your privacy settings. You can also visit g.co/privacytools at any time.
Reject all
Accept all
More options
Privacy Policy
Terms of Service",https://news.google.com/rss/articles/CBMieEFVX3lxTFA0M3owTjdCV1cyQVdCUUtoQXpTcThINENFelRVdWtZNmNKT1Rfdm9jWjZkeGtHcFJEZkNwaTJ2MjFkVkg5NTNha09LemVxQjA5VHFTNi1mSnIzcmZPS1M5VjF5cHdRRmJ0NzBmdE5YTjlveXUtZHFJXw?oc=5
2024-11-26,TSLA,Tesla,Watch These Tesla Price Levels as Stock Hits Brakes on Post-Election Rally - Investopedia,"EN
Sign in
Before you continue to Google
We use cookies and data to
Deliver and maintain Google services
Track outages and protect against spam, fraud, and abuse
Measure audience engagement and site statistics to understand how our services are used and enhance the quality of those services
If you choose to “Accept all,” we will also use cookies and data to
Develop and improve new services
Deliver and measure the effectiveness of ads
Show personalized content, depending on your settings
Show personalized ads, depending on your settings
If you choose to “Reject all,” we will not use cookies for these additional purposes.
Non-personalized content is influenced by things like the content you’re currently viewing, activity in your active Search session, and your location. Non-personalized ads are influenced by the content you’re currently viewing and your general location. Personalized content and ads can also include more relevant results, recommendations, and tailored ads based on past activity from this browser, like previous Google searches. We also use cookies and data to tailor the experience to be age-appropriate, if relevant.
Select “More options” to see additional information, including details about managing your privacy settings. You can also visit g.co/privacytools at any time.
Reject all
Accept all
More options
Privacy Policy
Terms of Service",https://news.google.com/rss/articles/CBMisAFBVV95cUxORk10MXZSXzFqaldKbVdyeG1Vc1RTMWdCOWJxckJCc05Qd1FMNl8talFvUDYxa0dOeUFSaW9xMTFnWWc5b2Y3RDE2VHdJVjhtQno2a3FfUnE5MldXNzdUVTB2b1NsMkFLa3BEYzdnVUN6UVJ0NlRVLXh2ZVUyd0tGTEhMZ25EMDhqS1F5V0gwTVA2SU5CV3NSTWtab2F5eHd0SDA2d29wMmQ2MGhpREplcw?oc=5
2024-12-17,TSLA,Tesla,"Can Tesla Stock Go to $500, or $700? Maybe. - Barron's","EN
Sign in
Before you continue to Google
We use cookies and data to
Deliver and maintain Google services
Track outages and protect against spam, fraud, and abuse
Measure audience engagement and site statistics to understand how our services are used and enhance the quality of those services
If you choose to “Accept all,” we will also use cookies and data to
Develop and improve new services
Deliver and measure the effectiveness of ads
Show personalized content, depending on your settings
Show personalized ads, depending on your settings
If you choose to “Reject all,” we will not use cookies for these additional purposes.
Non-personalized content is influenced by things like the content you’re currently viewing, activity in your active Search session, and your location. Non-personalized ads are influenced by the content you’re currently viewing and your general location. Personalized content and ads can also include more relevant results, recommendations, and tailored ads based on past activity from this browser, like previous Google searches. We also use cookies and data to tailor the experience to be age-appropriate, if relevant.
Select “More options” to see additional information, including details about managing your privacy settings. You can also visit g.co/privacytools at any time.
Reject all
Accept all
More options
Privacy Policy
Terms of Service",https://news.google.com/rss/articles/CBMifEFVX3lxTE5uV1pXMDVyM1lMSG9Db2dpMW50Z3k4dG9SX19Dai1rWWJCVXlrNjB1M254V2xSMGhtSnRPWUo5NXJxYUJ1OWE0VWp4Y25Ecm1WdFFsYmpWcDRCd3IwV0M2N1l5UjRFbkJURlpTX1dvZzQ5dkNYLWlYYWNpZEU?oc=5
2024-12-10,TSLA,Tesla,Tesla Stock Makes It 5 Straight Days of Gains. What’s Fueling the Rally. - Barron's,"EN
Sign in
Before you continue to Google
We use cookies and data to
Deliver and maintain Google services
Track outages and protect against spam, fraud, and abuse
Measure audience engagement and site statistics to understand how our services are used and enhance the quality of those services
If you choose to “Accept all,” we will also use cookies and data to
Develop and improve new services
Deliver and measure the effectiveness of ads
Show personalized content, depending on your settings
Show personalized ads, depending on your settings
If you choose to “Reject all,” we will not use cookies for these additional purposes.
Non-personalized content is influenced by things like the content you’re currently viewing, activity in your active Search session, and your location. Non-personalized ads are influenced by the content you’re currently viewing and your general location. Personalized content and ads can also include more relevant results, recommendations, and tailored ads based on past activity from this browser, like previous Google searches. We also use cookies and data to tailor the experience to be age-appropriate, if relevant.
Select “More options” to see additional information, including details about managing your privacy settings. You can also visit g.co/privacytools at any time.
Reject all
Accept all
More options
Privacy Policy
Terms of Service",https://news.google.com/rss/articles/CBMifEFVX3lxTE9xTWt3NmJfSV80SEo1cFQ3UGtOZHU4TWRHRC1sYjd0QUtLNUFUSERsdjIxMm9WQ3JENS1xalVqRlBwOXc4bkVUVkI1b2VHOHZGQTlKc3pBaktRdDBpdWNEMVFEeUFjNFdqV3BnNXM4dE5qZ045SFlad01iSEY?oc=5
2025-01-02,TSLA,Tesla,"Tesla stock slides after Q4 delivery miss, first yearly sales decline - Yahoo Finance","EN
Sign in
Before you continue to Google
We use cookies and data to
Deliver and maintain Google services
Track outages and protect against spam, fraud, and abuse
Measure audience engagement and site statistics to understand how our services are used and enhance the quality of those services
If you choose to “Accept all,” we will also use cookies and data to
Develop and improve new services
Deliver and measure the effectiveness of ads
Show personalized content, depending on your settings
Show personalized ads, depending on your settings
If you choose to “Reject all,” we will not use cookies for these additional purposes.
Non-personalized content is influenced by things like the content you’re currently viewing, activity in your active Search session, and your location. Non-personalized ads are influenced by the content you’re currently viewing and your general location. Personalized content and ads can also include more relevant results, recommendations, and tailored ads based on past activity from this browser, like previous Google searches. We also use cookies and data to tailor the experience to be age-appropriate, if relevant.
Select “More options” to see additional information, including details about managing your privacy settings. You can also visit g.co/privacytools at any time.
Reject all
Accept all
More options
Privacy Policy
Terms of Service",https://news.google.com/rss/articles/CBMitAFBVV95cUxOSWVnb1dGYm5YNHJaeWMzdFJBalF4Z0UwdzVoZkptX1pWTUdrb292cUpmQndjWFpsTU9CZmpOeno1Njhza1hqTUJHWEZ0ZjRoQ2ZzdkxEemgtQ3E0cV9IU3hUY1o0QmExNjJ1UHhJSlZZODBCamNMbzhCaG9VYnhObzQtMVZuVlZwakFDRGxBMC1lczgzeWE1NFBIek41eWpFOWtUZzFFQ0VlUkxOdmYyR2pIM3U?oc=5
2025-01-14,TSLA,Tesla,Tesla Stock Has Dropped 19% Since Record Highs. This Analyst Just Revised The Bull Case To $800. - Investor's Business Daily,"EN
Sign in
Before you continue to Google
We use cookies and data to
Deliver and maintain Google services
Track outages and protect against spam, fraud, and abuse
Measure audience engagement and site statistics to understand how our services are used and enhance the quality of those services
If you choose to “Accept all,” we will also use cookies and data to
Develop and improve new services
Deliver and measure the effectiveness of ads
Show personalized content, depending on your settings
Show personalized ads, depending on your settings
If you choose to “Reject all,” we will not use cookies for these additional purposes.
Non-personalized content is influenced by things like the content you’re currently viewing, activity in your active Search session, and your location. Non-personalized ads are influenced by the content you’re currently viewing and your general location. Personalized content and ads can also include more relevant results, recommendations, and tailored ads based on past activity from this browser, like previous Google searches. We also use cookies and data to tailor the experience to be age-appropriate, if relevant.
Select “More options” to see additional information, including details about managing your privacy settings. You can also visit g.co/privacytools at any time.
Reject all
Accept all
More options
Privacy Policy
Terms of Service",https://news.google.com/rss/articles/CBMibkFVX3lxTE5tNmVIaC15TWExZmtDWHBqMWUxS3VHdTE4eXBsbWo2aUFDS0pZOFhIdk00VUdVdlJwd1I0c214U1o0MW5RemdROVZmUDJDcUVibDZRZUw4QlJYd3QxaEpqUUdqRUE5R2o1cmFoZThR?oc=5
2025-01-10,TSLA,Tesla,Tesla Stock Has Tumbled From December Highs. What the Charts Say Happens Next. - Barron's,"EN
Sign in
Before you continue to Google
We use cookies and data to
Deliver and maintain Google services
Track outages and protect against spam, fraud, and abuse
Measure audience engagement and site statistics to understand how our services are used and enhance the quality of those services
If you choose to “Accept all,” we will also use cookies and data to
Develop and improve new services
Deliver and measure the effectiveness of ads
Show personalized content, depending on your settings
Show personalized ads, depending on your settings
If you choose to “Reject all,” we will not use cookies for these additional purposes.
Non-personalized content is influenced by things like the content you’re currently viewing, activity in your active Search session, and your location. Non-personalized ads are influenced by the content you’re currently viewing and your general location. Personalized content and ads can also include more relevant results, recommendations, and tailored ads based on past activity from this browser, like previous Google searches. We also use cookies and data to tailor the experience to be age-appropriate, if relevant.
Select “More options” to see additional information, including details about managing your privacy settings. You can also visit g.co/privacytools at any time.
Reject all
Accept all
More options
Privacy Policy
Terms of Service",https://news.google.com/rss/articles/CBMihAFBVV95cUxObTExRzh2amZCbFZMRE5fcmRqSGpiUW5lZjRkMjFHYS1GSHp6bjNjNU1ibnk2c3k3MmpFMWZpUmtXVG1yS2VhR05ON2RQN2FEOVl0WVo4OTNTV0lQWUhEWFNETHFRNldJYmJJVlFiMWVZdmE5aEF4S1NXNjdGak1ZWElPam4?oc=5
2024-12-27,TSLA,Tesla,Tesla Investors Are Still Bullish. Can Elon Musk Deliver? - The New York Times,"EN
Sign in
Before you continue to Google
We use cookies and data to
Deliver and maintain Google services
Track outages and protect against spam, fraud, and abuse
Measure audience engagement and site statistics to understand how our services are used and enhance the quality of those services
If you choose to “Accept all,” we will also use cookies and data to
Develop and improve new services
Deliver and measure the effectiveness of ads
Show personalized content, depending on your settings
Show personalized ads, depending on your settings
If you choose to “Reject all,” we will not use cookies for these additional purposes.
Non-personalized content is influenced by things like the content you’re currently viewing, activity in your active Search session, and your location. Non-personalized ads are influenced by the content you’re currently viewing and your general location. Personalized content and ads can also include more relevant results, recommendations, and tailored ads based on past activity from this browser, like previous Google searches. We also use cookies and data to tailor the experience to be age-appropriate, if relevant.
Select “More options” to see additional information, including details about managing your privacy settings. You can also visit g.co/privacytools at any time.
Reject all
Accept all
More options
Privacy Policy
Terms of Service",https://news.google.com/rss/articles/CBMiggFBVV95cUxORUVXdzNQNXRDMUJpYnl1VmVGRFpJUzYwTkxrbTl2QmRHWWxiLUgzZGxld0FqWXRscTVaNXN6Z25VcUZtZlFqRjVPVUdjdWFFRUNNdDZqOW9wOEI4LXFlamZFZUF4NlM4LV9FZXh4VWd1VTFLWm5JQjlkU05URGlNeG5R?oc=5
2025-01-02,TSLA,Tesla,Tesla shares fall as company reports first decline in annual deliveries - The Guardian,"EN
Sign in
Before you continue to Google
We use cookies and data to
Deliver and maintain Google services
Track outages and protect against spam, fraud, and abuse
Measure audience engagement and site statistics to understand how our services are used and enhance the quality of those services
If you choose to “Accept all,” we will also use cookies and data to
Develop and improve new services
Deliver and measure the effectiveness of ads
Show personalized content, depending on your settings
Show personalized ads, depending on your settings
If you choose to “Reject all,” we will not use cookies for these additional purposes.
Non-personalized content is influenced by things like the content you’re currently viewing, activity in your active Search session, and your location. Non-personalized ads are influenced by the content you’re currently viewing and your general location. Personalized content and ads can also include more relevant results, recommendations, and tailored ads based on past activity from this browser, like previous Google searches. We also use cookies and data to tailor the experience to be age-appropriate, if relevant.
Select “More options” to see additional information, including details about managing your privacy settings. You can also visit g.co/privacytools at any time.
Reject all
Accept all
More options
Privacy Policy
Terms of Service",https://news.google.com/rss/articles/CBMid0FVX3lxTE9RN3JWOWVQVHFKZHlaeTdMUHdMUmJqb2JqWVZZbFg4eXRZektZb2NHSGlaSnVTU2FzU25peWRoSkhMeElVT0ZwdF9vVi1uRGNCLVoyVzA4djdPWmNsYWdOWGc3MGIyNTI5SHdOYzdHRGdHSHVHc0NV?oc=5
2025-01-17,TSLA,Tesla,Tesla’s stock is surging ahead of Trump’s inauguration. What matters after that. - MarketWatch,"EN
Sign in
Before you continue to Google
We use cookies and data to
Deliver and maintain Google services
Track outages and protect against spam, fraud, and abuse
Measure audience engagement and site statistics to understand how our services are used and enhance the quality of those services
If you choose to “Accept all,” we will also use cookies and data to
Develop and improve new services
Deliver and measure the effectiveness of ads
Show personalized content, depending on your settings
Show personalized ads, depending on your settings
If you choose to “Reject all,” we will not use cookies for these additional purposes.
Non-personalized content is influenced by things like the content you’re currently viewing, activity in your active Search session, and your location. Non-personalized ads are influenced by the content you’re currently viewing and your general location. Personalized content and ads can also include more relevant results, recommendations, and tailored ads based on past activity from this browser, like previous Google searches. We also use cookies and data to tailor the experience to be age-appropriate, if relevant.
Select “More options” to see additional information, including details about managing your privacy settings. You can also visit g.co/privacytools at any time.
Reject all
Accept all
More options
Privacy Policy
Terms of Service",https://news.google.com/rss/articles/CBMiuwFBVV95cUxNUjR2bEpuUWtJeXNCNUJIZU9xMnBiSXhwZk9JS1ktUWhwNzFkUDBCOWRUbHIwT0dXQl9GQUxMVlBTNzdSRHROcURtRGZUc0dxRmFNSGVmTUFyQWNnWWNPa0dSZE1TbWlqSk1oQ0Vad09wcFlaa3p4X2ZoSnl1cmN1OVJib3VxbEYzMFFDcGhXQWM5TlNaOTVsWjlDRlZZeFZsTEpGVjBfZEtXZ1p2REFtWWdQV09TMWV2OERR?oc=5
2025-01-21,TSLA,Tesla,These Analysts See ‘New Age Opportunities’ Pushing Tesla Stock Toward $500 - Investopedia,"EN
Sign in
Before you continue to Google
We use cookies and data to
Deliver and maintain Google services
Track outages and protect against spam, fraud, and abuse
Measure audience engagement and site statistics to understand how our services are used and enhance the quality of those services
If you choose to “Accept all,” we will also use cookies and data to
Develop and improve new services
Deliver and measure the effectiveness of ads
Show personalized content, depending on your settings
Show personalized ads, depending on your settings
If you choose to “Reject all,” we will not use cookies for these additional purposes.
Non-personalized content is influenced by things like the content you’re currently viewing, activity in your active Search session, and your location. Non-personalized ads are influenced by the content you’re currently viewing and your general location. Personalized content and ads can also include more relevant results, recommendations, and tailored ads based on past activity from this browser, like previous Google searches. We also use cookies and data to tailor the experience to be age-appropriate, if relevant.
Select “More options” to see additional information, including details about managing your privacy settings. You can also visit g.co/privacytools at any time.
Reject all
Accept all
More options
Privacy Policy
Terms of Service",https://news.google.com/rss/articles/CBMisAFBVV95cUxOMzIwX0lZZG10Qm42MU1uM21LVzZpNDBqSi1RUUJTZVN1NlNMVzV3X3hmZy1RYnBTMXhxQ2NVYWk2M1J5NGNLTkd5UGFEMDJ5cVJyQmphblU4ZzFGS1hsTFNGa2hibzBBZ0VZNU9nektObmtvVkpjb2pQUzVVNzF6OE1IZFhnMl9XVXpsbXRMOTlqTFJPa2IyQldaOFV4cjVaUGpWWkRmWktBZEVsTHN3NQ?oc=5
2025-01-14,TSLA,Tesla,Why Tesla Stock Jumped Tuesday - The Motley Fool,"EN
Sign in
Before you continue to Google
We use cookies and data to
Deliver and maintain Google services
Track outages and protect against spam, fraud, and abuse
Measure audience engagement and site statistics to understand how our services are used and enhance the quality of those services
If you choose to “Accept all,” we will also use cookies and data to
Develop and improve new services
Deliver and measure the effectiveness of ads
Show personalized content, depending on your settings
Show personalized ads, depending on your settings
If you choose to “Reject all,” we will not use cookies for these additional purposes.
Non-personalized content is influenced by things like the content you’re currently viewing, activity in your active Search session, and your location. Non-personalized ads are influenced by the content you’re currently viewing and your general location. Personalized content and ads can also include more relevant results, recommendations, and tailored ads based on past activity from this browser, like previous Google searches. We also use cookies and data to tailor the experience to be age-appropriate, if relevant.
Select “More options” to see additional information, including details about managing your privacy settings. You can also visit g.co/privacytools at any time.
Reject all
Accept all
More options
Privacy Policy
Terms of Service",https://news.google.com/rss/articles/CBMifkFVX3lxTE02QndVd1I0RDdlalMxM2V0bTQ5MkJWMUlUeHkzVmJQcjZOOXpGOXp2RWlYbEFUdHFSWlBiXzh1VlVzczNyNjMzRU43LVM0UTJhT195NGxnREtlajlmSEpHVjVHcTB0cndPNHlXZkM4M29zX1lSUDJoUk9xY2daZw?oc=5
2025-01-24,TSLA,Tesla,"Going Into Earnings, Is Tesla Stock a Buy, a Sell, or Fairly Valued? - Morningstar","EN
Sign in
Before you continue to Google
We use cookies and data to
Deliver and maintain Google services
Track outages and protect against spam, fraud, and abuse
Measure audience engagement and site statistics to understand how our services are used and enhance the quality of those services
If you choose to “Accept all,” we will also use cookies and data to
Develop and improve new services
Deliver and measure the effectiveness of ads
Show personalized content, depending on your settings
Show personalized ads, depending on your settings
If you choose to “Reject all,” we will not use cookies for these additional purposes.
Non-personalized content is influenced by things like the content you’re currently viewing, activity in your active Search session, and your location. Non-personalized ads are influenced by the content you’re currently viewing and your general location. Personalized content and ads can also include more relevant results, recommendations, and tailored ads based on past activity from this browser, like previous Google searches. We also use cookies and data to tailor the experience to be age-appropriate, if relevant.
Select “More options” to see additional information, including details about managing your privacy settings. You can also visit g.co/privacytools at any time.
Reject all
Accept all
More options
Privacy Policy
Terms of Service",https://news.google.com/rss/articles/CBMitAFBVV95cUxNVlhqcjZRUzBEYXFtSUpjTTlGVG1hSGZpRXlUbUxhSURQdzRwdm1ZX1hqR3piQjh2c2YwVHdab0RTOUFpdEV2TGdiU3VJYVpIODFMNFlZYnE1Q2xOTUhfeGQ0UEY2dk1laW04Sm9YRlNMd3NMS0R2RE1PaEtnR0lWWHZWRm1ONXNPMGVBMWZRaFppLUxlUE5BZDhKc0hqT3hBN2ozdkFERTRVdjJoVDhyMGRDcW0?oc=5
2025-01-16,TSLA,Tesla,Tesla Stock Needs Another Catalyst. 2 Could Be Coming. - Barron's,"EN
Sign in
Before you continue to Google
We use cookies and data to
Deliver and maintain Google services
Track outages and protect against spam, fraud, and abuse
Measure audience engagement and site statistics to understand how our services are used and enhance the quality of those services
If you choose to “Accept all,” we will also use cookies and data to
Develop and improve new services
Deliver and measure the effectiveness of ads
Show personalized content, depending on your settings
Show personalized ads, depending on your settings
If you choose to “Reject all,” we will not use cookies for these additional purposes.
Non-personalized content is influenced by things like the content you’re currently viewing, activity in your active Search session, and your location. Non-personalized ads are influenced by the content you’re currently viewing and your general location. Personalized content and ads can also include more relevant results, recommendations, and tailored ads based on past activity from this browser, like previous Google searches. We also use cookies and data to tailor the experience to be age-appropriate, if relevant.
Select “More options” to see additional information, including details about managing your privacy settings. You can also visit g.co/privacytools at any time.
Reject all
Accept all
More options
Privacy Policy
Terms of Service",https://news.google.com/rss/articles/CBMie0FVX3lxTE14aGMtNlNWTXRuLUEyVUtMVm15bm56ZjJwZkw1elRJQW5BQ2k5cWV3b05yOTdpQjRGaTQxQ3c0VlppTEFXemVSTGVSdC1ObzZwWFdMc2kyaE1RNjhJT3JqemVtUFcxRU9SZlF6eEdWRTU0SnRDRUhKWWdCQQ?oc=5
2025-01-10,TSLA,Tesla,Tesla Finally Refreshed Its Top Selling Vehicle. What It Means For Tesla Stock. - Investor's Business Daily,"EN
Sign in
Before you continue to Google
We use cookies and data to
Deliver and maintain Google services
Track outages and protect against spam, fraud, and abuse
Measure audience engagement and site statistics to understand how our services are used and enhance the quality of those services
If you choose to “Accept all,” we will also use cookies and data to
Develop and improve new services
Deliver and measure the effectiveness of ads
Show personalized content, depending on your settings
Show personalized ads, depending on your settings
If you choose to “Reject all,” we will not use cookies for these additional purposes.
Non-personalized content is influenced by things like the content you’re currently viewing, activity in your active Search session, and your location. Non-personalized ads are influenced by the content you’re currently viewing and your general location. Personalized content and ads can also include more relevant results, recommendations, and tailored ads based on past activity from this browser, like previous Google searches. We also use cookies and data to tailor the experience to be age-appropriate, if relevant.
Select “More options” to see additional information, including details about managing your privacy settings. You can also visit g.co/privacytools at any time.
Reject all
Accept all
More options
Privacy Policy
Terms of Service",https://news.google.com/rss/articles/CBMihAFBVV95cUxNYWZGUWc0S2YzcGNnYnhpTFpOeUpxVnhlYlZPeWVwM1M4VFlwSUVaMnBGN2tHRXRwaU1jbEE2SDBCSlZYWHpyaGJmblNCME9Od0M4bVk2d3NqNW5UNGJ6S0JVUkNPRUVwM29EMGx5YV9fYmt6Y0psRVFrVmNPbmZFclNncUw?oc=5
2025-01-02,TSLA,Tesla,S&P 500 Gains and Losses Today: Tesla Stock Drops as Deliveries Miss Forecasts - Investopedia,"EN
Sign in
Before you continue to Google
We use cookies and data to
Deliver and maintain Google services
Track outages and protect against spam, fraud, and abuse
Measure audience engagement and site statistics to understand how our services are used and enhance the quality of those services
If you choose to “Accept all,” we will also use cookies and data to
Develop and improve new services
Deliver and measure the effectiveness of ads
Show personalized content, depending on your settings
Show personalized ads, depending on your settings
If you choose to “Reject all,” we will not use cookies for these additional purposes.
Non-personalized content is influenced by things like the content you’re currently viewing, activity in your active Search session, and your location. Non-personalized ads are influenced by the content you’re currently viewing and your general location. Personalized content and ads can also include more relevant results, recommendations, and tailored ads based on past activity from this browser, like previous Google searches. We also use cookies and data to tailor the experience to be age-appropriate, if relevant.
Select “More options” to see additional information, including details about managing your privacy settings. You can also visit g.co/privacytools at any time.
Reject all
Accept all
More options
Privacy Policy
Terms of Service",https://news.google.com/rss/articles/CBMie0FVX3lxTE15Z2RUOWRrMDBTWUhHaUFRT1l0OWlVa2dMS2dZMDNFR0xJQ2I1RDZ3WUVHbXVISFhqejJjRFd6OEd6aFJWQmlBTGRWOWdjaFRZWHJidGl2OHJpXzhud0lraG16UTE4UVcxU3JRMDJqQkJuM3VKOF9JR3pEVQ?oc=5
2025-01-19,TSLA,Tesla,"If You Invested $10,000 In Tesla Stock 10 Years Ago, How Much Would You Have Now? - Yahoo Finance","EN
Sign in
Before you continue to Google
We use cookies and data to
Deliver and maintain Google services
Track outages and protect against spam, fraud, and abuse
Measure audience engagement and site statistics to understand how our services are used and enhance the quality of those services
If you choose to “Accept all,” we will also use cookies and data to
Develop and improve new services
Deliver and measure the effectiveness of ads
Show personalized content, depending on your settings
Show personalized ads, depending on your settings
If you choose to “Reject all,” we will not use cookies for these additional purposes.
Non-personalized content is influenced by things like the content you’re currently viewing, activity in your active Search session, and your location. Non-personalized ads are influenced by the content you’re currently viewing and your general location. Personalized content and ads can also include more relevant results, recommendations, and tailored ads based on past activity from this browser, like previous Google searches. We also use cookies and data to tailor the experience to be age-appropriate, if relevant.
Select “More options” to see additional information, including details about managing your privacy settings. You can also visit g.co/privacytools at any time.
Reject all
Accept all
More options
Privacy Policy
Terms of Service",https://news.google.com/rss/articles/CBMifkFVX3lxTE1XbzVMMEFuNW52Q2duTXJFRHUwczdOUW5TeUtFb2c4bWVTRTVYUEVQTDdvVHZkLW5lWUtRYnZkc1BFdk12RnNEbXEtR0trenlCQlRyNjBOVVBYMlFkV0REUDFqMjY3YlFUX3ZNaGkwZ2xoX1diN09lYWtsR0VGZw?oc=5
2025-01-03,TSLA,Tesla,Why Tesla Stock Is Surging Today - The Motley Fool,"EN
Sign in
Before you continue to Google
We use cookies and data to
Deliver and maintain Google services
Track outages and protect against spam, fraud, and abuse
Measure audience engagement and site statistics to understand how our services are used and enhance the quality of those services
If you choose to “Accept all,” we will also use cookies and data to
Develop and improve new services
Deliver and measure the effectiveness of ads
Show personalized content, depending on your settings
Show personalized ads, depending on your settings
If you choose to “Reject all,” we will not use cookies for these additional purposes.
Non-personalized content is influenced by things like the content you’re currently viewing, activity in your active Search session, and your location. Non-personalized ads are influenced by the content you’re currently viewing and your general location. Personalized content and ads can also include more relevant results, recommendations, and tailored ads based on past activity from this browser, like previous Google searches. We also use cookies and data to tailor the experience to be age-appropriate, if relevant.
Select “More options” to see additional information, including details about managing your privacy settings. You can also visit g.co/privacytools at any time.
Reject all
Accept all
More options
Privacy Policy
Terms of Service",https://news.google.com/rss/articles/CBMigAFBVV95cUxOdTJzZk1jU3lFNDdmclVURWppLTM1TDlTZXhZNHNsaGJvTzBhRVVnckZQbXZSal9ZendHbkptWHl2RU5DVkgzY1ljWVRUTUhObnBSV1BtVUVnRy1Hc3hKZ1pvbmF3YS1YTnNSQXEzQ1JELVJaaUNKVTZHNm5jODlHVQ?oc=5
2025-01-15,TSLA,Tesla,Tesla Stock Is Shrugging Off SEC Issue While Wall Street Weighs ‘Fundamentals’ - Barron's,"EN
Sign in
Before you continue to Google
We use cookies and data to
Deliver and maintain Google services
Track outages and protect against spam, fraud, and abuse
Measure audience engagement and site statistics to understand how our services are used and enhance the quality of those services
If you choose to “Accept all,” we will also use cookies and data to
Develop and improve new services
Deliver and measure the effectiveness of ads
Show personalized content, depending on your settings
Show personalized ads, depending on your settings
If you choose to “Reject all,” we will not use cookies for these additional purposes.
Non-personalized content is influenced by things like the content you’re currently viewing, activity in your active Search session, and your location. Non-personalized ads are influenced by the content you’re currently viewing and your general location. Personalized content and ads can also include more relevant results, recommendations, and tailored ads based on past activity from this browser, like previous Google searches. We also use cookies and data to tailor the experience to be age-appropriate, if relevant.
Select “More options” to see additional information, including details about managing your privacy settings. You can also visit g.co/privacytools at any time.
Reject all
Accept all
More options
Privacy Policy
Terms of Service",https://news.google.com/rss/articles/CBMieEFVX3lxTE8wWkJMZ0hyeEsweHZzZHVKam1ORTIyaEVaT29pTlpnWmtxTW5ra1VsS1dCX2pxUWZrQURONHc5d0F0dWk0bE4xOVdzN1pDU2VsMzIwSmdXRko1Y2NwZnVOcDBMSUZtdlI3ZkpXN1VjcmtpQjlaaF84UA?oc=5
2025-01-15,TSLA,Tesla,Watch These Tesla Price Levels as Stock Regains Traction After Recent Pullback - Investopedia,"EN
Sign in
Before you continue to Google
We use cookies and data to
Deliver and maintain Google services
Track outages and protect against spam, fraud, and abuse
Measure audience engagement and site statistics to understand how our services are used and enhance the quality of those services
If you choose to “Accept all,” we will also use cookies and data to
Develop and improve new services
Deliver and measure the effectiveness of ads
Show personalized content, depending on your settings
Show personalized ads, depending on your settings
If you choose to “Reject all,” we will not use cookies for these additional purposes.
Non-personalized content is influenced by things like the content you’re currently viewing, activity in your active Search session, and your location. Non-personalized ads are influenced by the content you’re currently viewing and your general location. Personalized content and ads can also include more relevant results, recommendations, and tailored ads based on past activity from this browser, like previous Google searches. We also use cookies and data to tailor the experience to be age-appropriate, if relevant.
Select “More options” to see additional information, including details about managing your privacy settings. You can also visit g.co/privacytools at any time.
Reject all
Accept all
More options
Privacy Policy
Terms of Service",https://news.google.com/rss/articles/CBMitgFBVV95cUxPUTNKQ1dWSmNLR0s2a2dpaHhsQTNoeTUxSnZLNV90WXZaak5IUElmRW1qOHBBSTdBdElhRkRsc2tRQkZpODNlcmZvVFBNeHczc0hRUTVaNWExQnRNd2h4djY1SzBYYzFDRWZCdllEQkJvVzM4Y1VtLUt5Y2dNTG5YcEpaZ3V3c1dPN0xxa1FSSkhaeWhvVWplaVhNaHNmRG9SLTUtRVNDNVBrTDEtajZXWEMwVnYwUQ?oc=5
2025-01-14,TSLA,Tesla,"Tesla stock briefly pops on encouraging EV data, prospects of Elon Musk purchasing TikTok - Yahoo Finance","EN
Sign in
Before you continue to Google
We use cookies and data to
Deliver and maintain Google services
Track outages and protect against spam, fraud, and abuse
Measure audience engagement and site statistics to understand how our services are used and enhance the quality of those services
If you choose to “Accept all,” we will also use cookies and data to
Develop and improve new services
Deliver and measure the effectiveness of ads
Show personalized content, depending on your settings
Show personalized ads, depending on your settings
If you choose to “Reject all,” we will not use cookies for these additional purposes.
Non-personalized content is influenced by things like the content you’re currently viewing, activity in your active Search session, and your location. Non-personalized ads are influenced by the content you’re currently viewing and your general location. Personalized content and ads can also include more relevant results, recommendations, and tailored ads based on past activity from this browser, like previous Google searches. We also use cookies and data to tailor the experience to be age-appropriate, if relevant.
Select “More options” to see additional information, including details about managing your privacy settings. You can also visit g.co/privacytools at any time.
Reject all
Accept all
More options
Privacy Policy
Terms of Service",https://news.google.com/rss/articles/CBMizwFBVV95cUxPMTZKRkJMb2pGVi01aXhZM1c3cWdzelR0MnpOZjZTM242NE1BOWJzY2NGUDE4b1E2N0p2eEJqRlcxeEtDbzBCU1FfTkNMN2J3YUxybTY2YTFzdkw4LW05LVdFU2N1V1hPbGNsejV3cEY4c2o2SGFuT0hPeDNvbGsxOEVfZEhEd3piemJfY1VmR2w1OXpCcF9kN2ZfMU1vMS1ZZlprVVFLNVFRQUtmd3dpcXpvLWZGRjVMOXpaUXF3WHhCQUVISW1JQ2lybkxtZkU?oc=5
2025-01-13,TSLA,Tesla,Tesla Stock Gained as Investors Wait for Trump 2.0 - Barron's,"EN
Sign in
Before you continue to Google
We use cookies and data to
Deliver and maintain Google services
Track outages and protect against spam, fraud, and abuse
Measure audience engagement and site statistics to understand how our services are used and enhance the quality of those services
If you choose to “Accept all,” we will also use cookies and data to
Develop and improve new services
Deliver and measure the effectiveness of ads
Show personalized content, depending on your settings
Show personalized ads, depending on your settings
If you choose to “Reject all,” we will not use cookies for these additional purposes.
Non-personalized content is influenced by things like the content you’re currently viewing, activity in your active Search session, and your location. Non-personalized ads are influenced by the content you’re currently viewing and your general location. Personalized content and ads can also include more relevant results, recommendations, and tailored ads based on past activity from this browser, like previous Google searches. We also use cookies and data to tailor the experience to be age-appropriate, if relevant.
Select “More options” to see additional information, including details about managing your privacy settings. You can also visit g.co/privacytools at any time.
Reject all
Accept all
More options
Privacy Policy
Terms of Service",https://news.google.com/rss/articles/CBMigAFBVV95cUxOb0k2OEVxWHB3ZEhLUjJpQWQyNlE3Z3hzTU5LUmZCMndOZlZORl9qZDVDanZWLTlzRjF2OXFjNGxBZjFtYldZWjUwd1hUdThBclZpZWllSzY2T0l3T0R0NFlYYVVUX3pycVd6TEtwc3dJQ01TdEJIaU01dzhVcml2aw?oc=5
2025-01-15,TSLA,Tesla,Three Reasons Why Wells Fargo Predicts 70% Plunge on Tesla's Stock - Yahoo Finance,"EN
Sign in
Before you continue to Google
We use cookies and data to
Deliver and maintain Google services
Track outages and protect against spam, fraud, and abuse
Measure audience engagement and site statistics to understand how our services are used and enhance the quality of those services
If you choose to “Accept all,” we will also use cookies and data to
Develop and improve new services
Deliver and measure the effectiveness of ads
Show personalized content, depending on your settings
Show personalized ads, depending on your settings
If you choose to “Reject all,” we will not use cookies for these additional purposes.
Non-personalized content is influenced by things like the content you’re currently viewing, activity in your active Search session, and your location. Non-personalized ads are influenced by the content you’re currently viewing and your general location. Personalized content and ads can also include more relevant results, recommendations, and tailored ads based on past activity from this browser, like previous Google searches. We also use cookies and data to tailor the experience to be age-appropriate, if relevant.
Select “More options” to see additional information, including details about managing your privacy settings. You can also visit g.co/privacytools at any time.
Reject all
Accept all
More options
Privacy Policy
Terms of Service",https://news.google.com/rss/articles/CBMigAFBVV95cUxQdmxhUjFhRlhzX2thdHVQeUFVekpEZ0RzcS1qVjlaa0g4LUFPMWRCMTh0OVhsTVRNQ3NVbkdrUUJxUVpsd29wRmpJWHVhb2pOcG5KTlNNeXB3MGRnVlJtaE5CeWVldVYwV2JsSngtY2YxODhha2lKT3BPZ0RDWGF0dg?oc=5
2025-01-14,TSLA,Tesla,Tesla Stock Gave Up Its Gains. What a Robotaxi Is Worth. - Barron's,"EN
Sign in
Before you continue to Google
We use cookies and data to
Deliver and maintain Google services
Track outages and protect against spam, fraud, and abuse
Measure audience engagement and site statistics to understand how our services are used and enhance the quality of those services
If you choose to “Accept all,” we will also use cookies and data to
Develop and improve new services
Deliver and measure the effectiveness of ads
Show personalized content, depending on your settings
Show personalized ads, depending on your settings
If you choose to “Reject all,” we will not use cookies for these additional purposes.
Non-personalized content is influenced by things like the content you’re currently viewing, activity in your active Search session, and your location. Non-personalized ads are influenced by the content you’re currently viewing and your general location. Personalized content and ads can also include more relevant results, recommendations, and tailored ads based on past activity from this browser, like previous Google searches. We also use cookies and data to tailor the experience to be age-appropriate, if relevant.
Select “More options” to see additional information, including details about managing your privacy settings. You can also visit g.co/privacytools at any time.
Reject all
Accept all
More options
Privacy Policy
Terms of Service",https://news.google.com/rss/articles/CBMieEFVX3lxTFBURGk5b2ptX2tkekM2SG12ZXJxc1BKUklDLWZnSmNkcWRWdHY1RXE4a0JQSHg3QVlXRjk3V0t0d1doQU0tZjk2Vkl2Y3U1NGdwUkJpaXE1eHFnUTcybkpTVXk0N1BMMENwdnZkRE0xV1FTbkNmN2hFeQ?oc=5
2025-02-13,TSLA,Tesla,Tesla shares have plunged while Musk takes on Washington. Is that the reason? - ABC News,"EN
Sign in
Before you continue to Google
We use cookies and data to
Deliver and maintain Google services
Track outages and protect against spam, fraud, and abuse
Measure audience engagement and site statistics to understand how our services are used and enhance the quality of those services
If you choose to “Accept all,” we will also use cookies and data to
Develop and improve new services
Deliver and measure the effectiveness of ads
Show personalized content, depending on your settings
Show personalized ads, depending on your settings
If you choose to “Reject all,” we will not use cookies for these additional purposes.
Non-personalized content is influenced by things like the content you’re currently viewing, activity in your active Search session, and your location. Non-personalized ads are influenced by the content you’re currently viewing and your general location. Personalized content and ads can also include more relevant results, recommendations, and tailored ads based on past activity from this browser, like previous Google searches. We also use cookies and data to tailor the experience to be age-appropriate, if relevant.
Select “More options” to see additional information, including details about managing your privacy settings. You can also visit g.co/privacytools at any time.
Reject all
Accept all
More options
Privacy Policy
Terms of Service",https://news.google.com/rss/articles/CBMiogFBVV95cUxQaDBDaUJHV0JrZldPUVBKTHotY0tBZW9Pa21icWdFMGdmSzlkbHkxd0x2MFZhYndkVkJaR2F1MlVEdi1kUFYyVmluSVFORzZ4ODM3ajE2YjZHajBsOWhIMnVRSEpwVmNfdkJxQW9ISFRybXhJM2FEcmM5d1hmUUszTVdmTkdibjljWVh3Y3VyZ3c2b3MwQlJpaVdWRXpsV2hsTVHSAacBQVVfeXFMT1l3N3BBaDlQVWxGMXg4NEFBdmNDWXJjVVB0cXkyRWhkN3M0U1R6VWNpTWk5cl9NQ3h5NzBQbjlsa1I3U3NJYm5KUDdOZHpNdUFtR3I5RzVtNDVjZS1rTnE3MGEyRkxTS1NDX09VNk95VG14eDRDUkpFUXliOFZGX3RQaWJqZTRVdWxNOVZmaHBycXFHYTJxdVM3aDNpV2xNaW5zQW0ySUU?oc=5
2025-01-30,TSLA,Tesla,"Tesla Stock: Why Shares Are Down on Q4 Earnings; Model 2, Robotaxis, Crypto, AI, and More Updates From Elon Musk - Barron's","EN
Sign in
Before you continue to Google
We use cookies and data to
Deliver and maintain Google services
Track outages and protect against spam, fraud, and abuse
Measure audience engagement and site statistics to understand how our services are used and enhance the quality of those services
If you choose to “Accept all,” we will also use cookies and data to
Develop and improve new services
Deliver and measure the effectiveness of ads
Show personalized content, depending on your settings
Show personalized ads, depending on your settings
If you choose to “Reject all,” we will not use cookies for these additional purposes.
Non-personalized content is influenced by things like the content you’re currently viewing, activity in your active Search session, and your location. Non-personalized ads are influenced by the content you’re currently viewing and your general location. Personalized content and ads can also include more relevant results, recommendations, and tailored ads based on past activity from this browser, like previous Google searches. We also use cookies and data to tailor the experience to be age-appropriate, if relevant.
Select “More options” to see additional information, including details about managing your privacy settings. You can also visit g.co/privacytools at any time.
Reject all
Accept all
More options
Privacy Policy
Terms of Service",https://news.google.com/rss/articles/CBMid0FVX3lxTE9NSUlDZUZ0czk5LWN4OEZ3bjk2REJEX1Z4R3Q4SG9DeFVDZjZ1QnFNS3paV0NweVNXZzA5RWZaX3JMbHpfUW5abTNVdlNNanl6VGJSTnpwMUpmeU5xWk5xWjI0Z2dfY3QySk1CTzhkSXpEVlBwd3Bv?oc=5
2025-02-04,TSLA,Tesla,"After Earnings, Is Tesla Stock a Buy, a Sell, or Fairly Valued? - Morningstar","EN
Sign in
Before you continue to Google
We use cookies and data to
Deliver and maintain Google services
Track outages and protect against spam, fraud, and abuse
Measure audience engagement and site statistics to understand how our services are used and enhance the quality of those services
If you choose to “Accept all,” we will also use cookies and data to
Develop and improve new services
Deliver and measure the effectiveness of ads
Show personalized content, depending on your settings
Show personalized ads, depending on your settings
If you choose to “Reject all,” we will not use cookies for these additional purposes.
Non-personalized content is influenced by things like the content you’re currently viewing, activity in your active Search session, and your location. Non-personalized ads are influenced by the content you’re currently viewing and your general location. Personalized content and ads can also include more relevant results, recommendations, and tailored ads based on past activity from this browser, like previous Google searches. We also use cookies and data to tailor the experience to be age-appropriate, if relevant.
Select “More options” to see additional information, including details about managing your privacy settings. You can also visit g.co/privacytools at any time.
Reject all
Accept all
More options
Privacy Policy
Terms of Service",https://news.google.com/rss/articles/CBMiqAFBVV95cUxQZWd3dFRReF9oZXR3UVNtc0dBal9xcjJjSkU1dWo5VW1sbWt1RktDa1pzU3JfS2xqbUgtT2JxbHpFaGYybVJaaEtFcjI3b2lzekVDb3YtQkxsOVZJNkdNWUFoRF9oVHJyTmZNMmtGbjFPMnYtOXRMR1dsQ3hMcmM2V1R0X0J1MU1xQ0JGT19ock1Xb2hMRmFKRjkyUTZvNmZ4dXk5YklvTHo?oc=5
2025-01-29,TSLA,Tesla,Watch These Tesla Stock Price Levels After Post-Earnings Surge - Investopedia,"EN
Sign in
Before you continue to Google
We use cookies and data to
Deliver and maintain Google services
Track outages and protect against spam, fraud, and abuse
Measure audience engagement and site statistics to understand how our services are used and enhance the quality of those services
If you choose to “Accept all,” we will also use cookies and data to
Develop and improve new services
Deliver and measure the effectiveness of ads
Show personalized content, depending on your settings
Show personalized ads, depending on your settings
If you choose to “Reject all,” we will not use cookies for these additional purposes.
Non-personalized content is influenced by things like the content you’re currently viewing, activity in your active Search session, and your location. Non-personalized ads are influenced by the content you’re currently viewing and your general location. Personalized content and ads can also include more relevant results, recommendations, and tailored ads based on past activity from this browser, like previous Google searches. We also use cookies and data to tailor the experience to be age-appropriate, if relevant.
Select “More options” to see additional information, including details about managing your privacy settings. You can also visit g.co/privacytools at any time.
Reject all
Accept all
More options
Privacy Policy
Terms of Service",https://news.google.com/rss/articles/CBMirwFBVV95cUxQbmk2d3JYV0dNbk1qelFHYWNiRE9TMDFaTDR2X3VPSFNfZXBtLTdSdkt5U05zZkpKaUtscXQ2WURmaUtTN3dRYjVzWDFING1HeS1qVDBYdFFwQ2pNRTc1QmFxdUxNSnlqOFlQUGNBcTVQTVFuUkxGNUhqQmVFOEtIQ3dZUUpsS093d2xDSUpxMDFvaFZ3SzVHM0FjUVkzZzE1eGFsOTZfYUplQzZnYVZN?oc=5
2025-02-07,TSLA,Tesla,Elon Musk's Brother Unloads Tesla Stock At A Key Juncture - Investor's Business Daily,"EN
Sign in
Before you continue to Google
We use cookies and data to
Deliver and maintain Google services
Track outages and protect against spam, fraud, and abuse
Measure audience engagement and site statistics to understand how our services are used and enhance the quality of those services
If you choose to “Accept all,” we will also use cookies and data to
Develop and improve new services
Deliver and measure the effectiveness of ads
Show personalized content, depending on your settings
Show personalized ads, depending on your settings
If you choose to “Reject all,” we will not use cookies for these additional purposes.
Non-personalized content is influenced by things like the content you’re currently viewing, activity in your active Search session, and your location. Non-personalized ads are influenced by the content you’re currently viewing and your general location. Personalized content and ads can also include more relevant results, recommendations, and tailored ads based on past activity from this browser, like previous Google searches. We also use cookies and data to tailor the experience to be age-appropriate, if relevant.
Select “More options” to see additional information, including details about managing your privacy settings. You can also visit g.co/privacytools at any time.
Reject all
Accept all
More options
Privacy Policy
Terms of Service",https://news.google.com/rss/articles/CBMiogFBVV95cUxPS0pVVFU0U2twWVVjWFpjTm1MU3hmS3MzY3dtS3hqSF8tMVpQWEMxUFFLTzRQVWRCT1FZcnhuTkFpMzFBdTFIemprWHFod3hNS0ppd2p6bW9XRjNOUUNjdWotRjBHU1dSZ0pqNnZiTGlQS09kQnNmYWFRQl9EWDlpOWd4ZmhTYXFVV0dGaUxGT3J2eU9QajJUc0owaEtPaXpHVXc?oc=5
2025-02-12,TSLA,Tesla,Tesla's stock slide looks to be unrelenting - Yahoo Finance,"EN
Sign in
Before you continue to Google
We use cookies and data to
Deliver and maintain Google services
Track outages and protect against spam, fraud, and abuse
Measure audience engagement and site statistics to understand how our services are used and enhance the quality of those services
If you choose to “Accept all,” we will also use cookies and data to
Develop and improve new services
Deliver and measure the effectiveness of ads
Show personalized content, depending on your settings
Show personalized ads, depending on your settings
If you choose to “Reject all,” we will not use cookies for these additional purposes.
Non-personalized content is influenced by things like the content you’re currently viewing, activity in your active Search session, and your location. Non-personalized ads are influenced by the content you’re currently viewing and your general location. Personalized content and ads can also include more relevant results, recommendations, and tailored ads based on past activity from this browser, like previous Google searches. We also use cookies and data to tailor the experience to be age-appropriate, if relevant.
Select “More options” to see additional information, including details about managing your privacy settings. You can also visit g.co/privacytools at any time.
Reject all
Accept all
More options
Privacy Policy
Terms of Service",https://news.google.com/rss/articles/CBMikgFBVV95cUxPUHktRS04VUM5Y0gzTzhGd1UxdHZScFJUTmY0Um5QZW9hdnZVa0NLbjcwSjZBZkdPRTZ1UVFoQ3VjRk9oWFc0ZmlHODV1WWh2ZTN5dnUzRWh4NkgwdDg0ZzB2eDA1cW9PVnNlVy1LZldTOFMtWkVNXzZ6UW5WQVdYdkhzMVBlMmItNlR6cmdMczZOQQ?oc=5
2025-02-11,TSLA,Tesla,Tesla Stock Slides for a Fifth Day - WSJ,"EN
Sign in
Before you continue to Google
We use cookies and data to
Deliver and maintain Google services
Track outages and protect against spam, fraud, and abuse
Measure audience engagement and site statistics to understand how our services are used and enhance the quality of those services
If you choose to “Accept all,” we will also use cookies and data to
Develop and improve new services
Deliver and measure the effectiveness of ads
Show personalized content, depending on your settings
Show personalized ads, depending on your settings
If you choose to “Reject all,” we will not use cookies for these additional purposes.
Non-personalized content is influenced by things like the content you’re currently viewing, activity in your active Search session, and your location. Non-personalized ads are influenced by the content you’re currently viewing and your general location. Personalized content and ads can also include more relevant results, recommendations, and tailored ads based on past activity from this browser, like previous Google searches. We also use cookies and data to tailor the experience to be age-appropriate, if relevant.
Select “More options” to see additional information, including details about managing your privacy settings. You can also visit g.co/privacytools at any time.
Reject all
Accept all
More options
Privacy Policy
Terms of Service",https://news.google.com/rss/articles/CBMi3gFBVV95cUxPWS1FRTl2S0dybFhaYmlLa1p0Qzk3VE9GMWltRmlKdHVrTkJpX1VZY1gybVVhOWJ5eGtDaW5JX0xwaUdXUldNNGVLMVR3Yk05bUhUam1zVU92a0UwdkFkTXV4cDkyUFNFSzNveXEzamRnaFE0U0RLNEZDT1c0T2hiTlVsamVKSlprUTNZeEFoX2dBeVJtbGZEYnJZXzk5Y1FfWlBSeERKdWZFdzhUV1dLRXBNbGE5eGFsM0E5S2dmTTN1OV9USDV1ODBvWUY2ZndhTzRjU29nNHBMcEZTbHc?oc=5
2025-01-29,TSLA,Tesla,Tesla’s $600 billion run-up looks past major risks to EV growth - Fortune,"EN
Sign in
Before you continue to Google
We use cookies and data to
Deliver and maintain Google services
Track outages and protect against spam, fraud, and abuse
Measure audience engagement and site statistics to understand how our services are used and enhance the quality of those services
If you choose to “Accept all,” we will also use cookies and data to
Develop and improve new services
Deliver and measure the effectiveness of ads
Show personalized content, depending on your settings
Show personalized ads, depending on your settings
If you choose to “Reject all,” we will not use cookies for these additional purposes.
Non-personalized content is influenced by things like the content you’re currently viewing, activity in your active Search session, and your location. Non-personalized ads are influenced by the content you’re currently viewing and your general location. Personalized content and ads can also include more relevant results, recommendations, and tailored ads based on past activity from this browser, like previous Google searches. We also use cookies and data to tailor the experience to be age-appropriate, if relevant.
Select “More options” to see additional information, including details about managing your privacy settings. You can also visit g.co/privacytools at any time.
Reject all
Accept all
More options
Privacy Policy
Terms of Service",https://news.google.com/rss/articles/CBMimAFBVV95cUxOUllaZW9PVGJSenhzdUQxTGZGTkxJYWhzNUNkVllKZHNDX2RjMk5kMy1tQXAxLTRlUDVJNXRsUzQ5S0U2bl9hbmd0dHRFRkdzNUpYcGlRMWd6NGhyQUM1TlU2Vjl5WUVBR2N1czNqSm1zOW5fVHJIaVk4UnBSMDJFQWw2b3hNa1dURjdLcGJsbWx2MVNUbnR3UA?oc=5
2025-02-24,TSLA,Tesla,Tesla’s stock is back to red: Why China full-self-driving boost was short-lived - MarketWatch,"EN
Sign in
Before you continue to Google
We use cookies and data to
Deliver and maintain Google services
Track outages and protect against spam, fraud, and abuse
Measure audience engagement and site statistics to understand how our services are used and enhance the quality of those services
If you choose to “Accept all,” we will also use cookies and data to
Develop and improve new services
Deliver and measure the effectiveness of ads
Show personalized content, depending on your settings
Show personalized ads, depending on your settings
If you choose to “Reject all,” we will not use cookies for these additional purposes.
Non-personalized content is influenced by things like the content you’re currently viewing, activity in your active Search session, and your location. Non-personalized ads are influenced by the content you’re currently viewing and your general location. Personalized content and ads can also include more relevant results, recommendations, and tailored ads based on past activity from this browser, like previous Google searches. We also use cookies and data to tailor the experience to be age-appropriate, if relevant.
Select “More options” to see additional information, including details about managing your privacy settings. You can also visit g.co/privacytools at any time.
Reject all
Accept all
More options
Privacy Policy
Terms of Service",https://news.google.com/rss/articles/CBMivAFBVV95cUxPOXRMRVFCVXNEUER1d1V3Y1J6ci1oSjNiN29nbklieExaZjVkSzdrTWtBbk80X25OMXBvdzF2VmdKakFTeFVENnRYTTlMcXF4QXFyeGhqby1jS09ZdG9BRlFxTUw0TjlnaTZ6aWZOVE4zTGRoYUZVVU56WDdaalZrM2tWcWEwVG9CaGlUT0FfcWNfaHR0NzdEOVJGckVKS1otMmVqUERPbzctTzhweFZNN2x1RGpZZlQxSUYwNQ?oc=5
2025-02-24,TSLA,Tesla,Watch These Tesla Stock Price Levels as February Slump Accelerates - Investopedia,"EN
Sign in
Before you continue to Google
We use cookies and data to
Deliver and maintain Google services
Track outages and protect against spam, fraud, and abuse
Measure audience engagement and site statistics to understand how our services are used and enhance the quality of those services
If you choose to “Accept all,” we will also use cookies and data to
Develop and improve new services
Deliver and measure the effectiveness of ads
Show personalized content, depending on your settings
Show personalized ads, depending on your settings
If you choose to “Reject all,” we will not use cookies for these additional purposes.
Non-personalized content is influenced by things like the content you’re currently viewing, activity in your active Search session, and your location. Non-personalized ads are influenced by the content you’re currently viewing and your general location. Personalized content and ads can also include more relevant results, recommendations, and tailored ads based on past activity from this browser, like previous Google searches. We also use cookies and data to tailor the experience to be age-appropriate, if relevant.
Select “More options” to see additional information, including details about managing your privacy settings. You can also visit g.co/privacytools at any time.
Reject all
Accept all
More options
Privacy Policy
Terms of Service",https://news.google.com/rss/articles/CBMipwFBVV95cUxNa3oxem8tUnVQaTJzZlA3WWdzSGpOVm1QLXpibEZZYjFCXzJOMXo5dGgtWFRPWXBDNUpHbktHNVFaR0JaTWF5V3JRWDJkOUh3bXlEbllUYjliTU1BRDRtdnpWRGNxYkszblJacFNCVThKRV92bHg1ZjN3c3FGQXFtam5OdHg2Z0VITnIyRTcwOWNVeHJDQzN6SHlOZEtrRTZKVFlKSlo3Zw?oc=5
2025-01-30,TSLA,Tesla,Tesla stock rises after company pledges return to growth after Q4 results disappoint - Yahoo Finance,"EN
Sign in
Before you continue to Google
We use cookies and data to
Deliver and maintain Google services
Track outages and protect against spam, fraud, and abuse
Measure audience engagement and site statistics to understand how our services are used and enhance the quality of those services
If you choose to “Accept all,” we will also use cookies and data to
Develop and improve new services
Deliver and measure the effectiveness of ads
Show personalized content, depending on your settings
Show personalized ads, depending on your settings
If you choose to “Reject all,” we will not use cookies for these additional purposes.
Non-personalized content is influenced by things like the content you’re currently viewing, activity in your active Search session, and your location. Non-personalized ads are influenced by the content you’re currently viewing and your general location. Personalized content and ads can also include more relevant results, recommendations, and tailored ads based on past activity from this browser, like previous Google searches. We also use cookies and data to tailor the experience to be age-appropriate, if relevant.
Select “More options” to see additional information, including details about managing your privacy settings. You can also visit g.co/privacytools at any time.
Reject all
Accept all
More options
Privacy Policy
Terms of Service",https://news.google.com/rss/articles/CBMiygFBVV95cUxNc0I3UmRvMHdwOHJ4V1VDUzFsQkVFcGYzck1KeWtQWjhzRGVLUEEzYVUzSDZuOE5XU1haMkFMcEdQT2pfRURrelljejJmdDNrcUZkandnUFJvQmlRZl9Uam9wRk8yZUZlY3lIN1QtbjVCQllkMUlYZ05lS04yUlI0YXZIUHh5NkNOR1E5dWZZWHRvZUg3bnpDRTREUmZtNFZsS2NGVlhvX0RzbEdTa2xjZDVVUy1EV1pKYW04c0F5aS1vcGUxWks3ZWR3?oc=5
2025-02-05,TSLA,Tesla,Tesla Stock Is Falling. California Might Be Turning Against Elon Musk. - Barron's,"EN
Sign in
Before you continue to Google
We use cookies and data to
Deliver and maintain Google services
Track outages and protect against spam, fraud, and abuse
Measure audience engagement and site statistics to understand how our services are used and enhance the quality of those services
If you choose to “Accept all,” we will also use cookies and data to
Develop and improve new services
Deliver and measure the effectiveness of ads
Show personalized content, depending on your settings
Show personalized ads, depending on your settings
If you choose to “Reject all,” we will not use cookies for these additional purposes.
Non-personalized content is influenced by things like the content you’re currently viewing, activity in your active Search session, and your location. Non-personalized ads are influenced by the content you’re currently viewing and your general location. Personalized content and ads can also include more relevant results, recommendations, and tailored ads based on past activity from this browser, like previous Google searches. We also use cookies and data to tailor the experience to be age-appropriate, if relevant.
Select “More options” to see additional information, including details about managing your privacy settings. You can also visit g.co/privacytools at any time.
Reject all
Accept all
More options
Privacy Policy
Terms of Service",https://news.google.com/rss/articles/CBMickFVX3lxTE5NYXIyODI4NEdIekxQN2hDdW1tcHo4dzNlMlZySXBzcm5UVXNxczB2bS1XNGFkMmw0MHh5TGNCRHNJX3Q5RHJaU1JrdWkzaFVlYzl3WklHbGsxRnN6bDdhcFpuQnRTaGpmMUdvMy1xOVdoQQ?oc=5
2025-02-12,TSLA,Tesla,Tesla Fell 10% Last Week. Here's Why It Got A Price Target Cut. - Investor's Business Daily,"EN
Sign in
Before you continue to Google
We use cookies and data to
Deliver and maintain Google services
Track outages and protect against spam, fraud, and abuse
Measure audience engagement and site statistics to understand how our services are used and enhance the quality of those services
If you choose to “Accept all,” we will also use cookies and data to
Develop and improve new services
Deliver and measure the effectiveness of ads
Show personalized content, depending on your settings
Show personalized ads, depending on your settings
If you choose to “Reject all,” we will not use cookies for these additional purposes.
Non-personalized content is influenced by things like the content you’re currently viewing, activity in your active Search session, and your location. Non-personalized ads are influenced by the content you’re currently viewing and your general location. Personalized content and ads can also include more relevant results, recommendations, and tailored ads based on past activity from this browser, like previous Google searches. We also use cookies and data to tailor the experience to be age-appropriate, if relevant.
Select “More options” to see additional information, including details about managing your privacy settings. You can also visit g.co/privacytools at any time.
Reject all
Accept all
More options
Privacy Policy
Terms of Service",https://news.google.com/rss/articles/CBMibEFVX3lxTE10QVkwdkNnQ0dHMzNxaDBfOVRhTzZVV1M5LUdxZGJTR2dhTXF0WXZHMzlLRXhCR1d4ZEE4VXdqWTViZUlkTUtqZ2tkRUotVlZueHlLbmFtaVM1ODZJcXB2aWh2WmlnYUZnZmVqbQ?oc=5
2025-02-12,TSLA,Tesla,"Tesla Stock Falling Again. It’s About More than Musk, OpenAI, BYD. - Barron's","EN
Sign in
Before you continue to Google
We use cookies and data to
Deliver and maintain Google services
Track outages and protect against spam, fraud, and abuse
Measure audience engagement and site statistics to understand how our services are used and enhance the quality of those services
If you choose to “Accept all,” we will also use cookies and data to
Develop and improve new services
Deliver and measure the effectiveness of ads
Show personalized content, depending on your settings
Show personalized ads, depending on your settings
If you choose to “Reject all,” we will not use cookies for these additional purposes.
Non-personalized content is influenced by things like the content you’re currently viewing, activity in your active Search session, and your location. Non-personalized ads are influenced by the content you’re currently viewing and your general location. Personalized content and ads can also include more relevant results, recommendations, and tailored ads based on past activity from this browser, like previous Google searches. We also use cookies and data to tailor the experience to be age-appropriate, if relevant.
Select “More options” to see additional information, including details about managing your privacy settings. You can also visit g.co/privacytools at any time.
Reject all
Accept all
More options
Privacy Policy
Terms of Service",https://news.google.com/rss/articles/CBMic0FVX3lxTE5TbnZTMjVvOXlFT1Iyd3BoMldVdmQ2a2daOE44UEVHU1V2UnFmNzJCNjBqanVGbjJvQVFVRGtscnQ5MEVUTjB3RkZCck8taTNuYkNheTBYd2JyRk9QNDRhMWZmczF2N0Y0SWN3SHU1ODRqdHM?oc=5
2025-02-14,TSLA,Tesla,"Tesla stock finds support, for now - Yahoo Finance","EN
Sign in
Before you continue to Google
We use cookies and data to
Deliver and maintain Google services
Track outages and protect against spam, fraud, and abuse
Measure audience engagement and site statistics to understand how our services are used and enhance the quality of those services
If you choose to “Accept all,” we will also use cookies and data to
Develop and improve new services
Deliver and measure the effectiveness of ads
Show personalized content, depending on your settings
Show personalized ads, depending on your settings
If you choose to “Reject all,” we will not use cookies for these additional purposes.
Non-personalized content is influenced by things like the content you’re currently viewing, activity in your active Search session, and your location. Non-personalized ads are influenced by the content you’re currently viewing and your general location. Personalized content and ads can also include more relevant results, recommendations, and tailored ads based on past activity from this browser, like previous Google searches. We also use cookies and data to tailor the experience to be age-appropriate, if relevant.
Select “More options” to see additional information, including details about managing your privacy settings. You can also visit g.co/privacytools at any time.
Reject all
Accept all
More options
Privacy Policy
Terms of Service",https://news.google.com/rss/articles/CBMihgFBVV95cUxNeUg3MGxCbGpNUWstMlBKUGloQ2g0YndOb3NKbTJ5OGluVUFDOHVvLVhTVW9KUFdwYlNtdDctZWNqTTVCSjZHYXRjR3hHZUI4dTUzTkFhRDM5U3FDcG1tTF9zd0dRZGFlNnc2YldTRUN1N3h2aF8xeXg1LTJFb0IyOWVkdVlYdw?oc=5
2025-02-13,TSLA,Tesla,Tesla Stock Rises On Inclusion in State Department Spending Forecast - Investopedia,"EN
Sign in
Before you continue to Google
We use cookies and data to
Deliver and maintain Google services
Track outages and protect against spam, fraud, and abuse
Measure audience engagement and site statistics to understand how our services are used and enhance the quality of those services
If you choose to “Accept all,” we will also use cookies and data to
Develop and improve new services
Deliver and measure the effectiveness of ads
Show personalized content, depending on your settings
Show personalized ads, depending on your settings
If you choose to “Reject all,” we will not use cookies for these additional purposes.
Non-personalized content is influenced by things like the content you’re currently viewing, activity in your active Search session, and your location. Non-personalized ads are influenced by the content you’re currently viewing and your general location. Personalized content and ads can also include more relevant results, recommendations, and tailored ads based on past activity from this browser, like previous Google searches. We also use cookies and data to tailor the experience to be age-appropriate, if relevant.
Select “More options” to see additional information, including details about managing your privacy settings. You can also visit g.co/privacytools at any time.
Reject all
Accept all
More options
Privacy Policy
Terms of Service",https://news.google.com/rss/articles/CBMiqAFBVV95cUxOVjdaOER1TE9xbVhudEw4bmVHQ3ZkbXJJM2lQekJHQ0t4MzJQSFE3N2Q2UWZiaE9EaEpPRVdXTmk1VTlKTlZPeUtNVTJDNk1qU1p4NU5pd1pqZ1VmWVF2Nl9NOGduNnJNdktRU2FNX0tTRDl6Z085cFE0Vlk0dlplZUl0ZldOdW40VDVXcHdXNHZZa180QjYzTGZMTjBvSllLcE1iRmpaMDU?oc=5
2025-02-24,TSLA,Tesla,Tesla China FSD Soon? The Stock Keeps Falling. - Investor's Business Daily,"EN
Sign in
Before you continue to Google
We use cookies and data to
Deliver and maintain Google services
Track outages and protect against spam, fraud, and abuse
Measure audience engagement and site statistics to understand how our services are used and enhance the quality of those services
If you choose to “Accept all,” we will also use cookies and data to
Develop and improve new services
Deliver and measure the effectiveness of ads
Show personalized content, depending on your settings
Show personalized ads, depending on your settings
If you choose to “Reject all,” we will not use cookies for these additional purposes.
Non-personalized content is influenced by things like the content you’re currently viewing, activity in your active Search session, and your location. Non-personalized ads are influenced by the content you’re currently viewing and your general location. Personalized content and ads can also include more relevant results, recommendations, and tailored ads based on past activity from this browser, like previous Google searches. We also use cookies and data to tailor the experience to be age-appropriate, if relevant.
Select “More options” to see additional information, including details about managing your privacy settings. You can also visit g.co/privacytools at any time.
Reject all
Accept all
More options
Privacy Policy
Terms of Service",https://news.google.com/rss/articles/CBMikAFBVV95cUxQSjFJWEVnYk1jNG11ZE1GWGxKcWdjU2hlZjc2LUpzZWozcWR0TGdDdURmdWMxZkJTSm5Hc1FFdExZa0JfQ3U5d3RiR2VmTVQ1TFF4N0ZTci13NmZSeE5nejBjTkNwWDJNYjZwNkM5M2NRQS1tME1NdGJKeFBrUnBpMVR6N21HWVVvbzEtTEU3eTE?oc=5
2025-02-24,TSLA,Tesla,Tesla Stock Rising After Slump. A Full Rebound Depends on These Things. - Barron's,"EN
Sign in
Before you continue to Google
We use cookies and data to
Deliver and maintain Google services
Track outages and protect against spam, fraud, and abuse
Measure audience engagement and site statistics to understand how our services are used and enhance the quality of those services
If you choose to “Accept all,” we will also use cookies and data to
Develop and improve new services
Deliver and measure the effectiveness of ads
Show personalized content, depending on your settings
Show personalized ads, depending on your settings
If you choose to “Reject all,” we will not use cookies for these additional purposes.
Non-personalized content is influenced by things like the content you’re currently viewing, activity in your active Search session, and your location. Non-personalized ads are influenced by the content you’re currently viewing and your general location. Personalized content and ads can also include more relevant results, recommendations, and tailored ads based on past activity from this browser, like previous Google searches. We also use cookies and data to tailor the experience to be age-appropriate, if relevant.
Select “More options” to see additional information, including details about managing your privacy settings. You can also visit g.co/privacytools at any time.
Reject all
Accept all
More options
Privacy Policy
Terms of Service",https://news.google.com/rss/articles/CBMiggFBVV95cUxPdzRGZFptYnRUSnRQWEVOOHdFaUdiNGo0NDJYdkFwdXlGSUV6YzFOWjhXYmJIZXpSUVg4RGE2ZmIybHdTc1ZWYUhhV200Q0NqY2ZtQjdRb3FtYlhDaGxoOG43OXMyeWxZSktZeENxRC14a1NhcGl6N1VlUXZ5cVlkSGV3?oc=5
2025-01-27,TSLA,Tesla,Tesla Stock Dropped. Why It’s a Victim of DeepSeek Hysteria. - Barron's,"EN
Sign in
Before you continue to Google
We use cookies and data to
Deliver and maintain Google services
Track outages and protect against spam, fraud, and abuse
Measure audience engagement and site statistics to understand how our services are used and enhance the quality of those services
If you choose to “Accept all,” we will also use cookies and data to
Develop and improve new services
Deliver and measure the effectiveness of ads
Show personalized content, depending on your settings
Show personalized ads, depending on your settings
If you choose to “Reject all,” we will not use cookies for these additional purposes.
Non-personalized content is influenced by things like the content you’re currently viewing, activity in your active Search session, and your location. Non-personalized ads are influenced by the content you’re currently viewing and your general location. Personalized content and ads can also include more relevant results, recommendations, and tailored ads based on past activity from this browser, like previous Google searches. We also use cookies and data to tailor the experience to be age-appropriate, if relevant.
Select “More options” to see additional information, including details about managing your privacy settings. You can also visit g.co/privacytools at any time.
Reject all
Accept all
More options
Privacy Policy
Terms of Service",https://news.google.com/rss/articles/CBMigwFBVV95cUxPbFVJbm1kcm8yOHZnRnMtamJWMnNDaHFqc3E5bHlPdWVVSDlSU19nemRybFZKRDFBSHkwT3BBZTlYb2FSRkxhTTJiazRKaDdaMlZJbHZIamJrdUdJbHRNYldOM0hid010djVaY195UUhjVVNsdmplaUE2dXdzTWItVTR4bw?oc=5
2025-02-21,TSLA,Tesla,Tesla Stock Falls. Rivian Beat It on This Metric. - Barron's,"EN
Sign in
Before you continue to Google
We use cookies and data to
Deliver and maintain Google services
Track outages and protect against spam, fraud, and abuse
Measure audience engagement and site statistics to understand how our services are used and enhance the quality of those services
If you choose to “Accept all,” we will also use cookies and data to
Develop and improve new services
Deliver and measure the effectiveness of ads
Show personalized content, depending on your settings
Show personalized ads, depending on your settings
If you choose to “Reject all,” we will not use cookies for these additional purposes.
Non-personalized content is influenced by things like the content you’re currently viewing, activity in your active Search session, and your location. Non-personalized ads are influenced by the content you’re currently viewing and your general location. Personalized content and ads can also include more relevant results, recommendations, and tailored ads based on past activity from this browser, like previous Google searches. We also use cookies and data to tailor the experience to be age-appropriate, if relevant.
Select “More options” to see additional information, including details about managing your privacy settings. You can also visit g.co/privacytools at any time.
Reject all
Accept all
More options
Privacy Policy
Terms of Service",https://news.google.com/rss/articles/CBMieEFVX3lxTE1pUExvN2d6Um5kUHQzcm42YjluOERmN3pyQTJhRzVwZE1PNHNDMjZDSlFRWEJkRGNFOXM5bzNiUUlhcXZoUHBKSVhVX2xqS3pfNG9fZnFia1pPN25hbkRrTTVZb3E5VWFqYUdPX1lzSkFwTEVwMWpiZA?oc=5
2025-03-20,TSLA,Tesla,Commerce Secretary Lutnick’s Call to Buy Tesla Stock Violates Federal Ethics Rules - Campaign Legal Center,"EN
Sign in
Before you continue to Google
We use cookies and data to
Deliver and maintain Google services
Track outages and protect against spam, fraud, and abuse
Measure audience engagement and site statistics to understand how our services are used and enhance the quality of those services
If you choose to “Accept all,” we will also use cookies and data to
Develop and improve new services
Deliver and measure the effectiveness of ads
Show personalized content, depending on your settings
Show personalized ads, depending on your settings
If you choose to “Reject all,” we will not use cookies for these additional purposes.
Non-personalized content is influenced by things like the content you’re currently viewing, activity in your active Search session, and your location. Non-personalized ads are influenced by the content you’re currently viewing and your general location. Personalized content and ads can also include more relevant results, recommendations, and tailored ads based on past activity from this browser, like previous Google searches. We also use cookies and data to tailor the experience to be age-appropriate, if relevant.
Select “More options” to see additional information, including details about managing your privacy settings. You can also visit g.co/privacytools at any time.
Reject all
Accept all
More options
Privacy Policy
Terms of Service",https://news.google.com/rss/articles/CBMiuwFBVV95cUxPeDZQaUE4b2drdG0yLTdONXdHaUlTZlRfb2VIQUZ4di1Jd2Yyazh0ZXg1X2JYOUVGX3QxbzhVVGRNcGM5UWFwWFR3RUxlTy1VOXlMMm1uaE1IdkhvSTFuWjVTbTktSXpzYjUzN3hXcHVEeUpFQ1RfNm9pYjVGWjZrRUw5TGJsWl9vUElEV0pPaEhfYnEyUk1RZFRKUlRVOGJIWnZsRHBNLWt0YUt4RFpmUkhlTlM4dTZKRU4w?oc=5
2025-03-26,TSLA,Tesla,Tesla’s stock is making a comeback. But it’s about to face a massive challenge - CNN,"EN
Sign in
Before you continue to Google
We use cookies and data to
Deliver and maintain Google services
Track outages and protect against spam, fraud, and abuse
Measure audience engagement and site statistics to understand how our services are used and enhance the quality of those services
If you choose to “Accept all,” we will also use cookies and data to
Develop and improve new services
Deliver and measure the effectiveness of ads
Show personalized content, depending on your settings
Show personalized ads, depending on your settings
If you choose to “Reject all,” we will not use cookies for these additional purposes.
Non-personalized content is influenced by things like the content you’re currently viewing, activity in your active Search session, and your location. Non-personalized ads are influenced by the content you’re currently viewing and your general location. Personalized content and ads can also include more relevant results, recommendations, and tailored ads based on past activity from this browser, like previous Google searches. We also use cookies and data to tailor the experience to be age-appropriate, if relevant.
Select “More options” to see additional information, including details about managing your privacy settings. You can also visit g.co/privacytools at any time.
Reject all
Accept all
More options
Privacy Policy
Terms of Service",https://news.google.com/rss/articles/CBMie0FVX3lxTFBYSWpMNUU2TGp2MExsX2gzcVBqTWtjS0U4NzFNSzI2bnVibU9jWEMxbFlGUDNaODltTlNWVjdQNy1YOFM0a2R2MGViN1dGV3VtNDBSaHFLdWlwTHJRX1JaUUNFMDlMZGxYQXlzTGI5clp5dmJNQzZPVzJ3TdIBckFVX3lxTE56b01yZkdWZVhwZGNldFFEZ1ZNYmtydGJzbXM5c2tqMHg0WWpiRWZzUWI5VHBsY3J1MS1Pd25ybGk3WE5tNHRRaE5US1JScExQNk9jZkx0UXpIRE5NWWM5VGhjM1pmem1JbXlEanNnc1BQdw?oc=5
2025-03-11,TSLA,Tesla,Tesla Stock Plummets 50% Since December. Here’s How Investors Can Manage The Volatility - Forbes,"EN
Sign in
Before you continue to Google
We use cookies and data to
Deliver and maintain Google services
Track outages and protect against spam, fraud, and abuse
Measure audience engagement and site statistics to understand how our services are used and enhance the quality of those services
If you choose to “Accept all,” we will also use cookies and data to
Develop and improve new services
Deliver and measure the effectiveness of ads
Show personalized content, depending on your settings
Show personalized ads, depending on your settings
If you choose to “Reject all,” we will not use cookies for these additional purposes.
Non-personalized content is influenced by things like the content you’re currently viewing, activity in your active Search session, and your location. Non-personalized ads are influenced by the content you’re currently viewing and your general location. Personalized content and ads can also include more relevant results, recommendations, and tailored ads based on past activity from this browser, like previous Google searches. We also use cookies and data to tailor the experience to be age-appropriate, if relevant.
Select “More options” to see additional information, including details about managing your privacy settings. You can also visit g.co/privacytools at any time.
Reject all
Accept all
More options
Privacy Policy
Terms of Service",https://news.google.com/rss/articles/CBMi0AFBVV95cUxPWU4xZ3FNLUZiSlcyRHJPOW1DN2k3YkJmbFdET2tlRlRrVzB5S2hFWjVsY2hhVDhzNnBEemdWRkNlS3dnOGRaaDNXWV9nVnc2cXoyazlvbjdOUHB5Tmp6bW9QaVZZb2NjTkY2dUJJUTRvc0ZmZ3pkVGNTeG9DWHNMMTdaMS1LNHJLeUZMNHZEMXVOLWJJVjNyWHZPNks5RUMteUtER1RHQjRaVFliSy1yREg5YkUyWVN4M29IX3B6c0VUMmN5YmFja2theThDY19M?oc=5
2025-03-17,TSLA,Tesla,"Plummeting stock, boycotts and flagging sales: What's fueling turmoil for Tesla? - NBC News","EN
Sign in
Before you continue to Google
We use cookies and data to
Deliver and maintain Google services
Track outages and protect against spam, fraud, and abuse
Measure audience engagement and site statistics to understand how our services are used and enhance the quality of those services
If you choose to “Accept all,” we will also use cookies and data to
Develop and improve new services
Deliver and measure the effectiveness of ads
Show personalized content, depending on your settings
Show personalized ads, depending on your settings
If you choose to “Reject all,” we will not use cookies for these additional purposes.
Non-personalized content is influenced by things like the content you’re currently viewing, activity in your active Search session, and your location. Non-personalized ads are influenced by the content you’re currently viewing and your general location. Personalized content and ads can also include more relevant results, recommendations, and tailored ads based on past activity from this browser, like previous Google searches. We also use cookies and data to tailor the experience to be age-appropriate, if relevant.
Select “More options” to see additional information, including details about managing your privacy settings. You can also visit g.co/privacytools at any time.
Reject all
Accept all
More options
Privacy Policy
Terms of Service",https://news.google.com/rss/articles/CBMiuwFBVV95cUxQUXY2U1hyek5ESl8xczJOMjhXQUVkSDNFTXAtb0dOcEJ0bXcwWkR3MlZtWUh5a0dfSDF5dWhydU16ZmQtUlpjcmpTMnlGVjNFdno4MkZyMExwVjVHTXdnTWsta3RHcGNNanJJYUprbzVPNWFWUFVXaEN1Qk5XcDBwNzlyWV95a2ZZN2dDYXlMR09EeEZKRTNqNHZFX2NaRjZ3Ymt3TEdZd21HSDFhYmRDb0xCaHNmVnVScTZZ0gFWQVVfeXFMTXJPRUp6OW5Vd0hsUG0wTWY3LTR3ZGl1cFdpZDBNanA0SmRENldxN2ZPUkJuZlFXXy1FMU4tUVJ5S0Utb2F1SWhweFhTZUVFcXRHd0lLQ3c?oc=5
2025-03-18,TSLA,Tesla,Tesla Stock Extends Selloff; ‘Politicized’ Brand Faces Backlash - WSJ,"EN
Sign in
Before you continue to Google
We use cookies and data to
Deliver and maintain Google services
Track outages and protect against spam, fraud, and abuse
Measure audience engagement and site statistics to understand how our services are used and enhance the quality of those services
If you choose to “Accept all,” we will also use cookies and data to
Develop and improve new services
Deliver and measure the effectiveness of ads
Show personalized content, depending on your settings
Show personalized ads, depending on your settings
If you choose to “Reject all,” we will not use cookies for these additional purposes.
Non-personalized content is influenced by things like the content you’re currently viewing, activity in your active Search session, and your location. Non-personalized ads are influenced by the content you’re currently viewing and your general location. Personalized content and ads can also include more relevant results, recommendations, and tailored ads based on past activity from this browser, like previous Google searches. We also use cookies and data to tailor the experience to be age-appropriate, if relevant.
Select “More options” to see additional information, including details about managing your privacy settings. You can also visit g.co/privacytools at any time.
Reject all
Accept all
More options
Privacy Policy
Terms of Service",https://news.google.com/rss/articles/CBMi-gFBVV95cUxPeVQzUFk5UE9xMFltNmpONjVSV3RBcTRIOXJ4OHlpVHBLX013WjVoUlRJTnU1SWhqQUdiejctSWV1NTJIN3NKVEZJMjl2cVpTZDdueFYxemxhUENqU1BKTmhXQlA0M3Y3aGRDNTNOU2I5OFBEbk9fdEQ4QTRRMVI5QnN0QjVGa3J3cDljOXRLUUFrOEpiMWRwNEY5Wk12Rm1wcFkyekViLWJIRTdyNEItZmVCcmNTTmx3akE3UEVDdk9WaXhONTF0MWswOVNmTkVsTjBCeC1QaHlEaFUzVWVWUFM1VmVkSjd3WkhvWU5aVnBHdlNzdVcwMUdn?oc=5
2025-02-25,TSLA,Tesla,Tesla Shares Fall 8% as Post-Election Surge Dissipates - The New York Times,"EN
Sign in
Before you continue to Google
We use cookies and data to
Deliver and maintain Google services
Track outages and protect against spam, fraud, and abuse
Measure audience engagement and site statistics to understand how our services are used and enhance the quality of those services
If you choose to “Accept all,” we will also use cookies and data to
Develop and improve new services
Deliver and measure the effectiveness of ads
Show personalized content, depending on your settings
Show personalized ads, depending on your settings
If you choose to “Reject all,” we will not use cookies for these additional purposes.
Non-personalized content is influenced by things like the content you’re currently viewing, activity in your active Search session, and your location. Non-personalized ads are influenced by the content you’re currently viewing and your general location. Personalized content and ads can also include more relevant results, recommendations, and tailored ads based on past activity from this browser, like previous Google searches. We also use cookies and data to tailor the experience to be age-appropriate, if relevant.
Select “More options” to see additional information, including details about managing your privacy settings. You can also visit g.co/privacytools at any time.
Reject all
Accept all
More options
Privacy Policy
Terms of Service",https://news.google.com/rss/articles/CBMiggFBVV95cUxQeWpvMDlUVVVsa1AwY0RJZktXN0RYZjA4Q2RjeDhwUS10U3RJNGdLQmlMaE15dWdpRzR3TF9jam5LN29XQmhVUkExN21GZF9xR1dsQ0V2MGpfdC1lbnRVTEoybEIyV1lnLTV0WUhiVWc0QXRvMU0xRVNIejN4VVk5cjN3?oc=5
2025-03-11,TSLA,Tesla,"As Tesla stock falls, some pension fund managers worry and critics rage - ABC News","EN
Sign in
Before you continue to Google
We use cookies and data to
Deliver and maintain Google services
Track outages and protect against spam, fraud, and abuse
Measure audience engagement and site statistics to understand how our services are used and enhance the quality of those services
If you choose to “Accept all,” we will also use cookies and data to
Develop and improve new services
Deliver and measure the effectiveness of ads
Show personalized content, depending on your settings
Show personalized ads, depending on your settings
If you choose to “Reject all,” we will not use cookies for these additional purposes.
Non-personalized content is influenced by things like the content you’re currently viewing, activity in your active Search session, and your location. Non-personalized ads are influenced by the content you’re currently viewing and your general location. Personalized content and ads can also include more relevant results, recommendations, and tailored ads based on past activity from this browser, like previous Google searches. We also use cookies and data to tailor the experience to be age-appropriate, if relevant.
Select “More options” to see additional information, including details about managing your privacy settings. You can also visit g.co/privacytools at any time.
Reject all
Accept all
More options
Privacy Policy
Terms of Service",https://news.google.com/rss/articles/CBMinwFBVV95cUxOVXctVHpJX2ZkWmg2X2duU0lXWmhCMFpGSTAtVG92cjk3RUVYejFydEk5X015Uko2TzNpS3RmWkozSkFMbW5GeWFCSzY0RjhsMTRzSWpHemdTcTRSX2Rvams0R1pPdU5HVmlHRlI3Q0M3dGNhdlRpNEZ3ZnJ1M3dmb3FhU0lNbUNqanJLc0d1ZFc1VThNbmdicGF5U3VlalHSAaQBQVVfeXFMT0VaNUEyLUhZMGRjdkcxQU93MmwwMV9LenpOQWlQbV9TVHhkTWNPdkE4TV9oQzk3a2podWt2cFBIX0lESE5zQ2RLRnZESGpSRDU5LVNWaXZvMGRmakE1T1duQlNnbGp3VF9pXzNCa1RPbTdEUHQ3MER6aGVxQTB1aHdMZlJhdWJsRkRtVUtxS1VjVHFMc3FSWHpxN1ljLTR4MXZWUnM?oc=5
2025-03-10,TSLA,Tesla,"Tesla stock tumbles over 15%, wiping out post-election gains as demand worries continue to weigh - Yahoo Finance","EN
Sign in
Before you continue to Google
We use cookies and data to
Deliver and maintain Google services
Track outages and protect against spam, fraud, and abuse
Measure audience engagement and site statistics to understand how our services are used and enhance the quality of those services
If you choose to “Accept all,” we will also use cookies and data to
Develop and improve new services
Deliver and measure the effectiveness of ads
Show personalized content, depending on your settings
Show personalized ads, depending on your settings
If you choose to “Reject all,” we will not use cookies for these additional purposes.
Non-personalized content is influenced by things like the content you’re currently viewing, activity in your active Search session, and your location. Non-personalized ads are influenced by the content you’re currently viewing and your general location. Personalized content and ads can also include more relevant results, recommendations, and tailored ads based on past activity from this browser, like previous Google searches. We also use cookies and data to tailor the experience to be age-appropriate, if relevant.
Select “More options” to see additional information, including details about managing your privacy settings. You can also visit g.co/privacytools at any time.
Reject all
Accept all
More options
Privacy Policy
Terms of Service",https://news.google.com/rss/articles/CBMi1wFBVV95cUxOQ1NJVXVMcV9MZDhDY1FUU09uSHBaMjJFQXJTNHNuSFpGTDlUdW44am95RWVIUjVJWU1nbHNNWlZ3VkFEU09mRVQ2WXZYOXdGYXo3ZjJGMUFmVlM3SVZuZXg0X1M1Q1ltYU56bjJ5bnE4UDhiUGs5cVJVWnlmYkFETmw0Y0pIS3BaQzR1WXJOOTBCM3lhMm5vSGc4UGFFMjNsZHFqRGxUdkFXM1FhTmJzZEJBdm03bFVhN2hSSWZuUVEtbmZPekY0b2VOalNDWWNMRFU4Z1dDdw?oc=5
2025-03-10,TSLA,Tesla,Tesla’s stock defied gravity for years. Is Elon Musk’s EV party over? - Reuters,"EN
Sign in
Before you continue to Google
We use cookies and data to
Deliver and maintain Google services
Track outages and protect against spam, fraud, and abuse
Measure audience engagement and site statistics to understand how our services are used and enhance the quality of those services
If you choose to “Accept all,” we will also use cookies and data to
Develop and improve new services
Deliver and measure the effectiveness of ads
Show personalized content, depending on your settings
Show personalized ads, depending on your settings
If you choose to “Reject all,” we will not use cookies for these additional purposes.
Non-personalized content is influenced by things like the content you’re currently viewing, activity in your active Search session, and your location. Non-personalized ads are influenced by the content you’re currently viewing and your general location. Personalized content and ads can also include more relevant results, recommendations, and tailored ads based on past activity from this browser, like previous Google searches. We also use cookies and data to tailor the experience to be age-appropriate, if relevant.
Select “More options” to see additional information, including details about managing your privacy settings. You can also visit g.co/privacytools at any time.
Reject all
Accept all
More options
Privacy Policy
Terms of Service",https://news.google.com/rss/articles/CBMixgFBVV95cUxQd2ROeGxod29KNHpBQ3J6SkNURmFzN0JOX2I3VFMtVC1VNFJ0OU1EX1hZVG1VM2U0ME4yYlU5RFVvOUJPcnlmUVdtWjRaR1psMGhnMHhicFRJOXFKcG4tS0dHSGJaQXRVSktscFhOOFNZd243S0dXZ0dicFZnQmNkazFjNDV6RVREU1M4SF9ZS1J5YUx5cnhqQURUYkZ5UURnV2dhMkwxWjdtZ3BDLVp6aTlLZUxpZHcxMWxyelM5WXlTNEZqaHc?oc=5
2025-03-05,TSLA,Tesla,Is Tesla Stock A Buy Or A Sell As It Trades Around 2025 Lows? - Investor's Business Daily,"EN
Sign in
Before you continue to Google
We use cookies and data to
Deliver and maintain Google services
Track outages and protect against spam, fraud, and abuse
Measure audience engagement and site statistics to understand how our services are used and enhance the quality of those services
If you choose to “Accept all,” we will also use cookies and data to
Develop and improve new services
Deliver and measure the effectiveness of ads
Show personalized content, depending on your settings
Show personalized ads, depending on your settings
If you choose to “Reject all,” we will not use cookies for these additional purposes.
Non-personalized content is influenced by things like the content you’re currently viewing, activity in your active Search session, and your location. Non-personalized ads are influenced by the content you’re currently viewing and your general location. Personalized content and ads can also include more relevant results, recommendations, and tailored ads based on past activity from this browser, like previous Google searches. We also use cookies and data to tailor the experience to be age-appropriate, if relevant.
Select “More options” to see additional information, including details about managing your privacy settings. You can also visit g.co/privacytools at any time.
Reject all
Accept all
More options
Privacy Policy
Terms of Service",https://news.google.com/rss/articles/CBMif0FVX3lxTFBuWDRDcGZqYzFmZkJoNXJCX0lLZF9oVG90d0gwS3c0aHN2dXRXV201NlowNldxakRSYnZURHlmU3BPanZxby01YTRJdVlabzF2RUU5ZzhNSVFPVUJHUFk1ZHp2NDJ4SVFiYVpiZEZvczhvbXprZWhTRzZHS0VISWs?oc=5
2025-03-21,TSLA,Tesla,"Trump says Tesla vandals ""stand a very good chance of going to jail"" for up to 20 years - Axios","EN
Sign in
Before you continue to Google
We use cookies and data to
Deliver and maintain Google services
Track outages and protect against spam, fraud, and abuse
Measure audience engagement and site statistics to understand how our services are used and enhance the quality of those services
If you choose to “Accept all,” we will also use cookies and data to
Develop and improve new services
Deliver and measure the effectiveness of ads
Show personalized content, depending on your settings
Show personalized ads, depending on your settings
If you choose to “Reject all,” we will not use cookies for these additional purposes.
Non-personalized content is influenced by things like the content you’re currently viewing, activity in your active Search session, and your location. Non-personalized ads are influenced by the content you’re currently viewing and your general location. Personalized content and ads can also include more relevant results, recommendations, and tailored ads based on past activity from this browser, like previous Google searches. We also use cookies and data to tailor the experience to be age-appropriate, if relevant.
Select “More options” to see additional information, including details about managing your privacy settings. You can also visit g.co/privacytools at any time.
Reject all
Accept all
More options
Privacy Policy
Terms of Service",https://news.google.com/rss/articles/CBMiYEFVX3lxTE1UYl9pSTBjYWVMUmlabUoxcDFzeFBMQXBzVW1QWjREVHVnTmttYjJhN0RGRFNBVEJlWTdhUE4yVjlqWGt2UEZ5dUxYWXB3SW1sSnZWbFROY01sR0pfbUgyVg?oc=5
2025-03-24,TSLA,Tesla,Tesla Stock Jumps. What’s Behind the Rise. - Barron's,"EN
Sign in
Before you continue to Google
We use cookies and data to
Deliver and maintain Google services
Track outages and protect against spam, fraud, and abuse
Measure audience engagement and site statistics to understand how our services are used and enhance the quality of those services
If you choose to “Accept all,” we will also use cookies and data to
Develop and improve new services
Deliver and measure the effectiveness of ads
Show personalized content, depending on your settings
Show personalized ads, depending on your settings
If you choose to “Reject all,” we will not use cookies for these additional purposes.
Non-personalized content is influenced by things like the content you’re currently viewing, activity in your active Search session, and your location. Non-personalized ads are influenced by the content you’re currently viewing and your general location. Personalized content and ads can also include more relevant results, recommendations, and tailored ads based on past activity from this browser, like previous Google searches. We also use cookies and data to tailor the experience to be age-appropriate, if relevant.
Select “More options” to see additional information, including details about managing your privacy settings. You can also visit g.co/privacytools at any time.
Reject all
Accept all
More options
Privacy Policy
Terms of Service",https://news.google.com/rss/articles/CBMijAFBVV95cUxORlRGTWlwdnJ2Q0FubmhyODNYZnYzeWdlR2Rvc2t0NE5FaFdhSXg5YkVLRVJ2cEJLZDhIOEtzd1k4Y2d5RXdGLUN1cy1fcXJEWHY5b29MZDlvZUNlbzhiMThFZWR4a1kxTHcxMDRFSy0yWlA0LUxUVjRPak1zVmlNUVJmdVNVY0N1Rk1rVA?oc=5
2025-03-11,TSLA,Tesla,How politics are affecting Musk’s Tesla brand - PBS,"EN
Sign in
Before you continue to Google
We use cookies and data to
Deliver and maintain Google services
Track outages and protect against spam, fraud, and abuse
Measure audience engagement and site statistics to understand how our services are used and enhance the quality of those services
If you choose to “Accept all,” we will also use cookies and data to
Develop and improve new services
Deliver and measure the effectiveness of ads
Show personalized content, depending on your settings
Show personalized ads, depending on your settings
If you choose to “Reject all,” we will not use cookies for these additional purposes.
Non-personalized content is influenced by things like the content you’re currently viewing, activity in your active Search session, and your location. Non-personalized ads are influenced by the content you’re currently viewing and your general location. Personalized content and ads can also include more relevant results, recommendations, and tailored ads based on past activity from this browser, like previous Google searches. We also use cookies and data to tailor the experience to be age-appropriate, if relevant.
Select “More options” to see additional information, including details about managing your privacy settings. You can also visit g.co/privacytools at any time.
Reject all
Accept all
More options
Privacy Policy
Terms of Service",https://news.google.com/rss/articles/CBMiigFBVV95cUxNVlJiTmxfWHdCZlNNV1I4dnplMFJKQ2kzc1Q3QzdBODMxYkQ5bVZlQm9JU1RXdU51SmlKRVJOTkZJTGJxV2t6dEtlMWNxM1Q1cmU3RnpraW4ydy1hM1lCajJDQ2tPWDF3MDd2Y2ZzWlR3bG1mNk0xLWtiYUhMNHFJaFF2bURVMElzQnc?oc=5
2025-03-19,TSLA,Tesla,Gravity may be finally catching up to Elon Musk as Tesla stock tumbles - CNN,"EN
Sign in
Before you continue to Google
We use cookies and data to
Deliver and maintain Google services
Track outages and protect against spam, fraud, and abuse
Measure audience engagement and site statistics to understand how our services are used and enhance the quality of those services
If you choose to “Accept all,” we will also use cookies and data to
Develop and improve new services
Deliver and measure the effectiveness of ads
Show personalized content, depending on your settings
Show personalized ads, depending on your settings
If you choose to “Reject all,” we will not use cookies for these additional purposes.
Non-personalized content is influenced by things like the content you’re currently viewing, activity in your active Search session, and your location. Non-personalized ads are influenced by the content you’re currently viewing and your general location. Personalized content and ads can also include more relevant results, recommendations, and tailored ads based on past activity from this browser, like previous Google searches. We also use cookies and data to tailor the experience to be age-appropriate, if relevant.
Select “More options” to see additional information, including details about managing your privacy settings. You can also visit g.co/privacytools at any time.
Reject all
Accept all
More options
Privacy Policy
Terms of Service",https://news.google.com/rss/articles/CBMiiAFBVV95cUxPT2hlamE5bVpkemRFMnI1YktiRDJkVmE5blVaeUNxZFVlV20yUUtiNjQ3M3o1czRBckJFNnVZVVdnUHVsbWRBbTlpTHNwcTMtcjJsc3Y0T09LQUdqamI5d1dIalZEMUZocVlzZVczb0lRQXNLYXJ5QlBqZ1l2R0JTakRZWUdmRHhn0gF_QVVfeXFMT3FUX256ZnN4SXd5cktrRkRBcHg3ZTlyWEhmNHA4elJFT2ZIZXFqVFJwOUFzUDhWY29CN2xjbF9IMW5GUXpxdDc1ZHR0Z3QxNmEyOFc3TkR5bXJSb2EzWWVON2Zlb2hCZHk0OVZoaHpiNm9CYlhHdmNwVy1nZjV3Zw?oc=5
2025-03-13,TSLA,Tesla,Tesla’s Stock Still Isn’t Cheap - WSJ,"EN
Sign in
Before you continue to Google
We use cookies and data to
Deliver and maintain Google services
Track outages and protect against spam, fraud, and abuse
Measure audience engagement and site statistics to understand how our services are used and enhance the quality of those services
If you choose to “Accept all,” we will also use cookies and data to
Develop and improve new services
Deliver and measure the effectiveness of ads
Show personalized content, depending on your settings
Show personalized ads, depending on your settings
If you choose to “Reject all,” we will not use cookies for these additional purposes.
Non-personalized content is influenced by things like the content you’re currently viewing, activity in your active Search session, and your location. Non-personalized ads are influenced by the content you’re currently viewing and your general location. Personalized content and ads can also include more relevant results, recommendations, and tailored ads based on past activity from this browser, like previous Google searches. We also use cookies and data to tailor the experience to be age-appropriate, if relevant.
Select “More options” to see additional information, including details about managing your privacy settings. You can also visit g.co/privacytools at any time.
Reject all
Accept all
More options
Privacy Policy
Terms of Service",https://news.google.com/rss/articles/CBMifkFVX3lxTE9lSUNxVGY4ckdrQzNvQnRUenppM3ZBTGJ1WnpJWkdxaUhfVVlQekZmRWEwZDlOeG5WY2lHdnF0eDU3ZV9EZFo5YWRZS3BteXk1SkxCYm5vSXE2LWd1c1NmSFlQMGhxdlBSS2ZsNjM4eDBEX1IwSDBDLVY0U3M0dw?oc=5
2025-03-11,TSLA,Tesla,Tesla stock rises after worst day in almost 5 years as Musk says US production will double - Yahoo Finance,"EN
Sign in
Before you continue to Google
We use cookies and data to
Deliver and maintain Google services
Track outages and protect against spam, fraud, and abuse
Measure audience engagement and site statistics to understand how our services are used and enhance the quality of those services
If you choose to “Accept all,” we will also use cookies and data to
Develop and improve new services
Deliver and measure the effectiveness of ads
Show personalized content, depending on your settings
Show personalized ads, depending on your settings
If you choose to “Reject all,” we will not use cookies for these additional purposes.
Non-personalized content is influenced by things like the content you’re currently viewing, activity in your active Search session, and your location. Non-personalized ads are influenced by the content you’re currently viewing and your general location. Personalized content and ads can also include more relevant results, recommendations, and tailored ads based on past activity from this browser, like previous Google searches. We also use cookies and data to tailor the experience to be age-appropriate, if relevant.
Select “More options” to see additional information, including details about managing your privacy settings. You can also visit g.co/privacytools at any time.
Reject all
Accept all
More options
Privacy Policy
Terms of Service",https://news.google.com/rss/articles/CBMi0gFBVV95cUxNcE9uUERLc09ZZEhZeWkwblRJSXFYRjZOTW5UdXI0ZkxuUzNBb3ZaWkl2MTAxNTRVWkhDeEN1RjFPQ2R4TnFRck1WdWRnUVlBOXo1NTNlTW1ocW9aUzN6ZW82ZmZyb3JzVUtqQ3VPMndmMG9BVFp6VjF0QVRVMXlsMFFvdzBZZHVqVldCcWRtVkZKd0xmZ0dHbFhvSnRDWHRUd0ZPQ29ZY2NocDFRTGFtekJrMUc3WWs1Z2FqZEY3ZjVLb0QwejF1UE9PTng3Wk1qM2c?oc=5
2025-03-13,TSLA,Tesla,Tesla Stock Drops. The Trump Bump Didn’t Last Long. - Barron's,"EN
Sign in
Before you continue to Google
We use cookies and data to
Deliver and maintain Google services
Track outages and protect against spam, fraud, and abuse
Measure audience engagement and site statistics to understand how our services are used and enhance the quality of those services
If you choose to “Accept all,” we will also use cookies and data to
Develop and improve new services
Deliver and measure the effectiveness of ads
Show personalized content, depending on your settings
Show personalized ads, depending on your settings
If you choose to “Reject all,” we will not use cookies for these additional purposes.
Non-personalized content is influenced by things like the content you’re currently viewing, activity in your active Search session, and your location. Non-personalized ads are influenced by the content you’re currently viewing and your general location. Personalized content and ads can also include more relevant results, recommendations, and tailored ads based on past activity from this browser, like previous Google searches. We also use cookies and data to tailor the experience to be age-appropriate, if relevant.
Select “More options” to see additional information, including details about managing your privacy settings. You can also visit g.co/privacytools at any time.
Reject all
Accept all
More options
Privacy Policy
Terms of Service",https://news.google.com/rss/articles/CBMiggFBVV95cUxOT1otUmVaenV3cmhGb0IyZWdfS2lMWlNwcU83SFlTTm5QVGxlMTctMVRUVlo5QTdYaG9HNkxMZUJIZC1JTXdhZno5RTdrTy1MR0FFNk9GbmtfNDF0QWFCc25WcDJuZmxBdVVNc29rR0RYc0p1RXZaUGJkYkZTa01ZV1ZB?oc=5
2025-03-24,TSLA,Tesla,"Tesla Stock, Up 15% Since It Hit Lows, Rebounds With The Market - Investor's Business Daily","EN
Sign in
Before you continue to Google
We use cookies and data to
Deliver and maintain Google services
Track outages and protect against spam, fraud, and abuse
Measure audience engagement and site statistics to understand how our services are used and enhance the quality of those services
If you choose to “Accept all,” we will also use cookies and data to
Develop and improve new services
Deliver and measure the effectiveness of ads
Show personalized content, depending on your settings
Show personalized ads, depending on your settings
If you choose to “Reject all,” we will not use cookies for these additional purposes.
Non-personalized content is influenced by things like the content you’re currently viewing, activity in your active Search session, and your location. Non-personalized ads are influenced by the content you’re currently viewing and your general location. Personalized content and ads can also include more relevant results, recommendations, and tailored ads based on past activity from this browser, like previous Google searches. We also use cookies and data to tailor the experience to be age-appropriate, if relevant.
Select “More options” to see additional information, including details about managing your privacy settings. You can also visit g.co/privacytools at any time.
Reject all
Accept all
More options
Privacy Policy
Terms of Service",https://news.google.com/rss/articles/CBMilwFBVV95cUxNYVRKcEhPVFM3VmVNalVldUlpUlNuVG10RzZxelpGWkV6bXlaYTlkN0VCTUVwWWYtWFVRMWhVWW8tV2dQSFlIWDQ2LThqcHpxUU8wWUI5dXAyaDBBeTdsd2x1Si1HZzdteEFud1BIOTdDM2FOcW9EM2RwRGVkS3kyOXBBVjBoWE5ReUV0Z3JRMlNjUi1XOVVn?oc=5
2025-03-24,TSLA,Tesla,Tesla Stock Jumps in Best Day Since November - WSJ,"EN
Sign in
Before you continue to Google
We use cookies and data to
Deliver and maintain Google services
Track outages and protect against spam, fraud, and abuse
Measure audience engagement and site statistics to understand how our services are used and enhance the quality of those services
If you choose to “Accept all,” we will also use cookies and data to
Develop and improve new services
Deliver and measure the effectiveness of ads
Show personalized content, depending on your settings
Show personalized ads, depending on your settings
If you choose to “Reject all,” we will not use cookies for these additional purposes.
Non-personalized content is influenced by things like the content you’re currently viewing, activity in your active Search session, and your location. Non-personalized ads are influenced by the content you’re currently viewing and your general location. Personalized content and ads can also include more relevant results, recommendations, and tailored ads based on past activity from this browser, like previous Google searches. We also use cookies and data to tailor the experience to be age-appropriate, if relevant.
Select “More options” to see additional information, including details about managing your privacy settings. You can also visit g.co/privacytools at any time.
Reject all
Accept all
More options
Privacy Policy
Terms of Service",https://news.google.com/rss/articles/CBMi8AFBVV95cUxPczVVN0w5c1c5YVYtenZydlNSZ2VMY05fU1NaMjBYbklhNFcyLXdUTWFUUHBtNnJQY3k1ZFdJbXBpOVduZHBManFiLU1hWkZfSXJTM3lhWld1MV9UTnBfVENQTzBLcUJTZWpBdGp3X3lNRU0xVl9hd2lWTTZEUlhvYWhTNjhRd01MZE1hM1hKbWdMcUZtQnlmSnByQ2U4WUNqUmxja2VXVURrd1dpX19jR2s1emNiVXZtNzBTcTBnRFBJVkdLVWs2QlI1RVNqZFBvOVUxWGR4Vmx4N09pLWVfSzV1S3VacGc1UFJXaV9rc3A?oc=5
2025-03-24,TSLA,Tesla,Tesla stock surges nearly 12% to lead 'Magnificent 7' stocks higher as tariff worries ease - Yahoo Finance,"EN
Sign in
Before you continue to Google
We use cookies and data to
Deliver and maintain Google services
Track outages and protect against spam, fraud, and abuse
Measure audience engagement and site statistics to understand how our services are used and enhance the quality of those services
If you choose to “Accept all,” we will also use cookies and data to
Develop and improve new services
Deliver and measure the effectiveness of ads
Show personalized content, depending on your settings
Show personalized ads, depending on your settings
If you choose to “Reject all,” we will not use cookies for these additional purposes.
Non-personalized content is influenced by things like the content you’re currently viewing, activity in your active Search session, and your location. Non-personalized ads are influenced by the content you’re currently viewing and your general location. Personalized content and ads can also include more relevant results, recommendations, and tailored ads based on past activity from this browser, like previous Google searches. We also use cookies and data to tailor the experience to be age-appropriate, if relevant.
Select “More options” to see additional information, including details about managing your privacy settings. You can also visit g.co/privacytools at any time.
Reject all
Accept all
More options
Privacy Policy
Terms of Service",https://news.google.com/rss/articles/CBMizgFBVV95cUxPZmkzOVFOLWpnRW50UXZpTzd1cmZpRVlrRktUU2p4XzJRbDljMVhHOGlqM2FNYjZuem90NXdjMEk1Y3p3VHJIaTdOOGJVZ1NTMjR2d0dnS0hfVXdHN1JkQWlYZXdCLVlybXkyLUFEWnZJUWVBbjc0RWc3bGJOb1p4cks5d1hwbnRNbnMxQ20yTWdsSklWU0Y3U2ljNGtfRm9Lc0VzZF9wdW11Z3RCQXZSMlRwSWNMenN1Y1FrWXJOZGF4OG5IQ3hUUXNxME90dw?oc=5
2025-04-15,TSLA,Tesla,Tesla Stock Forms a ‘Death Cross.’ What That Means—and What Happens Next. - Barron's,"EN
Sign in
Before you continue to Google
We use cookies and data to
Deliver and maintain Google services
Track outages and protect against spam, fraud, and abuse
Measure audience engagement and site statistics to understand how our services are used and enhance the quality of those services
If you choose to “Accept all,” we will also use cookies and data to
Develop and improve new services
Deliver and measure the effectiveness of ads
Show personalized content, depending on your settings
Show personalized ads, depending on your settings
If you choose to “Reject all,” we will not use cookies for these additional purposes.
Non-personalized content is influenced by things like the content you’re currently viewing, activity in your active Search session, and your location. Non-personalized ads are influenced by the content you’re currently viewing and your general location. Personalized content and ads can also include more relevant results, recommendations, and tailored ads based on past activity from this browser, like previous Google searches. We also use cookies and data to tailor the experience to be age-appropriate, if relevant.
Select “More options” to see additional information, including details about managing your privacy settings. You can also visit g.co/privacytools at any time.
Reject all
Accept all
More options
Privacy Policy
Terms of Service",https://news.google.com/rss/articles/CBMie0FVX3lxTE95dHhTMmFpTXpJM0xLNUZWUzRQblBkNllFb3JzWXRvUGZja2MtYTJlSlltTG9TcElhRF80TTUyN1RBX2lxQTRMbFRmYmRqbHY0NWxnbjNPVWliaFY2M0t4bExQLVpaVkVuWGRCQmljTmx4Tjg3X3A5LVpMRQ?oc=5
2025-03-26,TSLA,Tesla,Tesla’s stock is making a comeback. But it’s about to face a massive challenge - CNN,"EN
Sign in
Before you continue to Google
We use cookies and data to
Deliver and maintain Google services
Track outages and protect against spam, fraud, and abuse
Measure audience engagement and site statistics to understand how our services are used and enhance the quality of those services
If you choose to “Accept all,” we will also use cookies and data to
Develop and improve new services
Deliver and measure the effectiveness of ads
Show personalized content, depending on your settings
Show personalized ads, depending on your settings
If you choose to “Reject all,” we will not use cookies for these additional purposes.
Non-personalized content is influenced by things like the content you’re currently viewing, activity in your active Search session, and your location. Non-personalized ads are influenced by the content you’re currently viewing and your general location. Personalized content and ads can also include more relevant results, recommendations, and tailored ads based on past activity from this browser, like previous Google searches. We also use cookies and data to tailor the experience to be age-appropriate, if relevant.
Select “More options” to see additional information, including details about managing your privacy settings. You can also visit g.co/privacytools at any time.
Reject all
Accept all
More options
Privacy Policy
Terms of Service",https://news.google.com/rss/articles/CBMie0FVX3lxTFBYSWpMNUU2TGp2MExsX2gzcVBqTWtjS0U4NzFNSzI2bnVibU9jWEMxbFlGUDNaODltTlNWVjdQNy1YOFM0a2R2MGViN1dGV3VtNDBSaHFLdWlwTHJRX1JaUUNFMDlMZGxYQXlzTGI5clp5dmJNQzZPVzJ3TdIBckFVX3lxTE56b01yZkdWZVhwZGNldFFEZ1ZNYmtydGJzbXM5c2tqMHg0WWpiRWZzUWI5VHBsY3J1MS1Pd25ybGk3WE5tNHRRaE5US1JScExQNk9jZkx0UXpIRE5NWWM5VGhjM1pmem1JbXlEanNnc1BQdw?oc=5
2025-04-23,TSLA,Tesla,"Tesla stock pops after Trump comments on China tariffs and Powell, despite weak earnings - CNBC","EN
Sign in
Before you continue to Google
We use cookies and data to
Deliver and maintain Google services
Track outages and protect against spam, fraud, and abuse
Measure audience engagement and site statistics to understand how our services are used and enhance the quality of those services
If you choose to “Accept all,” we will also use cookies and data to
Develop and improve new services
Deliver and measure the effectiveness of ads
Show personalized content, depending on your settings
Show personalized ads, depending on your settings
If you choose to “Reject all,” we will not use cookies for these additional purposes.
Non-personalized content is influenced by things like the content you’re currently viewing, activity in your active Search session, and your location. Non-personalized ads are influenced by the content you’re currently viewing and your general location. Personalized content and ads can also include more relevant results, recommendations, and tailored ads based on past activity from this browser, like previous Google searches. We also use cookies and data to tailor the experience to be age-appropriate, if relevant.
Select “More options” to see additional information, including details about managing your privacy settings. You can also visit g.co/privacytools at any time.
Reject all
Accept all
More options
Privacy Policy
Terms of Service",https://news.google.com/rss/articles/CBMinwFBVV95cUxNaWxnLW5FZmtqUkh2OEFVcnBTX1dPZXJXTEtDUElRZ1Y5SWVyUVRPVjVnbVZDcHl0U2lKeWlucjhtRk8tN0FnQ3FON1NWLVlMZ3NpYk9hcVFtUldQMUpBVEx0TTk4VF9JZEZOY1Q5UTNYRWpzejViam5mQzJZQ3RHeEhGR3lDbkltaFhRUXJvOC1Od3VHNFMtR1VybjBXdk3SAaQBQVVfeXFMT19fNHpFeGRQU1pIaFVZTzZwb3FiZU1vbkV5aE5Yd0g0Q2dyTVBCRHdhREEzakZlMm1xRm9jUVRhUkNST3Itc1VEQ2tXTVVSby1KVmg1VEJzbnVfbzFXaHB5V2wzX2tsOHhIT2ZMQmo1X1JMbGx3ZXlPRUlKTlItakpVd1dZajV0Z19oNWZlMVgtUG45aFpHRjJIeU1GazFaTHlNUWc?oc=5
2025-04-23,TSLA,Tesla,Tesla stock rises after Musk says time at DOGE will drop 'significantly' - Yahoo Finance,"EN
Sign in
Before you continue to Google
We use cookies and data to
Deliver and maintain Google services
Track outages and protect against spam, fraud, and abuse
Measure audience engagement and site statistics to understand how our services are used and enhance the quality of those services
If you choose to “Accept all,” we will also use cookies and data to
Develop and improve new services
Deliver and measure the effectiveness of ads
Show personalized content, depending on your settings
Show personalized ads, depending on your settings
If you choose to “Reject all,” we will not use cookies for these additional purposes.
Non-personalized content is influenced by things like the content you’re currently viewing, activity in your active Search session, and your location. Non-personalized ads are influenced by the content you’re currently viewing and your general location. Personalized content and ads can also include more relevant results, recommendations, and tailored ads based on past activity from this browser, like previous Google searches. We also use cookies and data to tailor the experience to be age-appropriate, if relevant.
Select “More options” to see additional information, including details about managing your privacy settings. You can also visit g.co/privacytools at any time.
Reject all
Accept all
More options
Privacy Policy
Terms of Service",https://news.google.com/rss/articles/CBMitwFBVV95cUxOSzI4aHZOZVRaZkljaG5ib3pPUEVsUFVPMHhFd3ZZNE5nSW1kVURXa211bnlaYWdzS1lmYUV2ZTlrY1p1aHdFX1lhOGNQSkhNUWZiNXhLZzZOeXNUcDlyTWJ5aU9vQ2JnWE5ybjYybUQ5azBKZXh6SEI1UUwxal9aUjI3dG5qOHlGdmxraWd6c0JKaU9zWHRzRFlVZlVMV0VMUEcxM3ZIc3R1UElRaFJiQWRLaDJDamc?oc=5
2025-04-18,TSLA,Tesla,What Analysts Think of Tesla Stock Ahead of Earnings - Investopedia,"EN
Sign in
Before you continue to Google
We use cookies and data to
Deliver and maintain Google services
Track outages and protect against spam, fraud, and abuse
Measure audience engagement and site statistics to understand how our services are used and enhance the quality of those services
If you choose to “Accept all,” we will also use cookies and data to
Develop and improve new services
Deliver and measure the effectiveness of ads
Show personalized content, depending on your settings
Show personalized ads, depending on your settings
If you choose to “Reject all,” we will not use cookies for these additional purposes.
Non-personalized content is influenced by things like the content you’re currently viewing, activity in your active Search session, and your location. Non-personalized ads are influenced by the content you’re currently viewing and your general location. Personalized content and ads can also include more relevant results, recommendations, and tailored ads based on past activity from this browser, like previous Google searches. We also use cookies and data to tailor the experience to be age-appropriate, if relevant.
Select “More options” to see additional information, including details about managing your privacy settings. You can also visit g.co/privacytools at any time.
Reject all
Accept all
More options
Privacy Policy
Terms of Service",https://news.google.com/rss/articles/CBMilAFBVV95cUxNbHNVMVdmYWVpR1RTaEM2U3h1VjcxVlNLcm9YVjg2OFBza3lWWmVtUU5nc3VtSXNvYTR6RnBrWjVYRTFZb1VITkVLMzJ5TEdUMV8yaERGZnR4T2g0blBpSkFDdXcxZGJYUHR4SUZzZVdKNlFyMkNWbkxnNlJaVEdNZTNHYkdFcDVaaGhpdkx4MmR2SFpt?oc=5
2025-04-22,TSLA,Tesla,Tesla Stock Price Target Slashed Before Earnings. Elon Musk Faces 'Code Red Situation.' - Investor's Business Daily,"EN
Sign in
Before you continue to Google
We use cookies and data to
Deliver and maintain Google services
Track outages and protect against spam, fraud, and abuse
Measure audience engagement and site statistics to understand how our services are used and enhance the quality of those services
If you choose to “Accept all,” we will also use cookies and data to
Develop and improve new services
Deliver and measure the effectiveness of ads
Show personalized content, depending on your settings
Show personalized ads, depending on your settings
If you choose to “Reject all,” we will not use cookies for these additional purposes.
Non-personalized content is influenced by things like the content you’re currently viewing, activity in your active Search session, and your location. Non-personalized ads are influenced by the content you’re currently viewing and your general location. Personalized content and ads can also include more relevant results, recommendations, and tailored ads based on past activity from this browser, like previous Google searches. We also use cookies and data to tailor the experience to be age-appropriate, if relevant.
Select “More options” to see additional information, including details about managing your privacy settings. You can also visit g.co/privacytools at any time.
Reject all
Accept all
More options
Privacy Policy
Terms of Service",https://news.google.com/rss/articles/CBMimgFBVV95cUxPZHkzWkszU1RRWTJXOG85blhHbnRmT1NNTnRwOXpPakJadko3VEVMemZvcXA1NUp0TUs4aENWTnY4MmxSX0dVUm94MWdlOTJkM0JaWi1yQlFjSXg0dDBjdzZ5Q0FxOEZuM2p2ZXZKbXR1U21yaE16bno2NTFkc09iOXRjeEZNZGxuUDFMdGVWZTR0MjdyUllRd05B?oc=5
2025-04-12,TSLA,Tesla,Tesla’s stock is set for a ‘death cross’ on Monday: 3 reasons why it’s a risky buy - MarketWatch,"EN
Sign in
Before you continue to Google
We use cookies and data to
Deliver and maintain Google services
Track outages and protect against spam, fraud, and abuse
Measure audience engagement and site statistics to understand how our services are used and enhance the quality of those services
If you choose to “Accept all,” we will also use cookies and data to
Develop and improve new services
Deliver and measure the effectiveness of ads
Show personalized content, depending on your settings
Show personalized ads, depending on your settings
If you choose to “Reject all,” we will not use cookies for these additional purposes.
Non-personalized content is influenced by things like the content you’re currently viewing, activity in your active Search session, and your location. Non-personalized ads are influenced by the content you’re currently viewing and your general location. Personalized content and ads can also include more relevant results, recommendations, and tailored ads based on past activity from this browser, like previous Google searches. We also use cookies and data to tailor the experience to be age-appropriate, if relevant.
Select “More options” to see additional information, including details about managing your privacy settings. You can also visit g.co/privacytools at any time.
Reject all
Accept all
More options
Privacy Policy
Terms of Service",https://news.google.com/rss/articles/CBMivAFBVV95cUxQbXltXy10QmFuZjNaYk03cWp4cFloaWFWMUgyemI5Z3VwRXJPYkdyZjVITUNQRGVpRUJma3FGUVFObzI3WG40bXpuMm1ZWU5xM0pRWVJQb01hbkxtQmFoUlJQaE1RVnJlMnZUa1ExWnRIZEpjdFpSYzFHWFVqR1lsTjJaR1lwM0QtUG85bzFHX3pjRWROVkV1bXdGaGttM3BPMjg5QlZjMGVXbEs5TGpQSWtnUGFra0xRSEZLeg?oc=5
2025-04-17,TSLA,Tesla,Analyst issues scathing take on Elon Musk and Tesla stock - TheStreet,"EN
Sign in
Before you continue to Google
We use cookies and data to
Deliver and maintain Google services
Track outages and protect against spam, fraud, and abuse
Measure audience engagement and site statistics to understand how our services are used and enhance the quality of those services
If you choose to “Accept all,” we will also use cookies and data to
Develop and improve new services
Deliver and measure the effectiveness of ads
Show personalized content, depending on your settings
Show personalized ads, depending on your settings
If you choose to “Reject all,” we will not use cookies for these additional purposes.
Non-personalized content is influenced by things like the content you’re currently viewing, activity in your active Search session, and your location. Non-personalized ads are influenced by the content you’re currently viewing and your general location. Personalized content and ads can also include more relevant results, recommendations, and tailored ads based on past activity from this browser, like previous Google searches. We also use cookies and data to tailor the experience to be age-appropriate, if relevant.
Select “More options” to see additional information, including details about managing your privacy settings. You can also visit g.co/privacytools at any time.
Reject all
Accept all
More options
Privacy Policy
Terms of Service",https://news.google.com/rss/articles/CBMimgFBVV95cUxPaVEtWGFMSnVVakxSdDlvRmF0aERuU3NVLUd5ajE2dks1bFpsdXZWOEhfZjU4Z29yd2FRMnVCalFmZnhVaUNwS2xVTlduTnlFSzdtdDdreHo3Y0NoS3Z2NTVqZndkX0ZKMjRaNW04Wi1idm5KOGlnV3FQOTFYTWs1V3JvZ3RENTdBQTdLeTQzLUtXSmtGNlFVYXV3?oc=5
2025-04-21,TSLA,Tesla,Tesla shares tumble ahead of first-quarter earnings report - CNBC,"EN
Sign in
Before you continue to Google
We use cookies and data to
Deliver and maintain Google services
Track outages and protect against spam, fraud, and abuse
Measure audience engagement and site statistics to understand how our services are used and enhance the quality of those services
If you choose to “Accept all,” we will also use cookies and data to
Develop and improve new services
Deliver and measure the effectiveness of ads
Show personalized content, depending on your settings
Show personalized ads, depending on your settings
If you choose to “Reject all,” we will not use cookies for these additional purposes.
Non-personalized content is influenced by things like the content you’re currently viewing, activity in your active Search session, and your location. Non-personalized ads are influenced by the content you’re currently viewing and your general location. Personalized content and ads can also include more relevant results, recommendations, and tailored ads based on past activity from this browser, like previous Google searches. We also use cookies and data to tailor the experience to be age-appropriate, if relevant.
Select “More options” to see additional information, including details about managing your privacy settings. You can also visit g.co/privacytools at any time.
Reject all
Accept all
More options
Privacy Policy
Terms of Service",https://news.google.com/rss/articles/CBMimwFBVV95cUxOSUdvRXFicnJKS3RzcktBNUpLQldwSG5IME8yblFkMjQ0dVd5b1JsbEN1YnFDM2VOck1GY3p1eW9pa0FCdEtrTXFWVDlTbW1VbVg1N1ZJZHZYakt2NHVUOXlBVFh3Qi1xSXo4THdBeVdTcy1TckViMHNGLUtwQ1NqemJfS05xUFFBWkllMWdhY3pQT1ZNeGhEam5yd9IBoAFBVV95cUxPckRlY2RCX095ZTdWX2d3TVA5ZUFhWGk1Mzd1QmdpYjdOR0VPeFVWWF9na2JaR0ZhUUtHMmxEeEpKZWpuTU5ndE1QV09xdEJhYmxIMHNBSTRpek9sU3hlOHFFWF9WbzE0di14NHduWXdyWDh2ZHBjcmxIOURsS1Rmbno4cU5QS19NVEZYRGpRSThLWFotYVJlNkdHRE5OOWxj?oc=5
2025-04-23,TSLA,Tesla,Why Tesla Stock Jumped 5.4% on Weak Earnings - Barron's,"EN
Sign in
Before you continue to Google
We use cookies and data to
Deliver and maintain Google services
Track outages and protect against spam, fraud, and abuse
Measure audience engagement and site statistics to understand how our services are used and enhance the quality of those services
If you choose to “Accept all,” we will also use cookies and data to
Develop and improve new services
Deliver and measure the effectiveness of ads
Show personalized content, depending on your settings
Show personalized ads, depending on your settings
If you choose to “Reject all,” we will not use cookies for these additional purposes.
Non-personalized content is influenced by things like the content you’re currently viewing, activity in your active Search session, and your location. Non-personalized ads are influenced by the content you’re currently viewing and your general location. Personalized content and ads can also include more relevant results, recommendations, and tailored ads based on past activity from this browser, like previous Google searches. We also use cookies and data to tailor the experience to be age-appropriate, if relevant.
Select “More options” to see additional information, including details about managing your privacy settings. You can also visit g.co/privacytools at any time.
Reject all
Accept all
More options
Privacy Policy
Terms of Service",https://news.google.com/rss/articles/CBMi4gFBVV95cUxQbmlieTQtd2QyYURLNXZ4RU1halNJOXpDUk9JYUhkSk1hVnc2R05TZEFHYndRTl9FaHJVdlJTZmpIbG9TQjg3TXkycno0V3UwYUZUMWcwbWRGeV9KOEFOczdjeUQxUWJGX0dCbG8zTFo2NDc3cHlxa0Q0MkJLaWhaMEpjN1NSVWdfOU1yamVTcnIwRFBNaUVBZDY0YXppZzhyZkJFeWo4bkliRG8xRUphRTlkUmFUMWJvZ2QxY2NFcGVnaXZocGpNMXRZeE5oRmQwbE9QVFBsSWdwZmRMQTNRYnZR?oc=5
2025-04-01,TSLA,Tesla,Is Tesla Stock A Buy Or A Sell As It Appears To Have Bottomed? - Investor's Business Daily,"EN
Sign in
Before you continue to Google
We use cookies and data to
Deliver and maintain Google services
Track outages and protect against spam, fraud, and abuse
Measure audience engagement and site statistics to understand how our services are used and enhance the quality of those services
If you choose to “Accept all,” we will also use cookies and data to
Develop and improve new services
Deliver and measure the effectiveness of ads
Show personalized content, depending on your settings
Show personalized ads, depending on your settings
If you choose to “Reject all,” we will not use cookies for these additional purposes.
Non-personalized content is influenced by things like the content you’re currently viewing, activity in your active Search session, and your location. Non-personalized ads are influenced by the content you’re currently viewing and your general location. Personalized content and ads can also include more relevant results, recommendations, and tailored ads based on past activity from this browser, like previous Google searches. We also use cookies and data to tailor the experience to be age-appropriate, if relevant.
Select “More options” to see additional information, including details about managing your privacy settings. You can also visit g.co/privacytools at any time.
Reject all
Accept all
More options
Privacy Policy
Terms of Service",https://news.google.com/rss/articles/CBMif0FVX3lxTE9KdmdneVZQcVYxR0J6emJiNkY4OWE2Q01HU3pfUk1IdTB5WVBkOExUOE8wV2xxTm1FX25jbEZrejcwY25MTEtkMWlrTDJyRWlCVWJSU2tHVWU5YzBCZ05HYnZSdFdEUkdWaXNMSTh2eGtPQ2tjUFVuZzg0NUhnTDA?oc=5
2025-04-23,TSLA,Tesla,Watch These Tesla Levels as Stock Rises After Musk Says DOGE Role Will Diminish - Investopedia,"EN
Sign in
Before you continue to Google
We use cookies and data to
Deliver and maintain Google services
Track outages and protect against spam, fraud, and abuse
Measure audience engagement and site statistics to understand how our services are used and enhance the quality of those services
If you choose to “Accept all,” we will also use cookies and data to
Develop and improve new services
Deliver and measure the effectiveness of ads
Show personalized content, depending on your settings
Show personalized ads, depending on your settings
If you choose to “Reject all,” we will not use cookies for these additional purposes.
Non-personalized content is influenced by things like the content you’re currently viewing, activity in your active Search session, and your location. Non-personalized ads are influenced by the content you’re currently viewing and your general location. Personalized content and ads can also include more relevant results, recommendations, and tailored ads based on past activity from this browser, like previous Google searches. We also use cookies and data to tailor the experience to be age-appropriate, if relevant.
Select “More options” to see additional information, including details about managing your privacy settings. You can also visit g.co/privacytools at any time.
Reject all
Accept all
More options
Privacy Policy
Terms of Service",https://news.google.com/rss/articles/CBMiuAFBVV95cUxNS1RDaW0wcEJfMWxkclI3cjJmOW9sUllEbzFQV0I5Yjc3Unl0VGFES0ZXQWtyc0FnSEpyQUtCdTVTY1d0d21vQVJVLWhfaktkVldyQ3ktcGpGVXE3bkJKRWs1LU8xdmZXSDFtUnNadVJScS1GQThFWHpmVzhHSjdTQ0FTYzRxVklNM3psbVRTOEZ3VmtHcEVqUU0wWG9xdUxJZ1hKNlRzYnZ2ZTFxVnNVZzcxU2N2VHMy?oc=5
2025-04-22,TSLA,Tesla,Tesla stock has plunged 40%. Will earnings do damage control? - Yahoo Finance,"EN
Sign in
Before you continue to Google
We use cookies and data to
Deliver and maintain Google services
Track outages and protect against spam, fraud, and abuse
Measure audience engagement and site statistics to understand how our services are used and enhance the quality of those services
If you choose to “Accept all,” we will also use cookies and data to
Develop and improve new services
Deliver and measure the effectiveness of ads
Show personalized content, depending on your settings
Show personalized ads, depending on your settings
If you choose to “Reject all,” we will not use cookies for these additional purposes.
Non-personalized content is influenced by things like the content you’re currently viewing, activity in your active Search session, and your location. Non-personalized ads are influenced by the content you’re currently viewing and your general location. Personalized content and ads can also include more relevant results, recommendations, and tailored ads based on past activity from this browser, like previous Google searches. We also use cookies and data to tailor the experience to be age-appropriate, if relevant.
Select “More options” to see additional information, including details about managing your privacy settings. You can also visit g.co/privacytools at any time.
Reject all
Accept all
More options
Privacy Policy
Terms of Service",https://news.google.com/rss/articles/CBMigwFBVV95cUxPaWJnakFZbUNxdkozaERVODRGWXh5YXJJUEZPT19KWF9zaHFjV29uNE04TXVlbVl6amJaRndBWXhqczdvamFqRWhsRlZfQ01rZXYzV0dpeWR1RmJ0cy0xUzhTRWdHM195OHVIb2ZYbTJIMlVLVW5EQkF4Q0JKaURONVFEYw?oc=5
2025-04-23,TSLA,Tesla,Tesla Stock Jumps at the Open - Barron's,"EN
Sign in
Before you continue to Google
We use cookies and data to
Deliver and maintain Google services
Track outages and protect against spam, fraud, and abuse
Measure audience engagement and site statistics to understand how our services are used and enhance the quality of those services
If you choose to “Accept all,” we will also use cookies and data to
Develop and improve new services
Deliver and measure the effectiveness of ads
Show personalized content, depending on your settings
Show personalized ads, depending on your settings
If you choose to “Reject all,” we will not use cookies for these additional purposes.
Non-personalized content is influenced by things like the content you’re currently viewing, activity in your active Search session, and your location. Non-personalized ads are influenced by the content you’re currently viewing and your general location. Personalized content and ads can also include more relevant results, recommendations, and tailored ads based on past activity from this browser, like previous Google searches. We also use cookies and data to tailor the experience to be age-appropriate, if relevant.
Select “More options” to see additional information, including details about managing your privacy settings. You can also visit g.co/privacytools at any time.
Reject all
Accept all
More options
Privacy Policy
Terms of Service",https://news.google.com/rss/articles/CBMiwgFBVV95cUxNTWdOU1dET1NVTFlBNmNJT3lQMGh1UUJsN2k1NmlvVDlQYmh0aWF2LTFWcC1oaXk1bEF3TEhTTXQxdnVHUWFGdkhySGoyOERmWHdieWdTTy14c3RjN0tjdUtqTV83NEZ6V2JnTWVxYmQydVZUYm1wMk0wVURpWFpkRzJTSW1uYmVvMGRBcUtldVV5WlFWTEluRnMzSXl6OTJtTzNvNmlmMjJaS250dHZURmhVRF91ZmQ0dGVtWHNTX3lSZw?oc=5
2025-04-22,TSLA,Tesla,Here's Where Traders Bet Tesla Stock Is Headed After Reporting Earnings Tuesday - Investopedia,"EN
Sign in
Before you continue to Google
We use cookies and data to
Deliver and maintain Google services
Track outages and protect against spam, fraud, and abuse
Measure audience engagement and site statistics to understand how our services are used and enhance the quality of those services
If you choose to “Accept all,” we will also use cookies and data to
Develop and improve new services
Deliver and measure the effectiveness of ads
Show personalized content, depending on your settings
Show personalized ads, depending on your settings
If you choose to “Reject all,” we will not use cookies for these additional purposes.
Non-personalized content is influenced by things like the content you’re currently viewing, activity in your active Search session, and your location. Non-personalized ads are influenced by the content you’re currently viewing and your general location. Personalized content and ads can also include more relevant results, recommendations, and tailored ads based on past activity from this browser, like previous Google searches. We also use cookies and data to tailor the experience to be age-appropriate, if relevant.
Select “More options” to see additional information, including details about managing your privacy settings. You can also visit g.co/privacytools at any time.
Reject all
Accept all
More options
Privacy Policy
Terms of Service",https://news.google.com/rss/articles/CBMiugFBVV95cUxQZm1IU1BmTElpSkZCMlFBamtwak9FQm4yemtaUmdaQW9vOFF4Vjg4dnBYQzU5alpHMlNHYTkybEh1MmRPdjhtUl9pYW44aFVmVUhMUG81LS01VWp2RXNOQU5Yd0ZSZENlVWJQRFJfLXJidXFGNm9PeTI0enJFeTNQdUVuVmNEdnRtRmNPbEtqQWthOGMtVXRra3RwQm1WSFlDUW5xNkcyT2VfcnpXRWxKU3VKT0w0SEVYZGc?oc=5
2025-04-22,TSLA,Tesla,Tesla Earnings Miss But Elon Musk Bullish On Robotaxis. June Launch Still On. - Investor's Business Daily,"EN
Sign in
Before you continue to Google
We use cookies and data to
Deliver and maintain Google services
Track outages and protect against spam, fraud, and abuse
Measure audience engagement and site statistics to understand how our services are used and enhance the quality of those services
If you choose to “Accept all,” we will also use cookies and data to
Develop and improve new services
Deliver and measure the effectiveness of ads
Show personalized content, depending on your settings
Show personalized ads, depending on your settings
If you choose to “Reject all,” we will not use cookies for these additional purposes.
Non-personalized content is influenced by things like the content you’re currently viewing, activity in your active Search session, and your location. Non-personalized ads are influenced by the content you’re currently viewing and your general location. Personalized content and ads can also include more relevant results, recommendations, and tailored ads based on past activity from this browser, like previous Google searches. We also use cookies and data to tailor the experience to be age-appropriate, if relevant.
Select “More options” to see additional information, including details about managing your privacy settings. You can also visit g.co/privacytools at any time.
Reject all
Accept all
More options
Privacy Policy
Terms of Service",https://news.google.com/rss/articles/CBMihwFBVV95cUxPU2loRWZDamVvMDVhaEYtNzdxdFo1eWduVXJjUmVoM1JlbVlwMnV3N09WT09KZkY3MzIxVUFNalJJbUFNZ1I1dktOSDRsaXlZY2RTM3JLZUZ5NWZQRDBDRkJhd1Z5VWp3d2pTaFd3dURKQk5Nd1NEejhSZ19XZ05sM2l4LUFYS0k?oc=5
2025-04-23,TSLA,Tesla,Why Tesla's Stock Is Rising After Earnings Fell Short of Estimates - Investopedia,"EN
Sign in
Before you continue to Google
We use cookies and data to
Deliver and maintain Google services
Track outages and protect against spam, fraud, and abuse
Measure audience engagement and site statistics to understand how our services are used and enhance the quality of those services
If you choose to “Accept all,” we will also use cookies and data to
Develop and improve new services
Deliver and measure the effectiveness of ads
Show personalized content, depending on your settings
Show personalized ads, depending on your settings
If you choose to “Reject all,” we will not use cookies for these additional purposes.
Non-personalized content is influenced by things like the content you’re currently viewing, activity in your active Search session, and your location. Non-personalized ads are influenced by the content you’re currently viewing and your general location. Personalized content and ads can also include more relevant results, recommendations, and tailored ads based on past activity from this browser, like previous Google searches. We also use cookies and data to tailor the experience to be age-appropriate, if relevant.
Select “More options” to see additional information, including details about managing your privacy settings. You can also visit g.co/privacytools at any time.
Reject all
Accept all
More options
Privacy Policy
Terms of Service",https://news.google.com/rss/articles/CBMipAFBVV95cUxPQzVuQTBaNlI5V1REcENwVk5RaGh0LXB0bnFQQ0E5Zjdxc09wUVdGZjVsNEt5NlVNM3FOSEdmRXZqRnVtLWtJdFE0d1U0aXR6WGEyTURhWE5XWUc4OGNORkw5bko3cm1xMkluSjAxV2ktMjZEOHo0N0hLcHdTUlNGampTWFdTamhYNHl5dHNobVNXc0o3eG43RnZ2SjZFQXVGamJyWg?oc=5
2025-04-24,TSLA,Tesla,Analysts Expected Profit Growth This Year. Then Tesla Released Q1 Earnings And Things Changed. - Investor's Business Daily,"EN
Sign in
Before you continue to Google
We use cookies and data to
Deliver and maintain Google services
Track outages and protect against spam, fraud, and abuse
Measure audience engagement and site statistics to understand how our services are used and enhance the quality of those services
If you choose to “Accept all,” we will also use cookies and data to
Develop and improve new services
Deliver and measure the effectiveness of ads
Show personalized content, depending on your settings
Show personalized ads, depending on your settings
If you choose to “Reject all,” we will not use cookies for these additional purposes.
Non-personalized content is influenced by things like the content you’re currently viewing, activity in your active Search session, and your location. Non-personalized ads are influenced by the content you’re currently viewing and your general location. Personalized content and ads can also include more relevant results, recommendations, and tailored ads based on past activity from this browser, like previous Google searches. We also use cookies and data to tailor the experience to be age-appropriate, if relevant.
Select “More options” to see additional information, including details about managing your privacy settings. You can also visit g.co/privacytools at any time.
Reject all
Accept all
More options
Privacy Policy
Terms of Service",https://news.google.com/rss/articles/CBMiogFBVV95cUxPWFNMaW9pZ3BYS1FZMlFiRFdwOUlycVJmZ2pNblEtNTFPUXZzLUxuSmRSWVRPNzZKR2ppME5NNmNIdnhMci1Jd3YwOVVuTzZ3UEJmRDQxT2FrX00tTnRuTWVqdzZuMmZyd0ZRMTIwbGpoTHJocFItMHZwbGZmbkN4UjB6Y0k4NE0tVFZPLWp6V0tUb1RSSUtvNWNmU09zTmloREE?oc=5
2025-04-21,TSLA,Tesla,Watch These Tesla Price Levels as Stock Slides Ahead of Earnings Report - Investopedia,"EN
Sign in
Before you continue to Google
We use cookies and data to
Deliver and maintain Google services
Track outages and protect against spam, fraud, and abuse
Measure audience engagement and site statistics to understand how our services are used and enhance the quality of those services
If you choose to “Accept all,” we will also use cookies and data to
Develop and improve new services
Deliver and measure the effectiveness of ads
Show personalized content, depending on your settings
Show personalized ads, depending on your settings
If you choose to “Reject all,” we will not use cookies for these additional purposes.
Non-personalized content is influenced by things like the content you’re currently viewing, activity in your active Search session, and your location. Non-personalized ads are influenced by the content you’re currently viewing and your general location. Personalized content and ads can also include more relevant results, recommendations, and tailored ads based on past activity from this browser, like previous Google searches. We also use cookies and data to tailor the experience to be age-appropriate, if relevant.
Select “More options” to see additional information, including details about managing your privacy settings. You can also visit g.co/privacytools at any time.
Reject all
Accept all
More options
Privacy Policy
Terms of Service",https://news.google.com/rss/articles/CBMirgFBVV95cUxON3lENjJ0MWRLcy1hYi1OQlU0NGdQNUxDZGhGd1Z3elRnWVMxSEpxdlU5S1dqdm5XUkJYcnoyVDJ3OElDWnozNUhvaUt0VEctVlpOakNIXzZYZy1xYUNna2czQ2V5RU1ZQWhpLUZXTmJIXzJtNW90aDV1Z3NkeUNfU0p2M0J3cWc0ZmpYcjBTYnkxMnZoTGVGeWZGX2hPbDFWejVJRFZTR0V4ZkhpT0E?oc=5
2025-04-23,TSLA,Tesla,"Tesla Soars As Wall Street Looks Past Q1 Earnings, Cheers Elon Musk Stepping Back From Trump White House - Investor's Business Daily","EN
Sign in
Before you continue to Google
We use cookies and data to
Deliver and maintain Google services
Track outages and protect against spam, fraud, and abuse
Measure audience engagement and site statistics to understand how our services are used and enhance the quality of those services
If you choose to “Accept all,” we will also use cookies and data to
Develop and improve new services
Deliver and measure the effectiveness of ads
Show personalized content, depending on your settings
Show personalized ads, depending on your settings
If you choose to “Reject all,” we will not use cookies for these additional purposes.
Non-personalized content is influenced by things like the content you’re currently viewing, activity in your active Search session, and your location. Non-personalized ads are influenced by the content you’re currently viewing and your general location. Personalized content and ads can also include more relevant results, recommendations, and tailored ads based on past activity from this browser, like previous Google searches. We also use cookies and data to tailor the experience to be age-appropriate, if relevant.
Select “More options” to see additional information, including details about managing your privacy settings. You can also visit g.co/privacytools at any time.
Reject all
Accept all
More options
Privacy Policy
Terms of Service",https://news.google.com/rss/articles/CBMikAFBVV95cUxNNHBmbmZYN1JpNkd4Q0JQcHlIR2Y2VDlaUGctWWIyWURmR0hZeWhiZEE4c3d6MW1FZGdaUklCMWVmenZnamZFUGJBdmQ5TmdJQU9CUjRFenJaV1VsbjhlUHF0cUtwcU10bm95VHFHZGc0MjkyOFJwRmpkUmljRFNWZ2pqaHRzVnhxaWxRTS1Cak8?oc=5
2025-04-29,TSLA,Tesla,Tesla Stock Rose for 6th Straight Day. Why Robots Matter More Than Tariffs. - Barron's,"EN
Sign in
Before you continue to Google
We use cookies and data to
Deliver and maintain Google services
Track outages and protect against spam, fraud, and abuse
Measure audience engagement and site statistics to understand how our services are used and enhance the quality of those services
If you choose to “Accept all,” we will also use cookies and data to
Develop and improve new services
Deliver and measure the effectiveness of ads
Show personalized content, depending on your settings
Show personalized ads, depending on your settings
If you choose to “Reject all,” we will not use cookies for these additional purposes.
Non-personalized content is influenced by things like the content you’re currently viewing, activity in your active Search session, and your location. Non-personalized ads are influenced by the content you’re currently viewing and your general location. Personalized content and ads can also include more relevant results, recommendations, and tailored ads based on past activity from this browser, like previous Google searches. We also use cookies and data to tailor the experience to be age-appropriate, if relevant.
Select “More options” to see additional information, including details about managing your privacy settings. You can also visit g.co/privacytools at any time.
Reject all
Accept all
More options
Privacy Policy
Terms of Service",https://news.google.com/rss/articles/CBMifkFVX3lxTFB0ajNpWVBjQUhYcUlBYlZDdEZsQjJKdy1MTUxPSU5weHRNVGpuREV1dWdvT3FCdFJiU2kzS1ZrYzFaal8tTFFnZ2tBb3dNV0FOYUplLUtSRTVmWGFTcjFSeEhwbmJROURvUENYSkFfVXFoY2RQNjl5UFU5bVRnUQ?oc=5
2025-04-27,TSLA,Tesla,Tesla Stock Investors: Elon Musk Expects 99% Market Share in This Trillion-Dollar Industry - The Motley Fool,"EN
Sign in
Before you continue to Google
We use cookies and data to
Deliver and maintain Google services
Track outages and protect against spam, fraud, and abuse
Measure audience engagement and site statistics to understand how our services are used and enhance the quality of those services
If you choose to “Accept all,” we will also use cookies and data to
Develop and improve new services
Deliver and measure the effectiveness of ads
Show personalized content, depending on your settings
Show personalized ads, depending on your settings
If you choose to “Reject all,” we will not use cookies for these additional purposes.
Non-personalized content is influenced by things like the content you’re currently viewing, activity in your active Search session, and your location. Non-personalized ads are influenced by the content you’re currently viewing and your general location. Personalized content and ads can also include more relevant results, recommendations, and tailored ads based on past activity from this browser, like previous Google searches. We also use cookies and data to tailor the experience to be age-appropriate, if relevant.
Select “More options” to see additional information, including details about managing your privacy settings. You can also visit g.co/privacytools at any time.
Reject all
Accept all
More options
Privacy Policy
Terms of Service",https://news.google.com/rss/articles/CBMikwFBVV95cUxOSzlPaTM1NVRVMXBlV0xGY2tZcEVPNGpEVGtLcEVHWnZOOW5ObjEtTE44R2R6U3JYdUpVWDY3enVBTC00ckpDVXRNVkJackItUFdFQVdjQ0ExU25ZM1V2bGpiVXpQa2U5NkVXSzJuZ3F1amZyWTZIRkJxNnQ3UzI1UWpFQndEelJrMzZ1cThTdFVjX0U?oc=5
2025-04-25,TSLA,Tesla,Why Tesla Stock Just Had Its Best Week Since November - Investopedia,"EN
Sign in
Before you continue to Google
We use cookies and data to
Deliver and maintain Google services
Track outages and protect against spam, fraud, and abuse
Measure audience engagement and site statistics to understand how our services are used and enhance the quality of those services
If you choose to “Accept all,” we will also use cookies and data to
Develop and improve new services
Deliver and measure the effectiveness of ads
Show personalized content, depending on your settings
Show personalized ads, depending on your settings
If you choose to “Reject all,” we will not use cookies for these additional purposes.
Non-personalized content is influenced by things like the content you’re currently viewing, activity in your active Search session, and your location. Non-personalized ads are influenced by the content you’re currently viewing and your general location. Personalized content and ads can also include more relevant results, recommendations, and tailored ads based on past activity from this browser, like previous Google searches. We also use cookies and data to tailor the experience to be age-appropriate, if relevant.
Select “More options” to see additional information, including details about managing your privacy settings. You can also visit g.co/privacytools at any time.
Reject all
Accept all
More options
Privacy Policy
Terms of Service",https://news.google.com/rss/articles/CBMiowFBVV95cUxNd1N3VTVKaHlNb3dHc1RTbkZWQmk3QmJKRFZkUm5rWm01dDI0UzVQdmZHVEpleGRXbUJZaWhTTm1QbENBb1cxdG81ODZHSWRFNzUyVVczNDJyUWw5QVZPX3FHck9DMFZGX085SWV0SzlKNU5VbTVzS1BiMHU4dHdzU0MzZU8xVGVLdHBqejd4c0EwOFdJa0RyeVFGdHp2WTBzMHdZ?oc=5
2025-04-25,TSLA,Tesla,"Investors relieved Musk will refocus on Tesla, but worry about brand damage - Reuters","EN
Sign in
Before you continue to Google
We use cookies and data to
Deliver and maintain Google services
Track outages and protect against spam, fraud, and abuse
Measure audience engagement and site statistics to understand how our services are used and enhance the quality of those services
If you choose to “Accept all,” we will also use cookies and data to
Develop and improve new services
Deliver and measure the effectiveness of ads
Show personalized content, depending on your settings
Show personalized ads, depending on your settings
If you choose to “Reject all,” we will not use cookies for these additional purposes.
Non-personalized content is influenced by things like the content you’re currently viewing, activity in your active Search session, and your location. Non-personalized ads are influenced by the content you’re currently viewing and your general location. Personalized content and ads can also include more relevant results, recommendations, and tailored ads based on past activity from this browser, like previous Google searches. We also use cookies and data to tailor the experience to be age-appropriate, if relevant.
Select “More options” to see additional information, including details about managing your privacy settings. You can also visit g.co/privacytools at any time.
Reject all
Accept all
More options
Privacy Policy
Terms of Service",https://news.google.com/rss/articles/CBMitgFBVV95cUxOTlF1dGRLNmdEekwyRWNMWXBYcm5nc20wel9xRnFHc0NqS25YTjFLVzZuRHZRN05YR3BQaGtkSTJBVGZ0cHF2NXBueW9EeFZoLWpCcnR5RTJqRTNlNXZGYVU5WUdJQzIzbUZRSi1zTDFaVm4yYUNGVVNrMFNHRUlXdWg2c0todG9YUGpmNzN4S1hfdGE0QjVUMWUzelJIT1VSTk1LeW5pamFrNm1PclVRSE1POEN3UQ?oc=5
2025-04-29,TSLA,Tesla,How Elon Musk could send Tesla stock soaring - TheStreet,"EN
Sign in
Before you continue to Google
We use cookies and data to
Deliver and maintain Google services
Track outages and protect against spam, fraud, and abuse
Measure audience engagement and site statistics to understand how our services are used and enhance the quality of those services
If you choose to “Accept all,” we will also use cookies and data to
Develop and improve new services
Deliver and measure the effectiveness of ads
Show personalized content, depending on your settings
Show personalized ads, depending on your settings
If you choose to “Reject all,” we will not use cookies for these additional purposes.
Non-personalized content is influenced by things like the content you’re currently viewing, activity in your active Search session, and your location. Non-personalized ads are influenced by the content you’re currently viewing and your general location. Personalized content and ads can also include more relevant results, recommendations, and tailored ads based on past activity from this browser, like previous Google searches. We also use cookies and data to tailor the experience to be age-appropriate, if relevant.
Select “More options” to see additional information, including details about managing your privacy settings. You can also visit g.co/privacytools at any time.
Reject all
Accept all
More options
Privacy Policy
Terms of Service",https://news.google.com/rss/articles/CBMiiAFBVV95cUxPM2l0dFhIUUtlMERHWlNreTREeFVWcmlNMlQ5UzBMRUViSVNNcUgxb3ZMRDhBM3lXblRxQmU0aE1hS2lhd2MyMmxZRkF3RzNmLWVmbTN5TTk0X2RoQUNUdDlta1MyOERoTzNjcGpiRkdBR2pQMVJtOEtYN0NMd0VQS2wtdTZITGhq?oc=5
2025-04-29,TSLA,Tesla,Tesla insider buys stock for the first time in years and it’s hilarious - Electrek,"EN
Sign in
Before you continue to Google
We use cookies and data to
Deliver and maintain Google services
Track outages and protect against spam, fraud, and abuse
Measure audience engagement and site statistics to understand how our services are used and enhance the quality of those services
If you choose to “Accept all,” we will also use cookies and data to
Develop and improve new services
Deliver and measure the effectiveness of ads
Show personalized content, depending on your settings
Show personalized ads, depending on your settings
If you choose to “Reject all,” we will not use cookies for these additional purposes.
Non-personalized content is influenced by things like the content you’re currently viewing, activity in your active Search session, and your location. Non-personalized ads are influenced by the content you’re currently viewing and your general location. Personalized content and ads can also include more relevant results, recommendations, and tailored ads based on past activity from this browser, like previous Google searches. We also use cookies and data to tailor the experience to be age-appropriate, if relevant.
Select “More options” to see additional information, including details about managing your privacy settings. You can also visit g.co/privacytools at any time.
Reject all
Accept all
More options
Privacy Policy
Terms of Service",https://news.google.com/rss/articles/CBMipAFBVV95cUxPSjZCV3dJM3U4ZzJTTGJGeE1EcHFKbjM1VVJpM3JSYW1SNFUyRUtGTk1sdmFpc3QwSGVtLWRIajdZTzZKNm5EVkNsZEFFMnBPbldaWWNDRU5XT2duQlZQOHYtcno1djBLa3ZHMGlYRnRUb2ZHU0hOcW5ucTM5MFVPaEZ1VU9RZTJsTW9zQ2dxeUNBYTdBbUpxYmxqWDVDeVNwRWNkbQ?oc=5
2025-04-25,TSLA,Tesla,Tesla stock has spiked 20% since Musk said he's stepping back from DOGE - Business Insider,"EN
Sign in
Before you continue to Google
We use cookies and data to
Deliver and maintain Google services
Track outages and protect against spam, fraud, and abuse
Measure audience engagement and site statistics to understand how our services are used and enhance the quality of those services
If you choose to “Accept all,” we will also use cookies and data to
Develop and improve new services
Deliver and measure the effectiveness of ads
Show personalized content, depending on your settings
Show personalized ads, depending on your settings
If you choose to “Reject all,” we will not use cookies for these additional purposes.
Non-personalized content is influenced by things like the content you’re currently viewing, activity in your active Search session, and your location. Non-personalized ads are influenced by the content you’re currently viewing and your general location. Personalized content and ads can also include more relevant results, recommendations, and tailored ads based on past activity from this browser, like previous Google searches. We also use cookies and data to tailor the experience to be age-appropriate, if relevant.
Select “More options” to see additional information, including details about managing your privacy settings. You can also visit g.co/privacytools at any time.
Reject all
Accept all
More options
Privacy Policy
Terms of Service",https://news.google.com/rss/articles/CBMimgFBVV95cUxONnZjY3Z4YmpDajBUa3BENlBqVTJfcDZPSmJtak1VSkZCQ2NhN0pXdUhzWHFkQWUwM0FrUXUzMGdpb0x2ZmFVd3V0dWpUVVppX1ZKZnRLWWtyOXN6OF9WNnNsb3VBTGJUQ2ZfY3poY2JQdnBwdnBhWEltR3RKbHVLd2huSXdEdkdVX2FLMGR0S2lrRXpDS0xmNHln?oc=5
2025-04-25,TSLA,Tesla,"Stock market today: Tesla surges 9%, S&P 500 gains for 4th-straight day in longest win streak since January - Yahoo Finance","EN
Sign in
Before you continue to Google
We use cookies and data to
Deliver and maintain Google services
Track outages and protect against spam, fraud, and abuse
Measure audience engagement and site statistics to understand how our services are used and enhance the quality of those services
If you choose to “Accept all,” we will also use cookies and data to
Develop and improve new services
Deliver and measure the effectiveness of ads
Show personalized content, depending on your settings
Show personalized ads, depending on your settings
If you choose to “Reject all,” we will not use cookies for these additional purposes.
Non-personalized content is influenced by things like the content you’re currently viewing, activity in your active Search session, and your location. Non-personalized ads are influenced by the content you’re currently viewing and your general location. Personalized content and ads can also include more relevant results, recommendations, and tailored ads based on past activity from this browser, like previous Google searches. We also use cookies and data to tailor the experience to be age-appropriate, if relevant.
Select “More options” to see additional information, including details about managing your privacy settings. You can also visit g.co/privacytools at any time.
Reject all
Accept all
More options
Privacy Policy
Terms of Service",https://news.google.com/rss/articles/CBMi6gFBVV95cUxPd2dpNjEtRjR6YnhvcUV5V2ZtaVQ1a0Nhck1md0owbTE1UWZSVVczZU1JYnhCY1pRTk9mczVDUFN6cDEwdXJxd0lHanRhUUM1UkFjSUtpVnRDRVJNVEtWTzRnQy1zMURpTmNKbjhPVGh3MHZmNWJLMjFCMFVlcjctMngwWWstVG96cUwzREFNY1h3ZFpRWjdheDdIZXJFVnJEXzZRN2hGRUZBQmxudzFHTHY4VlpQci1mRGtsQXBmdVM1a2RfTXdrcC1XYmFBbXF4Qlo2RHIzaERyakdoOEx6R19BbUc2M0YycXc?oc=5
2025-04-28,TSLA,Tesla,Tesla Stock Barely Eked Out a Gain. Why the $300 Level Is Back in Play. - Barron's,"EN
Sign in
Before you continue to Google
We use cookies and data to
Deliver and maintain Google services
Track outages and protect against spam, fraud, and abuse
Measure audience engagement and site statistics to understand how our services are used and enhance the quality of those services
If you choose to “Accept all,” we will also use cookies and data to
Develop and improve new services
Deliver and measure the effectiveness of ads
Show personalized content, depending on your settings
Show personalized ads, depending on your settings
If you choose to “Reject all,” we will not use cookies for these additional purposes.
Non-personalized content is influenced by things like the content you’re currently viewing, activity in your active Search session, and your location. Non-personalized ads are influenced by the content you’re currently viewing and your general location. Personalized content and ads can also include more relevant results, recommendations, and tailored ads based on past activity from this browser, like previous Google searches. We also use cookies and data to tailor the experience to be age-appropriate, if relevant.
Select “More options” to see additional information, including details about managing your privacy settings. You can also visit g.co/privacytools at any time.
Reject all
Accept all
More options
Privacy Policy
Terms of Service",https://news.google.com/rss/articles/CBMic0FVX3lxTE9BTG9iMnRyRGJKbDE5RXRKWEd3dlBQSmIyZXNrWmFnZWhWV000UWhwUkNnWHFLWEpKV0k0bDNHbHo1TDhiRVFuM1VRLV92WWNqMmttbVZKZXljNndYb0RERmxXak9OekZVVHlVenF2b0tHajQ?oc=5
2025-04-25,TSLA,Tesla,"Tesla Stock Jumps, Extending Gains as US Loosens Self-Driving Car Rules - Investopedia","EN
Sign in
Before you continue to Google
We use cookies and data to
Deliver and maintain Google services
Track outages and protect against spam, fraud, and abuse
Measure audience engagement and site statistics to understand how our services are used and enhance the quality of those services
If you choose to “Accept all,” we will also use cookies and data to
Develop and improve new services
Deliver and measure the effectiveness of ads
Show personalized content, depending on your settings
Show personalized ads, depending on your settings
If you choose to “Reject all,” we will not use cookies for these additional purposes.
Non-personalized content is influenced by things like the content you’re currently viewing, activity in your active Search session, and your location. Non-personalized ads are influenced by the content you’re currently viewing and your general location. Personalized content and ads can also include more relevant results, recommendations, and tailored ads based on past activity from this browser, like previous Google searches. We also use cookies and data to tailor the experience to be age-appropriate, if relevant.
Select “More options” to see additional information, including details about managing your privacy settings. You can also visit g.co/privacytools at any time.
Reject all
Accept all
More options
Privacy Policy
Terms of Service",https://news.google.com/rss/articles/CBMirAFBVV95cUxNVENRcXBxbUxVTHY2Unl4Ukhob0w0NEtxd0lMTXVEeVE5aUhzWmtnbXlSbi1KeGN6Y3VmY2pyYWk3SWQtWm1jWGtVb21fLXBRX05aTFlNR25Cb3N4RVJKQlZRMEo5YW1Xb196ZkNaREFhTUs3T19qalpBTGJ4bXZuNVhkVkxqR0lpSzB6cGVqNjNXM25NTEJvUFF2MXZLR3R2bjNiZ3JQNVRQWndE?oc=5
2025-04-25,TSLA,Tesla,Where Will Tesla Stock Be in 5 Years? - The Motley Fool,"EN
Sign in
Before you continue to Google
We use cookies and data to
Deliver and maintain Google services
Track outages and protect against spam, fraud, and abuse
Measure audience engagement and site statistics to understand how our services are used and enhance the quality of those services
If you choose to “Accept all,” we will also use cookies and data to
Develop and improve new services
Deliver and measure the effectiveness of ads
Show personalized content, depending on your settings
Show personalized ads, depending on your settings
If you choose to “Reject all,” we will not use cookies for these additional purposes.
Non-personalized content is influenced by things like the content you’re currently viewing, activity in your active Search session, and your location. Non-personalized ads are influenced by the content you’re currently viewing and your general location. Personalized content and ads can also include more relevant results, recommendations, and tailored ads based on past activity from this browser, like previous Google searches. We also use cookies and data to tailor the experience to be age-appropriate, if relevant.
Select “More options” to see additional information, including details about managing your privacy settings. You can also visit g.co/privacytools at any time.
Reject all
Accept all
More options
Privacy Policy
Terms of Service",https://news.google.com/rss/articles/CBMihgFBVV95cUxOb1c5cmZ5d2NMUHY5cWZGZDZROUd3eW1ZaW9zdjRCclR0LS0yRzAxSEVBRkRLZ0U0Z3JidFBnRlZRdzF6WlZ4bjhrRFJSSkZCLWVYc3B1X0w2YjFUeWVDdERreWNudDViQWxWQy03SHFEUjczTG1rcEJpaW9Id2NQRVNqVW5FQQ?oc=5
2025-04-25,TSLA,Tesla,Surprising robotaxi news sends Tesla stock surging - TheStreet,"EN
Sign in
Before you continue to Google
We use cookies and data to
Deliver and maintain Google services
Track outages and protect against spam, fraud, and abuse
Measure audience engagement and site statistics to understand how our services are used and enhance the quality of those services
If you choose to “Accept all,” we will also use cookies and data to
Develop and improve new services
Deliver and measure the effectiveness of ads
Show personalized content, depending on your settings
Show personalized ads, depending on your settings
If you choose to “Reject all,” we will not use cookies for these additional purposes.
Non-personalized content is influenced by things like the content you’re currently viewing, activity in your active Search session, and your location. Non-personalized ads are influenced by the content you’re currently viewing and your general location. Personalized content and ads can also include more relevant results, recommendations, and tailored ads based on past activity from this browser, like previous Google searches. We also use cookies and data to tailor the experience to be age-appropriate, if relevant.
Select “More options” to see additional information, including details about managing your privacy settings. You can also visit g.co/privacytools at any time.
Reject all
Accept all
More options
Privacy Policy
Terms of Service",https://news.google.com/rss/articles/CBMijwFBVV95cUxPcHVxTDlaNUhCWGh3U2s3ZFJlYW1SNmdNWktMQnJvN0VHM2ZvX1BKQmdtekdrZGZFaXJ4cE5NUnpIQmVZdzNVRVJ5Ujl0emVGeUUwSC12UGRpVkdlaVlDYWszeno4aVNjcE01d0ZMTWd2Uk1kOVg1d1JJZzRMMkxZWkZvc0xBTTlGQ3NlZ0N5aw?oc=5
2025-04-29,TSLA,Tesla,Tesla (TSLA) chair sells most of her stocks – her time is done? - Electrek,"EN
Sign in
Before you continue to Google
We use cookies and data to
Deliver and maintain Google services
Track outages and protect against spam, fraud, and abuse
Measure audience engagement and site statistics to understand how our services are used and enhance the quality of those services
If you choose to “Accept all,” we will also use cookies and data to
Develop and improve new services
Deliver and measure the effectiveness of ads
Show personalized content, depending on your settings
Show personalized ads, depending on your settings
If you choose to “Reject all,” we will not use cookies for these additional purposes.
Non-personalized content is influenced by things like the content you’re currently viewing, activity in your active Search session, and your location. Non-personalized ads are influenced by the content you’re currently viewing and your general location. Personalized content and ads can also include more relevant results, recommendations, and tailored ads based on past activity from this browser, like previous Google searches. We also use cookies and data to tailor the experience to be age-appropriate, if relevant.
Select “More options” to see additional information, including details about managing your privacy settings. You can also visit g.co/privacytools at any time.
Reject all
Accept all
More options
Privacy Policy
Terms of Service",https://news.google.com/rss/articles/CBMilAFBVV95cUxNczlxTURrVm83aGlpZmFQNGFGbzRwZ2liLW93d21mQUNfUHFtN25mV012MFh6cXhGTDZXSUVLSVBDNDZWN0F1LWNxTURQNTFaejU5dVdraU9hSEM3dTRtUnp4RkVPTTAwamlXeVBvOGlCYWxRWDc0bmxEZXg4UEFrcHhfT1JUX005Q1ppeUhjTHJHVlh3?oc=5
2025-04-30,TSLA,Tesla,Tesla Stock Drops. Where the Charts Say It’s Headed Next. - Barron's,"EN
Sign in
Before you continue to Google
We use cookies and data to
Deliver and maintain Google services
Track outages and protect against spam, fraud, and abuse
Measure audience engagement and site statistics to understand how our services are used and enhance the quality of those services
If you choose to “Accept all,” we will also use cookies and data to
Develop and improve new services
Deliver and measure the effectiveness of ads
Show personalized content, depending on your settings
Show personalized ads, depending on your settings
If you choose to “Reject all,” we will not use cookies for these additional purposes.
Non-personalized content is influenced by things like the content you’re currently viewing, activity in your active Search session, and your location. Non-personalized ads are influenced by the content you’re currently viewing and your general location. Personalized content and ads can also include more relevant results, recommendations, and tailored ads based on past activity from this browser, like previous Google searches. We also use cookies and data to tailor the experience to be age-appropriate, if relevant.
Select “More options” to see additional information, including details about managing your privacy settings. You can also visit g.co/privacytools at any time.
Reject all
Accept all
More options
Privacy Policy
Terms of Service",https://news.google.com/rss/articles/CBMif0FVX3lxTFAwbDYyMDNaUnF2RHdEZzZsM0JiaDJONzhPOHFBZzNCRTNfUC1IM19ScU1BRDhvR0dDNnR6U1dTaDNQSEdPNGNiRlNTQkdhV2dOZC14SVVBUVdXRUFRdzRpd1llcE1mZzR0cklSSC1reWxrM3BUYmIydkR0MEZMVW8?oc=5
2025-04-25,TSLA,Tesla,Tesla Stock's 50% Crash: 1 Metric Suggests More Pain Is Ahead for the Electric Vehicle Giant - The Motley Fool,"EN
Sign in
Before you continue to Google
We use cookies and data to
Deliver and maintain Google services
Track outages and protect against spam, fraud, and abuse
Measure audience engagement and site statistics to understand how our services are used and enhance the quality of those services
If you choose to “Accept all,” we will also use cookies and data to
Develop and improve new services
Deliver and measure the effectiveness of ads
Show personalized content, depending on your settings
Show personalized ads, depending on your settings
If you choose to “Reject all,” we will not use cookies for these additional purposes.
Non-personalized content is influenced by things like the content you’re currently viewing, activity in your active Search session, and your location. Non-personalized ads are influenced by the content you’re currently viewing and your general location. Personalized content and ads can also include more relevant results, recommendations, and tailored ads based on past activity from this browser, like previous Google searches. We also use cookies and data to tailor the experience to be age-appropriate, if relevant.
Select “More options” to see additional information, including details about managing your privacy settings. You can also visit g.co/privacytools at any time.
Reject all
Accept all
More options
Privacy Policy
Terms of Service",https://news.google.com/rss/articles/CBMilwFBVV95cUxPZTNHRVFRaUNPSFRhVk00cnJncTM5NlVaRDVXakg1OGtld3ZpN3VvenZFSHRnaG9kdWwxUlE4QnVwV3NIeTYtWTJMcGE2ZjVPbXVNcUQ3ajlmXzJTeVVxN3prUGpNTjEzUXpaN1hNYWpNZlVpLUY0VmphY08zZ3RJODRIVGNkbkowdUdmYW1UVTEwbkRtRjlF?oc=5
2025-04-25,TSLA,Tesla,"The Tesla (TSLA) dilemma: company is cooked with Musk, but stock crashes without him - Electrek","EN
Sign in
Before you continue to Google
We use cookies and data to
Deliver and maintain Google services
Track outages and protect against spam, fraud, and abuse
Measure audience engagement and site statistics to understand how our services are used and enhance the quality of those services
If you choose to “Accept all,” we will also use cookies and data to
Develop and improve new services
Deliver and measure the effectiveness of ads
Show personalized content, depending on your settings
Show personalized ads, depending on your settings
If you choose to “Reject all,” we will not use cookies for these additional purposes.
Non-personalized content is influenced by things like the content you’re currently viewing, activity in your active Search session, and your location. Non-personalized ads are influenced by the content you’re currently viewing and your general location. Personalized content and ads can also include more relevant results, recommendations, and tailored ads based on past activity from this browser, like previous Google searches. We also use cookies and data to tailor the experience to be age-appropriate, if relevant.
Select “More options” to see additional information, including details about managing your privacy settings. You can also visit g.co/privacytools at any time.
Reject all
Accept all
More options
Privacy Policy
Terms of Service",https://news.google.com/rss/articles/CBMioAFBVV95cUxNUmpZT2JDMGtnV1R3d1Rtb2Nzc1FNaG54MXoxTG1LX0dwYV9CRDZ3Wk1vSUVzWjhBSUEwSHhUMlBpSTJSQVY2NzlxaWpHVzdWQnpJZ295Ql9ZM3hTNnR3aTMyeUlOcVhIUkJfYnZhamdwQ0ZjbFJ4NEM2aEFZcDhyQ2NTTFlzTER0QXA4aVZ0SU54QUJQS0dTdTVqdVlvR1Iw?oc=5
2025-04-29,TSLA,Tesla,Tesla Stock Sees First Insider Buy in Years - Barron's,"EN
Sign in
Before you continue to Google
We use cookies and data to
Deliver and maintain Google services
Track outages and protect against spam, fraud, and abuse
Measure audience engagement and site statistics to understand how our services are used and enhance the quality of those services
If you choose to “Accept all,” we will also use cookies and data to
Develop and improve new services
Deliver and measure the effectiveness of ads
Show personalized content, depending on your settings
Show personalized ads, depending on your settings
If you choose to “Reject all,” we will not use cookies for these additional purposes.
Non-personalized content is influenced by things like the content you’re currently viewing, activity in your active Search session, and your location. Non-personalized ads are influenced by the content you’re currently viewing and your general location. Personalized content and ads can also include more relevant results, recommendations, and tailored ads based on past activity from this browser, like previous Google searches. We also use cookies and data to tailor the experience to be age-appropriate, if relevant.
Select “More options” to see additional information, including details about managing your privacy settings. You can also visit g.co/privacytools at any time.
Reject all
Accept all
More options
Privacy Policy
Terms of Service",https://news.google.com/rss/articles/CBMic0FVX3lxTE1RYU5LLW92aTJXdUZ1U0JWd0ZHUVpXaUUxUnZhdkNUU0t4N2E4V3gycFFGRVNMaGpBbk92TjZUUUJiMURoUTRYNVlocUpKb2pRNDd5OUFnOEk0T3VCeDlTbmhkcWV5LXdoUWctdU5RYzYxRjQ?oc=5
2025-04-28,TSLA,Tesla,"Tesla Stock Has 73% Upside, According to 1 Wall Street Analyst - The Motley Fool","EN
Sign in
Before you continue to Google
We use cookies and data to
Deliver and maintain Google services
Track outages and protect against spam, fraud, and abuse
Measure audience engagement and site statistics to understand how our services are used and enhance the quality of those services
If you choose to “Accept all,” we will also use cookies and data to
Develop and improve new services
Deliver and measure the effectiveness of ads
Show personalized content, depending on your settings
Show personalized ads, depending on your settings
If you choose to “Reject all,” we will not use cookies for these additional purposes.
Non-personalized content is influenced by things like the content you’re currently viewing, activity in your active Search session, and your location. Non-personalized ads are influenced by the content you’re currently viewing and your general location. Personalized content and ads can also include more relevant results, recommendations, and tailored ads based on past activity from this browser, like previous Google searches. We also use cookies and data to tailor the experience to be age-appropriate, if relevant.
Select “More options” to see additional information, including details about managing your privacy settings. You can also visit g.co/privacytools at any time.
Reject all
Accept all
More options
Privacy Policy
Terms of Service",https://news.google.com/rss/articles/CBMiiwFBVV95cUxQT0ExcXdfR3NjVVZnbVo5c1ZvYmlvYW04WjQ1MGhvTWZVTktjN3dmUjBxaTJseU1LUjNpWEF1QzB5aUUyU01qcUJJZXQzNkhsaEIxaVp6REpqM1pJY3JPeW05R3hfSnoybnRlR0loRWdMU1BSLV82OUs4SklpZnZnRWQ1VlFnNmRnNjVj?oc=5
2025-04-25,TSLA,Tesla,Why Tesla Stock Is Soaring Today - The Motley Fool,"EN
Sign in
Before you continue to Google
We use cookies and data to
Deliver and maintain Google services
Track outages and protect against spam, fraud, and abuse
Measure audience engagement and site statistics to understand how our services are used and enhance the quality of those services
If you choose to “Accept all,” we will also use cookies and data to
Develop and improve new services
Deliver and measure the effectiveness of ads
Show personalized content, depending on your settings
Show personalized ads, depending on your settings
If you choose to “Reject all,” we will not use cookies for these additional purposes.
Non-personalized content is influenced by things like the content you’re currently viewing, activity in your active Search session, and your location. Non-personalized ads are influenced by the content you’re currently viewing and your general location. Personalized content and ads can also include more relevant results, recommendations, and tailored ads based on past activity from this browser, like previous Google searches. We also use cookies and data to tailor the experience to be age-appropriate, if relevant.
Select “More options” to see additional information, including details about managing your privacy settings. You can also visit g.co/privacytools at any time.
Reject all
Accept all
More options
Privacy Policy
Terms of Service",https://news.google.com/rss/articles/CBMiigFBVV95cUxNUzk0NnA4a2ZmVTlzclJNWk9lWEN3SGpHems1QXliTFBGUTNzVTVtQkJ2eVJoMDBUT2lib0EwaURZWXNRWFFqM193RjEtQkl5bG9KYVFaa1R1bkwtelVnM3U1V2FFN1lsODlzS3I3Q3B5eGJUblFjbndnazJlWFlPeVVrQllmZ0pIYmc?oc=5
2025-04-28,TSLA,Tesla,"This Famous Investor Thinks Tesla's Stock Price Will Reach $2,600 Due to 1 Exciting Growth Catalyst - The Motley Fool","EN
Sign in
Before you continue to Google
We use cookies and data to
Deliver and maintain Google services
Track outages and protect against spam, fraud, and abuse
Measure audience engagement and site statistics to understand how our services are used and enhance the quality of those services
If you choose to “Accept all,” we will also use cookies and data to
Develop and improve new services
Deliver and measure the effectiveness of ads
Show personalized content, depending on your settings
Show personalized ads, depending on your settings
If you choose to “Reject all,” we will not use cookies for these additional purposes.
Non-personalized content is influenced by things like the content you’re currently viewing, activity in your active Search session, and your location. Non-personalized ads are influenced by the content you’re currently viewing and your general location. Personalized content and ads can also include more relevant results, recommendations, and tailored ads based on past activity from this browser, like previous Google searches. We also use cookies and data to tailor the experience to be age-appropriate, if relevant.
Select “More options” to see additional information, including details about managing your privacy settings. You can also visit g.co/privacytools at any time.
Reject all
Accept all
More options
Privacy Policy
Terms of Service",https://news.google.com/rss/articles/CBMijwFBVV95cUxPX3UxeDd4SWdpbUxXMFkxX092RE55UFVEbVNtLTlRZUtVNXhHNzhKUkRnRGdJS2Nid3I3NVB4N3ZzejZHQWtwNzZ4ejlMVGNtTVpJVEQzTHJyNnUzSjJYYXJoQjFSdUttRlRsWkRBeUdPQUJjbG54ZExfWTJSRHh6SzhjZURVN3J1MmxHYmhFZw?oc=5
2024-01-13,AMZN,Amazon,Amazon Stock Crushed the Market in 2023: Will the Gains Continue in 2024? - Yahoo Finance,"EN
Sign in
Before you continue to Google
We use cookies and data to
Deliver and maintain Google services
Track outages and protect against spam, fraud, and abuse
Measure audience engagement and site statistics to understand how our services are used and enhance the quality of those services
If you choose to “Accept all,” we will also use cookies and data to
Develop and improve new services
Deliver and measure the effectiveness of ads
Show personalized content, depending on your settings
Show personalized ads, depending on your settings
If you choose to “Reject all,” we will not use cookies for these additional purposes.
Non-personalized content is influenced by things like the content you’re currently viewing, activity in your active Search session, and your location. Non-personalized ads are influenced by the content you’re currently viewing and your general location. Personalized content and ads can also include more relevant results, recommendations, and tailored ads based on past activity from this browser, like previous Google searches. We also use cookies and data to tailor the experience to be age-appropriate, if relevant.
Select “More options” to see additional information, including details about managing your privacy settings. You can also visit g.co/privacytools at any time.
Reject all
Accept all
More options
Privacy Policy
Terms of Service",https://news.google.com/rss/articles/CBMihAFBVV95cUxNSW9RVWNmSTExVHkyekJseHh6Sk1jVm9zNWxiSUxNX19hM1NwUWxMLTIzaS1PUXR1bU5zbzdCa0w1OVh2Y2kxTDl2VjBla3gxT0tJckRoUV9JeHN1V3pTZzZZMzhGaGpuYm13RGNnLUU4OWFwamk5QmEwTmdPVElfbFZ5bzg?oc=5
2024-01-26,AMZN,Amazon,MacKenzie Scott sold 65 million Amazon shares worth over $10 billion in the last year - CNN,"EN
Sign in
Before you continue to Google
We use cookies and data to
Deliver and maintain Google services
Track outages and protect against spam, fraud, and abuse
Measure audience engagement and site statistics to understand how our services are used and enhance the quality of those services
If you choose to “Accept all,” we will also use cookies and data to
Develop and improve new services
Deliver and measure the effectiveness of ads
Show personalized content, depending on your settings
Show personalized ads, depending on your settings
If you choose to “Reject all,” we will not use cookies for these additional purposes.
Non-personalized content is influenced by things like the content you’re currently viewing, activity in your active Search session, and your location. Non-personalized ads are influenced by the content you’re currently viewing and your general location. Personalized content and ads can also include more relevant results, recommendations, and tailored ads based on past activity from this browser, like previous Google searches. We also use cookies and data to tailor the experience to be age-appropriate, if relevant.
Select “More options” to see additional information, including details about managing your privacy settings. You can also visit g.co/privacytools at any time.
Reject all
Accept all
More options
Privacy Policy
Terms of Service",https://news.google.com/rss/articles/CBMimAFBVV95cUxOWVVyVEZwZE9iOGFnSGp6RnBYbXluYS1DeUJlNDF1UlBoR1dHcnR1VzhfdjlEUnZiR292T2JBLUloeWR6Mkt3NnkzNWIyTUJSRXJfUlBhQ2RDLW1QbWVKREVURUk1cjlwMzhVWUlfaHRiMm0zUkFlSGc1eEdZWm9kRF83N1hOdk1QZFJpRXVfSlJmWGNyUE9zbdIBjwFBVV95cUxPRnJLVUNGWVVNQzFqLUx5R1dMZGt6UTA1R0ozQ3h6Q1o5OVVJaExEOE5TcG1sYUVDdnNHWXZhVTFTYkN3WFpqcW1YY2l0aDNLTWVlWDhsYnNXVWphQmM5NE0ycHp6UW5VUHBTY190MGZIb3ptR2pENlZhMUdRamNnY29halZPd0Z0TThFZ0t0RQ?oc=5
2024-01-08,AMZN,Amazon,Amazon Has Wall Street Seeing Return to Record Stock Price - Bloomberg.com,"EN
Sign in
Before you continue to Google
We use cookies and data to
Deliver and maintain Google services
Track outages and protect against spam, fraud, and abuse
Measure audience engagement and site statistics to understand how our services are used and enhance the quality of those services
If you choose to “Accept all,” we will also use cookies and data to
Develop and improve new services
Deliver and measure the effectiveness of ads
Show personalized content, depending on your settings
Show personalized ads, depending on your settings
If you choose to “Reject all,” we will not use cookies for these additional purposes.
Non-personalized content is influenced by things like the content you’re currently viewing, activity in your active Search session, and your location. Non-personalized ads are influenced by the content you’re currently viewing and your general location. Personalized content and ads can also include more relevant results, recommendations, and tailored ads based on past activity from this browser, like previous Google searches. We also use cookies and data to tailor the experience to be age-appropriate, if relevant.
Select “More options” to see additional information, including details about managing your privacy settings. You can also visit g.co/privacytools at any time.
Reject all
Accept all
More options
Privacy Policy
Terms of Service",https://news.google.com/rss/articles/CBMitAFBVV95cUxQNGp4UFBSd2RqWjZKRkhoeUpWQVhVazViVHNMMllZMERUeURidE1zS1E0X0VpRU9QTXF1MlJkcTdMWE8yWWdrbi01bjM4ZWI1Rm9mQjE1ZGVxXzVhcmdYYlNsVHY4ekxOQ0p2VzNjcXBvWWRpdXQ3VjlNVjZETEpOSGl0VGU0cU4yQ2VjbFFaY2F6QXJXbHg2SFlJOWhTR2VKVFBqemZfby1mUG9MOXhBXzJKUHQ?oc=5
2024-01-19,AMZN,Amazon,Is It Too Late to Buy Amazon Stock - AMZN? - TheStreet,"EN
Sign in
Before you continue to Google
We use cookies and data to
Deliver and maintain Google services
Track outages and protect against spam, fraud, and abuse
Measure audience engagement and site statistics to understand how our services are used and enhance the quality of those services
If you choose to “Accept all,” we will also use cookies and data to
Develop and improve new services
Deliver and measure the effectiveness of ads
Show personalized content, depending on your settings
Show personalized ads, depending on your settings
If you choose to “Reject all,” we will not use cookies for these additional purposes.
Non-personalized content is influenced by things like the content you’re currently viewing, activity in your active Search session, and your location. Non-personalized ads are influenced by the content you’re currently viewing and your general location. Personalized content and ads can also include more relevant results, recommendations, and tailored ads based on past activity from this browser, like previous Google searches. We also use cookies and data to tailor the experience to be age-appropriate, if relevant.
Select “More options” to see additional information, including details about managing your privacy settings. You can also visit g.co/privacytools at any time.
Reject all
Accept all
More options
Privacy Policy
Terms of Service",https://news.google.com/rss/articles/CBMihAFBVV95cUxPaW41ZTlXN09vbjFjSkNLTjNSQm9tY1JOLUNVV0E0LUlremdSMDgyUkpMN2RfZGlNSW9IY3FLWmZtUFREZmZHTGJ1ZHEyVTUyMk1zWHVIS1V3ajBvbElCbGFoMHZ6Y3FTSG1rUTFLbnJzZmZpeVZzaThOT3NTcTlOVk1mcFI?oc=5
2024-01-02,AMZN,Amazon,2024 Could Be the Biggest Year in History for Amazon Stock. Here's Why. - The Motley Fool,"EN
Sign in
Before you continue to Google
We use cookies and data to
Deliver and maintain Google services
Track outages and protect against spam, fraud, and abuse
Measure audience engagement and site statistics to understand how our services are used and enhance the quality of those services
If you choose to “Accept all,” we will also use cookies and data to
Develop and improve new services
Deliver and measure the effectiveness of ads
Show personalized content, depending on your settings
Show personalized ads, depending on your settings
If you choose to “Reject all,” we will not use cookies for these additional purposes.
Non-personalized content is influenced by things like the content you’re currently viewing, activity in your active Search session, and your location. Non-personalized ads are influenced by the content you’re currently viewing and your general location. Personalized content and ads can also include more relevant results, recommendations, and tailored ads based on past activity from this browser, like previous Google searches. We also use cookies and data to tailor the experience to be age-appropriate, if relevant.
Select “More options” to see additional information, including details about managing your privacy settings. You can also visit g.co/privacytools at any time.
Reject all
Accept all
More options
Privacy Policy
Terms of Service",https://news.google.com/rss/articles/CBMimAFBVV95cUxQOHVhalhSQkxLNkZjYm9LOWRMR3otQkdtdm5ESktBT21WN1h5QjR3MHlBMDNqcHVkMWRuNjFLdHB4N1RPdmhxVUdhb2dPcDlwVklZV1FRcTNjUExnOEd3dGJDaEkyMU11dzBsT3p3N0ZkRWtRSC1DTF9xOUhXUHo0VzNqYnAzRWoyNk5qSGxWY3NrZUw3c1d6UA?oc=5
2024-01-29,AMZN,Amazon,IRobot Stock Tumbles After Amazon Cancels Acquisition - Investor's Business Daily,"EN
Sign in
Before you continue to Google
We use cookies and data to
Deliver and maintain Google services
Track outages and protect against spam, fraud, and abuse
Measure audience engagement and site statistics to understand how our services are used and enhance the quality of those services
If you choose to “Accept all,” we will also use cookies and data to
Develop and improve new services
Deliver and measure the effectiveness of ads
Show personalized content, depending on your settings
Show personalized ads, depending on your settings
If you choose to “Reject all,” we will not use cookies for these additional purposes.
Non-personalized content is influenced by things like the content you’re currently viewing, activity in your active Search session, and your location. Non-personalized ads are influenced by the content you’re currently viewing and your general location. Personalized content and ads can also include more relevant results, recommendations, and tailored ads based on past activity from this browser, like previous Google searches. We also use cookies and data to tailor the experience to be age-appropriate, if relevant.
Select “More options” to see additional information, including details about managing your privacy settings. You can also visit g.co/privacytools at any time.
Reject all
Accept all
More options
Privacy Policy
Terms of Service",https://news.google.com/rss/articles/CBMinAFBVV95cUxQVEFjTlBQbm56akQ4QkQ2d1pEWGtfMm1OWGZSRVdjT2cwN19kbnZ0RTNJSkFWd0pwYjV3S1hxNndmRkJwWlhQQ0dGMlR4ZjVwdWFxRmNtdnlBMExZNnBhazN6ZlhxY01vWHEzOGwtV3BsUzV3NFdhS0VjRGlFMjlFNmV6UDcwS2Z3Nk9hTzB5Ym1yYXhlb2JUQXFONVc?oc=5
2024-01-25,AMZN,Amazon,"Amazon Web Services plans to invest $10 billion, creating 1,000 jobs to establish data center complexes in Mississippi - Mississippi Development Authority","EN
Sign in
Before you continue to Google
We use cookies and data to
Deliver and maintain Google services
Track outages and protect against spam, fraud, and abuse
Measure audience engagement and site statistics to understand how our services are used and enhance the quality of those services
If you choose to “Accept all,” we will also use cookies and data to
Develop and improve new services
Deliver and measure the effectiveness of ads
Show personalized content, depending on your settings
Show personalized ads, depending on your settings
If you choose to “Reject all,” we will not use cookies for these additional purposes.
Non-personalized content is influenced by things like the content you’re currently viewing, activity in your active Search session, and your location. Non-personalized ads are influenced by the content you’re currently viewing and your general location. Personalized content and ads can also include more relevant results, recommendations, and tailored ads based on past activity from this browser, like previous Google searches. We also use cookies and data to tailor the experience to be age-appropriate, if relevant.
Select “More options” to see additional information, including details about managing your privacy settings. You can also visit g.co/privacytools at any time.
Reject all
Accept all
More options
Privacy Policy
Terms of Service",https://news.google.com/rss/articles/CBMikgFBVV95cUxQNGdXSndEdEdfWnVRRTRfZDZEeXZiY3drYVlzamRWUXdXSkVfRzkwNXBzN1p6aERQbnhOZ1JEMFYtM3VWU2duWFNYVGpZVGhGbnhaZks1Yk1lT0hpd0k1b01JZ19oVnJsdWZzdlNGaGpEakxPckhEV3lRbVNiQmFUV3NsSjg2bE91bEZBWXlMY04wdw?oc=5
2024-01-18,AMZN,Amazon,An update on Amazon leadership in Operations and AWS Finance - About Amazon,"EN
Sign in
Before you continue to Google
We use cookies and data to
Deliver and maintain Google services
Track outages and protect against spam, fraud, and abuse
Measure audience engagement and site statistics to understand how our services are used and enhance the quality of those services
If you choose to “Accept all,” we will also use cookies and data to
Develop and improve new services
Deliver and measure the effectiveness of ads
Show personalized content, depending on your settings
Show personalized ads, depending on your settings
If you choose to “Reject all,” we will not use cookies for these additional purposes.
Non-personalized content is influenced by things like the content you’re currently viewing, activity in your active Search session, and your location. Non-personalized ads are influenced by the content you’re currently viewing and your general location. Personalized content and ads can also include more relevant results, recommendations, and tailored ads based on past activity from this browser, like previous Google searches. We also use cookies and data to tailor the experience to be age-appropriate, if relevant.
Select “More options” to see additional information, including details about managing your privacy settings. You can also visit g.co/privacytools at any time.
Reject all
Accept all
More options
Privacy Policy
Terms of Service",https://news.google.com/rss/articles/CBMimAFBVV95cUxNXzZMc2lNbWQ3eE5rOUlBUExmeFFqWE85V2xlTXNtRURuNi0zeHVscXdrUFJlN3RGVlVoYW9DVXdyYkZCRXlwMjVid1dwRUdyXzgtNnpxWk9kSjBvUGpnVVFEQUdPY0RFNWZfTThvSmhZdk41cS1KbjRJZ1dPdGdjSG1IOTR6QTdVaG85RUdQR1AtbVVvNFRVSQ?oc=5
2024-01-25,AMZN,Amazon,Historic $10B planned investment to benefit Entergy Mississippi customers - Entergy Newsroom,"EN
Sign in
Before you continue to Google
We use cookies and data to
Deliver and maintain Google services
Track outages and protect against spam, fraud, and abuse
Measure audience engagement and site statistics to understand how our services are used and enhance the quality of those services
If you choose to “Accept all,” we will also use cookies and data to
Develop and improve new services
Deliver and measure the effectiveness of ads
Show personalized content, depending on your settings
Show personalized ads, depending on your settings
If you choose to “Reject all,” we will not use cookies for these additional purposes.
Non-personalized content is influenced by things like the content you’re currently viewing, activity in your active Search session, and your location. Non-personalized ads are influenced by the content you’re currently viewing and your general location. Personalized content and ads can also include more relevant results, recommendations, and tailored ads based on past activity from this browser, like previous Google searches. We also use cookies and data to tailor the experience to be age-appropriate, if relevant.
Select “More options” to see additional information, including details about managing your privacy settings. You can also visit g.co/privacytools at any time.
Reject all
Accept all
More options
Privacy Policy
Terms of Service",https://news.google.com/rss/articles/CBMiqwFBVV95cUxPZmdfLWE2RkE2dXFmZHhpVWRmTUJTWUFPRDQxYmtwbDNQNDdHbnkwNmdWZy14eGpqSEhHOV9YNXJna1dzMHRIOGdHOU1kWGNIeG9CMjhHSXZoX0VHbTkzSm1ObHJLT3lpNFZkWlFDdVZOMndBajZqaGZNZEVUUlg4RzRhMVNzaWtteVBpSEFMdlI1VVVZU0xudFFhWktwcm5LVEdoVURqeFAyTk0?oc=5
2024-01-09,AMZN,Amazon,15 startups selected for the inaugural AWS Education Accelerator - Amazon Web Services (AWS),"EN
Sign in
Before you continue to Google
We use cookies and data to
Deliver and maintain Google services
Track outages and protect against spam, fraud, and abuse
Measure audience engagement and site statistics to understand how our services are used and enhance the quality of those services
If you choose to “Accept all,” we will also use cookies and data to
Develop and improve new services
Deliver and measure the effectiveness of ads
Show personalized content, depending on your settings
Show personalized ads, depending on your settings
If you choose to “Reject all,” we will not use cookies for these additional purposes.
Non-personalized content is influenced by things like the content you’re currently viewing, activity in your active Search session, and your location. Non-personalized ads are influenced by the content you’re currently viewing and your general location. Personalized content and ads can also include more relevant results, recommendations, and tailored ads based on past activity from this browser, like previous Google searches. We also use cookies and data to tailor the experience to be age-appropriate, if relevant.
Select “More options” to see additional information, including details about managing your privacy settings. You can also visit g.co/privacytools at any time.
Reject all
Accept all
More options
Privacy Policy
Terms of Service",https://news.google.com/rss/articles/CBMiqwFBVV95cUxOeDNvWk5aLWxGdzE3dnA5S0w4dVZWRjlzUmwyb1RJRm82b1c5NkJYN1c4VG10dVdsQjRmM3NlTklNTDAxVGlhZlA3NzJ2T01GVG12Y2k0Xzk0WjI0cTFjaThHZGtZMUY4bVJ5SzBQXzFwWm5QY1N1SEI3dnNMUExQbWlLZS1LVUV5TUtMQ29oUTNYS1pTLWMzeWNXNlhBTnJlNGdYWldkTEFsN28?oc=5
2024-01-27,AMZN,Amazon,MacKenzie Scott sold $10.4 billion in Amazon shares in 2023 - Fox Business,"EN
Sign in
Before you continue to Google
We use cookies and data to
Deliver and maintain Google services
Track outages and protect against spam, fraud, and abuse
Measure audience engagement and site statistics to understand how our services are used and enhance the quality of those services
If you choose to “Accept all,” we will also use cookies and data to
Develop and improve new services
Deliver and measure the effectiveness of ads
Show personalized content, depending on your settings
Show personalized ads, depending on your settings
If you choose to “Reject all,” we will not use cookies for these additional purposes.
Non-personalized content is influenced by things like the content you’re currently viewing, activity in your active Search session, and your location. Non-personalized ads are influenced by the content you’re currently viewing and your general location. Personalized content and ads can also include more relevant results, recommendations, and tailored ads based on past activity from this browser, like previous Google searches. We also use cookies and data to tailor the experience to be age-appropriate, if relevant.
Select “More options” to see additional information, including details about managing your privacy settings. You can also visit g.co/privacytools at any time.
Reject all
Accept all
More options
Privacy Policy
Terms of Service",https://news.google.com/rss/articles/CBMinAFBVV95cUxNZWxaVmFtYUQ4ZGFsX3B3SkNuQjN0b2toQ2tmdDFsR2FlR29PZW1Rc3Q2UlRSQ0tZN2dxbzZ5X3lZSmtXSmNEeWdfWlYyMDhQT1BQekVfYmZfREZqVmlJa3dIWGdubmh4SktjVC04SU5xbllILUpDY2ZhRDRTMzJVY05qZUlNMXBFNzBXRU5mekZOQXBPRzlWVmhsdEfSAaIBQVVfeXFMTW5oRGIxb2pZaWxkSEJhS0xYeEtLNDk2VVE4a2MxWHFXMXMzM3RWekoyQk8tVTNsT1h1LWZHZGhuTHVFZGpDd2hwdjdkNW8takF5WlNSUFFNU2hITHlmcUJ1UUlyd0ZONzhCbjZVb2dmZ2lVVVI5SkpWNjhGdl9VbF9LZWRGYjc3SU1JbFR4LVFwZWRMdm0xaWFCTXdKY0RoQURB?oc=5
2024-01-19,AMZN,Amazon,Roomba-Maker iRobot’s Stock Plummets on Reports Amazon Acquisition in Danger - Investopedia,"EN
Sign in
Before you continue to Google
We use cookies and data to
Deliver and maintain Google services
Track outages and protect against spam, fraud, and abuse
Measure audience engagement and site statistics to understand how our services are used and enhance the quality of those services
If you choose to “Accept all,” we will also use cookies and data to
Develop and improve new services
Deliver and measure the effectiveness of ads
Show personalized content, depending on your settings
Show personalized ads, depending on your settings
If you choose to “Reject all,” we will not use cookies for these additional purposes.
Non-personalized content is influenced by things like the content you’re currently viewing, activity in your active Search session, and your location. Non-personalized ads are influenced by the content you’re currently viewing and your general location. Personalized content and ads can also include more relevant results, recommendations, and tailored ads based on past activity from this browser, like previous Google searches. We also use cookies and data to tailor the experience to be age-appropriate, if relevant.
Select “More options” to see additional information, including details about managing your privacy settings. You can also visit g.co/privacytools at any time.
Reject all
Accept all
More options
Privacy Policy
Terms of Service",https://news.google.com/rss/articles/CBMiswFBVV95cUxQcFZQVVpRN3FFd3lmbHdkVGxNSGV6LU9DbWd4Ym02SDRrclZmRGdINHlVZ1FWLXhqcldXd3ZhaEFySkxWMEVwVEw1emlBaDg5azduUEFwVEU4NDlaRG5lOUdkMlluUUtPWElnbjRILVZDNVR2a2dZOUkxeDM3WS0tM21BTkdhUU5LX0NxSjJSOXNVR3pTblZ5bzZ3UVBRX0xqRG96RF9ZMGdCQ1VoVXAzcmtpNA?oc=5
2024-01-03,AMZN,Amazon,"Ads on Amazon Prime Video will boost profits and send the stock 12% higher in 2024, BofA says - markets.businessinsider.com","EN
Sign in
Before you continue to Google
We use cookies and data to
Deliver and maintain Google services
Track outages and protect against spam, fraud, and abuse
Measure audience engagement and site statistics to understand how our services are used and enhance the quality of those services
If you choose to “Accept all,” we will also use cookies and data to
Develop and improve new services
Deliver and measure the effectiveness of ads
Show personalized content, depending on your settings
Show personalized ads, depending on your settings
If you choose to “Reject all,” we will not use cookies for these additional purposes.
Non-personalized content is influenced by things like the content you’re currently viewing, activity in your active Search session, and your location. Non-personalized ads are influenced by the content you’re currently viewing and your general location. Personalized content and ads can also include more relevant results, recommendations, and tailored ads based on past activity from this browser, like previous Google searches. We also use cookies and data to tailor the experience to be age-appropriate, if relevant.
Select “More options” to see additional information, including details about managing your privacy settings. You can also visit g.co/privacytools at any time.
Reject all
Accept all
More options
Privacy Policy
Terms of Service",https://news.google.com/rss/articles/CBMiywFBVV95cUxQa2hYX0JiR3c2djc3akU4dHk1SkxjdXdwR0JSTmxhS25yWXdCV0wtYVBrOHJTUzB5WkN0Ql9pMHZ4NExwZW1iYkFmNVhXSmRVaXdUU2JFUTB1UlktZGRYM0VWLXRDTjdGQ0szV2k3Z1g3TWZqVGRWd0hWRG9tU19ISW1DUjFUSWR1Vml3ekk1Y0hNQ3h4aFp4eUhnZG5qM2tLWm11WWtoX2lNY2dEMlphNTBQV0ZhM3dQSXd3Ui05TlpqQ1gweEhCdElnZw?oc=5
2024-01-27,AMZN,Amazon,"MacKenzie Scott, Jeff Bezos’ ex, sold $10B in Amazon shares in 2023 - New York Post","EN
Sign in
Before you continue to Google
We use cookies and data to
Deliver and maintain Google services
Track outages and protect against spam, fraud, and abuse
Measure audience engagement and site statistics to understand how our services are used and enhance the quality of those services
If you choose to “Accept all,” we will also use cookies and data to
Develop and improve new services
Deliver and measure the effectiveness of ads
Show personalized content, depending on your settings
Show personalized ads, depending on your settings
If you choose to “Reject all,” we will not use cookies for these additional purposes.
Non-personalized content is influenced by things like the content you’re currently viewing, activity in your active Search session, and your location. Non-personalized ads are influenced by the content you’re currently viewing and your general location. Personalized content and ads can also include more relevant results, recommendations, and tailored ads based on past activity from this browser, like previous Google searches. We also use cookies and data to tailor the experience to be age-appropriate, if relevant.
Select “More options” to see additional information, including details about managing your privacy settings. You can also visit g.co/privacytools at any time.
Reject all
Accept all
More options
Privacy Policy
Terms of Service",https://news.google.com/rss/articles/CBMinwFBVV95cUxOMjNmRzBvLThxLTJrRkVmVXVtQ2xnNklrUFR1b2lESW9UTzFJUzRSNko2aFRFeFU0MEh1ZUNYODNKcWNKU0NrcHl4Z0hPSld1WVloSmRJTTdHbndNVVNsbUJaV1Fpa0d2eHlfQXhHX2laOXR2NjZmZW9vdlprRHRqcXFQbVJyQ1BDLUhnMm4wUWo4Z1JLR2locGtlZTFiSWs?oc=5
2024-01-10,AMZN,Amazon,Nvidia Stock Is Chasing Amazon. The Case for It Surpassing the Tech Giant. - Barron's,"EN
Sign in
Before you continue to Google
We use cookies and data to
Deliver and maintain Google services
Track outages and protect against spam, fraud, and abuse
Measure audience engagement and site statistics to understand how our services are used and enhance the quality of those services
If you choose to “Accept all,” we will also use cookies and data to
Develop and improve new services
Deliver and measure the effectiveness of ads
Show personalized content, depending on your settings
Show personalized ads, depending on your settings
If you choose to “Reject all,” we will not use cookies for these additional purposes.
Non-personalized content is influenced by things like the content you’re currently viewing, activity in your active Search session, and your location. Non-personalized ads are influenced by the content you’re currently viewing and your general location. Personalized content and ads can also include more relevant results, recommendations, and tailored ads based on past activity from this browser, like previous Google searches. We also use cookies and data to tailor the experience to be age-appropriate, if relevant.
Select “More options” to see additional information, including details about managing your privacy settings. You can also visit g.co/privacytools at any time.
Reject all
Accept all
More options
Privacy Policy
Terms of Service",https://news.google.com/rss/articles/CBMihAFBVV95cUxNSk80Uk5aeGF6TlNMazlEYmVzdlhJTE5zcS1tUXh6S0dnWWNQdEtXS015Mmd2cWdxakY4WWhDVTJQdmE3RUVEOE1FSEdlaFFuNUhPc2N4MTJ2MFpzYVdEb1MtclludlQzY2dHMzZtLVhaSTdLYkhib3Y5OGh4dDRrTkdwcGE?oc=5
2024-01-29,AMZN,Amazon,Better Bull Market Buy: Amazon vs. Alibaba Stock - The Motley Fool,"EN
Sign in
Before you continue to Google
We use cookies and data to
Deliver and maintain Google services
Track outages and protect against spam, fraud, and abuse
Measure audience engagement and site statistics to understand how our services are used and enhance the quality of those services
If you choose to “Accept all,” we will also use cookies and data to
Develop and improve new services
Deliver and measure the effectiveness of ads
Show personalized content, depending on your settings
Show personalized ads, depending on your settings
If you choose to “Reject all,” we will not use cookies for these additional purposes.
Non-personalized content is influenced by things like the content you’re currently viewing, activity in your active Search session, and your location. Non-personalized ads are influenced by the content you’re currently viewing and your general location. Personalized content and ads can also include more relevant results, recommendations, and tailored ads based on past activity from this browser, like previous Google searches. We also use cookies and data to tailor the experience to be age-appropriate, if relevant.
Select “More options” to see additional information, including details about managing your privacy settings. You can also visit g.co/privacytools at any time.
Reject all
Accept all
More options
Privacy Policy
Terms of Service",https://news.google.com/rss/articles/CBMikwFBVV95cUxOcmxHaVh1RkNVUnMwcmxvUGI5dHAwSVRrUE9RVXVUWEMwb1BOY3pIS011RGhBTFN0dlNQSERPYmZJeGNPc05ZaXZSNENkdTJ0U1M1XzVJWDlOcExzTTFoWTVINjFZVHBXY0ZMamNtdkVlaVB1aUZiYWtPbXg0QXE3NDlTV1dheEh3YkVuRVZwSGZrZ1E?oc=5
2024-01-30,AMZN,Amazon,Amazon's role in a pivotal moment in technology - CNN,"EN
Sign in
Before you continue to Google
We use cookies and data to
Deliver and maintain Google services
Track outages and protect against spam, fraud, and abuse
Measure audience engagement and site statistics to understand how our services are used and enhance the quality of those services
If you choose to “Accept all,” we will also use cookies and data to
Develop and improve new services
Deliver and measure the effectiveness of ads
Show personalized content, depending on your settings
Show personalized ads, depending on your settings
If you choose to “Reject all,” we will not use cookies for these additional purposes.
Non-personalized content is influenced by things like the content you’re currently viewing, activity in your active Search session, and your location. Non-personalized ads are influenced by the content you’re currently viewing and your general location. Personalized content and ads can also include more relevant results, recommendations, and tailored ads based on past activity from this browser, like previous Google searches. We also use cookies and data to tailor the experience to be age-appropriate, if relevant.
Select “More options” to see additional information, including details about managing your privacy settings. You can also visit g.co/privacytools at any time.
Reject all
Accept all
More options
Privacy Policy
Terms of Service",https://news.google.com/rss/articles/CBMivgFBVV95cUxNN1k5NW9VUEhLUDdWQmNfb2ZzdmtOcEF0NS1YQUxzRWRLT2lVLU1UOUxDVWxzeVFCX0hyTjh2T09BQk1oTjIxVkdfMkdBYVdGZGd6dG9xaVJDbEdtMk9FOXZja3dDQllTNjc0ZnVYWm03T0tZMUhGSmhMaWpGRHdDS01Gb3dOdmlRbUdFYUNCT3A4dmZRSkJYeWljQm4xZkVDTDlQYVAyUnRrNWxLWUJ2dl91TVhBVnBjaDV6bFd3?oc=5
2024-01-18,AMZN,Amazon,2C2P Case Study | Amazon Web Services - Amazon Web Services (AWS),"EN
Sign in
Before you continue to Google
We use cookies and data to
Deliver and maintain Google services
Track outages and protect against spam, fraud, and abuse
Measure audience engagement and site statistics to understand how our services are used and enhance the quality of those services
If you choose to “Accept all,” we will also use cookies and data to
Develop and improve new services
Deliver and measure the effectiveness of ads
Show personalized content, depending on your settings
Show personalized ads, depending on your settings
If you choose to “Reject all,” we will not use cookies for these additional purposes.
Non-personalized content is influenced by things like the content you’re currently viewing, activity in your active Search session, and your location. Non-personalized ads are influenced by the content you’re currently viewing and your general location. Personalized content and ads can also include more relevant results, recommendations, and tailored ads based on past activity from this browser, like previous Google searches. We also use cookies and data to tailor the experience to be age-appropriate, if relevant.
Select “More options” to see additional information, including details about managing your privacy settings. You can also visit g.co/privacytools at any time.
Reject all
Accept all
More options
Privacy Policy
Terms of Service",https://news.google.com/rss/articles/CBMib0FVX3lxTFA5WUlxOF9Nc3RudTVub3hEOWNRNHVRQ1ZveVFEcnhSTm1LYUtHdThuOFBMQ202NkhUWjlPNWMxckVMeUFpOVpFTTJxcHdQTWdrYWtvbkRpLU54WllzTUthQXBmTHZpZk9OczBTOTRmQQ?oc=5
2024-01-25,AMZN,Amazon,Exploring industrial use cases in the Airbus-BMW Group Quantum Computing Challenge | Amazon Web Services - Amazon Web Services (AWS),"EN
Sign in
Before you continue to Google
We use cookies and data to
Deliver and maintain Google services
Track outages and protect against spam, fraud, and abuse
Measure audience engagement and site statistics to understand how our services are used and enhance the quality of those services
If you choose to “Accept all,” we will also use cookies and data to
Develop and improve new services
Deliver and measure the effectiveness of ads
Show personalized content, depending on your settings
Show personalized ads, depending on your settings
If you choose to “Reject all,” we will not use cookies for these additional purposes.
Non-personalized content is influenced by things like the content you’re currently viewing, activity in your active Search session, and your location. Non-personalized ads are influenced by the content you’re currently viewing and your general location. Personalized content and ads can also include more relevant results, recommendations, and tailored ads based on past activity from this browser, like previous Google searches. We also use cookies and data to tailor the experience to be age-appropriate, if relevant.
Select “More options” to see additional information, including details about managing your privacy settings. You can also visit g.co/privacytools at any time.
Reject all
Accept all
More options
Privacy Policy
Terms of Service",https://news.google.com/rss/articles/CBMiygFBVV95cUxPbXhpYTNSeXFKZ0JtUXRrRm9PWk1UYnJUUmI3LXRqcEl1OWlkX09YOWk2MFQzMDV4eks0VkY1UHNldmxBVk5IZEtldmd2WmxaMEdvZVVoUXpqOXhhSFVUemg2b1BFRlRwNkdnemVOQW15dVJVSGhoY2JRX2h1RUxGVFhnMUh1SnNHQTF4c3FzM3VKRlI5TUNEcXhyeGhRcXJQd3VreHowN3hVcTllXzVhZkVIU3BRSE16d19SNDdQYVlnUDRaaFZCREJ3?oc=5
2024-01-17,AMZN,Amazon,Better AI Stock: Microsoft vs. Amazon - The Motley Fool,"EN
Sign in
Before you continue to Google
We use cookies and data to
Deliver and maintain Google services
Track outages and protect against spam, fraud, and abuse
Measure audience engagement and site statistics to understand how our services are used and enhance the quality of those services
If you choose to “Accept all,” we will also use cookies and data to
Develop and improve new services
Deliver and measure the effectiveness of ads
Show personalized content, depending on your settings
Show personalized ads, depending on your settings
If you choose to “Reject all,” we will not use cookies for these additional purposes.
Non-personalized content is influenced by things like the content you’re currently viewing, activity in your active Search session, and your location. Non-personalized ads are influenced by the content you’re currently viewing and your general location. Personalized content and ads can also include more relevant results, recommendations, and tailored ads based on past activity from this browser, like previous Google searches. We also use cookies and data to tailor the experience to be age-appropriate, if relevant.
Select “More options” to see additional information, including details about managing your privacy settings. You can also visit g.co/privacytools at any time.
Reject all
Accept all
More options
Privacy Policy
Terms of Service",https://news.google.com/rss/articles/CBMihAFBVV95cUxQZ09QVk5fZUxJQ1M5Q1hHM2dEcWV1cGxLOVgyNTAwWDNKWEFQUDRwSUpUN19jSFd1OUZNYUtSR3diVGVaeHJQNmw4Z3FHVzlNZVljdEk4SG12anpGMTl0bFZfeXNkVDdzVXZxUGMyZG8tX1liaVd5NVFVU25vNU1ZRl9rS0U?oc=5
2024-02-07,AMZN,Amazon,"After Earnings, Is Amazon Stock a Buy, a Sell, or Fairly Valued? - Morningstar","EN
Sign in
Before you continue to Google
We use cookies and data to
Deliver and maintain Google services
Track outages and protect against spam, fraud, and abuse
Measure audience engagement and site statistics to understand how our services are used and enhance the quality of those services
If you choose to “Accept all,” we will also use cookies and data to
Develop and improve new services
Deliver and measure the effectiveness of ads
Show personalized content, depending on your settings
Show personalized ads, depending on your settings
If you choose to “Reject all,” we will not use cookies for these additional purposes.
Non-personalized content is influenced by things like the content you’re currently viewing, activity in your active Search session, and your location. Non-personalized ads are influenced by the content you’re currently viewing and your general location. Personalized content and ads can also include more relevant results, recommendations, and tailored ads based on past activity from this browser, like previous Google searches. We also use cookies and data to tailor the experience to be age-appropriate, if relevant.
Select “More options” to see additional information, including details about managing your privacy settings. You can also visit g.co/privacytools at any time.
Reject all
Accept all
More options
Privacy Policy
Terms of Service",https://news.google.com/rss/articles/CBMimAFBVV95cUxPNEtPZk5FZmdwZ0J3MnRqa3FRNVFoT2pOMTQ4VjZsb2RWRkRVdXpRRG5rY05sSV9WcExOYzNDTlFxSVQwdGxaM3NuQTZncVQ4WkZDeXBUeTRLVTYyMlBRZVMteEFtWkdyZmJaMVU0MnFyZWJVb1JzTjBPUXRORG0yU2R0RVFqZHJtQWtKUVZGNTJCX3NTUHBjNw?oc=5
2024-02-02,AMZN,Amazon,Bezos Discloses Plan to Sell Up to 50 Million Amazon Shares as Stock Surges - Bloomberg.com,"EN
Sign in
Before you continue to Google
We use cookies and data to
Deliver and maintain Google services
Track outages and protect against spam, fraud, and abuse
Measure audience engagement and site statistics to understand how our services are used and enhance the quality of those services
If you choose to “Accept all,” we will also use cookies and data to
Develop and improve new services
Deliver and measure the effectiveness of ads
Show personalized content, depending on your settings
Show personalized ads, depending on your settings
If you choose to “Reject all,” we will not use cookies for these additional purposes.
Non-personalized content is influenced by things like the content you’re currently viewing, activity in your active Search session, and your location. Non-personalized ads are influenced by the content you’re currently viewing and your general location. Personalized content and ads can also include more relevant results, recommendations, and tailored ads based on past activity from this browser, like previous Google searches. We also use cookies and data to tailor the experience to be age-appropriate, if relevant.
Select “More options” to see additional information, including details about managing your privacy settings. You can also visit g.co/privacytools at any time.
Reject all
Accept all
More options
Privacy Policy
Terms of Service",https://news.google.com/rss/articles/CBMirwFBVV95cUxPMEZFOXZDTThBTDV0c01xc3hET3U3S1BOWGdid2xDYjQyWHlqb2haZE5nWTB2SHJxVDRONmtsRF80ZldUazUzVjJTMFZrazdDUW0wZ3k5LVMzZ1pwRE54MVhKOUpMak9nTHdEV05yRll3TmNyX0JkSFZpNEVYZjlhYm00aGVURUtFMG0xeUxaXzRDb2Jya29PRkZ0QlQ0UU1EM25mQ2hHcVByVE5qT29B?oc=5
2024-02-20,AMZN,Amazon,Amazon founder Jeff Bezos completes $8.5bn share sale plan - BBC,"EN
Sign in
Before you continue to Google
We use cookies and data to
Deliver and maintain Google services
Track outages and protect against spam, fraud, and abuse
Measure audience engagement and site statistics to understand how our services are used and enhance the quality of those services
If you choose to “Accept all,” we will also use cookies and data to
Develop and improve new services
Deliver and measure the effectiveness of ads
Show personalized content, depending on your settings
Show personalized ads, depending on your settings
If you choose to “Reject all,” we will not use cookies for these additional purposes.
Non-personalized content is influenced by things like the content you’re currently viewing, activity in your active Search session, and your location. Non-personalized ads are influenced by the content you’re currently viewing and your general location. Personalized content and ads can also include more relevant results, recommendations, and tailored ads based on past activity from this browser, like previous Google searches. We also use cookies and data to tailor the experience to be age-appropriate, if relevant.
Select “More options” to see additional information, including details about managing your privacy settings. You can also visit g.co/privacytools at any time.
Reject all
Accept all
More options
Privacy Policy
Terms of Service",https://news.google.com/rss/articles/CBMiVEFVX3lxTFA3dVhXME1fTDZEVk50dmV3WlBVaGdueUp3S1RwQndtR01nNnRldVRHNDNhYnh2YWNDZld4azNnbk1aV0U4Z1pmOExXTFZnT3NSbFJzStIBWkFVX3lxTE56X0ZSeHliZ09xNDA4S2pRRXJ3eHdibFo2R1duY3RDSUh3aV90bGowdXJiUFF0aVBpTDlZSGpvcmN5YkZMVk13R0d2QS1YQndLOGs3Tklic0EyZw?oc=5
2024-02-14,AMZN,Amazon,Amazon founder Jeff Bezos just saved millions on a recent share sale. Here's how. - USA Today,"EN
Sign in
Before you continue to Google
We use cookies and data to
Deliver and maintain Google services
Track outages and protect against spam, fraud, and abuse
Measure audience engagement and site statistics to understand how our services are used and enhance the quality of those services
If you choose to “Accept all,” we will also use cookies and data to
Develop and improve new services
Deliver and measure the effectiveness of ads
Show personalized content, depending on your settings
Show personalized ads, depending on your settings
If you choose to “Reject all,” we will not use cookies for these additional purposes.
Non-personalized content is influenced by things like the content you’re currently viewing, activity in your active Search session, and your location. Non-personalized ads are influenced by the content you’re currently viewing and your general location. Personalized content and ads can also include more relevant results, recommendations, and tailored ads based on past activity from this browser, like previous Google searches. We also use cookies and data to tailor the experience to be age-appropriate, if relevant.
Select “More options” to see additional information, including details about managing your privacy settings. You can also visit g.co/privacytools at any time.
Reject all
Accept all
More options
Privacy Policy
Terms of Service",https://news.google.com/rss/articles/CBMimAFBVV95cUxPdHRBWk4wc0pCdTFId1hpbENJZ3p0N3F2aUNlSGVURE1qbkM4NERuekptMmVGY2w4d1FLbTdCdndsMjh0VmhncUhobkt3ZElKSlAxVHRXc0VsVEVLdlNxbG95a29MZEdHbTkwYWNWUWVaM0FzZzNHR3VPNllGd29xM19VSld5MGFhdHI5N0h3QVR4VzlGazF0aQ?oc=5
2024-02-02,AMZN,Amazon,Jeff Bezos may cash out billions in Amazon stock this year - CNN,"EN
Sign in
Before you continue to Google
We use cookies and data to
Deliver and maintain Google services
Track outages and protect against spam, fraud, and abuse
Measure audience engagement and site statistics to understand how our services are used and enhance the quality of those services
If you choose to “Accept all,” we will also use cookies and data to
Develop and improve new services
Deliver and measure the effectiveness of ads
Show personalized content, depending on your settings
Show personalized ads, depending on your settings
If you choose to “Reject all,” we will not use cookies for these additional purposes.
Non-personalized content is influenced by things like the content you’re currently viewing, activity in your active Search session, and your location. Non-personalized ads are influenced by the content you’re currently viewing and your general location. Personalized content and ads can also include more relevant results, recommendations, and tailored ads based on past activity from this browser, like previous Google searches. We also use cookies and data to tailor the experience to be age-appropriate, if relevant.
Select “More options” to see additional information, including details about managing your privacy settings. You can also visit g.co/privacytools at any time.
Reject all
Accept all
More options
Privacy Policy
Terms of Service",https://news.google.com/rss/articles/CBMilwFBVV95cUxOSmtBWld0WTllNWRJZUVsWGNvdjBhUzh3d1dKSVZPRllvZVpES3R5X2dVU1NKZjRZd0NnVFhPZ0pneDNyanFBUy1EV0VNSXhoZV9oZFRIOVVkX2J3bHZBeVBoYlpMM3RIeV9tRnptblh5MVEySUpQVTRLRGtfTFZlYklpRmtiblI3RlZvOS1Ba3J1SEJoMGNJ0gGIAUFVX3lxTE0tbUxmcHFicFRWbHUyaGhFSER2dEgxQU1qeHpPbXN3U3Z1Um85ek1GNTdGZzdELXpRYy05ak1UaXBrcGNvelFkakNfTjZzLUtkNFdrb3dfTl9lRlFwenMySFUzcTNPVFlwLXQxMkdCWmJEMzFXZ1R6eVgtZnNabmF6eGtZV1lHY1M?oc=5
2024-02-20,AMZN,Amazon,"Jeff Bezos sells another $2.4B in Amazon stock, completing 50M stock sale plan - GeekWire","EN
Sign in
Before you continue to Google
We use cookies and data to
Deliver and maintain Google services
Track outages and protect against spam, fraud, and abuse
Measure audience engagement and site statistics to understand how our services are used and enhance the quality of those services
If you choose to “Accept all,” we will also use cookies and data to
Develop and improve new services
Deliver and measure the effectiveness of ads
Show personalized content, depending on your settings
Show personalized ads, depending on your settings
If you choose to “Reject all,” we will not use cookies for these additional purposes.
Non-personalized content is influenced by things like the content you’re currently viewing, activity in your active Search session, and your location. Non-personalized ads are influenced by the content you’re currently viewing and your general location. Personalized content and ads can also include more relevant results, recommendations, and tailored ads based on past activity from this browser, like previous Google searches. We also use cookies and data to tailor the experience to be age-appropriate, if relevant.
Select “More options” to see additional information, including details about managing your privacy settings. You can also visit g.co/privacytools at any time.
Reject all
Accept all
More options
Privacy Policy
Terms of Service",https://news.google.com/rss/articles/CBMiggFBVV95cUxOMDdCeXRNdWptajh1REZyWE9hbGtSUkxMV2czMlpVMkpGVmloWkI3b0ZSLUhRa3RQUVl1d0o3S1ZndGR3OVFEUkxwVEh2WVYwcURFUkpPN05pVklZbThXWDNSWXZqTXlzejJ0VG94RDRlcEdINU12Z2ZlRW54TXcyVkRB?oc=5
2024-02-11,AMZN,Amazon,Jeff Bezos sells nearly 12 million Amazon shares worth at least $2 billion - NPR,"EN
Sign in
Before you continue to Google
We use cookies and data to
Deliver and maintain Google services
Track outages and protect against spam, fraud, and abuse
Measure audience engagement and site statistics to understand how our services are used and enhance the quality of those services
If you choose to “Accept all,” we will also use cookies and data to
Develop and improve new services
Deliver and measure the effectiveness of ads
Show personalized content, depending on your settings
Show personalized ads, depending on your settings
If you choose to “Reject all,” we will not use cookies for these additional purposes.
Non-personalized content is influenced by things like the content you’re currently viewing, activity in your active Search session, and your location. Non-personalized ads are influenced by the content you’re currently viewing and your general location. Personalized content and ads can also include more relevant results, recommendations, and tailored ads based on past activity from this browser, like previous Google searches. We also use cookies and data to tailor the experience to be age-appropriate, if relevant.
Select “More options” to see additional information, including details about managing your privacy settings. You can also visit g.co/privacytools at any time.
Reject all
Accept all
More options
Privacy Policy
Terms of Service",https://news.google.com/rss/articles/CBMitgFBVV95cUxONlcyb2JaMWlia2xMR3JnSzRMYUVwYlNmUkhGWElKbE5zUkJubDIzQUUwYUxFZDkyU3kwaUZWOTNHTnZjSTRyUUd3VjZhdk45ZU1RZVFUd3RHRkt6a0dWU0NQcEI0U3JybGFLTF92U0Q2Q253c0t2UTZRLXNQT0NtOEc4R3BoVWoyYmZFcVBlbkVTYWZaSEdJNTM1RHhzXy1qQ2g2NjJlTzJWdHJGSmRIN1RlUEtJdw?oc=5
2024-02-13,AMZN,Amazon,Jeff Bezos sells over $4 billion in Amazon shares in past week - Axios,"EN
Sign in
Before you continue to Google
We use cookies and data to
Deliver and maintain Google services
Track outages and protect against spam, fraud, and abuse
Measure audience engagement and site statistics to understand how our services are used and enhance the quality of those services
If you choose to “Accept all,” we will also use cookies and data to
Develop and improve new services
Deliver and measure the effectiveness of ads
Show personalized content, depending on your settings
Show personalized ads, depending on your settings
If you choose to “Reject all,” we will not use cookies for these additional purposes.
Non-personalized content is influenced by things like the content you’re currently viewing, activity in your active Search session, and your location. Non-personalized ads are influenced by the content you’re currently viewing and your general location. Personalized content and ads can also include more relevant results, recommendations, and tailored ads based on past activity from this browser, like previous Google searches. We also use cookies and data to tailor the experience to be age-appropriate, if relevant.
Select “More options” to see additional information, including details about managing your privacy settings. You can also visit g.co/privacytools at any time.
Reject all
Accept all
More options
Privacy Policy
Terms of Service",https://news.google.com/rss/articles/CBMifkFVX3lxTE96YzA3YTRGNjhlNFhuUGdoVTF5MVY1MTdENG1LS0xkcERsMlI3ZzhUQ3Jsdkwzd193ZkNTQ0JLX2ZfLTVuTllHSXNMeXdvc1FYNzBpQXVJV2x2aUNsX0VXdkwxb2ZDSzZaNjNyZXdsUXpIejlIOUNEQUR1a2E4dw?oc=5
2024-02-16,AMZN,Amazon,Why Jeff Bezos Sold $6 Billion of Amazon Stock This Week—It's All Part of a Plan - Investopedia,"EN
Sign in
Before you continue to Google
We use cookies and data to
Deliver and maintain Google services
Track outages and protect against spam, fraud, and abuse
Measure audience engagement and site statistics to understand how our services are used and enhance the quality of those services
If you choose to “Accept all,” we will also use cookies and data to
Develop and improve new services
Deliver and measure the effectiveness of ads
Show personalized content, depending on your settings
Show personalized ads, depending on your settings
If you choose to “Reject all,” we will not use cookies for these additional purposes.
Non-personalized content is influenced by things like the content you’re currently viewing, activity in your active Search session, and your location. Non-personalized ads are influenced by the content you’re currently viewing and your general location. Personalized content and ads can also include more relevant results, recommendations, and tailored ads based on past activity from this browser, like previous Google searches. We also use cookies and data to tailor the experience to be age-appropriate, if relevant.
Select “More options” to see additional information, including details about managing your privacy settings. You can also visit g.co/privacytools at any time.
Reject all
Accept all
More options
Privacy Policy
Terms of Service",https://news.google.com/rss/articles/CBMiigFBVV95cUxPNW9JWHRTN1EzM2lkdVdBSUZRWGV0bm5SN05rWE1JRV8wcWFOR0JJVE5uQzhkdEVVS2RKYUtWcXh4VUhkMUFKMGNpTUlsdWVkS3VBdnNWbE8xbUR2MGsyY0F3elkwXzZkc0ZNdVdVS1VDZml4UGZSbVV2OGRFclhLaHdXWldpLWdURnc?oc=5
2024-02-15,AMZN,Amazon,Jeff Bezos sells more than $2 billion in Amazon stock for third time this month - CNBC,"EN
Sign in
Before you continue to Google
We use cookies and data to
Deliver and maintain Google services
Track outages and protect against spam, fraud, and abuse
Measure audience engagement and site statistics to understand how our services are used and enhance the quality of those services
If you choose to “Accept all,” we will also use cookies and data to
Develop and improve new services
Deliver and measure the effectiveness of ads
Show personalized content, depending on your settings
Show personalized ads, depending on your settings
If you choose to “Reject all,” we will not use cookies for these additional purposes.
Non-personalized content is influenced by things like the content you’re currently viewing, activity in your active Search session, and your location. Non-personalized ads are influenced by the content you’re currently viewing and your general location. Personalized content and ads can also include more relevant results, recommendations, and tailored ads based on past activity from this browser, like previous Google searches. We also use cookies and data to tailor the experience to be age-appropriate, if relevant.
Select “More options” to see additional information, including details about managing your privacy settings. You can also visit g.co/privacytools at any time.
Reject all
Accept all
More options
Privacy Policy
Terms of Service",https://news.google.com/rss/articles/CBMiqgFBVV95cUxQUmtxcUVZWmxXWTlqWFJkM21LZWdhcENBVVJWZjVqV2pGM3c1Mk95ajlzZE0tdGlDNWRuSlhsXzBUTW1ZcVROYWZwc2d6TE12LWYzUGVnQ3Bqb3A1dFBzMGRvYnVBanc1OHo1WVRXWXd4TVp3c0gyS2pnWXhDa3pGdzZNZ0lsQkZlR1QwbTJHTnpWVHF0TmRrNFh2b2FSUVE1YW1CTDV4RU1WUdIBrwFBVV95cUxOT1JaMGtuaENFc3M3Ym0zcWNyZlhuY1AwSzVqeEtsNk55ZExNanZlSUhJZTVBR0xJaGw4ZzQ5NWFmd3B2aUFoZDAwZ0NjMG0wWWtaQ0NiRnhHWTgwRkktNHZFbEw5c1hXaHYtNmpISjlIbzlST3NKbE1lRzk2YnFEMGdaVHlOWkdZV3B3akN0TUFmZUZWQjlQVVVDelNheF9VRzNYdGRvUUpqZExiWUh3?oc=5
2024-02-21,AMZN,Amazon,"Jeff Bezos Sells More Amazon Stock, Reaching $8.5 Billion This Month - Investor's Business Daily","EN
Sign in
Before you continue to Google
We use cookies and data to
Deliver and maintain Google services
Track outages and protect against spam, fraud, and abuse
Measure audience engagement and site statistics to understand how our services are used and enhance the quality of those services
If you choose to “Accept all,” we will also use cookies and data to
Develop and improve new services
Deliver and measure the effectiveness of ads
Show personalized content, depending on your settings
Show personalized ads, depending on your settings
If you choose to “Reject all,” we will not use cookies for these additional purposes.
Non-personalized content is influenced by things like the content you’re currently viewing, activity in your active Search session, and your location. Non-personalized ads are influenced by the content you’re currently viewing and your general location. Personalized content and ads can also include more relevant results, recommendations, and tailored ads based on past activity from this browser, like previous Google searches. We also use cookies and data to tailor the experience to be age-appropriate, if relevant.
Select “More options” to see additional information, including details about managing your privacy settings. You can also visit g.co/privacytools at any time.
Reject all
Accept all
More options
Privacy Policy
Terms of Service",https://news.google.com/rss/articles/CBMirgFBVV95cUxNVEltY0hIT2lYXzZubTJfQ0NGVkVzR1pTYVl0aWZkbVZSWWhtRWljMmROU1lQQXFDUEVIN0dhbjgxcDFnbmRTRi1wX1NxemROZW1PTjI5Q1N3a0xpWk9mMWJaY05BTkQ4SVc0Q0VZbTNBaE1OVThlaDY2bXBwSDJtaWhiYnhKMVdBM3V6VHRBbGRFT1JVWFJ3cWRURVJscXhoblZMZ2lVTFhJMDdZZlE?oc=5
2024-02-02,AMZN,Amazon,Amazon Stock Soars as Analysts Rush to Raise Price Targets. Where Shares Could Go. - Barron's,"EN
Sign in
Before you continue to Google
We use cookies and data to
Deliver and maintain Google services
Track outages and protect against spam, fraud, and abuse
Measure audience engagement and site statistics to understand how our services are used and enhance the quality of those services
If you choose to “Accept all,” we will also use cookies and data to
Develop and improve new services
Deliver and measure the effectiveness of ads
Show personalized content, depending on your settings
Show personalized ads, depending on your settings
If you choose to “Reject all,” we will not use cookies for these additional purposes.
Non-personalized content is influenced by things like the content you’re currently viewing, activity in your active Search session, and your location. Non-personalized ads are influenced by the content you’re currently viewing and your general location. Personalized content and ads can also include more relevant results, recommendations, and tailored ads based on past activity from this browser, like previous Google searches. We also use cookies and data to tailor the experience to be age-appropriate, if relevant.
Select “More options” to see additional information, including details about managing your privacy settings. You can also visit g.co/privacytools at any time.
Reject all
Accept all
More options
Privacy Policy
Terms of Service",https://news.google.com/rss/articles/CBMigwFBVV95cUxOVzZHNkd1OHNtRzJVVG9kUnBGdWV2MkM0MU9ZYl9iTFVQREt3SkZBYlpqdkxTVW45U25CeWpuVFd6R1NhUjd0cFRfQ2N4VXJGOG9jcW4xSUpiNUZqclRuUDRHUmlld0JidVN5SWViVTlPbGlWQlR3d3lzZUtiSWVzenF4SQ?oc=5
2024-02-13,AMZN,Amazon,Jeff Bezos sold $4bn in Amazon stock over the past week - Financial Times,"EN
Sign in
Before you continue to Google
We use cookies and data to
Deliver and maintain Google services
Track outages and protect against spam, fraud, and abuse
Measure audience engagement and site statistics to understand how our services are used and enhance the quality of those services
If you choose to “Accept all,” we will also use cookies and data to
Develop and improve new services
Deliver and measure the effectiveness of ads
Show personalized content, depending on your settings
Show personalized ads, depending on your settings
If you choose to “Reject all,” we will not use cookies for these additional purposes.
Non-personalized content is influenced by things like the content you’re currently viewing, activity in your active Search session, and your location. Non-personalized ads are influenced by the content you’re currently viewing and your general location. Personalized content and ads can also include more relevant results, recommendations, and tailored ads based on past activity from this browser, like previous Google searches. We also use cookies and data to tailor the experience to be age-appropriate, if relevant.
Select “More options” to see additional information, including details about managing your privacy settings. You can also visit g.co/privacytools at any time.
Reject all
Accept all
More options
Privacy Policy
Terms of Service",https://news.google.com/rss/articles/CBMicEFVX3lxTE1LRy1TODNqOHBpbk5zaEFDSHNLeVozQ3RsLUg2VVNSS3lrMkN6cERmVlV6c2RTNjBZN1lfOHNhSkg0ZHplSzRPWjFxSzhKczNpSkR6WHRXWVYySlN2VlU5NGJuWFQyUF9pVVRiM3JJVmY?oc=5
2024-02-06,AMZN,Amazon,"Amazon Stock Is Soaring: What Will This ""Magnificent Seven"" Company Be Worth in 2025? - The Motley Fool","EN
Sign in
Before you continue to Google
We use cookies and data to
Deliver and maintain Google services
Track outages and protect against spam, fraud, and abuse
Measure audience engagement and site statistics to understand how our services are used and enhance the quality of those services
If you choose to “Accept all,” we will also use cookies and data to
Develop and improve new services
Deliver and measure the effectiveness of ads
Show personalized content, depending on your settings
Show personalized ads, depending on your settings
If you choose to “Reject all,” we will not use cookies for these additional purposes.
Non-personalized content is influenced by things like the content you’re currently viewing, activity in your active Search session, and your location. Non-personalized ads are influenced by the content you’re currently viewing and your general location. Personalized content and ads can also include more relevant results, recommendations, and tailored ads based on past activity from this browser, like previous Google searches. We also use cookies and data to tailor the experience to be age-appropriate, if relevant.
Select “More options” to see additional information, including details about managing your privacy settings. You can also visit g.co/privacytools at any time.
Reject all
Accept all
More options
Privacy Policy
Terms of Service",https://news.google.com/rss/articles/CBMikAFBVV95cUxObHZnR2xSVzBfWDNTZmVOR05LQ1lTOWstMGRmM0RGQmxvWFpxbUpQN2tORXQtVnU3QUJlX3g3bW9DbVdQZEtqVnVjXzBXdFdXbkVJZ3pSZGhIYnlhSm1PM0dGbEhoZUY0aWc1NHk1V0NaV3FVaXd0MEFONTQ0MlBYTHJOdHJQRm1hSWZGZVZqOVQ?oc=5
2024-02-07,AMZN,Amazon,Best Stock to Buy Right Now: Costco vs. Amazon - Yahoo Finance,"EN
Sign in
Before you continue to Google
We use cookies and data to
Deliver and maintain Google services
Track outages and protect against spam, fraud, and abuse
Measure audience engagement and site statistics to understand how our services are used and enhance the quality of those services
If you choose to “Accept all,” we will also use cookies and data to
Develop and improve new services
Deliver and measure the effectiveness of ads
Show personalized content, depending on your settings
Show personalized ads, depending on your settings
If you choose to “Reject all,” we will not use cookies for these additional purposes.
Non-personalized content is influenced by things like the content you’re currently viewing, activity in your active Search session, and your location. Non-personalized ads are influenced by the content you’re currently viewing and your general location. Personalized content and ads can also include more relevant results, recommendations, and tailored ads based on past activity from this browser, like previous Google searches. We also use cookies and data to tailor the experience to be age-appropriate, if relevant.
Select “More options” to see additional information, including details about managing your privacy settings. You can also visit g.co/privacytools at any time.
Reject all
Accept all
More options
Privacy Policy
Terms of Service",https://news.google.com/rss/articles/CBMie0FVX3lxTE1pUEloaXdXWllieTNqdzdVcnE5bjBLTkRqZmd4bkZUSHJsRGJEUWxWaEk4c3l2eXI4X055ZV90QUQ3THhMdVB2R3Bfd0JIXy16NE5jVnRhbm11clpnRlAyRHZhOVVKdWQybVBCaGtJSV9RNmM2SEZVZTdlYw?oc=5
2024-02-02,AMZN,Amazon,"Bezos to sell up to 50 million Amazon shares by Jan. 31 next year, filing shows - Reuters","EN
Sign in
Before you continue to Google
We use cookies and data to
Deliver and maintain Google services
Track outages and protect against spam, fraud, and abuse
Measure audience engagement and site statistics to understand how our services are used and enhance the quality of those services
If you choose to “Accept all,” we will also use cookies and data to
Develop and improve new services
Deliver and measure the effectiveness of ads
Show personalized content, depending on your settings
Show personalized ads, depending on your settings
If you choose to “Reject all,” we will not use cookies for these additional purposes.
Non-personalized content is influenced by things like the content you’re currently viewing, activity in your active Search session, and your location. Non-personalized ads are influenced by the content you’re currently viewing and your general location. Personalized content and ads can also include more relevant results, recommendations, and tailored ads based on past activity from this browser, like previous Google searches. We also use cookies and data to tailor the experience to be age-appropriate, if relevant.
Select “More options” to see additional information, including details about managing your privacy settings. You can also visit g.co/privacytools at any time.
Reject all
Accept all
More options
Privacy Policy
Terms of Service",https://news.google.com/rss/articles/CBMiqwFBVV95cUxPRUcyUGROY0F6Zi1NZjRsOGp5NFotZzllbzRJSmE1ZS1VUUpyYWNDc1o4Z1RSM3VYZ0c3UVZzdXFVTWRrVUJpWl9Qd0tmMmpXTXc2OXZmLS03NWFfMGh0MDhZZUR5OEFVYXB0d3VSU053RzAtSHRzalZqSGVVSVQ1alhlUk04MnRKQl9iSUJ1cEREWW1aUThBVjhDalJmTGJ6S2RKd2VmSWdSQXc?oc=5
2024-02-06,AMZN,Amazon,Filing: Jeff Bezos adopted plan to sell up to 50M Amazon shares six days after announcing move - GeekWire,"EN
Sign in
Before you continue to Google
We use cookies and data to
Deliver and maintain Google services
Track outages and protect against spam, fraud, and abuse
Measure audience engagement and site statistics to understand how our services are used and enhance the quality of those services
If you choose to “Accept all,” we will also use cookies and data to
Develop and improve new services
Deliver and measure the effectiveness of ads
Show personalized content, depending on your settings
Show personalized ads, depending on your settings
If you choose to “Reject all,” we will not use cookies for these additional purposes.
Non-personalized content is influenced by things like the content you’re currently viewing, activity in your active Search session, and your location. Non-personalized ads are influenced by the content you’re currently viewing and your general location. Personalized content and ads can also include more relevant results, recommendations, and tailored ads based on past activity from this browser, like previous Google searches. We also use cookies and data to tailor the experience to be age-appropriate, if relevant.
Select “More options” to see additional information, including details about managing your privacy settings. You can also visit g.co/privacytools at any time.
Reject all
Accept all
More options
Privacy Policy
Terms of Service",https://news.google.com/rss/articles/CBMixwFBVV95cUxPbWNwU3NLaGNXSzlCVy1MdzNIZ0l0MlJ6cVlDN0cwa0NOM29TbDR0RTg0MTNsSEhmd215WXhiclNwQkJsSlVGNlhJMDZlUlZ5WExTYW95bG0zSkRYZ1VxRlFrRXdTTWpzRmozUjNVOGYzVjZubTc1VTE5YkYtcjhkbUFRZ1FYaHRLb2otUHR3YVNMVzN4eGwxVUU3X1hXWnNSZFVEWkhiSWwtY09iaGlCQ3RUQV9HR2U1bGZpOUl6c3FGbk9xVHlr?oc=5
2024-02-20,AMZN,Amazon,Bezos Wraps Up 50 Million Amazon Stock Sale Netting $8.5 Billion - Bloomberg.com,"EN
Sign in
Before you continue to Google
We use cookies and data to
Deliver and maintain Google services
Track outages and protect against spam, fraud, and abuse
Measure audience engagement and site statistics to understand how our services are used and enhance the quality of those services
If you choose to “Accept all,” we will also use cookies and data to
Develop and improve new services
Deliver and measure the effectiveness of ads
Show personalized content, depending on your settings
Show personalized ads, depending on your settings
If you choose to “Reject all,” we will not use cookies for these additional purposes.
Non-personalized content is influenced by things like the content you’re currently viewing, activity in your active Search session, and your location. Non-personalized ads are influenced by the content you’re currently viewing and your general location. Personalized content and ads can also include more relevant results, recommendations, and tailored ads based on past activity from this browser, like previous Google searches. We also use cookies and data to tailor the experience to be age-appropriate, if relevant.
Select “More options” to see additional information, including details about managing your privacy settings. You can also visit g.co/privacytools at any time.
Reject all
Accept all
More options
Privacy Policy
Terms of Service",https://news.google.com/rss/articles/CBMitAFBVV95cUxPcjFzMDBLWEFLeW9LMmNQUDBkTC05MkZMMEhuNEdVRDZPRU5YcFFpclIxX1p5OFF0b3Q5MEdqa2ZGaXNlSmEwTlkyZlNsb0lYcTVWZG9Rb0JLVzV6S3YtSGRsUWdKRklOOHhwZk5XRzF4VzlidFhsYm1CMlEwOHBBNmVaRm1ZUnB5LU93Umx3R0JQd2czN1RzMmlaVlRTbWt3b05BelBvUW5meUZYMC1zS1pFenI?oc=5
2024-02-13,AMZN,Amazon,Jeff Bezos sells more than $2 billion in Amazon stock - CNBC,"EN
Sign in
Before you continue to Google
We use cookies and data to
Deliver and maintain Google services
Track outages and protect against spam, fraud, and abuse
Measure audience engagement and site statistics to understand how our services are used and enhance the quality of those services
If you choose to “Accept all,” we will also use cookies and data to
Develop and improve new services
Deliver and measure the effectiveness of ads
Show personalized content, depending on your settings
Show personalized ads, depending on your settings
If you choose to “Reject all,” we will not use cookies for these additional purposes.
Non-personalized content is influenced by things like the content you’re currently viewing, activity in your active Search session, and your location. Non-personalized ads are influenced by the content you’re currently viewing and your general location. Personalized content and ads can also include more relevant results, recommendations, and tailored ads based on past activity from this browser, like previous Google searches. We also use cookies and data to tailor the experience to be age-appropriate, if relevant.
Select “More options” to see additional information, including details about managing your privacy settings. You can also visit g.co/privacytools at any time.
Reject all
Accept all
More options
Privacy Policy
Terms of Service",https://news.google.com/rss/articles/CBMikwFBVV95cUxPcGdwa1ZtOUJBYzVCTWhZZGowMGZ3VFlKRHFmSWZDWXFBai1hUGFZdV9sYjYyQkc3blJ3M2dEVEhMeXI1Mk4wVWJZSjhsUDJSQU16NVVHSEV2VE1aTjAxTG5HVk1lTzZRVlhnUmFCWGxaSGdMUngyUVMxbmI4MUV5NlhqT3FELUNZWDBIMUswWFdoSE3SAZgBQVVfeXFMUGEwdXlvbnhhSzFHaEllQlVEeFhRdUdzSWFieVo0Wjk4MGNjYWtRQk5XMEdKWjlKVnB0dTlka1V1ZElnUVFDZ2Y0NFQ1QVpFZjVBalNUU2FnSnNkQlBNdDl2bjRVWGVmdEg1M2czQlFqYVBWeWZLb0Jja0d6b3ZIZ2k5TnhJYzVvOFhTLXZmSUs5TmhpTmkzN0Y?oc=5
2024-02-10,AMZN,Amazon,Jeff Bezos sells $2 billion worth of Amazon shares in his first stock sale since 2021 - GeekWire,"EN
Sign in
Before you continue to Google
We use cookies and data to
Deliver and maintain Google services
Track outages and protect against spam, fraud, and abuse
Measure audience engagement and site statistics to understand how our services are used and enhance the quality of those services
If you choose to “Accept all,” we will also use cookies and data to
Develop and improve new services
Deliver and measure the effectiveness of ads
Show personalized content, depending on your settings
Show personalized ads, depending on your settings
If you choose to “Reject all,” we will not use cookies for these additional purposes.
Non-personalized content is influenced by things like the content you’re currently viewing, activity in your active Search session, and your location. Non-personalized ads are influenced by the content you’re currently viewing and your general location. Personalized content and ads can also include more relevant results, recommendations, and tailored ads based on past activity from this browser, like previous Google searches. We also use cookies and data to tailor the experience to be age-appropriate, if relevant.
Select “More options” to see additional information, including details about managing your privacy settings. You can also visit g.co/privacytools at any time.
Reject all
Accept all
More options
Privacy Policy
Terms of Service",https://news.google.com/rss/articles/CBMitgFBVV95cUxPOHl4Y2Q4end3cnJjTUN5SXhVX2JhLVVUMFZiUDNRbjI3eml6ZEpDQng3eERSb184ZTFtLXdYTGczY3hKc0Y4ekxCcndsa0M2M25EWkI1ZlF4d2lWSVZvVkRGYnZINFBNaXRhT0I5T1NzVmJndlA2OGJHeDFkMTBFbnU0VDRKaS15cnVDNGZJbUQxZHdzT0pBcUNUTVZMNms1N081akhVQ0FFUEoySm1OR054QndWUQ?oc=5
2024-03-25,AMZN,Amazon,7 Stocks That Could Be the Next Amazon or Google: March 2024 Edition - Yahoo Finance,"EN
Sign in
Before you continue to Google
We use cookies and data to
Deliver and maintain Google services
Track outages and protect against spam, fraud, and abuse
Measure audience engagement and site statistics to understand how our services are used and enhance the quality of those services
If you choose to “Accept all,” we will also use cookies and data to
Develop and improve new services
Deliver and measure the effectiveness of ads
Show personalized content, depending on your settings
Show personalized ads, depending on your settings
If you choose to “Reject all,” we will not use cookies for these additional purposes.
Non-personalized content is influenced by things like the content you’re currently viewing, activity in your active Search session, and your location. Non-personalized ads are influenced by the content you’re currently viewing and your general location. Personalized content and ads can also include more relevant results, recommendations, and tailored ads based on past activity from this browser, like previous Google searches. We also use cookies and data to tailor the experience to be age-appropriate, if relevant.
Select “More options” to see additional information, including details about managing your privacy settings. You can also visit g.co/privacytools at any time.
Reject all
Accept all
More options
Privacy Policy
Terms of Service",https://news.google.com/rss/articles/CBMifEFVX3lxTE96VGVkMFNreXU1ODFCZHM1blktbEI2a2NJTVhzZU1hNUx5RHFmS1N4SEl5RDRMNEpNVXF6MmpoQVBxSUtLdlhCelRDRUxNa29IMXF2dEtUZDFjSGVyYzFySzBVX0xMcG9lbVp1SmpyODNaQ0dtNF9kUTcxeWY?oc=5
2024-03-18,AMZN,Amazon,AWS and NVIDIA Extend Collaboration to Advance Generative AI Innovation - NVIDIA Newsroom,"EN
Sign in
Before you continue to Google
We use cookies and data to
Deliver and maintain Google services
Track outages and protect against spam, fraud, and abuse
Measure audience engagement and site statistics to understand how our services are used and enhance the quality of those services
If you choose to “Accept all,” we will also use cookies and data to
Develop and improve new services
Deliver and measure the effectiveness of ads
Show personalized content, depending on your settings
Show personalized ads, depending on your settings
If you choose to “Reject all,” we will not use cookies for these additional purposes.
Non-personalized content is influenced by things like the content you’re currently viewing, activity in your active Search session, and your location. Non-personalized ads are influenced by the content you’re currently viewing and your general location. Personalized content and ads can also include more relevant results, recommendations, and tailored ads based on past activity from this browser, like previous Google searches. We also use cookies and data to tailor the experience to be age-appropriate, if relevant.
Select “More options” to see additional information, including details about managing your privacy settings. You can also visit g.co/privacytools at any time.
Reject all
Accept all
More options
Privacy Policy
Terms of Service",https://news.google.com/rss/articles/CBMiekFVX3lxTE8tN0pVSWR4eXpzMVVPSEVqVFlseXdQMFYwNTk2S2tVT3E5dllZUkpwU2JYbkpEb2ZyMFdCNFAxVE5nYTJDTWwxR1Ayc3lYSFN1Z3ZnTnliLTZlelJ3bjBpZzlHT2xhOTl5eWZ3Z3FiMnd0NGg0VWFpbk1B?oc=5
2024-03-25,AMZN,Amazon,"Amazon Poised To Benefit From AI After Nvidia's Conference, Analyst Says - Investor's Business Daily","EN
Sign in
Before you continue to Google
We use cookies and data to
Deliver and maintain Google services
Track outages and protect against spam, fraud, and abuse
Measure audience engagement and site statistics to understand how our services are used and enhance the quality of those services
If you choose to “Accept all,” we will also use cookies and data to
Develop and improve new services
Deliver and measure the effectiveness of ads
Show personalized content, depending on your settings
Show personalized ads, depending on your settings
If you choose to “Reject all,” we will not use cookies for these additional purposes.
Non-personalized content is influenced by things like the content you’re currently viewing, activity in your active Search session, and your location. Non-personalized ads are influenced by the content you’re currently viewing and your general location. Personalized content and ads can also include more relevant results, recommendations, and tailored ads based on past activity from this browser, like previous Google searches. We also use cookies and data to tailor the experience to be age-appropriate, if relevant.
Select “More options” to see additional information, including details about managing your privacy settings. You can also visit g.co/privacytools at any time.
Reject all
Accept all
More options
Privacy Policy
Terms of Service",https://news.google.com/rss/articles/CBMihgFBVV95cUxQOTY2OTdfYkxhV0xFNFhnVlY3Z1NBSlBiTi13TzZiVGk3VXBrSzZRUE1PdngtcHNiaTY1MDkxVUlhdWhMRzFtR1JKNExKX2F4Wk5teHVUaVZ0RUpZM3lVZWtVeEdxZndjb1N3VHFzOFluMnM1QVpGcnNac285bzQxVl80Y1o2dw?oc=5
2024-03-21,AMZN,Amazon,Amazon Stock Price Prediction - Forbes,"EN
Sign in
Before you continue to Google
We use cookies and data to
Deliver and maintain Google services
Track outages and protect against spam, fraud, and abuse
Measure audience engagement and site statistics to understand how our services are used and enhance the quality of those services
If you choose to “Accept all,” we will also use cookies and data to
Develop and improve new services
Deliver and measure the effectiveness of ads
Show personalized content, depending on your settings
Show personalized ads, depending on your settings
If you choose to “Reject all,” we will not use cookies for these additional purposes.
Non-personalized content is influenced by things like the content you’re currently viewing, activity in your active Search session, and your location. Non-personalized ads are influenced by the content you’re currently viewing and your general location. Personalized content and ads can also include more relevant results, recommendations, and tailored ads based on past activity from this browser, like previous Google searches. We also use cookies and data to tailor the experience to be age-appropriate, if relevant.
Select “More options” to see additional information, including details about managing your privacy settings. You can also visit g.co/privacytools at any time.
Reject all
Accept all
More options
Privacy Policy
Terms of Service",https://news.google.com/rss/articles/CBMif0FVX3lxTE9aUDhVMVJpdUJoaEp3VDV6TTJGMDdKUGhpajI0NDd0Q3hTYmxWVWtCaFRFWGVFbkttRExhTUM5UDRJWE9oeHZSRlNFVUcwUDNtVThNMm5ocG9pQmpIZ2FCa3pvbU9mQnJQZE41V3hQUUFncDRJejk2czNuS2ZDSTg?oc=5
2024-03-08,AMZN,Amazon,Amazon CEO Andy Jassy’s $9 million stock sale this week may be cause for caution - MarketWatch,"EN
Sign in
Before you continue to Google
We use cookies and data to
Deliver and maintain Google services
Track outages and protect against spam, fraud, and abuse
Measure audience engagement and site statistics to understand how our services are used and enhance the quality of those services
If you choose to “Accept all,” we will also use cookies and data to
Develop and improve new services
Deliver and measure the effectiveness of ads
Show personalized content, depending on your settings
Show personalized ads, depending on your settings
If you choose to “Reject all,” we will not use cookies for these additional purposes.
Non-personalized content is influenced by things like the content you’re currently viewing, activity in your active Search session, and your location. Non-personalized ads are influenced by the content you’re currently viewing and your general location. Personalized content and ads can also include more relevant results, recommendations, and tailored ads based on past activity from this browser, like previous Google searches. We also use cookies and data to tailor the experience to be age-appropriate, if relevant.
Select “More options” to see additional information, including details about managing your privacy settings. You can also visit g.co/privacytools at any time.
Reject all
Accept all
More options
Privacy Policy
Terms of Service",https://news.google.com/rss/articles/CBMivgFBVV95cUxPcEhfUjFIQTdwbmNNVDdZLTRuenFCeDczaGsxRDc5X0dsXzNIdTh5dFN3ckw4OWpjaXdCeFdqdDRVU1pQUDhVZlo3QTJtR2Q2dTJZS1haQjhSRmhBSjA1V1NZMFU2eDlIR3hzN1JmOHZVakROWVFTNjExN3hGQ3EzTzN1ejRJWjNMVllnNmN4aENCS3ZZaHRHZ0I3c2xDeDlCWjhFbGJ1SEdPS0Jxd0NtWXdVamZPSGQ4WTJ4ZE5n?oc=5
2024-03-06,AMZN,Amazon,Buy MercadoLibre Stock. The Amazon.com of South America Looks Like a Buy. - Barron's,"EN
Sign in
Before you continue to Google
We use cookies and data to
Deliver and maintain Google services
Track outages and protect against spam, fraud, and abuse
Measure audience engagement and site statistics to understand how our services are used and enhance the quality of those services
If you choose to “Accept all,” we will also use cookies and data to
Develop and improve new services
Deliver and measure the effectiveness of ads
Show personalized content, depending on your settings
Show personalized ads, depending on your settings
If you choose to “Reject all,” we will not use cookies for these additional purposes.
Non-personalized content is influenced by things like the content you’re currently viewing, activity in your active Search session, and your location. Non-personalized ads are influenced by the content you’re currently viewing and your general location. Personalized content and ads can also include more relevant results, recommendations, and tailored ads based on past activity from this browser, like previous Google searches. We also use cookies and data to tailor the experience to be age-appropriate, if relevant.
Select “More options” to see additional information, including details about managing your privacy settings. You can also visit g.co/privacytools at any time.
Reject all
Accept all
More options
Privacy Policy
Terms of Service",https://news.google.com/rss/articles/CBMiigFBVV95cUxPejhzMDZtWWFRaG1PRmxlbTVXR1VWVTNZakVTd0tGMHRreU55MU1wUkZibXlLX1dUaGVDSVVNQ2hyR3VmZTh4cmJRMEVSSVBFYjdPRGVHYWpPbktOdkdub2cwNVduNDg3Zjdlck96ZDBNNDR4aFkyZF9EWm1MdFlkZkF3VDNEZllOUVE?oc=5
2024-03-23,AMZN,Amazon,Who Owns Amazon? List of Major Shareholders - The Motley Fool,"EN
Sign in
Before you continue to Google
We use cookies and data to
Deliver and maintain Google services
Track outages and protect against spam, fraud, and abuse
Measure audience engagement and site statistics to understand how our services are used and enhance the quality of those services
If you choose to “Accept all,” we will also use cookies and data to
Develop and improve new services
Deliver and measure the effectiveness of ads
Show personalized content, depending on your settings
Show personalized ads, depending on your settings
If you choose to “Reject all,” we will not use cookies for these additional purposes.
Non-personalized content is influenced by things like the content you’re currently viewing, activity in your active Search session, and your location. Non-personalized ads are influenced by the content you’re currently viewing and your general location. Personalized content and ads can also include more relevant results, recommendations, and tailored ads based on past activity from this browser, like previous Google searches. We also use cookies and data to tailor the experience to be age-appropriate, if relevant.
Select “More options” to see additional information, including details about managing your privacy settings. You can also visit g.co/privacytools at any time.
Reject all
Accept all
More options
Privacy Policy
Terms of Service",https://news.google.com/rss/articles/CBMid0FVX3lxTE9samJOM01VQy1raER4bTdXeGNuTmpackJiZTBrUC0xMGxzVnVVY1ROWWlHYzZreHFJT3RoUjkwX0hvYk5zbW9yOGZKZGRTT05nRVRJZHgxRVFTNFB5YVozVjZsU2pkTTRZRWhzVFNyeTR0RWgwUUVr?oc=5
2024-03-04,AMZN,Amazon,Talen Energy sells Pa. datacenter campus to Amazon Web Services for $650M - S&P Global,"EN
Sign in
Before you continue to Google
We use cookies and data to
Deliver and maintain Google services
Track outages and protect against spam, fraud, and abuse
Measure audience engagement and site statistics to understand how our services are used and enhance the quality of those services
If you choose to “Accept all,” we will also use cookies and data to
Develop and improve new services
Deliver and measure the effectiveness of ads
Show personalized content, depending on your settings
Show personalized ads, depending on your settings
If you choose to “Reject all,” we will not use cookies for these additional purposes.
Non-personalized content is influenced by things like the content you’re currently viewing, activity in your active Search session, and your location. Non-personalized ads are influenced by the content you’re currently viewing and your general location. Personalized content and ads can also include more relevant results, recommendations, and tailored ads based on past activity from this browser, like previous Google searches. We also use cookies and data to tailor the experience to be age-appropriate, if relevant.
Select “More options” to see additional information, including details about managing your privacy settings. You can also visit g.co/privacytools at any time.
Reject all
Accept all
More options
Privacy Policy
Terms of Service",https://news.google.com/rss/articles/CBMi7wFBVV95cUxQSGVpTmU0R2oxc3E4Q2NneERFd0ZGc0g2YkFyTlpCOFo1Q0JRTlIzenBFMElZdVFkaGtFdlpaWS1YX1lQdXR2LWFsWkhZd0JtellOX3R6N0tfcDBsbTFpUWRWZmg4Y1NIRjljX09wajJKaGpkcDZ5UUp3U1dRdExlcFF2a25nUnA0N2JMMUZHbzFzaUJJbmp5cnFjZVdJR2lZUElkcFFKY29uU1FvdXRIRlVpWjFmbWxGVzZxcWY2Qm1TRHJlOTN0Q3cyMmdOMVNqQ2VfZXlVVlBsczAyVDlhTXZjZGZya0hnZU42TW12VQ?oc=5
2024-03-22,AMZN,Amazon,Where Will Amazon Stock Be in 2026? - Nasdaq,"EN
Sign in
Before you continue to Google
We use cookies and data to
Deliver and maintain Google services
Track outages and protect against spam, fraud, and abuse
Measure audience engagement and site statistics to understand how our services are used and enhance the quality of those services
If you choose to “Accept all,” we will also use cookies and data to
Develop and improve new services
Deliver and measure the effectiveness of ads
Show personalized content, depending on your settings
Show personalized ads, depending on your settings
If you choose to “Reject all,” we will not use cookies for these additional purposes.
Non-personalized content is influenced by things like the content you’re currently viewing, activity in your active Search session, and your location. Non-personalized ads are influenced by the content you’re currently viewing and your general location. Personalized content and ads can also include more relevant results, recommendations, and tailored ads based on past activity from this browser, like previous Google searches. We also use cookies and data to tailor the experience to be age-appropriate, if relevant.
Select “More options” to see additional information, including details about managing your privacy settings. You can also visit g.co/privacytools at any time.
Reject all
Accept all
More options
Privacy Policy
Terms of Service",https://news.google.com/rss/articles/CBMidEFVX3lxTE5hTkJvcVJqb25heVVuMi1HUnd2UllEQ3pPRm1PalpXb3l0N1NGdUxBMUtXTTBOY08yNkFWdUZzVE1WVnBxNkloQkdkNjlSTWplREdFSGZFQkNlMHJHaktjZWIyZUE2ckJzNUdSbHNRSHkwbXFE?oc=5
2024-03-29,AMZN,Amazon,I started a new job at Amazon. Here are 4 things I learned in my first 30 days. - About Amazon,"EN
Sign in
Before you continue to Google
We use cookies and data to
Deliver and maintain Google services
Track outages and protect against spam, fraud, and abuse
Measure audience engagement and site statistics to understand how our services are used and enhance the quality of those services
If you choose to “Accept all,” we will also use cookies and data to
Develop and improve new services
Deliver and measure the effectiveness of ads
Show personalized content, depending on your settings
Show personalized ads, depending on your settings
If you choose to “Reject all,” we will not use cookies for these additional purposes.
Non-personalized content is influenced by things like the content you’re currently viewing, activity in your active Search session, and your location. Non-personalized ads are influenced by the content you’re currently viewing and your general location. Personalized content and ads can also include more relevant results, recommendations, and tailored ads based on past activity from this browser, like previous Google searches. We also use cookies and data to tailor the experience to be age-appropriate, if relevant.
Select “More options” to see additional information, including details about managing your privacy settings. You can also visit g.co/privacytools at any time.
Reject all
Accept all
More options
Privacy Policy
Terms of Service",https://news.google.com/rss/articles/CBMiggFBVV95cUxQY3llenRGeDBPTDNkNGx5NERVZEY4Q3ZpRlgzbEVBUmd2d2xFS1l2bzF2eWxMS3JvTjE2NWVmVkE5alF5S1NYNUxSWEZ2c3hsRHZvd1QtVGltQ0Y1VEhxUU5MZjRXR1dWeERZZnhlSjh3eDQweHRqa2t5SEsyRWtoMUVR?oc=5
2024-03-12,AMZN,Amazon,Getting Started with Generative AI Using Hugging Face Platform on AWS | Amazon Web Services - Amazon Web Services (AWS),"EN
Sign in
Before you continue to Google
We use cookies and data to
Deliver and maintain Google services
Track outages and protect against spam, fraud, and abuse
Measure audience engagement and site statistics to understand how our services are used and enhance the quality of those services
If you choose to “Accept all,” we will also use cookies and data to
Develop and improve new services
Deliver and measure the effectiveness of ads
Show personalized content, depending on your settings
Show personalized ads, depending on your settings
If you choose to “Reject all,” we will not use cookies for these additional purposes.
Non-personalized content is influenced by things like the content you’re currently viewing, activity in your active Search session, and your location. Non-personalized ads are influenced by the content you’re currently viewing and your general location. Personalized content and ads can also include more relevant results, recommendations, and tailored ads based on past activity from this browser, like previous Google searches. We also use cookies and data to tailor the experience to be age-appropriate, if relevant.
Select “More options” to see additional information, including details about managing your privacy settings. You can also visit g.co/privacytools at any time.
Reject all
Accept all
More options
Privacy Policy
Terms of Service",https://news.google.com/rss/articles/CBMipgFBVV95cUxQQU4yRDhsczg0Z1FweW9lckU0RUhSQ0pGdjBIRVBXSlR3cEllRktmcWpPSE9oeTBrakJ1NWF2OWVGWWtHRnJZa2lIeEhWeW5qU1dlUU5NRHl6TE9qUENLUTl2ZmtCX1QwWWxqODFIbzhpUWdIYUk1LVFCSFpPQUhUR1ZFWFVla053R2J1Y3dpN3U2R3N3R3NzWHZFeldITS1IYXBGVnNn?oc=5
2024-03-26,AMZN,Amazon,Amazon.com (NASDAQ:AMZN) shareholders have earned a 15% CAGR over the last five years - Yahoo Finance,"EN
Sign in
Before you continue to Google
We use cookies and data to
Deliver and maintain Google services
Track outages and protect against spam, fraud, and abuse
Measure audience engagement and site statistics to understand how our services are used and enhance the quality of those services
If you choose to “Accept all,” we will also use cookies and data to
Develop and improve new services
Deliver and measure the effectiveness of ads
Show personalized content, depending on your settings
Show personalized ads, depending on your settings
If you choose to “Reject all,” we will not use cookies for these additional purposes.
Non-personalized content is influenced by things like the content you’re currently viewing, activity in your active Search session, and your location. Non-personalized ads are influenced by the content you’re currently viewing and your general location. Personalized content and ads can also include more relevant results, recommendations, and tailored ads based on past activity from this browser, like previous Google searches. We also use cookies and data to tailor the experience to be age-appropriate, if relevant.
Select “More options” to see additional information, including details about managing your privacy settings. You can also visit g.co/privacytools at any time.
Reject all
Accept all
More options
Privacy Policy
Terms of Service",https://news.google.com/rss/articles/CBMiiAFBVV95cUxPRXNjdF9pM3pSb2l5bnRBVUdUdmZyb0UtNVZwbkxtN3lkT2RGTzhuTVhYTW94VEtyQUV2ZVd3b3BkdmNxV29BR0ZmSVNpZ3NKU1gyamNFWTlESTlIbkI1TFljamJkWVZzSHg1RHN4NXMwdkdVWkRTdVZ3VTh2WE9KcVp0Sm9sSjdV?oc=5
2024-03-16,AMZN,Amazon,"Forget Amazon: I Think This Stock Should Replace It in the ""Magnificent Seven"" - The Motley Fool","EN
Sign in
Before you continue to Google
We use cookies and data to
Deliver and maintain Google services
Track outages and protect against spam, fraud, and abuse
Measure audience engagement and site statistics to understand how our services are used and enhance the quality of those services
If you choose to “Accept all,” we will also use cookies and data to
Develop and improve new services
Deliver and measure the effectiveness of ads
Show personalized content, depending on your settings
Show personalized ads, depending on your settings
If you choose to “Reject all,” we will not use cookies for these additional purposes.
Non-personalized content is influenced by things like the content you’re currently viewing, activity in your active Search session, and your location. Non-personalized ads are influenced by the content you’re currently viewing and your general location. Personalized content and ads can also include more relevant results, recommendations, and tailored ads based on past activity from this browser, like previous Google searches. We also use cookies and data to tailor the experience to be age-appropriate, if relevant.
Select “More options” to see additional information, including details about managing your privacy settings. You can also visit g.co/privacytools at any time.
Reject all
Accept all
More options
Privacy Policy
Terms of Service",https://news.google.com/rss/articles/CBMimAFBVV95cUxPTENMM1JpY2pRUUlNQUxhYjliekhqZ3QwcVBad2FKd0EzSG91NHNSdGtjaUhQSVhiYVRReENaRGNQbEVrRUVvOXdqMEIzYTBTcHFRLURrZFB1NXdadTVCWjVRa21NY0NMV0Iyb0FPWHd5WkxtVENCUVQ4Wnc5TDFnQXQzOHJEa19zd2huSHpydE9nV3pPUjQ1LQ?oc=5
2024-03-18,AMZN,Amazon,Meta Stock Named A Top Pick. Why Analyst Is Bullish On Facebook-Amazon Partnership. - Investor's Business Daily,"EN
Sign in
Before you continue to Google
We use cookies and data to
Deliver and maintain Google services
Track outages and protect against spam, fraud, and abuse
Measure audience engagement and site statistics to understand how our services are used and enhance the quality of those services
If you choose to “Accept all,” we will also use cookies and data to
Develop and improve new services
Deliver and measure the effectiveness of ads
Show personalized content, depending on your settings
Show personalized ads, depending on your settings
If you choose to “Reject all,” we will not use cookies for these additional purposes.
Non-personalized content is influenced by things like the content you’re currently viewing, activity in your active Search session, and your location. Non-personalized ads are influenced by the content you’re currently viewing and your general location. Personalized content and ads can also include more relevant results, recommendations, and tailored ads based on past activity from this browser, like previous Google searches. We also use cookies and data to tailor the experience to be age-appropriate, if relevant.
Select “More options” to see additional information, including details about managing your privacy settings. You can also visit g.co/privacytools at any time.
Reject all
Accept all
More options
Privacy Policy
Terms of Service",https://news.google.com/rss/articles/CBMikgFBVV95cUxQNDNuNGh5X2pEZi1GT29Obm9vYmxmWmoyTlllSVNxaXhGeXVYM2NEdXBTMVJRVWE1Y092aWZXMnJHSTBqRGFwUFRDMlZ6eTlmNm44SWR5QkcwSWdnOTdkblB3b2NmTmR1cDRqb0FvRTNFSWtTMTBieGx4OUI0MFFXSDNNejVPWExSMk52ZmIwV3ZqUQ?oc=5
2024-03-07,AMZN,Amazon,How To Buy Amazon (AMZN) Stocks & Shares In Australia - Forbes,"EN
Sign in
Before you continue to Google
We use cookies and data to
Deliver and maintain Google services
Track outages and protect against spam, fraud, and abuse
Measure audience engagement and site statistics to understand how our services are used and enhance the quality of those services
If you choose to “Accept all,” we will also use cookies and data to
Develop and improve new services
Deliver and measure the effectiveness of ads
Show personalized content, depending on your settings
Show personalized ads, depending on your settings
If you choose to “Reject all,” we will not use cookies for these additional purposes.
Non-personalized content is influenced by things like the content you’re currently viewing, activity in your active Search session, and your location. Non-personalized ads are influenced by the content you’re currently viewing and your general location. Personalized content and ads can also include more relevant results, recommendations, and tailored ads based on past activity from this browser, like previous Google searches. We also use cookies and data to tailor the experience to be age-appropriate, if relevant.
Select “More options” to see additional information, including details about managing your privacy settings. You can also visit g.co/privacytools at any time.
Reject all
Accept all
More options
Privacy Policy
Terms of Service",https://news.google.com/rss/articles/CBMiiAFBVV95cUxNbTBpalU5ODQzeVpkejl1ZzZKZWRZaFlnNWVnQjFYR09zMWhZYnN3Zk9DYWVHcWU3ei1NZHo5WnZ1Uk1qZ1MwZ1lIODItNTZhaVQ5UnNZaUJEVkFZeWUtbHFGS2E5TElqRVFsdnd1eERxWU5xZi1PNUdvUF9yS2JEYzRUTXNjemNH?oc=5
2024-03-27,AMZN,Amazon,How Cornerstone Built a Full-Fledged Apache Kafka Replication Using Amazon MSK Connect | Amazon Web Services - Amazon Web Services (AWS),"EN
Sign in
Before you continue to Google
We use cookies and data to
Deliver and maintain Google services
Track outages and protect against spam, fraud, and abuse
Measure audience engagement and site statistics to understand how our services are used and enhance the quality of those services
If you choose to “Accept all,” we will also use cookies and data to
Develop and improve new services
Deliver and measure the effectiveness of ads
Show personalized content, depending on your settings
Show personalized ads, depending on your settings
If you choose to “Reject all,” we will not use cookies for these additional purposes.
Non-personalized content is influenced by things like the content you’re currently viewing, activity in your active Search session, and your location. Non-personalized ads are influenced by the content you’re currently viewing and your general location. Personalized content and ads can also include more relevant results, recommendations, and tailored ads based on past activity from this browser, like previous Google searches. We also use cookies and data to tailor the experience to be age-appropriate, if relevant.
Select “More options” to see additional information, including details about managing your privacy settings. You can also visit g.co/privacytools at any time.
Reject all
Accept all
More options
Privacy Policy
Terms of Service",https://news.google.com/rss/articles/CBMivAFBVV95cUxQX1VYWnhWdFRNcWRVZjZNdUdyN3NrS3BSUmkxaHdKNUZ3UHRNb2xxSi1EcUVsaWNUOVRCTzZZOVJzVnM5NllTcVRrRUZ4QzNNX0xNZEYwVW1neERHUVZKZkZRUkJ4YzJsM1hXbE80TVJhc21ZcWcwa3psbFNHOElLSF9PbkNndW11Yi1wc0F3NjJ4WTZmbGxpWlNfTHJvRHVxWmRXM3d6ZXFUQWdCaUZhbkpzNy1ESDBMZmJuZw?oc=5
2024-03-18,AMZN,Amazon,How Much You Had To Invest In Amazon 10 Years Ago To Retire Today - Yahoo Finance,"EN
Sign in
Before you continue to Google
We use cookies and data to
Deliver and maintain Google services
Track outages and protect against spam, fraud, and abuse
Measure audience engagement and site statistics to understand how our services are used and enhance the quality of those services
If you choose to “Accept all,” we will also use cookies and data to
Develop and improve new services
Deliver and measure the effectiveness of ads
Show personalized content, depending on your settings
Show personalized ads, depending on your settings
If you choose to “Reject all,” we will not use cookies for these additional purposes.
Non-personalized content is influenced by things like the content you’re currently viewing, activity in your active Search session, and your location. Non-personalized ads are influenced by the content you’re currently viewing and your general location. Personalized content and ads can also include more relevant results, recommendations, and tailored ads based on past activity from this browser, like previous Google searches. We also use cookies and data to tailor the experience to be age-appropriate, if relevant.
Select “More options” to see additional information, including details about managing your privacy settings. You can also visit g.co/privacytools at any time.
Reject all
Accept all
More options
Privacy Policy
Terms of Service",https://news.google.com/rss/articles/CBMie0FVX3lxTE1wWGplenR1MzJ5ZFNOZGJNaFUzWU5aOUR0MGhpV0ZXZ0VOZWg1RDliMzhLenpFTTV4WUZaRjNkZF9fMWZldGo3ZDI0Ym9RM3dJa0d3R3V6d2NCZ2paa2JGSl9wQjk1YU5hczVCNlZTTXdLRzY4WVZWNmlOaw?oc=5
2024-03-18,AMZN,Amazon,Optimize price-performance of LLM inference on NVIDIA GPUs using the Amazon SageMaker integration with NVIDIA NIM Microservices - Amazon Web Services (AWS),"EN
Sign in
Before you continue to Google
We use cookies and data to
Deliver and maintain Google services
Track outages and protect against spam, fraud, and abuse
Measure audience engagement and site statistics to understand how our services are used and enhance the quality of those services
If you choose to “Accept all,” we will also use cookies and data to
Develop and improve new services
Deliver and measure the effectiveness of ads
Show personalized content, depending on your settings
Show personalized ads, depending on your settings
If you choose to “Reject all,” we will not use cookies for these additional purposes.
Non-personalized content is influenced by things like the content you’re currently viewing, activity in your active Search session, and your location. Non-personalized ads are influenced by the content you’re currently viewing and your general location. Personalized content and ads can also include more relevant results, recommendations, and tailored ads based on past activity from this browser, like previous Google searches. We also use cookies and data to tailor the experience to be age-appropriate, if relevant.
Select “More options” to see additional information, including details about managing your privacy settings. You can also visit g.co/privacytools at any time.
Reject all
Accept all
More options
Privacy Policy
Terms of Service",https://news.google.com/rss/articles/CBMihAJBVV95cUxNalBQbElKTUMwbVAzVnl5RTMwdDFXaGREbTFXWlhUd1VaTnhSVUJfdGRsaW5wc2x0ZEJFdXRCOUZYN3hHc2FhZlMxX3JiZ3pYX3Rld2xkQU8tUzdzXzVwRmpOYy1kN21tWGlPV0QtTEFXcnoxUl9zeC1RczhvdzFhNTI0Wnd6c3NxcUphMklqbmJxYVBnMU91c1FuOHRRQkg5TF9pdVNheTN0RkM3dXhUQlZFeVplUmNubGFLZC1ManI2X2Q4b21wNUpfUF83UDJrRFBqT3Y5R3lTdV9OMm5QaWI2dmpBSm5HUEg1VV9jeTdOUEpnVzJuZWFHYnI5SW1WZ09jZw?oc=5
2024-03-11,AMZN,Amazon,"Jeff Bezos Sold $8.5 Billion Worth Of Amazon Stock And Saved $600 Million In Taxes By Moving To Florida, But He's Holding Onto This Asset For The Long-Haul— And It's Something Anyone Can Buy - Yahoo Finance","EN
Sign in
Before you continue to Google
We use cookies and data to
Deliver and maintain Google services
Track outages and protect against spam, fraud, and abuse
Measure audience engagement and site statistics to understand how our services are used and enhance the quality of those services
If you choose to “Accept all,” we will also use cookies and data to
Develop and improve new services
Deliver and measure the effectiveness of ads
Show personalized content, depending on your settings
Show personalized ads, depending on your settings
If you choose to “Reject all,” we will not use cookies for these additional purposes.
Non-personalized content is influenced by things like the content you’re currently viewing, activity in your active Search session, and your location. Non-personalized ads are influenced by the content you’re currently viewing and your general location. Personalized content and ads can also include more relevant results, recommendations, and tailored ads based on past activity from this browser, like previous Google searches. We also use cookies and data to tailor the experience to be age-appropriate, if relevant.
Select “More options” to see additional information, including details about managing your privacy settings. You can also visit g.co/privacytools at any time.
Reject all
Accept all
More options
Privacy Policy
Terms of Service",https://news.google.com/rss/articles/CBMic0FVX3lxTE9JYXpZOXlvTmg0TTZva0R5TnhxMWxxNEsyeFdvamVsR2hOTmYyd09hZm5IQTgzOUVubWtaeWY1VTFjbEN5UkJfb0o3REpYb3U5bThmNXYzOHB3dHEwT0EyS3RYOHJiMTNMQ3k4enZzelVRak0?oc=5
2024-03-07,AMZN,Amazon,Switzerland’s Billion Franc Opportunity: AI promises a significant boost to the economy - Amazon Web Services (AWS),"EN
Sign in
Before you continue to Google
We use cookies and data to
Deliver and maintain Google services
Track outages and protect against spam, fraud, and abuse
Measure audience engagement and site statistics to understand how our services are used and enhance the quality of those services
If you choose to “Accept all,” we will also use cookies and data to
Develop and improve new services
Deliver and measure the effectiveness of ads
Show personalized content, depending on your settings
Show personalized ads, depending on your settings
If you choose to “Reject all,” we will not use cookies for these additional purposes.
Non-personalized content is influenced by things like the content you’re currently viewing, activity in your active Search session, and your location. Non-personalized ads are influenced by the content you’re currently viewing and your general location. Personalized content and ads can also include more relevant results, recommendations, and tailored ads based on past activity from this browser, like previous Google searches. We also use cookies and data to tailor the experience to be age-appropriate, if relevant.
Select “More options” to see additional information, including details about managing your privacy settings. You can also visit g.co/privacytools at any time.
Reject all
Accept all
More options
Privacy Policy
Terms of Service",https://news.google.com/rss/articles/CBMivAFBVV95cUxNOG9TdVdhNmtVNnk3RzAzUzcwcGJtSkpxRHNlWW9JSGotSzR2TERmcFJLRFdfWDNsd2xfX3hxeTZ0TVhraG1QSnkxS3BrQmowYVZ1OHFKYUQtZnpTU0dseXhzWW1uaTZwTFRuaUo1cVVCaWR2Ym5NY282di1TUERsWGlnX3k3elhrc0s4VXo3T0pGX3JDVHdIX3FIbmFlMTI2TVhvUnFfazZLZmtwRlVYOW4xNDlCaWhBWkpPbA?oc=5
2024-04-25,AMZN,Amazon,"If You Invested $1,000 in Amazon Stock in 2014, It Would Be Worth This Much Today - Nasdaq","EN
Sign in
Before you continue to Google
We use cookies and data to
Deliver and maintain Google services
Track outages and protect against spam, fraud, and abuse
Measure audience engagement and site statistics to understand how our services are used and enhance the quality of those services
If you choose to “Accept all,” we will also use cookies and data to
Develop and improve new services
Deliver and measure the effectiveness of ads
Show personalized content, depending on your settings
Show personalized ads, depending on your settings
If you choose to “Reject all,” we will not use cookies for these additional purposes.
Non-personalized content is influenced by things like the content you’re currently viewing, activity in your active Search session, and your location. Non-personalized ads are influenced by the content you’re currently viewing and your general location. Personalized content and ads can also include more relevant results, recommendations, and tailored ads based on past activity from this browser, like previous Google searches. We also use cookies and data to tailor the experience to be age-appropriate, if relevant.
Select “More options” to see additional information, including details about managing your privacy settings. You can also visit g.co/privacytools at any time.
Reject all
Accept all
More options
Privacy Policy
Terms of Service",https://news.google.com/rss/articles/CBMisAFBVV95cUxPQTd5QUduc3BNZVNPc2JOQjUwUjZDYVh3bXR2OGo1Z2hJZC1iZ21ZenJEOXViLV9tWnRkeFhreEpCWTlNNGttVDRKU05NbF83U01lV080aTlmTmxid2VMX1ZucGJnYWNndkhOT0U3TDJiZUhTREJrR3R2TE9vT2Z6bUNVQ0JJWU96VkF4OUZIREFQWDd4aHE1cG9IdTZzLWNvdmV3UVhRVjJzOEdYSWctTw?oc=5
2024-04-30,AMZN,Amazon,Amazon reports strong 1Q results driven by its cloud-computing unit and Prime Video ad dollars - AP News,"EN
Sign in
Before you continue to Google
We use cookies and data to
Deliver and maintain Google services
Track outages and protect against spam, fraud, and abuse
Measure audience engagement and site statistics to understand how our services are used and enhance the quality of those services
If you choose to “Accept all,” we will also use cookies and data to
Develop and improve new services
Deliver and measure the effectiveness of ads
Show personalized content, depending on your settings
Show personalized ads, depending on your settings
If you choose to “Reject all,” we will not use cookies for these additional purposes.
Non-personalized content is influenced by things like the content you’re currently viewing, activity in your active Search session, and your location. Non-personalized ads are influenced by the content you’re currently viewing and your general location. Personalized content and ads can also include more relevant results, recommendations, and tailored ads based on past activity from this browser, like previous Google searches. We also use cookies and data to tailor the experience to be age-appropriate, if relevant.
Select “More options” to see additional information, including details about managing your privacy settings. You can also visit g.co/privacytools at any time.
Reject all
Accept all
More options
Privacy Policy
Terms of Service",https://news.google.com/rss/articles/CBMilAFBVV95cUxQZ0k4Z2oyM3lEX1hoeGQ3QXNYT1NZekgyejJKdld2UWhlSEVSR3dOb1BKQVozNHgzcGFqaXVCbEhuZTdvNFVJTExKZmphX01TSFFXWlJzVWxFR0lHWERwMnZjZFNEcmpFTjdrZlpnbE5pdS1jLWlJQy12ci0zdFdXNWJDejBPVUMzdmp2TVRzUEFac2dv?oc=5
2024-04-01,AMZN,Amazon,London Stock Exchange Group uses chaos engineering on AWS to improve resilience - Amazon Web Services (AWS),"EN
Sign in
Before you continue to Google
We use cookies and data to
Deliver and maintain Google services
Track outages and protect against spam, fraud, and abuse
Measure audience engagement and site statistics to understand how our services are used and enhance the quality of those services
If you choose to “Accept all,” we will also use cookies and data to
Develop and improve new services
Deliver and measure the effectiveness of ads
Show personalized content, depending on your settings
Show personalized ads, depending on your settings
If you choose to “Reject all,” we will not use cookies for these additional purposes.
Non-personalized content is influenced by things like the content you’re currently viewing, activity in your active Search session, and your location. Non-personalized ads are influenced by the content you’re currently viewing and your general location. Personalized content and ads can also include more relevant results, recommendations, and tailored ads based on past activity from this browser, like previous Google searches. We also use cookies and data to tailor the experience to be age-appropriate, if relevant.
Select “More options” to see additional information, including details about managing your privacy settings. You can also visit g.co/privacytools at any time.
Reject all
Accept all
More options
Privacy Policy
Terms of Service",https://news.google.com/rss/articles/CBMivwFBVV95cUxQRmxJTGJqbWNVNXkxTUgyQXFPeXZvSWs1T1pkSDJ6d19DS3ZUTjAzSUluNl9tR09PZnJmclBycDVmVmpsWkdjX2dWRkhtYUs5M1lOMUFMZ1dlRHZlTHFRVFcxT3NCQVMyNmZsMTEtOVlodUlIUkVFZGp0cUp1RzhlYnFSMFVmLTJnNEhGeHdyZExrSEw4dHBseEdzSldCSnplVVI1amFOQ3c0dEhFazR2a1dYazk5SGZrQ2lTcVdEMA?oc=5
2024-04-11,AMZN,Amazon,Amazon Stock Logs a Record Close - WSJ,"EN
Sign in
Before you continue to Google
We use cookies and data to
Deliver and maintain Google services
Track outages and protect against spam, fraud, and abuse
Measure audience engagement and site statistics to understand how our services are used and enhance the quality of those services
If you choose to “Accept all,” we will also use cookies and data to
Develop and improve new services
Deliver and measure the effectiveness of ads
Show personalized content, depending on your settings
Show personalized ads, depending on your settings
If you choose to “Reject all,” we will not use cookies for these additional purposes.
Non-personalized content is influenced by things like the content you’re currently viewing, activity in your active Search session, and your location. Non-personalized ads are influenced by the content you’re currently viewing and your general location. Personalized content and ads can also include more relevant results, recommendations, and tailored ads based on past activity from this browser, like previous Google searches. We also use cookies and data to tailor the experience to be age-appropriate, if relevant.
Select “More options” to see additional information, including details about managing your privacy settings. You can also visit g.co/privacytools at any time.
Reject all
Accept all
More options
Privacy Policy
Terms of Service",https://news.google.com/rss/articles/CBMi1AFBVV95cUxNWHJiWW0yT3dUTGtJX1BZZE9PWjEtZ09EckZDZHF0TUR2MEFmNjJ0WGp0bVZRQ1djNVhZUWI4UDlRS2VsNy1qWkpfNzhnZUtNZzlUZDdLQV9URF9qT2lKTXo2Z253R0ZudUxCblVLSXJKTjd4VGxCMkg0ZjdqN2pzSHhOMzlLOVZvd2JiWEVCTlEybkY3bEJHVjl0alBfV1B5OGJDVnhxcHZsWGFHUzU4bG5Zd29ITlBzcVRNaXphc182QVZGZmJ0RnZyQndoM2VFdUlCZQ?oc=5
2024-04-11,AMZN,Amazon,Amazon Notches First Record Close Since 2021 As Chief Executive Touts AI - Investor's Business Daily,"EN
Sign in
Before you continue to Google
We use cookies and data to
Deliver and maintain Google services
Track outages and protect against spam, fraud, and abuse
Measure audience engagement and site statistics to understand how our services are used and enhance the quality of those services
If you choose to “Accept all,” we will also use cookies and data to
Develop and improve new services
Deliver and measure the effectiveness of ads
Show personalized content, depending on your settings
Show personalized ads, depending on your settings
If you choose to “Reject all,” we will not use cookies for these additional purposes.
Non-personalized content is influenced by things like the content you’re currently viewing, activity in your active Search session, and your location. Non-personalized ads are influenced by the content you’re currently viewing and your general location. Personalized content and ads can also include more relevant results, recommendations, and tailored ads based on past activity from this browser, like previous Google searches. We also use cookies and data to tailor the experience to be age-appropriate, if relevant.
Select “More options” to see additional information, including details about managing your privacy settings. You can also visit g.co/privacytools at any time.
Reject all
Accept all
More options
Privacy Policy
Terms of Service",https://news.google.com/rss/articles/CBMinwFBVV95cUxPNmtwdk12bGZ0dU94aEwyV2xhZ3U3RVp6bnJtamVDUUtEelUxS2hEbkpLVjZyZFdzTXF2WEw3QWVGb2c0ZXhoTHdpb3ZQdDQwUVRqajVPUUtPUU5wbUIzejZZQTVOaDlUenRXVmdVNWJGT0FVNU9sM1g4Tjc3d2JVU3ZHaHNKTUdjS0o0MWFnQnphSk9pT0NhYlFhaGxKdkk?oc=5
2024-04-11,AMZN,Amazon,Amazon’s stock finally clinches a fresh record close - MarketWatch,"EN
Sign in
Before you continue to Google
We use cookies and data to
Deliver and maintain Google services
Track outages and protect against spam, fraud, and abuse
Measure audience engagement and site statistics to understand how our services are used and enhance the quality of those services
If you choose to “Accept all,” we will also use cookies and data to
Develop and improve new services
Deliver and measure the effectiveness of ads
Show personalized content, depending on your settings
Show personalized ads, depending on your settings
If you choose to “Reject all,” we will not use cookies for these additional purposes.
Non-personalized content is influenced by things like the content you’re currently viewing, activity in your active Search session, and your location. Non-personalized ads are influenced by the content you’re currently viewing and your general location. Personalized content and ads can also include more relevant results, recommendations, and tailored ads based on past activity from this browser, like previous Google searches. We also use cookies and data to tailor the experience to be age-appropriate, if relevant.
Select “More options” to see additional information, including details about managing your privacy settings. You can also visit g.co/privacytools at any time.
Reject all
Accept all
More options
Privacy Policy
Terms of Service",https://news.google.com/rss/articles/CBMimgFBVV95cUxPaXJpbHRfN2NZM0R0cDctZnRsdlpxZWRmcHZOLWVkc2lrTG1pc1p4ekxrUXB6QUlNRS1BS3M5amhscFlOeXFVNnJVZGhELWlsWUZPZ2tsVFJldjRVallRSDRjODlZaDFaQkpNcDJkM0R6dGczTHpiSmFGRGpaM2RBSENnY0lXWUNnS3hKaDFUVEdMNU9ObThYc3R3?oc=5
2024-04-11,AMZN,Amazon,Amazon Stock Hits All-Time High—Bezos’ Net Worth Climbs $3.3 Billion - Forbes,"EN
Sign in
Before you continue to Google
We use cookies and data to
Deliver and maintain Google services
Track outages and protect against spam, fraud, and abuse
Measure audience engagement and site statistics to understand how our services are used and enhance the quality of those services
If you choose to “Accept all,” we will also use cookies and data to
Develop and improve new services
Deliver and measure the effectiveness of ads
Show personalized content, depending on your settings
Show personalized ads, depending on your settings
If you choose to “Reject all,” we will not use cookies for these additional purposes.
Non-personalized content is influenced by things like the content you’re currently viewing, activity in your active Search session, and your location. Non-personalized ads are influenced by the content you’re currently viewing and your general location. Personalized content and ads can also include more relevant results, recommendations, and tailored ads based on past activity from this browser, like previous Google searches. We also use cookies and data to tailor the experience to be age-appropriate, if relevant.
Select “More options” to see additional information, including details about managing your privacy settings. You can also visit g.co/privacytools at any time.
Reject all
Accept all
More options
Privacy Policy
Terms of Service",https://news.google.com/rss/articles/CBMitwFBVV95cUxORzlsRDFUYURMOHZCVl9KeGNQakx1Y05kVTFoOUtOV1JWMDA4cGlmSzR4SmNacGdMd3NPOE1nTnNQdUJLMVRwejNBZEZ3SVNsVkdyQzFUSTFlOUctTFBkbUZYcm5JYkxFYjlUMkJYTzF6Q09FMDBhOWFCczdNZjY1NWNFc1Q5U3V6bll3VFBWWjFMMjJ2ZXRTaUJVRlBJMlRZeXdjWFI5bzNPNVZmTWNsT1AzSEpPZFU?oc=5
2024-04-05,AMZN,Amazon,3 Reasons Amazon Stock Could Soar in 2024 - Yahoo Finance,"EN
Sign in
Before you continue to Google
We use cookies and data to
Deliver and maintain Google services
Track outages and protect against spam, fraud, and abuse
Measure audience engagement and site statistics to understand how our services are used and enhance the quality of those services
If you choose to “Accept all,” we will also use cookies and data to
Develop and improve new services
Deliver and measure the effectiveness of ads
Show personalized content, depending on your settings
Show personalized ads, depending on your settings
If you choose to “Reject all,” we will not use cookies for these additional purposes.
Non-personalized content is influenced by things like the content you’re currently viewing, activity in your active Search session, and your location. Non-personalized ads are influenced by the content you’re currently viewing and your general location. Personalized content and ads can also include more relevant results, recommendations, and tailored ads based on past activity from this browser, like previous Google searches. We also use cookies and data to tailor the experience to be age-appropriate, if relevant.
Select “More options” to see additional information, including details about managing your privacy settings. You can also visit g.co/privacytools at any time.
Reject all
Accept all
More options
Privacy Policy
Terms of Service",https://news.google.com/rss/articles/CBMif0FVX3lxTE5sZUlBNTVMZncwOTNadHpmNDhZMmtDdm1mX25BMVExeFJnZzA3aXV3RF9pVDluY1VDOTZUVk5nZUhpN1BGeTJha0NGaTNBTzRIRThTSGZ2UHk1LVVUQkwzSnhxaEpFVV9jNndoNTZ5c21aSmhfc2pyY2h2bG8wUnc?oc=5
2024-04-30,AMZN,Amazon,Amazon.com Announces First Quarter Results - Business Wire,"EN
Sign in
Before you continue to Google
We use cookies and data to
Deliver and maintain Google services
Track outages and protect against spam, fraud, and abuse
Measure audience engagement and site statistics to understand how our services are used and enhance the quality of those services
If you choose to “Accept all,” we will also use cookies and data to
Develop and improve new services
Deliver and measure the effectiveness of ads
Show personalized content, depending on your settings
Show personalized ads, depending on your settings
If you choose to “Reject all,” we will not use cookies for these additional purposes.
Non-personalized content is influenced by things like the content you’re currently viewing, activity in your active Search session, and your location. Non-personalized ads are influenced by the content you’re currently viewing and your general location. Personalized content and ads can also include more relevant results, recommendations, and tailored ads based on past activity from this browser, like previous Google searches. We also use cookies and data to tailor the experience to be age-appropriate, if relevant.
Select “More options” to see additional information, including details about managing your privacy settings. You can also visit g.co/privacytools at any time.
Reject all
Accept all
More options
Privacy Policy
Terms of Service",https://news.google.com/rss/articles/CBMioAFBVV95cUxPN0dORVZncjNPeWMtczRxbWJ1ZUNoQ0lKUVNadkRjQ2ozbTFtWnhkTllYZ2p5Q1R4M0dXRlQ2S1JoV2U2alRqS2RqX0xOb2xmdm9XQnpjNmhiV0JNSFlwdUwxNmJvRVBQZm1QVHRyWXFPeWFDV1Z4emxraWJWOUlHZVBpY1d2ZDFaVEZjTkdFVnBGN0l6SENBNlFmUFRLR2Nr?oc=5
2024-04-30,AMZN,Amazon,"Amazon results beat estimates, revenue forecast misses - Reuters","EN
Sign in
Before you continue to Google
We use cookies and data to
Deliver and maintain Google services
Track outages and protect against spam, fraud, and abuse
Measure audience engagement and site statistics to understand how our services are used and enhance the quality of those services
If you choose to “Accept all,” we will also use cookies and data to
Develop and improve new services
Deliver and measure the effectiveness of ads
Show personalized content, depending on your settings
Show personalized ads, depending on your settings
If you choose to “Reject all,” we will not use cookies for these additional purposes.
Non-personalized content is influenced by things like the content you’re currently viewing, activity in your active Search session, and your location. Non-personalized ads are influenced by the content you’re currently viewing and your general location. Personalized content and ads can also include more relevant results, recommendations, and tailored ads based on past activity from this browser, like previous Google searches. We also use cookies and data to tailor the experience to be age-appropriate, if relevant.
Select “More options” to see additional information, including details about managing your privacy settings. You can also visit g.co/privacytools at any time.
Reject all
Accept all
More options
Privacy Policy
Terms of Service",https://news.google.com/rss/articles/CBMingFBVV95cUxONUp1bjJ3WmhuWnlDUnRFcmNSOTNPNkh2ZXlsRDdJYlA5bE5UZXowVl94eURsbnlneWk4aDFPaThwY0tiR1Z0RmVfUkdUM2dpRDJyYmN4N1NPNnNqY1hSTGhvM0wxbUxrLThpZXRnT09vcWF1QjlWelZLNU40cno4LWJ2UXpDT1BxWURhTHZrVlF6V1pqY3RHaTZmRkZTQQ?oc=5
2024-04-29,AMZN,Amazon,"Amazon Earnings Preview: Investors Watching AWS Growth, Ad Push, AI Spending - Investor's Business Daily","EN
Sign in
Before you continue to Google
We use cookies and data to
Deliver and maintain Google services
Track outages and protect against spam, fraud, and abuse
Measure audience engagement and site statistics to understand how our services are used and enhance the quality of those services
If you choose to “Accept all,” we will also use cookies and data to
Develop and improve new services
Deliver and measure the effectiveness of ads
Show personalized content, depending on your settings
Show personalized ads, depending on your settings
If you choose to “Reject all,” we will not use cookies for these additional purposes.
Non-personalized content is influenced by things like the content you’re currently viewing, activity in your active Search session, and your location. Non-personalized ads are influenced by the content you’re currently viewing and your general location. Personalized content and ads can also include more relevant results, recommendations, and tailored ads based on past activity from this browser, like previous Google searches. We also use cookies and data to tailor the experience to be age-appropriate, if relevant.
Select “More options” to see additional information, including details about managing your privacy settings. You can also visit g.co/privacytools at any time.
Reject all
Accept all
More options
Privacy Policy
Terms of Service",https://news.google.com/rss/articles/CBMijgFBVV95cUxNMVUtTHo2bm5SOVRQeXBjQVJLTU5sRUExVTY0VktfdUdNd08zOEtuaWo1SW1hOHNvR0xHNEp6blROUHFpV0stNUhTeTBmM0YzbjRoeVJNV0JONXprREFRZEFvVTNMckswYXZ3cGlvVlU2Vjg4OUd3dzdGNnYteXgzZzhhMUJqT2lkQTA0TllR?oc=5
2024-04-03,AMZN,Amazon,"Up 19% YTD, How High Can Amazon Stock Go in 2024? - Nasdaq","EN
Sign in
Before you continue to Google
We use cookies and data to
Deliver and maintain Google services
Track outages and protect against spam, fraud, and abuse
Measure audience engagement and site statistics to understand how our services are used and enhance the quality of those services
If you choose to “Accept all,” we will also use cookies and data to
Develop and improve new services
Deliver and measure the effectiveness of ads
Show personalized content, depending on your settings
Show personalized ads, depending on your settings
If you choose to “Reject all,” we will not use cookies for these additional purposes.
Non-personalized content is influenced by things like the content you’re currently viewing, activity in your active Search session, and your location. Non-personalized ads are influenced by the content you’re currently viewing and your general location. Personalized content and ads can also include more relevant results, recommendations, and tailored ads based on past activity from this browser, like previous Google searches. We also use cookies and data to tailor the experience to be age-appropriate, if relevant.
Select “More options” to see additional information, including details about managing your privacy settings. You can also visit g.co/privacytools at any time.
Reject all
Accept all
More options
Privacy Policy
Terms of Service",https://news.google.com/rss/articles/CBMihAFBVV95cUxNbnBwTWg2enVhZG5hSkF2Q29KTDV1OUdiTnFjcW1YM2pFXzJ5anVwODNMX0stSXdKUHAyRHRDaGhsUWI2X1JRRjJNRTgxbUVEUElqWHZXbDRqVEM5bWNpUzdfVWhuMnNfaVBuaS1XVGY1TVBUaVB4ZEVOazdhS2MwVW02MDA?oc=5
2024-04-22,AMZN,Amazon,"Brazil, Colombia join the AWS Skills to Jobs Tech Alliance to tackle talent gap | Amazon Web Services - Amazon Web Services (AWS)","EN
Sign in
Before you continue to Google
We use cookies and data to
Deliver and maintain Google services
Track outages and protect against spam, fraud, and abuse
Measure audience engagement and site statistics to understand how our services are used and enhance the quality of those services
If you choose to “Accept all,” we will also use cookies and data to
Develop and improve new services
Deliver and measure the effectiveness of ads
Show personalized content, depending on your settings
Show personalized ads, depending on your settings
If you choose to “Reject all,” we will not use cookies for these additional purposes.
Non-personalized content is influenced by things like the content you’re currently viewing, activity in your active Search session, and your location. Non-personalized ads are influenced by the content you’re currently viewing and your general location. Personalized content and ads can also include more relevant results, recommendations, and tailored ads based on past activity from this browser, like previous Google searches. We also use cookies and data to tailor the experience to be age-appropriate, if relevant.
Select “More options” to see additional information, including details about managing your privacy settings. You can also visit g.co/privacytools at any time.
Reject all
Accept all
More options
Privacy Policy
Terms of Service",https://news.google.com/rss/articles/CBMiwwFBVV95cUxPR3dHQUpMUnZEVTlKRlA0T1hFNzRRa1VsSWY3alF4ejYxTTVYRUtNR25QQ0t2UnE3M1A0Q0FUWmxSMzlZUjF2RDZBNHp5SWNuZ0lRZnpKWDhiU3R1ZkxNUEgtNkR0OUh0Wl80WWpyQXQxdkRZVnc1N1BlczhlXzIwbEptOFFhamZaMmZFR0R1S0VKaGdJbjBTUDZaMkxIRFEwbTh6cUllREdMVWN4SlBuWkxwdER3SUVfNnMxd3VqQXNUYjA?oc=5
2024-04-10,AMZN,Amazon,Is Amazon’s stock a better bet than Nvidia’s? This analyst makes the case. - MarketWatch,"EN
Sign in
Before you continue to Google
We use cookies and data to
Deliver and maintain Google services
Track outages and protect against spam, fraud, and abuse
Measure audience engagement and site statistics to understand how our services are used and enhance the quality of those services
If you choose to “Accept all,” we will also use cookies and data to
Develop and improve new services
Deliver and measure the effectiveness of ads
Show personalized content, depending on your settings
Show personalized ads, depending on your settings
If you choose to “Reject all,” we will not use cookies for these additional purposes.
Non-personalized content is influenced by things like the content you’re currently viewing, activity in your active Search session, and your location. Non-personalized ads are influenced by the content you’re currently viewing and your general location. Personalized content and ads can also include more relevant results, recommendations, and tailored ads based on past activity from this browser, like previous Google searches. We also use cookies and data to tailor the experience to be age-appropriate, if relevant.
Select “More options” to see additional information, including details about managing your privacy settings. You can also visit g.co/privacytools at any time.
Reject all
Accept all
More options
Privacy Policy
Terms of Service",https://news.google.com/rss/articles/CBMiswFBVV95cUxONEFwRU5mWE5qaDl5cVhpWTgtYTlTcm5zSEdMS3E4bVdDU2tOYWdwTHZZdzkzMWdMcktNRUo2QWh0eHl1blNtelNYM0RpOThheThSaXdZcWJFei1Wc1k2elJXdGZFV0FnTlZRRG0zdUF6UFJqUjZHN2tDR0tZVzFLXzVDVXo4NjhwLTJuR3Z5MEdaTm4tNklFVVR2ZEw4VFJ5cXFlZm1iX2E2d2twT1N4U0VENA?oc=5
2024-04-30,AMZN,Amazon,Amazon Stock Jumps Closer To Record High On Earnings Boost - Forbes,"EN
Sign in
Before you continue to Google
We use cookies and data to
Deliver and maintain Google services
Track outages and protect against spam, fraud, and abuse
Measure audience engagement and site statistics to understand how our services are used and enhance the quality of those services
If you choose to “Accept all,” we will also use cookies and data to
Develop and improve new services
Deliver and measure the effectiveness of ads
Show personalized content, depending on your settings
Show personalized ads, depending on your settings
If you choose to “Reject all,” we will not use cookies for these additional purposes.
Non-personalized content is influenced by things like the content you’re currently viewing, activity in your active Search session, and your location. Non-personalized ads are influenced by the content you’re currently viewing and your general location. Personalized content and ads can also include more relevant results, recommendations, and tailored ads based on past activity from this browser, like previous Google searches. We also use cookies and data to tailor the experience to be age-appropriate, if relevant.
Select “More options” to see additional information, including details about managing your privacy settings. You can also visit g.co/privacytools at any time.
Reject all
Accept all
More options
Privacy Policy
Terms of Service",https://news.google.com/rss/articles/CBMiuAFBVV95cUxOWVh5ZWJVUF9Bc1AwMEY2VkRkYmxJVzI1WVFHbTRpSXJqYUktSS1QX1pXZEZiN1dTSktRRWZGZjlzTEJNTXVaWk1lZlRiWEFOd3dlZm9tX2FhN0pjRVJlVjNuRkRHNUN5SEsxdE13dWFYa2xETXJrRThRSkVIalhpc1lseHJWSjl5LVRjNFVJa3J2Q3dTeEZWRkJGTXpuc1ZPU0pzYkpjWlIzNHB5T0dNSmVMZlE3OTdJ?oc=5
2024-04-08,AMZN,Amazon,Best Stock to Buy Right Now: Shopify vs. Amazon - Yahoo Finance,"EN
Sign in
Before you continue to Google
We use cookies and data to
Deliver and maintain Google services
Track outages and protect against spam, fraud, and abuse
Measure audience engagement and site statistics to understand how our services are used and enhance the quality of those services
If you choose to “Accept all,” we will also use cookies and data to
Develop and improve new services
Deliver and measure the effectiveness of ads
Show personalized content, depending on your settings
Show personalized ads, depending on your settings
If you choose to “Reject all,” we will not use cookies for these additional purposes.
Non-personalized content is influenced by things like the content you’re currently viewing, activity in your active Search session, and your location. Non-personalized ads are influenced by the content you’re currently viewing and your general location. Personalized content and ads can also include more relevant results, recommendations, and tailored ads based on past activity from this browser, like previous Google searches. We also use cookies and data to tailor the experience to be age-appropriate, if relevant.
Select “More options” to see additional information, including details about managing your privacy settings. You can also visit g.co/privacytools at any time.
Reject all
Accept all
More options
Privacy Policy
Terms of Service",https://news.google.com/rss/articles/CBMifEFVX3lxTE83WkJZR1Q4RG9GaGw0TVVPZXVldlNuRTdLaENjbHlPLWxTZE5XVlF3bUE3WktGV1J1SDBiVUR6VkVoY1JUN1lvbFpiUXVJNWFrdVpmOU14c2VWYi1CaXBjWW9CMkVxaVEwb2l4ZXpsWDRmZGxsTmdLMUR2TDI?oc=5
2024-04-05,AMZN,Amazon,Meta Stock Rises On Price-Target Hike; Amazon Price Target Also Boosted By Analyst - Investor's Business Daily,"EN
Sign in
Before you continue to Google
We use cookies and data to
Deliver and maintain Google services
Track outages and protect against spam, fraud, and abuse
Measure audience engagement and site statistics to understand how our services are used and enhance the quality of those services
If you choose to “Accept all,” we will also use cookies and data to
Develop and improve new services
Deliver and measure the effectiveness of ads
Show personalized content, depending on your settings
Show personalized ads, depending on your settings
If you choose to “Reject all,” we will not use cookies for these additional purposes.
Non-personalized content is influenced by things like the content you’re currently viewing, activity in your active Search session, and your location. Non-personalized ads are influenced by the content you’re currently viewing and your general location. Personalized content and ads can also include more relevant results, recommendations, and tailored ads based on past activity from this browser, like previous Google searches. We also use cookies and data to tailor the experience to be age-appropriate, if relevant.
Select “More options” to see additional information, including details about managing your privacy settings. You can also visit g.co/privacytools at any time.
Reject all
Accept all
More options
Privacy Policy
Terms of Service",https://news.google.com/rss/articles/CBMimwFBVV95cUxOdWg4bFdZekdHMHFPNUJob1VfX0E3MzdmQXVYUGhQVTlIVm9renRNLWI3dVhRTXpyVXBzWmplTUtEaWxFekt4dUdvVVhWQ0hKUU95MkxPUUozQ1NrZk1vbmhfcmJRWmhpbEhieU5CaTVCeHJacktYZFZYdUJwQ296ZDE2MWdWNXFvZWd2eWhRN1ZEa0tPU1Q0QXFhWQ?oc=5
2024-04-30,AMZN,Amazon,Accelerate software development and leverage your business data with generative AI assistance from Amazon Q - Amazon Web Services (AWS),"EN
Sign in
Before you continue to Google
We use cookies and data to
Deliver and maintain Google services
Track outages and protect against spam, fraud, and abuse
Measure audience engagement and site statistics to understand how our services are used and enhance the quality of those services
If you choose to “Accept all,” we will also use cookies and data to
Develop and improve new services
Deliver and measure the effectiveness of ads
Show personalized content, depending on your settings
Show personalized ads, depending on your settings
If you choose to “Reject all,” we will not use cookies for these additional purposes.
Non-personalized content is influenced by things like the content you’re currently viewing, activity in your active Search session, and your location. Non-personalized ads are influenced by the content you’re currently viewing and your general location. Personalized content and ads can also include more relevant results, recommendations, and tailored ads based on past activity from this browser, like previous Google searches. We also use cookies and data to tailor the experience to be age-appropriate, if relevant.
Select “More options” to see additional information, including details about managing your privacy settings. You can also visit g.co/privacytools at any time.
Reject all
Accept all
More options
Privacy Policy
Terms of Service",https://news.google.com/rss/articles/CBMi6gFBVV95cUxOOVpLZ2tJVlpOQkNsZzdtU0dXcGZ5X3IwcnlRZVVuT1A1a2N2Y3FtbktOM2dFVkZzbUNXRm1sQ2g2WVp0c1lqYWh4TGZfWFRnOVJWTG1jRWJoamNpWlFjclN0TU82ZjVWWkF5OVhDTHphazVLYzlCNi1tU2VhX2JDSllMbDRPdmZaOG1BeW1VYm5yS25ZRGxGdms5UUc2LWxDa3RhelFJSU5DRXhxZE8wd2NpTHZTNm5RQUFla2Y0bUhMakt5a0JYaDcwTWhLN3VJbi1KakRickJqRGJ4VVRVaHFoZXBJMTFkMXc?oc=5
2024-04-07,AMZN,Amazon,Is Amazon Stock a Buy Now? - Nasdaq,"EN
Sign in
Before you continue to Google
We use cookies and data to
Deliver and maintain Google services
Track outages and protect against spam, fraud, and abuse
Measure audience engagement and site statistics to understand how our services are used and enhance the quality of those services
If you choose to “Accept all,” we will also use cookies and data to
Develop and improve new services
Deliver and measure the effectiveness of ads
Show personalized content, depending on your settings
Show personalized ads, depending on your settings
If you choose to “Reject all,” we will not use cookies for these additional purposes.
Non-personalized content is influenced by things like the content you’re currently viewing, activity in your active Search session, and your location. Non-personalized ads are influenced by the content you’re currently viewing and your general location. Personalized content and ads can also include more relevant results, recommendations, and tailored ads based on past activity from this browser, like previous Google searches. We also use cookies and data to tailor the experience to be age-appropriate, if relevant.
Select “More options” to see additional information, including details about managing your privacy settings. You can also visit g.co/privacytools at any time.
Reject all
Accept all
More options
Privacy Policy
Terms of Service",https://news.google.com/rss/articles/CBMibEFVX3lxTE1IemxVVzlpVVp4enNaX3I2YW93U3cwN3VFajN4T3o4UklxVFhpV3ROSWR2OVkyaldJZlJWY0JRb3ZQX0loelFEN0ZZdFFGd0tuZ2o2SjhCZ0VPX1lONGdyZ2NoSFpjV0lwWTcyVg?oc=5
2024-04-30,AMZN,Amazon,"Amazon Q Business, now generally available, helps boost workforce productivity with generative AI - Amazon Web Services (AWS)","EN
Sign in
Before you continue to Google
We use cookies and data to
Deliver and maintain Google services
Track outages and protect against spam, fraud, and abuse
Measure audience engagement and site statistics to understand how our services are used and enhance the quality of those services
If you choose to “Accept all,” we will also use cookies and data to
Develop and improve new services
Deliver and measure the effectiveness of ads
Show personalized content, depending on your settings
Show personalized ads, depending on your settings
If you choose to “Reject all,” we will not use cookies for these additional purposes.
Non-personalized content is influenced by things like the content you’re currently viewing, activity in your active Search session, and your location. Non-personalized ads are influenced by the content you’re currently viewing and your general location. Personalized content and ads can also include more relevant results, recommendations, and tailored ads based on past activity from this browser, like previous Google searches. We also use cookies and data to tailor the experience to be age-appropriate, if relevant.
Select “More options” to see additional information, including details about managing your privacy settings. You can also visit g.co/privacytools at any time.
Reject all
Accept all
More options
Privacy Policy
Terms of Service",https://news.google.com/rss/articles/CBMiyAFBVV95cUxQLThUZG9BM3hXeksxcHAyVkRTUVhqZ0dUNGdOME1lRUdPZE5kX25OMm5jb1ZzQjhxaUhwMlVzSkdsamQ0emJFQ3FHMV9nWlBqSjM0Uk9aeVpKR25XNUtUSEg2bzhJWW9CMGwwcDEzY2ptR1U1X21fU0RSRnI3UUNzRnFJTlF0bWtaNXM3a2pydnd1MlE3NEhzR2c5cXBmRDk5RldrNDk4QWtUZjRjbHVDcExNaUVWMFkzaThnOWVVVXJabVFRLTcyQQ?oc=5
2024-05-01,AMZN,Amazon,"Amazon Stock Gains On Strong Earnings, AI Push Boosts Cloud Growth - Investor's Business Daily","EN
Sign in
Before you continue to Google
We use cookies and data to
Deliver and maintain Google services
Track outages and protect against spam, fraud, and abuse
Measure audience engagement and site statistics to understand how our services are used and enhance the quality of those services
If you choose to “Accept all,” we will also use cookies and data to
Develop and improve new services
Deliver and measure the effectiveness of ads
Show personalized content, depending on your settings
Show personalized ads, depending on your settings
If you choose to “Reject all,” we will not use cookies for these additional purposes.
Non-personalized content is influenced by things like the content you’re currently viewing, activity in your active Search session, and your location. Non-personalized ads are influenced by the content you’re currently viewing and your general location. Personalized content and ads can also include more relevant results, recommendations, and tailored ads based on past activity from this browser, like previous Google searches. We also use cookies and data to tailor the experience to be age-appropriate, if relevant.
Select “More options” to see additional information, including details about managing your privacy settings. You can also visit g.co/privacytools at any time.
Reject all
Accept all
More options
Privacy Policy
Terms of Service",https://news.google.com/rss/articles/CBMinwFBVV95cUxOb3d2UUVsQTl0UXJMTmZ4aVl3S0dlWDgzdkZFdDBvUmdLZzBCMGV2SVZ2OW9Od3VhdlM2VldVVXZfZ2dmaTB0a294LWJOSldqaFlZQU5IekxVRHk1WUJSdjFtYlJ3YmJUSWh2THVESFJtWXVaZmZielB5QlhLUC15ek05MGhjRzg2NzgtVFRCbGNrMFU3Nmo2Tk1rWFFiV0E?oc=5
2024-05-06,AMZN,Amazon,"After Earnings, Is Amazon Stock a Buy, a Sell, or Fairly Valued? - Morningstar","EN
Sign in
Before you continue to Google
We use cookies and data to
Deliver and maintain Google services
Track outages and protect against spam, fraud, and abuse
Measure audience engagement and site statistics to understand how our services are used and enhance the quality of those services
If you choose to “Accept all,” we will also use cookies and data to
Develop and improve new services
Deliver and measure the effectiveness of ads
Show personalized content, depending on your settings
Show personalized ads, depending on your settings
If you choose to “Reject all,” we will not use cookies for these additional purposes.
Non-personalized content is influenced by things like the content you’re currently viewing, activity in your active Search session, and your location. Non-personalized ads are influenced by the content you’re currently viewing and your general location. Personalized content and ads can also include more relevant results, recommendations, and tailored ads based on past activity from this browser, like previous Google searches. We also use cookies and data to tailor the experience to be age-appropriate, if relevant.
Select “More options” to see additional information, including details about managing your privacy settings. You can also visit g.co/privacytools at any time.
Reject all
Accept all
More options
Privacy Policy
Terms of Service",https://news.google.com/rss/articles/CBMimAFBVV95cUxPVmh1TG12TnhxUXdlS3RvamxsNEM5X3BwbDdOQXVldEd2N1E1R2tPV3ZEYVBsX1RXZ3VSb3h6WUtzZDVPMjUxcGl2bUdYcFlmeTVkdWtsRGl6UlFXeXh0cFZsd2d2ZDJsT1lIdHIxRG1WZnBrZ1h4NVNoclpyRTQwQXhJNHA5ZGdRWGo1V0wxYllVeTktU3hhdQ?oc=5
2024-04-30,AMZN,Amazon,Amazon reports strong 1Q results driven by its cloud-computing unit and Prime Video ad dollars - AP News,"EN
Sign in
Before you continue to Google
We use cookies and data to
Deliver and maintain Google services
Track outages and protect against spam, fraud, and abuse
Measure audience engagement and site statistics to understand how our services are used and enhance the quality of those services
If you choose to “Accept all,” we will also use cookies and data to
Develop and improve new services
Deliver and measure the effectiveness of ads
Show personalized content, depending on your settings
Show personalized ads, depending on your settings
If you choose to “Reject all,” we will not use cookies for these additional purposes.
Non-personalized content is influenced by things like the content you’re currently viewing, activity in your active Search session, and your location. Non-personalized ads are influenced by the content you’re currently viewing and your general location. Personalized content and ads can also include more relevant results, recommendations, and tailored ads based on past activity from this browser, like previous Google searches. We also use cookies and data to tailor the experience to be age-appropriate, if relevant.
Select “More options” to see additional information, including details about managing your privacy settings. You can also visit g.co/privacytools at any time.
Reject all
Accept all
More options
Privacy Policy
Terms of Service",https://news.google.com/rss/articles/CBMilAFBVV95cUxQZ0k4Z2oyM3lEX1hoeGQ3QXNYT1NZekgyejJKdld2UWhlSEVSR3dOb1BKQVozNHgzcGFqaXVCbEhuZTdvNFVJTExKZmphX01TSFFXWlJzVWxFR0lHWERwMnZjZFNEcmpFTjdrZlpnbE5pdS1jLWlJQy12ci0zdFdXNWJDejBPVUMzdmp2TVRzUEFac2dv?oc=5
2024-05-25,AMZN,Amazon,History of Amazon: Company and Stock - Yahoo Finance,"EN
Sign in
Before you continue to Google
We use cookies and data to
Deliver and maintain Google services
Track outages and protect against spam, fraud, and abuse
Measure audience engagement and site statistics to understand how our services are used and enhance the quality of those services
If you choose to “Accept all,” we will also use cookies and data to
Develop and improve new services
Deliver and measure the effectiveness of ads
Show personalized content, depending on your settings
Show personalized ads, depending on your settings
If you choose to “Reject all,” we will not use cookies for these additional purposes.
Non-personalized content is influenced by things like the content you’re currently viewing, activity in your active Search session, and your location. Non-personalized ads are influenced by the content you’re currently viewing and your general location. Personalized content and ads can also include more relevant results, recommendations, and tailored ads based on past activity from this browser, like previous Google searches. We also use cookies and data to tailor the experience to be age-appropriate, if relevant.
Select “More options” to see additional information, including details about managing your privacy settings. You can also visit g.co/privacytools at any time.
Reject all
Accept all
More options
Privacy Policy
Terms of Service",https://news.google.com/rss/articles/CBMif0FVX3lxTE0yZ0lUOEdiYl9IOXp4cnJuTXhqTkEta1dwRXBOVTJrVktEWXljVlExS2ZsNlNhQXpOYmY0dTlTclNuOS1MUFhYTUVWQnYyYVZIc29hS1o1Vk53OXd1OUJuVC1kLUV2MEZFNTlXVWMzbllUSmsxeUM5Um0zOEpLZU0?oc=5
2024-05-27,AMZN,Amazon,Amazon Stock in Focus Amid Report of Possible Large Cloud Investment in Italy - Investopedia,"EN
Sign in
Before you continue to Google
We use cookies and data to
Deliver and maintain Google services
Track outages and protect against spam, fraud, and abuse
Measure audience engagement and site statistics to understand how our services are used and enhance the quality of those services
If you choose to “Accept all,” we will also use cookies and data to
Develop and improve new services
Deliver and measure the effectiveness of ads
Show personalized content, depending on your settings
Show personalized ads, depending on your settings
If you choose to “Reject all,” we will not use cookies for these additional purposes.
Non-personalized content is influenced by things like the content you’re currently viewing, activity in your active Search session, and your location. Non-personalized ads are influenced by the content you’re currently viewing and your general location. Personalized content and ads can also include more relevant results, recommendations, and tailored ads based on past activity from this browser, like previous Google searches. We also use cookies and data to tailor the experience to be age-appropriate, if relevant.
Select “More options” to see additional information, including details about managing your privacy settings. You can also visit g.co/privacytools at any time.
Reject all
Accept all
More options
Privacy Policy
Terms of Service",https://news.google.com/rss/articles/CBMitAFBVV95cUxQUVBWeUlIMUtJVF9wam5ubFNhYWpGRzZZVlpTVjdPTDJhMG5PYVVZZVMyX054VnJjc1p4TGZxWjZpM3VMT0RFRVphcy1rM0pEZ0RXUGxjbEZISDJGY190bGVwZHA0NGFzeTNNZFMxRWxMZmhKMFczd3VZVFBPNmh1T0dvX21aSmRkN000TmxEQUtMVzJ3d2psaVpnenl5aF84eFMzbUNtV29uZHZ2TlJfc1hqUjQ?oc=5
2024-04-30,AMZN,Amazon,Amazon Stock Jumps Closer To Record High On Earnings Boost - Forbes,"EN
Sign in
Before you continue to Google
We use cookies and data to
Deliver and maintain Google services
Track outages and protect against spam, fraud, and abuse
Measure audience engagement and site statistics to understand how our services are used and enhance the quality of those services
If you choose to “Accept all,” we will also use cookies and data to
Develop and improve new services
Deliver and measure the effectiveness of ads
Show personalized content, depending on your settings
Show personalized ads, depending on your settings
If you choose to “Reject all,” we will not use cookies for these additional purposes.
Non-personalized content is influenced by things like the content you’re currently viewing, activity in your active Search session, and your location. Non-personalized ads are influenced by the content you’re currently viewing and your general location. Personalized content and ads can also include more relevant results, recommendations, and tailored ads based on past activity from this browser, like previous Google searches. We also use cookies and data to tailor the experience to be age-appropriate, if relevant.
Select “More options” to see additional information, including details about managing your privacy settings. You can also visit g.co/privacytools at any time.
Reject all
Accept all
More options
Privacy Policy
Terms of Service",https://news.google.com/rss/articles/CBMiuAFBVV95cUxOWVh5ZWJVUF9Bc1AwMEY2VkRkYmxJVzI1WVFHbTRpSXJqYUktSS1QX1pXZEZiN1dTSktRRWZGZjlzTEJNTXVaWk1lZlRiWEFOd3dlZm9tX2FhN0pjRVJlVjNuRkRHNUN5SEsxdE13dWFYa2xETXJrRThRSkVIalhpc1lseHJWSjl5LVRjNFVJa3J2Q3dTeEZWRkJGTXpuc1ZPU0pzYkpjWlIzNHB5T0dNSmVMZlE3OTdJ?oc=5
2024-04-30,AMZN,Amazon,"Amazon results beat estimates, revenue forecast misses - Reuters","EN
Sign in
Before you continue to Google
We use cookies and data to
Deliver and maintain Google services
Track outages and protect against spam, fraud, and abuse
Measure audience engagement and site statistics to understand how our services are used and enhance the quality of those services
If you choose to “Accept all,” we will also use cookies and data to
Develop and improve new services
Deliver and measure the effectiveness of ads
Show personalized content, depending on your settings
Show personalized ads, depending on your settings
If you choose to “Reject all,” we will not use cookies for these additional purposes.
Non-personalized content is influenced by things like the content you’re currently viewing, activity in your active Search session, and your location. Non-personalized ads are influenced by the content you’re currently viewing and your general location. Personalized content and ads can also include more relevant results, recommendations, and tailored ads based on past activity from this browser, like previous Google searches. We also use cookies and data to tailor the experience to be age-appropriate, if relevant.
Select “More options” to see additional information, including details about managing your privacy settings. You can also visit g.co/privacytools at any time.
Reject all
Accept all
More options
Privacy Policy
Terms of Service",https://news.google.com/rss/articles/CBMingFBVV95cUxONUp1bjJ3WmhuWnlDUnRFcmNSOTNPNkh2ZXlsRDdJYlA5bE5UZXowVl94eURsbnlneWk4aDFPaThwY0tiR1Z0RmVfUkdUM2dpRDJyYmN4N1NPNnNqY1hSTGhvM0wxbUxrLThpZXRnT09vcWF1QjlWelZLNU40cno4LWJ2UXpDT1BxWURhTHZrVlF6V1pqY3RHaTZmRkZTQQ?oc=5
2024-04-30,AMZN,Amazon,"Amazon Q Business, now generally available, helps boost workforce productivity with generative AI - Amazon Web Services (AWS)","EN
Sign in
Before you continue to Google
We use cookies and data to
Deliver and maintain Google services
Track outages and protect against spam, fraud, and abuse
Measure audience engagement and site statistics to understand how our services are used and enhance the quality of those services
If you choose to “Accept all,” we will also use cookies and data to
Develop and improve new services
Deliver and measure the effectiveness of ads
Show personalized content, depending on your settings
Show personalized ads, depending on your settings
If you choose to “Reject all,” we will not use cookies for these additional purposes.
Non-personalized content is influenced by things like the content you’re currently viewing, activity in your active Search session, and your location. Non-personalized ads are influenced by the content you’re currently viewing and your general location. Personalized content and ads can also include more relevant results, recommendations, and tailored ads based on past activity from this browser, like previous Google searches. We also use cookies and data to tailor the experience to be age-appropriate, if relevant.
Select “More options” to see additional information, including details about managing your privacy settings. You can also visit g.co/privacytools at any time.
Reject all
Accept all
More options
Privacy Policy
Terms of Service",https://news.google.com/rss/articles/CBMiyAFBVV95cUxQLThUZG9BM3hXeksxcHAyVkRTUVhqZ0dUNGdOME1lRUdPZE5kX25OMm5jb1ZzQjhxaUhwMlVzSkdsamQ0emJFQ3FHMV9nWlBqSjM0Uk9aeVpKR25XNUtUSEg2bzhJWW9CMGwwcDEzY2ptR1U1X21fU0RSRnI3UUNzRnFJTlF0bWtaNXM3a2pydnd1MlE3NEhzR2c5cXBmRDk5RldrNDk4QWtUZjRjbHVDcExNaUVWMFkzaThnOWVVVXJabVFRLTcyQQ?oc=5
2024-05-03,AMZN,Amazon,Forget the Tech Slump: Amazon Stock Proves It’s a Powerhouse Investment - Nasdaq,"EN
Sign in
Before you continue to Google
We use cookies and data to
Deliver and maintain Google services
Track outages and protect against spam, fraud, and abuse
Measure audience engagement and site statistics to understand how our services are used and enhance the quality of those services
If you choose to “Accept all,” we will also use cookies and data to
Develop and improve new services
Deliver and measure the effectiveness of ads
Show personalized content, depending on your settings
Show personalized ads, depending on your settings
If you choose to “Reject all,” we will not use cookies for these additional purposes.
Non-personalized content is influenced by things like the content you’re currently viewing, activity in your active Search session, and your location. Non-personalized ads are influenced by the content you’re currently viewing and your general location. Personalized content and ads can also include more relevant results, recommendations, and tailored ads based on past activity from this browser, like previous Google searches. We also use cookies and data to tailor the experience to be age-appropriate, if relevant.
Select “More options” to see additional information, including details about managing your privacy settings. You can also visit g.co/privacytools at any time.
Reject all
Accept all
More options
Privacy Policy
Terms of Service",https://news.google.com/rss/articles/CBMipAFBVV95cUxNbV9SSGpGcjllbnJRcHZCUjVNbi1DVkhtdV9seUhIOUR5UUJEZ2dDVzFOVl8xejBJQTRaQy03czB2NW9zaVRqcjFTREptRFF3MVE1aUxXLUtMd3dWUGRZYW9WZmlwMWF2d0tZS1JEQzVEWlJ3VHY3S3loZi1IMU5Cck5XWDd4RlRMcW9taFA2Y0RfZnBPSWhld0VwdkdWRl90YzR0dw?oc=5
2024-05-17,AMZN,Amazon,Amazon Stock's Uptrend Is Set To Continue — But Watch This Indicator - Investor's Business Daily,"EN
Sign in
Before you continue to Google
We use cookies and data to
Deliver and maintain Google services
Track outages and protect against spam, fraud, and abuse
Measure audience engagement and site statistics to understand how our services are used and enhance the quality of those services
If you choose to “Accept all,” we will also use cookies and data to
Develop and improve new services
Deliver and measure the effectiveness of ads
Show personalized content, depending on your settings
Show personalized ads, depending on your settings
If you choose to “Reject all,” we will not use cookies for these additional purposes.
Non-personalized content is influenced by things like the content you’re currently viewing, activity in your active Search session, and your location. Non-personalized ads are influenced by the content you’re currently viewing and your general location. Personalized content and ads can also include more relevant results, recommendations, and tailored ads based on past activity from this browser, like previous Google searches. We also use cookies and data to tailor the experience to be age-appropriate, if relevant.
Select “More options” to see additional information, including details about managing your privacy settings. You can also visit g.co/privacytools at any time.
Reject all
Accept all
More options
Privacy Policy
Terms of Service",https://news.google.com/rss/articles/CBMijgFBVV95cUxNVDFOSVYtY0hiUWJSZUFzeFRHZEFFWjZmVzBqZUJiNlZSSUZMYnkyWldRWjJvekttbGJ5dkZjdm1aTnNCOHotcjhqTkM3UGw2NHV1cVhwdnFreVlDR1ZlT0FaeXpWWHlaREFRZEtDYnNzdjBkR3MyM3FZNERrdHJrbUVfeXhpSHRSMkNWZlFn?oc=5
2024-05-02,AMZN,Amazon,AMZN vs. META: Which Magnificent Seven Stock Is Better? - Yahoo Finance,"EN
Sign in
Before you continue to Google
We use cookies and data to
Deliver and maintain Google services
Track outages and protect against spam, fraud, and abuse
Measure audience engagement and site statistics to understand how our services are used and enhance the quality of those services
If you choose to “Accept all,” we will also use cookies and data to
Develop and improve new services
Deliver and measure the effectiveness of ads
Show personalized content, depending on your settings
Show personalized ads, depending on your settings
If you choose to “Reject all,” we will not use cookies for these additional purposes.
Non-personalized content is influenced by things like the content you’re currently viewing, activity in your active Search session, and your location. Non-personalized ads are influenced by the content you’re currently viewing and your general location. Personalized content and ads can also include more relevant results, recommendations, and tailored ads based on past activity from this browser, like previous Google searches. We also use cookies and data to tailor the experience to be age-appropriate, if relevant.
Select “More options” to see additional information, including details about managing your privacy settings. You can also visit g.co/privacytools at any time.
Reject all
Accept all
More options
Privacy Policy
Terms of Service",https://news.google.com/rss/articles/CBMiggFBVV95cUxOVkZnNzJmTjlMMkVIVzB3ZEpmREUwR25TMk04RGhRaE5EbTJnenBoeTFlYVhwdEwwVm52eGRPU21BZmFjenlMTnFuQzRfaFhLOVd1RVRpRVRiTGJvRTJrR0M1VG93TFN4eXdnNzhuNVhRN3NoSGdTQVJlMnN0cDM5U2d3?oc=5
2024-04-30,AMZN,Amazon,"Amazon Beats Earnings and Revenue Estimates on AWS, Advertising Growth - Investopedia","EN
Sign in
Before you continue to Google
We use cookies and data to
Deliver and maintain Google services
Track outages and protect against spam, fraud, and abuse
Measure audience engagement and site statistics to understand how our services are used and enhance the quality of those services
If you choose to “Accept all,” we will also use cookies and data to
Develop and improve new services
Deliver and measure the effectiveness of ads
Show personalized content, depending on your settings
Show personalized ads, depending on your settings
If you choose to “Reject all,” we will not use cookies for these additional purposes.
Non-personalized content is influenced by things like the content you’re currently viewing, activity in your active Search session, and your location. Non-personalized ads are influenced by the content you’re currently viewing and your general location. Personalized content and ads can also include more relevant results, recommendations, and tailored ads based on past activity from this browser, like previous Google searches. We also use cookies and data to tailor the experience to be age-appropriate, if relevant.
Select “More options” to see additional information, including details about managing your privacy settings. You can also visit g.co/privacytools at any time.
Reject all
Accept all
More options
Privacy Policy
Terms of Service",https://news.google.com/rss/articles/CBMib0FVX3lxTFAwWFF6TkZscFBIWGFOcVZueEw1alpXNXp3SG81VHFJVENVRTBmSFNMd1FPN3g2d3F6bG1aZEZGUVViaHdmUmdXSFFqckRINHdqbHp1Z2VoU20ydWQ1Q2JqNEtwb3RkRi1kRTZSRDhSYw?oc=5
2024-05-07,AMZN,Amazon,Should Amazon Stock Follow The ‘Magnificent 7’ Trend and Start Paying a Dividend? - Nasdaq,"EN
Sign in
Before you continue to Google
We use cookies and data to
Deliver and maintain Google services
Track outages and protect against spam, fraud, and abuse
Measure audience engagement and site statistics to understand how our services are used and enhance the quality of those services
If you choose to “Accept all,” we will also use cookies and data to
Develop and improve new services
Deliver and measure the effectiveness of ads
Show personalized content, depending on your settings
Show personalized ads, depending on your settings
If you choose to “Reject all,” we will not use cookies for these additional purposes.
Non-personalized content is influenced by things like the content you’re currently viewing, activity in your active Search session, and your location. Non-personalized ads are influenced by the content you’re currently viewing and your general location. Personalized content and ads can also include more relevant results, recommendations, and tailored ads based on past activity from this browser, like previous Google searches. We also use cookies and data to tailor the experience to be age-appropriate, if relevant.
Select “More options” to see additional information, including details about managing your privacy settings. You can also visit g.co/privacytools at any time.
Reject all
Accept all
More options
Privacy Policy
Terms of Service",https://news.google.com/rss/articles/CBMirwFBVV95cUxOU1BESk1fTXA5REdzNTdTLWZnbXM5aGp1N3ZiZUp5YUxVdURLcnlIejJyT2N5UVU4RElqRllWQnlHWF9yT09XbUR3RF81NHBhbGtia2pJMTBYS2w4djc3LVZFS1N4SjVCbG9GcDQ2WnF0U0tudjd4MzVKWTBBa3hWREtPekFEdGVVajV4TmFqZzI0VTdpdjJMNDM0Tk5PUFBFUVhLYVZlWTNrR0ZPS2h3?oc=5
2024-05-10,AMZN,Amazon,Amazon Has A Flashy New Rival In PDD's Temu Shopping Site. It Should Take The Threat Seriously. - Investor's Business Daily,"EN
Sign in
Before you continue to Google
We use cookies and data to
Deliver and maintain Google services
Track outages and protect against spam, fraud, and abuse
Measure audience engagement and site statistics to understand how our services are used and enhance the quality of those services
If you choose to “Accept all,” we will also use cookies and data to
Develop and improve new services
Deliver and measure the effectiveness of ads
Show personalized content, depending on your settings
Show personalized ads, depending on your settings
If you choose to “Reject all,” we will not use cookies for these additional purposes.
Non-personalized content is influenced by things like the content you’re currently viewing, activity in your active Search session, and your location. Non-personalized ads are influenced by the content you’re currently viewing and your general location. Personalized content and ads can also include more relevant results, recommendations, and tailored ads based on past activity from this browser, like previous Google searches. We also use cookies and data to tailor the experience to be age-appropriate, if relevant.
Select “More options” to see additional information, including details about managing your privacy settings. You can also visit g.co/privacytools at any time.
Reject all
Accept all
More options
Privacy Policy
Terms of Service",https://news.google.com/rss/articles/CBMihgFBVV95cUxOYkE4eEV1MkFjcEhyeWpSZ0V1RzYwcmpXemVUSmVENVQ4TVE2bFFiS0d4aTRfNWJFWVhGcjhkVFdVU21OamZxTm93eG12SlpMbXo4bTNWMnlqNDJ5Y2Vaa3Y5cjNNUFN0dTdBWUxuckdhaGdoMkFBMHk0eW5xQXRsV3hKV2RhUQ?oc=5
2024-05-14,AMZN,Amazon,Amazon vs. Walmart Stock: Which Is a Better Investment? - Yahoo Finance,"EN
Sign in
Before you continue to Google
We use cookies and data to
Deliver and maintain Google services
Track outages and protect against spam, fraud, and abuse
Measure audience engagement and site statistics to understand how our services are used and enhance the quality of those services
If you choose to “Accept all,” we will also use cookies and data to
Develop and improve new services
Deliver and measure the effectiveness of ads
Show personalized content, depending on your settings
Show personalized ads, depending on your settings
If you choose to “Reject all,” we will not use cookies for these additional purposes.
Non-personalized content is influenced by things like the content you’re currently viewing, activity in your active Search session, and your location. Non-personalized ads are influenced by the content you’re currently viewing and your general location. Personalized content and ads can also include more relevant results, recommendations, and tailored ads based on past activity from this browser, like previous Google searches. We also use cookies and data to tailor the experience to be age-appropriate, if relevant.
Select “More options” to see additional information, including details about managing your privacy settings. You can also visit g.co/privacytools at any time.
Reject all
Accept all
More options
Privacy Policy
Terms of Service",https://news.google.com/rss/articles/CBMiggFBVV95cUxPMmVSRE5DbFh5N3J2R0lWZWVxM19BU2V4RWJFMGpIc3NPWkd4eVk0d1pIdGlfWld5MFRnbVdGVUczV1pXR3doQVVNVkNsS1JIM0thd0JpbWtNVnBhWWZ6MzhmZTVDOFpSZUlYWU50clNHR19VSEdiLTJEeVdWVXR2eEln?oc=5
2024-05-21,AMZN,Amazon,Who Owns the Most Amazon Stock Besides Jeff Bezos? - Yahoo Finance,"EN
Sign in
Before you continue to Google
We use cookies and data to
Deliver and maintain Google services
Track outages and protect against spam, fraud, and abuse
Measure audience engagement and site statistics to understand how our services are used and enhance the quality of those services
If you choose to “Accept all,” we will also use cookies and data to
Develop and improve new services
Deliver and measure the effectiveness of ads
Show personalized content, depending on your settings
Show personalized ads, depending on your settings
If you choose to “Reject all,” we will not use cookies for these additional purposes.
Non-personalized content is influenced by things like the content you’re currently viewing, activity in your active Search session, and your location. Non-personalized ads are influenced by the content you’re currently viewing and your general location. Personalized content and ads can also include more relevant results, recommendations, and tailored ads based on past activity from this browser, like previous Google searches. We also use cookies and data to tailor the experience to be age-appropriate, if relevant.
Select “More options” to see additional information, including details about managing your privacy settings. You can also visit g.co/privacytools at any time.
Reject all
Accept all
More options
Privacy Policy
Terms of Service",https://news.google.com/rss/articles/CBMiggFBVV95cUxPZWdkLWI2RC13dmJGNHN3QmJ4RWxTZlpyYlpYa0VxR0JPbjRyUFRvS1diV1lXSlgxcndmT05pbGhibmJXWlN0R2JQbG5JYkJPYXpTb1E4WVQ4QTBfcS0tMzN4V0h4TEhWTFpXQVhZUlRpTXNNbk9SeEE5ZElkVUxEcl93?oc=5
2024-05-14,AMZN,Amazon,"Amazon Cloud CEO Stepping Down, With AWS Veteran Named To Role - Investor's Business Daily","EN
Sign in
Before you continue to Google
We use cookies and data to
Deliver and maintain Google services
Track outages and protect against spam, fraud, and abuse
Measure audience engagement and site statistics to understand how our services are used and enhance the quality of those services
If you choose to “Accept all,” we will also use cookies and data to
Develop and improve new services
Deliver and measure the effectiveness of ads
Show personalized content, depending on your settings
Show personalized ads, depending on your settings
If you choose to “Reject all,” we will not use cookies for these additional purposes.
Non-personalized content is influenced by things like the content you’re currently viewing, activity in your active Search session, and your location. Non-personalized ads are influenced by the content you’re currently viewing and your general location. Personalized content and ads can also include more relevant results, recommendations, and tailored ads based on past activity from this browser, like previous Google searches. We also use cookies and data to tailor the experience to be age-appropriate, if relevant.
Select “More options” to see additional information, including details about managing your privacy settings. You can also visit g.co/privacytools at any time.
Reject all
Accept all
More options
Privacy Policy
Terms of Service",https://news.google.com/rss/articles/CBMihgFBVV95cUxQWGNlNS13Znd5OUZubU42aUNSS2psMnlFX0xrWU9kaW56ektreUVPYl95T05LR3VvYTZ2MzM2UVV3b3JJX0hvRzhwd2ZjS2hxN1NOeXN1TTRQVENqRGJkdThHNkVDU3ptZFNweGV3NVJBZEhPOWFnQ2piYWNHSV9od2FUd0hNZw?oc=5
2024-05-03,AMZN,Amazon,Amazon Web Services CEO: We're on track to hit $100 billion in sales in 2024 - Yahoo Finance,"EN
Sign in
Before you continue to Google
We use cookies and data to
Deliver and maintain Google services
Track outages and protect against spam, fraud, and abuse
Measure audience engagement and site statistics to understand how our services are used and enhance the quality of those services
If you choose to “Accept all,” we will also use cookies and data to
Develop and improve new services
Deliver and measure the effectiveness of ads
Show personalized content, depending on your settings
Show personalized ads, depending on your settings
If you choose to “Reject all,” we will not use cookies for these additional purposes.
Non-personalized content is influenced by things like the content you’re currently viewing, activity in your active Search session, and your location. Non-personalized ads are influenced by the content you’re currently viewing and your general location. Personalized content and ads can also include more relevant results, recommendations, and tailored ads based on past activity from this browser, like previous Google searches. We also use cookies and data to tailor the experience to be age-appropriate, if relevant.
Select “More options” to see additional information, including details about managing your privacy settings. You can also visit g.co/privacytools at any time.
Reject all
Accept all
More options
Privacy Policy
Terms of Service",https://news.google.com/rss/articles/CBMiuwFBVV95cUxQaWthaUphSWxRUHpWMG9SeVZqLWJvZklHUUZ1RnZ1X0o1RnVKckx4YlpmNTQzVXFXbjhKUFBKNE1Oc3hCekJDOEp1djNneV9pYU1CSHhpc2dUU2RkczE1WG1KVnltcHJuSk02VVFVY2FtVWV1NnRkeXpjYlpyZjRfbG5aaEt3Tjg1QkVrVTlKZnFkLVg3enQ4T1Fwc2ZYeWYweWtuTTJ0WGtFUTIzMHZnNUlRSDhzekJwY0hz?oc=5
2024-05-30,AMZN,Amazon,Amazon Expands Partnership With Grubhub With Orders Straight From Amazon App - Investor's Business Daily,"EN
Sign in
Before you continue to Google
We use cookies and data to
Deliver and maintain Google services
Track outages and protect against spam, fraud, and abuse
Measure audience engagement and site statistics to understand how our services are used and enhance the quality of those services
If you choose to “Accept all,” we will also use cookies and data to
Develop and improve new services
Deliver and measure the effectiveness of ads
Show personalized content, depending on your settings
Show personalized ads, depending on your settings
If you choose to “Reject all,” we will not use cookies for these additional purposes.
Non-personalized content is influenced by things like the content you’re currently viewing, activity in your active Search session, and your location. Non-personalized ads are influenced by the content you’re currently viewing and your general location. Personalized content and ads can also include more relevant results, recommendations, and tailored ads based on past activity from this browser, like previous Google searches. We also use cookies and data to tailor the experience to be age-appropriate, if relevant.
Select “More options” to see additional information, including details about managing your privacy settings. You can also visit g.co/privacytools at any time.
Reject all
Accept all
More options
Privacy Policy
Terms of Service",https://news.google.com/rss/articles/CBMijAFBVV95cUxPdmZEMlQwUVp1ZzNycmZuMW9wWU9GSE94UmJtU0lHLXVjMTd3R2VxaWdUNmNvb1ZDM1hQYlUyckRPdEQ1T0FvT0FjWm5LbXJMMnZvWmlwTzBjWHVWdDZZdnJWV0Z6Wmd0UjhORGZGdC1XLWl2ZVVudk5yREFyRTBoSklmTmsxZ0NqLTRXbA?oc=5
2024-05-07,AMZN,Amazon,Better AI Stock: Amazon vs. Alphabet - Yahoo Finance,"EN
Sign in
Before you continue to Google
We use cookies and data to
Deliver and maintain Google services
Track outages and protect against spam, fraud, and abuse
Measure audience engagement and site statistics to understand how our services are used and enhance the quality of those services
If you choose to “Accept all,” we will also use cookies and data to
Develop and improve new services
Deliver and measure the effectiveness of ads
Show personalized content, depending on your settings
Show personalized ads, depending on your settings
If you choose to “Reject all,” we will not use cookies for these additional purposes.
Non-personalized content is influenced by things like the content you’re currently viewing, activity in your active Search session, and your location. Non-personalized ads are influenced by the content you’re currently viewing and your general location. Personalized content and ads can also include more relevant results, recommendations, and tailored ads based on past activity from this browser, like previous Google searches. We also use cookies and data to tailor the experience to be age-appropriate, if relevant.
Select “More options” to see additional information, including details about managing your privacy settings. You can also visit g.co/privacytools at any time.
Reject all
Accept all
More options
Privacy Policy
Terms of Service",https://news.google.com/rss/articles/CBMie0FVX3lxTFB4bHJXSlNSckdLSEw5ODNzVUs3TGo2dk9sRkFqcUs4MUdWeldPai1pN3RCT1JtaVZhTWd1TUFaRXVwd1RoTUNnWDJTcnBEbDNRUTBUTkVRd2FlTm5wVkFuRXhzVWNZZ2FIR2lZb1NIREk3TkxQNWhmOXdZRQ?oc=5
2024-06-27,AMZN,Amazon,Amazon becomes the 5th U.S. company to reach $2 trillion in stock market value - NPR,"EN
Sign in
Before you continue to Google
We use cookies and data to
Deliver and maintain Google services
Track outages and protect against spam, fraud, and abuse
Measure audience engagement and site statistics to understand how our services are used and enhance the quality of those services
If you choose to “Accept all,” we will also use cookies and data to
Develop and improve new services
Deliver and measure the effectiveness of ads
Show personalized content, depending on your settings
Show personalized ads, depending on your settings
If you choose to “Reject all,” we will not use cookies for these additional purposes.
Non-personalized content is influenced by things like the content you’re currently viewing, activity in your active Search session, and your location. Non-personalized ads are influenced by the content you’re currently viewing and your general location. Personalized content and ads can also include more relevant results, recommendations, and tailored ads based on past activity from this browser, like previous Google searches. We also use cookies and data to tailor the experience to be age-appropriate, if relevant.
Select “More options” to see additional information, including details about managing your privacy settings. You can also visit g.co/privacytools at any time.
Reject all
Accept all
More options
Privacy Policy
Terms of Service",https://news.google.com/rss/articles/CBMigwFBVV95cUxOSll0RFEzRW9pNTJWM1B4ZjlqeUFUa0dySmh4aS1XREM1UjA5SHR6S0FFZDRGMHJ0Z1JkSnh0VDBkY0pzNWg0aEgzalJXTmoydjE5X2c3ZldPelRKYi1fUExWeWtqUktTQXpkUHdiODRCaXg0Ri1JeHY1dmNBNkFVblVldw?oc=5
2024-06-26,AMZN,Amazon,Amazon Stock Breaks Out Above $2 Trillion Market Cap - Investor's Business Daily,"EN
Sign in
Before you continue to Google
We use cookies and data to
Deliver and maintain Google services
Track outages and protect against spam, fraud, and abuse
Measure audience engagement and site statistics to understand how our services are used and enhance the quality of those services
If you choose to “Accept all,” we will also use cookies and data to
Develop and improve new services
Deliver and measure the effectiveness of ads
Show personalized content, depending on your settings
Show personalized ads, depending on your settings
If you choose to “Reject all,” we will not use cookies for these additional purposes.
Non-personalized content is influenced by things like the content you’re currently viewing, activity in your active Search session, and your location. Non-personalized ads are influenced by the content you’re currently viewing and your general location. Personalized content and ads can also include more relevant results, recommendations, and tailored ads based on past activity from this browser, like previous Google searches. We also use cookies and data to tailor the experience to be age-appropriate, if relevant.
Select “More options” to see additional information, including details about managing your privacy settings. You can also visit g.co/privacytools at any time.
Reject all
Accept all
More options
Privacy Policy
Terms of Service",https://news.google.com/rss/articles/CBMilgFBVV95cUxQVGVSdXp1ZVRET09kazJkbE1BVmlUS04yVGNuS204LVUxVElGYVd0SEg4Z3VpdWt3Y250emRIT0duWWlTaVVUUDhKZWUtOXZmMlRqcFk5RFdpbFpkem1oZEFjN1dMRWw0VXYtdFFjNHBPQWNGQmtnQ0VLbF8tTEJ5NEw0Y2hVZWhibWNxYkRYQXFjbnpjUlE?oc=5
2024-06-26,AMZN,Amazon,Here's why Amazon stock popped on Wednesday - USA Today,"EN
Sign in
Before you continue to Google
We use cookies and data to
Deliver and maintain Google services
Track outages and protect against spam, fraud, and abuse
Measure audience engagement and site statistics to understand how our services are used and enhance the quality of those services
If you choose to “Accept all,” we will also use cookies and data to
Develop and improve new services
Deliver and measure the effectiveness of ads
Show personalized content, depending on your settings
Show personalized ads, depending on your settings
If you choose to “Reject all,” we will not use cookies for these additional purposes.
Non-personalized content is influenced by things like the content you’re currently viewing, activity in your active Search session, and your location. Non-personalized ads are influenced by the content you’re currently viewing and your general location. Personalized content and ads can also include more relevant results, recommendations, and tailored ads based on past activity from this browser, like previous Google searches. We also use cookies and data to tailor the experience to be age-appropriate, if relevant.
Select “More options” to see additional information, including details about managing your privacy settings. You can also visit g.co/privacytools at any time.
Reject all
Accept all
More options
Privacy Policy
Terms of Service",https://news.google.com/rss/articles/CBMipwFBVV95cUxQVFlNcU1zdGZvN2wwaWRhTmNnZFpoOEdCSEc5c1FDaUlGb2o5U1d5WU1DTGxuUXJkQjFNLVJ2MlltLUZGQ0pKd2t1NWhBMnladU1LLUNtUC1KaWtFc0E3Q25nbEVqejg0WmtTYjVxaWMtQWo0NlJPTGNfcEVHenFaSGxmcXRadFNxWmRfNzcycnpNTkZaRDFUSTFPNkZyRWxBcXlTODAwVQ?oc=5
2024-06-26,AMZN,Amazon,How London Stock Exchange Group migrated 30 PB of market data using AWS DataSync - Amazon Web Services (AWS),"EN
Sign in
Before you continue to Google
We use cookies and data to
Deliver and maintain Google services
Track outages and protect against spam, fraud, and abuse
Measure audience engagement and site statistics to understand how our services are used and enhance the quality of those services
If you choose to “Accept all,” we will also use cookies and data to
Develop and improve new services
Deliver and measure the effectiveness of ads
Show personalized content, depending on your settings
Show personalized ads, depending on your settings
If you choose to “Reject all,” we will not use cookies for these additional purposes.
Non-personalized content is influenced by things like the content you’re currently viewing, activity in your active Search session, and your location. Non-personalized ads are influenced by the content you’re currently viewing and your general location. Personalized content and ads can also include more relevant results, recommendations, and tailored ads based on past activity from this browser, like previous Google searches. We also use cookies and data to tailor the experience to be age-appropriate, if relevant.
Select “More options” to see additional information, including details about managing your privacy settings. You can also visit g.co/privacytools at any time.
Reject all
Accept all
More options
Privacy Policy
Terms of Service",https://news.google.com/rss/articles/CBMiugFBVV95cUxPVHhtYWYxMXhRVVhkRlFIUVp1QndldERyRnVGaWc2THg4RWxkTnlSa1dhUFNhb3ZIWlFab1R0amtiQ1pQU0RqWFRwdlV5cWptYUFNTldRY2dpZThNMmItMHVLOXNXaWlXVFZ4NE1peHRpR1YtNThVbFd6RllQSUhYSGxqYUdtWXh1QkV1SUVyMFFEV0lPd2pUdS04LUR0QTI2MEF5Tmp3MkpmcW1WTUNYRWdxSXNGREo5MEE?oc=5
2024-06-26,AMZN,Amazon,"Amazon hits $2 trillion in valuation on AI fervor, rate cut bets - Reuters","EN
Sign in
Before you continue to Google
We use cookies and data to
Deliver and maintain Google services
Track outages and protect against spam, fraud, and abuse
Measure audience engagement and site statistics to understand how our services are used and enhance the quality of those services
If you choose to “Accept all,” we will also use cookies and data to
Develop and improve new services
Deliver and measure the effectiveness of ads
Show personalized content, depending on your settings
Show personalized ads, depending on your settings
If you choose to “Reject all,” we will not use cookies for these additional purposes.
Non-personalized content is influenced by things like the content you’re currently viewing, activity in your active Search session, and your location. Non-personalized ads are influenced by the content you’re currently viewing and your general location. Personalized content and ads can also include more relevant results, recommendations, and tailored ads based on past activity from this browser, like previous Google searches. We also use cookies and data to tailor the experience to be age-appropriate, if relevant.
Select “More options” to see additional information, including details about managing your privacy settings. You can also visit g.co/privacytools at any time.
Reject all
Accept all
More options
Privacy Policy
Terms of Service",https://news.google.com/rss/articles/CBMipgFBVV95cUxOQWR0RkdWNGs3MkxDMHN1TEZ3U0hwMW5ZUVh4amhLajE1T190NUM2UWxMOVFYeXdWeDNHcFR4ZnQ4TF9ISll4SzlxaUpLMllYaW9PMHVJSXp5M0J0YTFBYVNjX1AyTnpxdi1tZjRLazFWU0JlekYzbnF6Y0NEUTA4OFBIR1ZPdzhMY0J0TENJSWpBX0tSTGMyRW1iYkUxbjhXUDJnOThB?oc=5
2024-06-29,AMZN,Amazon,Amazon Stock (NASDAQ:AMZN): The Run to a $3T Market Cap Is On - Nasdaq,"EN
Sign in
Before you continue to Google
We use cookies and data to
Deliver and maintain Google services
Track outages and protect against spam, fraud, and abuse
Measure audience engagement and site statistics to understand how our services are used and enhance the quality of those services
If you choose to “Accept all,” we will also use cookies and data to
Develop and improve new services
Deliver and measure the effectiveness of ads
Show personalized content, depending on your settings
Show personalized ads, depending on your settings
If you choose to “Reject all,” we will not use cookies for these additional purposes.
Non-personalized content is influenced by things like the content you’re currently viewing, activity in your active Search session, and your location. Non-personalized ads are influenced by the content you’re currently viewing and your general location. Personalized content and ads can also include more relevant results, recommendations, and tailored ads based on past activity from this browser, like previous Google searches. We also use cookies and data to tailor the experience to be age-appropriate, if relevant.
Select “More options” to see additional information, including details about managing your privacy settings. You can also visit g.co/privacytools at any time.
Reject all
Accept all
More options
Privacy Policy
Terms of Service",https://news.google.com/rss/articles/CBMif0FVX3lxTFB4MXlqZFU4YTdjNnh2LVdKUFVWY0FKbE90V2JrM3l4b2pWOGR3NnVqenk3ZzVhd3M4a0xIRnY1bW1pMWRhRmlZVHdPMTBybTctdnJuWkI0bHJ3WWhKXzd3VUFmYjluMFByMUM4RXdFeHJkd0V4aF9FaVZ0LVg0cDA?oc=5
2024-06-26,AMZN,Amazon,Amazon Is A $2 Trillion Company For First Time Ever - Forbes,"EN
Sign in
Before you continue to Google
We use cookies and data to
Deliver and maintain Google services
Track outages and protect against spam, fraud, and abuse
Measure audience engagement and site statistics to understand how our services are used and enhance the quality of those services
If you choose to “Accept all,” we will also use cookies and data to
Develop and improve new services
Deliver and measure the effectiveness of ads
Show personalized content, depending on your settings
Show personalized ads, depending on your settings
If you choose to “Reject all,” we will not use cookies for these additional purposes.
Non-personalized content is influenced by things like the content you’re currently viewing, activity in your active Search session, and your location. Non-personalized ads are influenced by the content you’re currently viewing and your general location. Personalized content and ads can also include more relevant results, recommendations, and tailored ads based on past activity from this browser, like previous Google searches. We also use cookies and data to tailor the experience to be age-appropriate, if relevant.
Select “More options” to see additional information, including details about managing your privacy settings. You can also visit g.co/privacytools at any time.
Reject all
Accept all
More options
Privacy Policy
Terms of Service",https://news.google.com/rss/articles/CBMiowFBVV95cUxPOFRydzJYaFlUaHR4ZURLQUJBZTJYSkk3WTBnSEw5c0RNbUFNdXVVTVM1U1ZYQmxUOU5VNWNLNXVvTXJLaUMzT09LeEhrM3ZsVk1lWFg4R2VfQWgzdkE4MnR5LUl0SG5QdGhYYlIxUDV4TDZORkZvQlYtTGJJT0NiemVfbWc3cUh2TnRaR1pNQVpLbk9WdUEyeVZXRXVTRDBPcEpV?oc=5
2024-06-26,AMZN,Amazon,Stock market today: Nasdaq leads gains as Amazon crosses $2 trillion market cap - Yahoo Finance,"EN
Sign in
Before you continue to Google
We use cookies and data to
Deliver and maintain Google services
Track outages and protect against spam, fraud, and abuse
Measure audience engagement and site statistics to understand how our services are used and enhance the quality of those services
If you choose to “Accept all,” we will also use cookies and data to
Develop and improve new services
Deliver and measure the effectiveness of ads
Show personalized content, depending on your settings
Show personalized ads, depending on your settings
If you choose to “Reject all,” we will not use cookies for these additional purposes.
Non-personalized content is influenced by things like the content you’re currently viewing, activity in your active Search session, and your location. Non-personalized ads are influenced by the content you’re currently viewing and your general location. Personalized content and ads can also include more relevant results, recommendations, and tailored ads based on past activity from this browser, like previous Google searches. We also use cookies and data to tailor the experience to be age-appropriate, if relevant.
Select “More options” to see additional information, including details about managing your privacy settings. You can also visit g.co/privacytools at any time.
Reject all
Accept all
More options
Privacy Policy
Terms of Service",https://news.google.com/rss/articles/CBMixwFBVV95cUxQNlRnTlA1LTJPaWlyNnpfWEdSV3BFSzZtVXZVTEJ2Y2hrd3liUHR0UGtXamZFMTNZWVhuN3FwdmQwOUVucTFoZlJmVnNzZzJ3OW5SUmNKOUFCc1FJazVBa1FJMG1BdW1kQzR1MVdIOXcxeVprQzEweEJ5UGFYenFoVmFHeFdaVXQwaDVrdDUxaHFmOFl2emRhZU9mcEtzVzJsaUxjV3gxeVhEbkc4VWFIRGRsNGpibG5JUEpmQjFUZ2htSTV6QXA4?oc=5
2024-06-27,AMZN,Amazon,Analyst resets Amazon stock price target after all-time highs - TheStreet,"EN
Sign in
Before you continue to Google
We use cookies and data to
Deliver and maintain Google services
Track outages and protect against spam, fraud, and abuse
Measure audience engagement and site statistics to understand how our services are used and enhance the quality of those services
If you choose to “Accept all,” we will also use cookies and data to
Develop and improve new services
Deliver and measure the effectiveness of ads
Show personalized content, depending on your settings
Show personalized ads, depending on your settings
If you choose to “Reject all,” we will not use cookies for these additional purposes.
Non-personalized content is influenced by things like the content you’re currently viewing, activity in your active Search session, and your location. Non-personalized ads are influenced by the content you’re currently viewing and your general location. Personalized content and ads can also include more relevant results, recommendations, and tailored ads based on past activity from this browser, like previous Google searches. We also use cookies and data to tailor the experience to be age-appropriate, if relevant.
Select “More options” to see additional information, including details about managing your privacy settings. You can also visit g.co/privacytools at any time.
Reject all
Accept all
More options
Privacy Policy
Terms of Service",https://news.google.com/rss/articles/CBMisAFBVV95cUxOMHpzamdMWS1OUng5aVhkMm5kUTdkTVNVNkZma1ZFaDROY3E2SFhyTGMzbFZsd2RScTN5ZTJwS0FZRnM1a1V5UnM5RktiSGl3ZVdjSjNORC1sSElMLVZkNnREOFJBOU83akUybEgwSzhJM0JLR2c5YW9pSXFuSm1mX2lfZVBDbGxrZEtUNW1zTW1tMVAwdFByaXlCeGxaWVBUdW9FYmdtSHZIbXVhcXBDYg?oc=5
2024-06-19,AMZN,Amazon,Could Amazon Stock Help You Become a Millionaire? - The Motley Fool,"EN
Sign in
Before you continue to Google
We use cookies and data to
Deliver and maintain Google services
Track outages and protect against spam, fraud, and abuse
Measure audience engagement and site statistics to understand how our services are used and enhance the quality of those services
If you choose to “Accept all,” we will also use cookies and data to
Develop and improve new services
Deliver and measure the effectiveness of ads
Show personalized content, depending on your settings
Show personalized ads, depending on your settings
If you choose to “Reject all,” we will not use cookies for these additional purposes.
Non-personalized content is influenced by things like the content you’re currently viewing, activity in your active Search session, and your location. Non-personalized ads are influenced by the content you’re currently viewing and your general location. Personalized content and ads can also include more relevant results, recommendations, and tailored ads based on past activity from this browser, like previous Google searches. We also use cookies and data to tailor the experience to be age-appropriate, if relevant.
Select “More options” to see additional information, including details about managing your privacy settings. You can also visit g.co/privacytools at any time.
Reject all
Accept all
More options
Privacy Policy
Terms of Service",https://news.google.com/rss/articles/CBMilgFBVV95cUxNMVJOVGNYY3o2d05PdkNsZlgxWHN4Ti1SUnpUQm9fa1lHX2tKcU1ZRzN3RGd3UUNhU2NqZFA5aUhzSFRsRmpNcndpeE9XZTAzdVF0OUhCTVZBbDlQLTJ0Q3RyVkpzUlE2X3RSQzdXc3F6cm44d3hlREJVT2pvX1R3SjhpSEpMVGtIdnBaNGZEdVk2aV9seVE?oc=5
2024-06-25,AMZN,Amazon,Prime Day Slated For Next Month. What It Means For Amazon Stock. - Investor's Business Daily,"EN
Sign in
Before you continue to Google
We use cookies and data to
Deliver and maintain Google services
Track outages and protect against spam, fraud, and abuse
Measure audience engagement and site statistics to understand how our services are used and enhance the quality of those services
If you choose to “Accept all,” we will also use cookies and data to
Develop and improve new services
Deliver and measure the effectiveness of ads
Show personalized content, depending on your settings
Show personalized ads, depending on your settings
If you choose to “Reject all,” we will not use cookies for these additional purposes.
Non-personalized content is influenced by things like the content you’re currently viewing, activity in your active Search session, and your location. Non-personalized ads are influenced by the content you’re currently viewing and your general location. Personalized content and ads can also include more relevant results, recommendations, and tailored ads based on past activity from this browser, like previous Google searches. We also use cookies and data to tailor the experience to be age-appropriate, if relevant.
Select “More options” to see additional information, including details about managing your privacy settings. You can also visit g.co/privacytools at any time.
Reject all
Accept all
More options
Privacy Policy
Terms of Service",https://news.google.com/rss/articles/CBMigAFBVV95cUxOejBPUnZkOFI3SGdRVTg0QUxTZjFNcVVwaXFSYmt5RHdrWEp6ZkUzdFRtS0Fncnh6QjlRYkxEOGdzTGhqUnZ5eUd4VHcydzVIdUdHMGNXRlVqSE5Oa29mX0FxM2QxenVKeXdPREZhVVFkWC1HQ0pQcENJM3lvM3gwYg?oc=5
2024-06-26,AMZN,Amazon,The HALO Trust is working with AWS to clear mines faster and save lives in the world’s conflict zones - Amazon Web Services (AWS),"EN
Sign in
Before you continue to Google
We use cookies and data to
Deliver and maintain Google services
Track outages and protect against spam, fraud, and abuse
Measure audience engagement and site statistics to understand how our services are used and enhance the quality of those services
If you choose to “Accept all,” we will also use cookies and data to
Develop and improve new services
Deliver and measure the effectiveness of ads
Show personalized content, depending on your settings
Show personalized ads, depending on your settings
If you choose to “Reject all,” we will not use cookies for these additional purposes.
Non-personalized content is influenced by things like the content you’re currently viewing, activity in your active Search session, and your location. Non-personalized ads are influenced by the content you’re currently viewing and your general location. Personalized content and ads can also include more relevant results, recommendations, and tailored ads based on past activity from this browser, like previous Google searches. We also use cookies and data to tailor the experience to be age-appropriate, if relevant.
Select “More options” to see additional information, including details about managing your privacy settings. You can also visit g.co/privacytools at any time.
Reject all
Accept all
More options
Privacy Policy
Terms of Service",https://news.google.com/rss/articles/CBMi2wFBVV95cUxPUEdLaUlxSllEeXE0SUJ0ZjFkLTFhUGdOLUNyalc4STN3UVFBU1h3RzdGelN6b0pKRjFocTJWN0VSZktEM0pyc0hpQmdZMFlWQXRqZUUwOGs2RVNCeWN4SW4xd0V6cE8xeGhaeXlCdldSLTMyYTJYYWswRG53TkU2amNZZXJ0Y3Fockk4QzcyeUMtSTN0UUNWVFpJUC1KeXlqUVRnR2lJVGFHNzJwalp4YW5vQkhDclJlcUk0YVp3cTVLOGZWVXBiSVZqeWRLRDZJanlyLTl4ZzNCZjA?oc=5
2024-06-23,AMZN,Amazon,Best Stock to Buy Right Now: Apple vs. Amazon - Nasdaq,"EN
Sign in
Before you continue to Google
We use cookies and data to
Deliver and maintain Google services
Track outages and protect against spam, fraud, and abuse
Measure audience engagement and site statistics to understand how our services are used and enhance the quality of those services
If you choose to “Accept all,” we will also use cookies and data to
Develop and improve new services
Deliver and measure the effectiveness of ads
Show personalized content, depending on your settings
Show personalized ads, depending on your settings
If you choose to “Reject all,” we will not use cookies for these additional purposes.
Non-personalized content is influenced by things like the content you’re currently viewing, activity in your active Search session, and your location. Non-personalized ads are influenced by the content you’re currently viewing and your general location. Personalized content and ads can also include more relevant results, recommendations, and tailored ads based on past activity from this browser, like previous Google searches. We also use cookies and data to tailor the experience to be age-appropriate, if relevant.
Select “More options” to see additional information, including details about managing your privacy settings. You can also visit g.co/privacytools at any time.
Reject all
Accept all
More options
Privacy Policy
Terms of Service",https://news.google.com/rss/articles/CBMifEFVX3lxTE00YWpPQmJJNTRlU2MtMUYwM3Y4THZwOVh3X201a2MxOVN4NFpsRjExZlpuVzRzV25LMEhnWXVCZ3hBcmg4RWpmbjhsckRwWG1nQndpX3VLdlNtbzR5VEpsUWZtTWN2TjRCaDlwa3JoQ0t3VWxYOENibExkcXo?oc=5
2024-06-21,AMZN,Amazon,How Much Will Your Amazon Shares Be Worth in 5 Years? Stock Experts Project - Yahoo Finance,"EN
Sign in
Before you continue to Google
We use cookies and data to
Deliver and maintain Google services
Track outages and protect against spam, fraud, and abuse
Measure audience engagement and site statistics to understand how our services are used and enhance the quality of those services
If you choose to “Accept all,” we will also use cookies and data to
Develop and improve new services
Deliver and measure the effectiveness of ads
Show personalized content, depending on your settings
Show personalized ads, depending on your settings
If you choose to “Reject all,” we will not use cookies for these additional purposes.
Non-personalized content is influenced by things like the content you’re currently viewing, activity in your active Search session, and your location. Non-personalized ads are influenced by the content you’re currently viewing and your general location. Personalized content and ads can also include more relevant results, recommendations, and tailored ads based on past activity from this browser, like previous Google searches. We also use cookies and data to tailor the experience to be age-appropriate, if relevant.
Select “More options” to see additional information, including details about managing your privacy settings. You can also visit g.co/privacytools at any time.
Reject all
Accept all
More options
Privacy Policy
Terms of Service",https://news.google.com/rss/articles/CBMifEFVX3lxTE5zVHVrdUo4eTF3RjI0NTYza3FnN3ZuU3ZlWXNXWnhUZ3dwZFNzNi10YmVBV3g3TExmRTVENXRrSXIweXF0elVZUVVWUkRpdWhZVjJFWU9VMXJrYnVLbGJoeXQ2X1ZBNlFKSURVcW43c1R0SVhzNGZvNHNRQjg?oc=5
2024-06-28,AMZN,Amazon,It's A New Era For Amazon Under Andy Jassy - Investor's Business Daily,"EN
Sign in
Before you continue to Google
We use cookies and data to
Deliver and maintain Google services
Track outages and protect against spam, fraud, and abuse
Measure audience engagement and site statistics to understand how our services are used and enhance the quality of those services
If you choose to “Accept all,” we will also use cookies and data to
Develop and improve new services
Deliver and measure the effectiveness of ads
Show personalized content, depending on your settings
Show personalized ads, depending on your settings
If you choose to “Reject all,” we will not use cookies for these additional purposes.
Non-personalized content is influenced by things like the content you’re currently viewing, activity in your active Search session, and your location. Non-personalized ads are influenced by the content you’re currently viewing and your general location. Personalized content and ads can also include more relevant results, recommendations, and tailored ads based on past activity from this browser, like previous Google searches. We also use cookies and data to tailor the experience to be age-appropriate, if relevant.
Select “More options” to see additional information, including details about managing your privacy settings. You can also visit g.co/privacytools at any time.
Reject all
Accept all
More options
Privacy Policy
Terms of Service",https://news.google.com/rss/articles/CBMiiAFBVV95cUxNeXFxaUFoVXVrU2xSODF6ekI2OUc4ektSdzU2MFUzLXZiYWxLcUVkam1hSk1femxSR2tweVgwSXJPcEJlaV9xZTBzdmlkRWhHWk1FTmpWY1hGZFRxR2tEZlJhYkRWU0FPLVBkVHpSOEdRM2NtVTdjUzFaemQ0YVN5dE8ySFI5RTht?oc=5
2024-06-19,AMZN,Amazon,Better Artificial Intelligence Stock: Nvidia vs. Amazon - Nasdaq,"EN
Sign in
Before you continue to Google
We use cookies and data to
Deliver and maintain Google services
Track outages and protect against spam, fraud, and abuse
Measure audience engagement and site statistics to understand how our services are used and enhance the quality of those services
If you choose to “Accept all,” we will also use cookies and data to
Develop and improve new services
Deliver and measure the effectiveness of ads
Show personalized content, depending on your settings
Show personalized ads, depending on your settings
If you choose to “Reject all,” we will not use cookies for these additional purposes.
Non-personalized content is influenced by things like the content you’re currently viewing, activity in your active Search session, and your location. Non-personalized ads are influenced by the content you’re currently viewing and your general location. Personalized content and ads can also include more relevant results, recommendations, and tailored ads based on past activity from this browser, like previous Google searches. We also use cookies and data to tailor the experience to be age-appropriate, if relevant.
Select “More options” to see additional information, including details about managing your privacy settings. You can also visit g.co/privacytools at any time.
Reject all
Accept all
More options
Privacy Policy
Terms of Service",https://news.google.com/rss/articles/CBMijgFBVV95cUxPRDdrTTF2MlcyVzVZNG1ja3dueHR0X3B5V1c3c0syT0tVdFZRelpPMWVzWGZ5clBuaEVBV1RZXzB3aV9aZ09lRjNOTkVQZktCWV9LYU1iUDMzZzJOc2VhY2VocnNVNDF5MERmamdsV2NjMHJDTk9Ec0pTRWZnS1NHNU5uRTNXaEQ5dGJ5RFhR?oc=5
2024-06-13,AMZN,Amazon,Amazon (AMZN) Stock Drops Despite Market Gains: Important Facts to Note - Yahoo Finance,"EN
Sign in
Before you continue to Google
We use cookies and data to
Deliver and maintain Google services
Track outages and protect against spam, fraud, and abuse
Measure audience engagement and site statistics to understand how our services are used and enhance the quality of those services
If you choose to “Accept all,” we will also use cookies and data to
Develop and improve new services
Deliver and measure the effectiveness of ads
Show personalized content, depending on your settings
Show personalized ads, depending on your settings
If you choose to “Reject all,” we will not use cookies for these additional purposes.
Non-personalized content is influenced by things like the content you’re currently viewing, activity in your active Search session, and your location. Non-personalized ads are influenced by the content you’re currently viewing and your general location. Personalized content and ads can also include more relevant results, recommendations, and tailored ads based on past activity from this browser, like previous Google searches. We also use cookies and data to tailor the experience to be age-appropriate, if relevant.
Select “More options” to see additional information, including details about managing your privacy settings. You can also visit g.co/privacytools at any time.
Reject all
Accept all
More options
Privacy Policy
Terms of Service",https://news.google.com/rss/articles/CBMigwFBVV95cUxQM0ZxTm1XcVBvd18weng4Um1jQ3c2WU4tZ25mZ0dPU3ZXc01pUUZrTklMWTVVUHI0OFkyZEk3dElGM0M5RnNLQVFMUEpUb2xIYnNINV9aa096cHh2UGtlTXBrYVV2YVU2VjhrZmFaY1JKY0pENGFVeXExUjVTS0lWYThncw?oc=5
2024-06-27,AMZN,Amazon,"IBD Stock Of The Day Amazon Builds On Breakout, Joins $2 Trillion Club - Investor's Business Daily","EN
Sign in
Before you continue to Google
We use cookies and data to
Deliver and maintain Google services
Track outages and protect against spam, fraud, and abuse
Measure audience engagement and site statistics to understand how our services are used and enhance the quality of those services
If you choose to “Accept all,” we will also use cookies and data to
Develop and improve new services
Deliver and measure the effectiveness of ads
Show personalized content, depending on your settings
Show personalized ads, depending on your settings
If you choose to “Reject all,” we will not use cookies for these additional purposes.
Non-personalized content is influenced by things like the content you’re currently viewing, activity in your active Search session, and your location. Non-personalized ads are influenced by the content you’re currently viewing and your general location. Personalized content and ads can also include more relevant results, recommendations, and tailored ads based on past activity from this browser, like previous Google searches. We also use cookies and data to tailor the experience to be age-appropriate, if relevant.
Select “More options” to see additional information, including details about managing your privacy settings. You can also visit g.co/privacytools at any time.
Reject all
Accept all
More options
Privacy Policy
Terms of Service",https://news.google.com/rss/articles/CBMipAFBVV95cUxNay00Wmxla0xBUGRMZXE2MnlXYldkdE5JaVpySGktRlpfeWNhZEcySW03WlVHZUVkTk5icUhPZzhQcjdmcHJ1Xy1pNzBZZTNvczl3cTZxX2tnNWQwM0dxSlZTTmNZRXpUcnY1TVotWGxPSDZKWlBVb0xhUjBMdERodFAwTHUxdTB2V2JFbzFkUGx3VW9XZ0pCSDE0cVZlOGd4dHZkQw?oc=5
2024-06-21,AMZN,Amazon,"As Nvidia, Apple Grab Headlines, This Mag 7 Lays Down AI 'Bedrock' - Investor's Business Daily","EN
Sign in
Before you continue to Google
We use cookies and data to
Deliver and maintain Google services
Track outages and protect against spam, fraud, and abuse
Measure audience engagement and site statistics to understand how our services are used and enhance the quality of those services
If you choose to “Accept all,” we will also use cookies and data to
Develop and improve new services
Deliver and measure the effectiveness of ads
Show personalized content, depending on your settings
Show personalized ads, depending on your settings
If you choose to “Reject all,” we will not use cookies for these additional purposes.
Non-personalized content is influenced by things like the content you’re currently viewing, activity in your active Search session, and your location. Non-personalized ads are influenced by the content you’re currently viewing and your general location. Personalized content and ads can also include more relevant results, recommendations, and tailored ads based on past activity from this browser, like previous Google searches. We also use cookies and data to tailor the experience to be age-appropriate, if relevant.
Select “More options” to see additional information, including details about managing your privacy settings. You can also visit g.co/privacytools at any time.
Reject all
Accept all
More options
Privacy Policy
Terms of Service",https://news.google.com/rss/articles/CBMiigFBVV95cUxQbERWRFloWDQ3U3QySWJUbmc0M3pLaWdqb25ES3ZCMHo1RnZQVXFvM2VMbDFlczNmcjZ5QWtXMDdlS1dXTUZOSnNwcFdyUGs5dHNlMTRPY1k4XzRuQzd2b0NxOERaTEpsREswYU9VdndoZWNSdFpfZXNDcWtQdU1qMkpMZndKaFlTVlE?oc=5
2024-05-30,AMZN,Amazon,Amazon Expands Partnership With Grubhub With Orders Straight From Amazon App - Investor's Business Daily,"EN
Sign in
Before you continue to Google
We use cookies and data to
Deliver and maintain Google services
Track outages and protect against spam, fraud, and abuse
Measure audience engagement and site statistics to understand how our services are used and enhance the quality of those services
If you choose to “Accept all,” we will also use cookies and data to
Develop and improve new services
Deliver and measure the effectiveness of ads
Show personalized content, depending on your settings
Show personalized ads, depending on your settings
If you choose to “Reject all,” we will not use cookies for these additional purposes.
Non-personalized content is influenced by things like the content you’re currently viewing, activity in your active Search session, and your location. Non-personalized ads are influenced by the content you’re currently viewing and your general location. Personalized content and ads can also include more relevant results, recommendations, and tailored ads based on past activity from this browser, like previous Google searches. We also use cookies and data to tailor the experience to be age-appropriate, if relevant.
Select “More options” to see additional information, including details about managing your privacy settings. You can also visit g.co/privacytools at any time.
Reject all
Accept all
More options
Privacy Policy
Terms of Service",https://news.google.com/rss/articles/CBMijAFBVV95cUxPdmZEMlQwUVp1ZzNycmZuMW9wWU9GSE94UmJtU0lHLXVjMTd3R2VxaWdUNmNvb1ZDM1hQYlUyckRPdEQ1T0FvT0FjWm5LbXJMMnZvWmlwTzBjWHVWdDZZdnJWV0Z6Wmd0UjhORGZGdC1XLWl2ZVVudk5yREFyRTBoSklmTmsxZ0NqLTRXbA?oc=5
2024-07-24,AMZN,Amazon,"Going into Earnings, is Amazon Stock a Buy, a Sell, or a Hold? - Morningstar","EN
Sign in
Before you continue to Google
We use cookies and data to
Deliver and maintain Google services
Track outages and protect against spam, fraud, and abuse
Measure audience engagement and site statistics to understand how our services are used and enhance the quality of those services
If you choose to “Accept all,” we will also use cookies and data to
Develop and improve new services
Deliver and measure the effectiveness of ads
Show personalized content, depending on your settings
Show personalized ads, depending on your settings
If you choose to “Reject all,” we will not use cookies for these additional purposes.
Non-personalized content is influenced by things like the content you’re currently viewing, activity in your active Search session, and your location. Non-personalized ads are influenced by the content you’re currently viewing and your general location. Personalized content and ads can also include more relevant results, recommendations, and tailored ads based on past activity from this browser, like previous Google searches. We also use cookies and data to tailor the experience to be age-appropriate, if relevant.
Select “More options” to see additional information, including details about managing your privacy settings. You can also visit g.co/privacytools at any time.
Reject all
Accept all
More options
Privacy Policy
Terms of Service",https://news.google.com/rss/articles/CBMirAFBVV95cUxPOE5mQWlONTNtb2pVSi1rcG1zWF9VbVIybU0yUFpYNTNrUWR0SzFDbl9IWnhjVmVrbGd1ZzZYUWpiQllONU9EM2ZOOE1QZ200NHQ1dnJGeklMc3lmd2MwclpVSTRNNEc5YU5nOHRrMHJwTThqX3UtRGRpZWJNUnppMHNkWDZ3eWpqdVJZbUZsby1hTVRpRUdSTDBfOXpDbEZhREwyTXVEeEVlODla?oc=5
2024-07-15,AMZN,Amazon,Amazon Prime Day Kicks Off Tomorrow. Here's How Much Analysts Expect Shoppers To Spend. - Investor's Business Daily,"EN
Sign in
Before you continue to Google
We use cookies and data to
Deliver and maintain Google services
Track outages and protect against spam, fraud, and abuse
Measure audience engagement and site statistics to understand how our services are used and enhance the quality of those services
If you choose to “Accept all,” we will also use cookies and data to
Develop and improve new services
Deliver and measure the effectiveness of ads
Show personalized content, depending on your settings
Show personalized ads, depending on your settings
If you choose to “Reject all,” we will not use cookies for these additional purposes.
Non-personalized content is influenced by things like the content you’re currently viewing, activity in your active Search session, and your location. Non-personalized ads are influenced by the content you’re currently viewing and your general location. Personalized content and ads can also include more relevant results, recommendations, and tailored ads based on past activity from this browser, like previous Google searches. We also use cookies and data to tailor the experience to be age-appropriate, if relevant.
Select “More options” to see additional information, including details about managing your privacy settings. You can also visit g.co/privacytools at any time.
Reject all
Accept all
More options
Privacy Policy
Terms of Service",https://news.google.com/rss/articles/CBMiigFBVV95cUxOS3J6ZEQ3S0pmbXpYS2hHNVNYZEdpR2xUanJjQ1JlVDJPSzdWMjJ5a2VoVnJMTnFHRzVBQk9nZ1JnZjhmSFozb2kzSVVoVTFod0NiYmtkSGpZTjNTbHlWU1pxOXNUdG5NSlEtZFctdWhMbmNyRkhGN3J4X1BQYzBJU0QxYXpHREtBNVE?oc=5
2024-07-03,AMZN,Amazon,Jeff Bezos selling $5B worth of Amazon shares as company’s stock hits all-time high - GeekWire,"EN
Sign in
Before you continue to Google
We use cookies and data to
Deliver and maintain Google services
Track outages and protect against spam, fraud, and abuse
Measure audience engagement and site statistics to understand how our services are used and enhance the quality of those services
If you choose to “Accept all,” we will also use cookies and data to
Develop and improve new services
Deliver and measure the effectiveness of ads
Show personalized content, depending on your settings
Show personalized ads, depending on your settings
If you choose to “Reject all,” we will not use cookies for these additional purposes.
Non-personalized content is influenced by things like the content you’re currently viewing, activity in your active Search session, and your location. Non-personalized ads are influenced by the content you’re currently viewing and your general location. Personalized content and ads can also include more relevant results, recommendations, and tailored ads based on past activity from this browser, like previous Google searches. We also use cookies and data to tailor the experience to be age-appropriate, if relevant.
Select “More options” to see additional information, including details about managing your privacy settings. You can also visit g.co/privacytools at any time.
Reject all
Accept all
More options
Privacy Policy
Terms of Service",https://news.google.com/rss/articles/CBMisgFBVV95cUxPdWlSSWVhbUNCVmdqX3NtODNKSFlCSUJKZ2NlY290ZHVHdTEzd3ljYWZLZEwyazV3cmJrcHpDSl90cVk0eHdOOTJhNjluQXNGX082RU1Wa21oT0pUS3RoZTE3dnpNWlYyTkxfbEV3UWR5dWhKM2J0LU1kTGlxT2l1RnBYYjZXV0VvOUNRYXA0b0VmWmluRXdXdWZHZVNPWF9xVmg5WjMzOG9kRU5jVElnSUVn?oc=5
2024-07-04,AMZN,Amazon,Jeff Bezos to sell $5bn in Amazon shares - Al Jazeera,"EN
Sign in
Before you continue to Google
We use cookies and data to
Deliver and maintain Google services
Track outages and protect against spam, fraud, and abuse
Measure audience engagement and site statistics to understand how our services are used and enhance the quality of those services
If you choose to “Accept all,” we will also use cookies and data to
Develop and improve new services
Deliver and measure the effectiveness of ads
Show personalized content, depending on your settings
Show personalized ads, depending on your settings
If you choose to “Reject all,” we will not use cookies for these additional purposes.
Non-personalized content is influenced by things like the content you’re currently viewing, activity in your active Search session, and your location. Non-personalized ads are influenced by the content you’re currently viewing and your general location. Personalized content and ads can also include more relevant results, recommendations, and tailored ads based on past activity from this browser, like previous Google searches. We also use cookies and data to tailor the experience to be age-appropriate, if relevant.
Select “More options” to see additional information, including details about managing your privacy settings. You can also visit g.co/privacytools at any time.
Reject all
Accept all
More options
Privacy Policy
Terms of Service",https://news.google.com/rss/articles/CBMihgFBVV95cUxQek9vVl85SHNsaWpQamJRYVlfZk9QMUROZUlfWXY0elBHbVNTVm14NHd5U2R4cDFjOGRGVVN0SGtYdG1oRHZzLTU5bXpGRDJHQ3YydURHZUdsRHp2ajluWkNxNEVSbU1hMUpBMno1Nm8tNks0cEF0WEtIRTg0czhhRVhIVDZ0d9IBiwFBVV95cUxNbmg2YTN6cHFva09RUk9mdjdEZ2tNbzdPaDNqX002cDR6d1l3dDRnS0VzOVQ0d2ZoeU1HSW1MdXFCVGNXMlRncEo4ZlFFVzA1S3BwbFVpZS1GR1VNcDRuNTRiaWNOdnRtbk56eFhxbVFsc0RneldPbmEzdmRJNjVOa2N2LUluSEYtVDQ4?oc=5
2024-07-08,AMZN,Amazon,How The New York Stock Exchange built its real-time market data platform on AWS | Amazon Web Services - Amazon Web Services (AWS),"EN
Sign in
Before you continue to Google
We use cookies and data to
Deliver and maintain Google services
Track outages and protect against spam, fraud, and abuse
Measure audience engagement and site statistics to understand how our services are used and enhance the quality of those services
If you choose to “Accept all,” we will also use cookies and data to
Develop and improve new services
Deliver and measure the effectiveness of ads
Show personalized content, depending on your settings
Show personalized ads, depending on your settings
If you choose to “Reject all,” we will not use cookies for these additional purposes.
Non-personalized content is influenced by things like the content you’re currently viewing, activity in your active Search session, and your location. Non-personalized ads are influenced by the content you’re currently viewing and your general location. Personalized content and ads can also include more relevant results, recommendations, and tailored ads based on past activity from this browser, like previous Google searches. We also use cookies and data to tailor the experience to be age-appropriate, if relevant.
Select “More options” to see additional information, including details about managing your privacy settings. You can also visit g.co/privacytools at any time.
Reject all
Accept all
More options
Privacy Policy
Terms of Service",https://news.google.com/rss/articles/CBMivAFBVV95cUxNaTBvTzQwc2Q0N055cDZna0xmUkpXcEhnekRJUEo3RURidk5HaU01ZmJqN2N1T1NIQTZTX1ZvRjQzU2pYQllOOXk0SjdvU3NWbmFnVXcxSDVpdVlyQUxCZWJBWFVDTmcxaVZNWFpZTUFHUmRZc1FvQVFhNzI5T1BxSHRoSS1CcmpRQkxPM0FIVGtkYTFiT19PQTNBMjFXOWZqdEp5cVplWXREYW1aYUx1V2RDUURoQ0dWeUJkUg?oc=5
2024-07-18,AMZN,Amazon,Why Amazon Stock Is the Biggest Bargain After Amazon Prime Day - Kiplinger,"EN
Sign in
Before you continue to Google
We use cookies and data to
Deliver and maintain Google services
Track outages and protect against spam, fraud, and abuse
Measure audience engagement and site statistics to understand how our services are used and enhance the quality of those services
If you choose to “Accept all,” we will also use cookies and data to
Develop and improve new services
Deliver and measure the effectiveness of ads
Show personalized content, depending on your settings
Show personalized ads, depending on your settings
If you choose to “Reject all,” we will not use cookies for these additional purposes.
Non-personalized content is influenced by things like the content you’re currently viewing, activity in your active Search session, and your location. Non-personalized ads are influenced by the content you’re currently viewing and your general location. Personalized content and ads can also include more relevant results, recommendations, and tailored ads based on past activity from this browser, like previous Google searches. We also use cookies and data to tailor the experience to be age-appropriate, if relevant.
Select “More options” to see additional information, including details about managing your privacy settings. You can also visit g.co/privacytools at any time.
Reject all
Accept all
More options
Privacy Policy
Terms of Service",https://news.google.com/rss/articles/CBMimwFBVV95cUxNbmx5YkRnVVV4SGtPMEVzN3JRYV9VbU5QY1NLMDIwQVQzVlhNRDFFeWRjYTVnbHFTVzBidnhDaThMRnFUNHlOMUhVUHlNam1DZVVEYmhBS1VOazFWeFJpYzhxTmE5RUxiNXVZbzFvZ0VvaFRFbE9TY0lIWktiREpzYjRNYUdWNmtFNWk2M2dmUkhhMDBjbThma0xUTQ?oc=5
2024-07-09,AMZN,Amazon,"AWS, Advertising Trends Can Lift Amazon Stock, Analysts Say - Investopedia","EN
Sign in
Before you continue to Google
We use cookies and data to
Deliver and maintain Google services
Track outages and protect against spam, fraud, and abuse
Measure audience engagement and site statistics to understand how our services are used and enhance the quality of those services
If you choose to “Accept all,” we will also use cookies and data to
Develop and improve new services
Deliver and measure the effectiveness of ads
Show personalized content, depending on your settings
Show personalized ads, depending on your settings
If you choose to “Reject all,” we will not use cookies for these additional purposes.
Non-personalized content is influenced by things like the content you’re currently viewing, activity in your active Search session, and your location. Non-personalized ads are influenced by the content you’re currently viewing and your general location. Personalized content and ads can also include more relevant results, recommendations, and tailored ads based on past activity from this browser, like previous Google searches. We also use cookies and data to tailor the experience to be age-appropriate, if relevant.
Select “More options” to see additional information, including details about managing your privacy settings. You can also visit g.co/privacytools at any time.
Reject all
Accept all
More options
Privacy Policy
Terms of Service",https://news.google.com/rss/articles/CBMikwFBVV95cUxPSnkxR1RtLTFBNnJoV2s5OU81akJSajhGSkEwZzBNSVh0ZDI1ajJ2VXkxRkVhM282NjFaWjg3bzNIdmF5OFVoOUl4NDQyOFAxMHd3MXJPTGlodV9jOGxCdTRkbExFMUhwWlZWVnd5SW5aSkxMODR6ZkhqU2tRaVpROFJGbFNVZTJvTmNGeDZUN1VwLUE?oc=5
2024-07-03,AMZN,Amazon,Jeff Bezos to sell Amazon shares worth about $5 bln after stock hits record high - Reuters,"EN
Sign in
Before you continue to Google
We use cookies and data to
Deliver and maintain Google services
Track outages and protect against spam, fraud, and abuse
Measure audience engagement and site statistics to understand how our services are used and enhance the quality of those services
If you choose to “Accept all,” we will also use cookies and data to
Develop and improve new services
Deliver and measure the effectiveness of ads
Show personalized content, depending on your settings
Show personalized ads, depending on your settings
If you choose to “Reject all,” we will not use cookies for these additional purposes.
Non-personalized content is influenced by things like the content you’re currently viewing, activity in your active Search session, and your location. Non-personalized ads are influenced by the content you’re currently viewing and your general location. Personalized content and ads can also include more relevant results, recommendations, and tailored ads based on past activity from this browser, like previous Google searches. We also use cookies and data to tailor the experience to be age-appropriate, if relevant.
Select “More options” to see additional information, including details about managing your privacy settings. You can also visit g.co/privacytools at any time.
Reject all
Accept all
More options
Privacy Policy
Terms of Service",https://news.google.com/rss/articles/CBMivgFBVV95cUxOZmxuTDBXaUs1NmRwemZmZ2NXMWdMSDNLdlAyV1dIMWRIQXdWRjlZQ2RtdzlpSjcxU2dxUE0tZ3B6dFM5em1CV2ZOVHFNUkpzMFl0LWxYQjRpZERGNXV6eFRoRGVSYk55ckNPR1NzTGJGTG0xWFdJR3hiSlhQYm9tTmlQYXBmb3lSME1DelUwdEcyWDF6X3MyZWZkODBTaS1nUmVYUXQyMWZqWGRCdzNQbElSSkpybmE3MU1oeG53?oc=5
2024-07-03,AMZN,Amazon,Amazon founder Jeff Bezos plans $5bn share sale - BBC,"EN
Sign in
Before you continue to Google
We use cookies and data to
Deliver and maintain Google services
Track outages and protect against spam, fraud, and abuse
Measure audience engagement and site statistics to understand how our services are used and enhance the quality of those services
If you choose to “Accept all,” we will also use cookies and data to
Develop and improve new services
Deliver and measure the effectiveness of ads
Show personalized content, depending on your settings
Show personalized ads, depending on your settings
If you choose to “Reject all,” we will not use cookies for these additional purposes.
Non-personalized content is influenced by things like the content you’re currently viewing, activity in your active Search session, and your location. Non-personalized ads are influenced by the content you’re currently viewing and your general location. Personalized content and ads can also include more relevant results, recommendations, and tailored ads based on past activity from this browser, like previous Google searches. We also use cookies and data to tailor the experience to be age-appropriate, if relevant.
Select “More options” to see additional information, including details about managing your privacy settings. You can also visit g.co/privacytools at any time.
Reject all
Accept all
More options
Privacy Policy
Terms of Service",https://news.google.com/rss/articles/CBMiWkFVX3lxTE44b3FveXlCUllMdGxRVGxxQ0V3bmg5V3JxNmRSWml3S3lSWWdmUy1oQUJnUjFVdm16R3NwZ2FwcHdwUk9ZQkxCRGY4ckpRRHdqQWxYdllTdGFGUdIBX0FVX3lxTE5KdVJVUGRrX1d4Y1RwOEdqR0FPWWY4MXZ3aWg1Rmw2Z2pmM2I3S01xdUdsaXpuRWZEcmV1dWVrN1ljd2dFUkxLMVJubTJBYU96cW1CLWdCMVJ0SXlqTHRr?oc=5
2024-07-10,AMZN,Amazon,How Much Amazon Stock Does Billionaire Warren Buffett Own? - Nasdaq,"EN
Sign in
Before you continue to Google
We use cookies and data to
Deliver and maintain Google services
Track outages and protect against spam, fraud, and abuse
Measure audience engagement and site statistics to understand how our services are used and enhance the quality of those services
If you choose to “Accept all,” we will also use cookies and data to
Develop and improve new services
Deliver and measure the effectiveness of ads
Show personalized content, depending on your settings
Show personalized ads, depending on your settings
If you choose to “Reject all,” we will not use cookies for these additional purposes.
Non-personalized content is influenced by things like the content you’re currently viewing, activity in your active Search session, and your location. Non-personalized ads are influenced by the content you’re currently viewing and your general location. Personalized content and ads can also include more relevant results, recommendations, and tailored ads based on past activity from this browser, like previous Google searches. We also use cookies and data to tailor the experience to be age-appropriate, if relevant.
Select “More options” to see additional information, including details about managing your privacy settings. You can also visit g.co/privacytools at any time.
Reject all
Accept all
More options
Privacy Policy
Terms of Service",https://news.google.com/rss/articles/CBMikwFBVV95cUxQMkp6UXN0YTk4Y3B1ZFpGeVZ0WWRPWWdRMlhUYThRcTk4dE1OY053VzVzWW1jWEktTGI5dVppTXZJR2FTelBBSjhsbGZCXzl3X3p3dDE3M1NBNnZNdlpmaFZEN2NDUEg1LUVySEI2cjBNX0J6MVhjMDdGb0xKT3hPakZiaExFbjkxeDVuanBGU0Y1NXc?oc=5
2024-07-22,AMZN,Amazon,Amazon Stock Gets Pair Of Price Target Increases With Q2 Earnings Due - Investor's Business Daily,"EN
Sign in
Before you continue to Google
We use cookies and data to
Deliver and maintain Google services
Track outages and protect against spam, fraud, and abuse
Measure audience engagement and site statistics to understand how our services are used and enhance the quality of those services
If you choose to “Accept all,” we will also use cookies and data to
Develop and improve new services
Deliver and measure the effectiveness of ads
Show personalized content, depending on your settings
Show personalized ads, depending on your settings
If you choose to “Reject all,” we will not use cookies for these additional purposes.
Non-personalized content is influenced by things like the content you’re currently viewing, activity in your active Search session, and your location. Non-personalized ads are influenced by the content you’re currently viewing and your general location. Personalized content and ads can also include more relevant results, recommendations, and tailored ads based on past activity from this browser, like previous Google searches. We also use cookies and data to tailor the experience to be age-appropriate, if relevant.
Select “More options” to see additional information, including details about managing your privacy settings. You can also visit g.co/privacytools at any time.
Reject all
Accept all
More options
Privacy Policy
Terms of Service",https://news.google.com/rss/articles/CBMikwFBVV95cUxOWnhvLXpiUHNTYnFsbG43Z0p5ZmJreFF3bk03ckpiWGdSbjdvWU80bUx6Z1J4NVpvVm9TRUtiUnVNVWs3OElKZUJsT2liVElxMG11Ri1UcjNPclUxVWVLc3FrUEJhblpyZkloLUVRN1c0a1ZMUkUyMlZQd2xTSjNSSHhLNXVhNkZfamJJT1hPNm1LVnM?oc=5
2024-07-01,AMZN,Amazon,How London Stock Exchange Group optimised blue/green deployments for Amazon Aurora PostgreSQL Global Database - Amazon Web Services (AWS),"EN
Sign in
Before you continue to Google
We use cookies and data to
Deliver and maintain Google services
Track outages and protect against spam, fraud, and abuse
Measure audience engagement and site statistics to understand how our services are used and enhance the quality of those services
If you choose to “Accept all,” we will also use cookies and data to
Develop and improve new services
Deliver and measure the effectiveness of ads
Show personalized content, depending on your settings
Show personalized ads, depending on your settings
If you choose to “Reject all,” we will not use cookies for these additional purposes.
Non-personalized content is influenced by things like the content you’re currently viewing, activity in your active Search session, and your location. Non-personalized ads are influenced by the content you’re currently viewing and your general location. Personalized content and ads can also include more relevant results, recommendations, and tailored ads based on past activity from this browser, like previous Google searches. We also use cookies and data to tailor the experience to be age-appropriate, if relevant.
Select “More options” to see additional information, including details about managing your privacy settings. You can also visit g.co/privacytools at any time.
Reject all
Accept all
More options
Privacy Policy
Terms of Service",https://news.google.com/rss/articles/CBMi4gFBVV95cUxNU0lESVViQXh1MDdCNHpCWEtWdEtOS1J5X0lVVk5lUmQ4MDNVM0U4TEFBbzllV001M1UybmtFSEd3OUh3M01abk1DczUwQ0Q0WkRrS0Y4UUUwVmNfbnUwdjRocjc5eWgwSE4wREtiYTJKOVhZWHp1a0RQdVZkYllzMnphMUMyMkFPc2psYUNWZE5YX1VCd1RDUk51eUdBOHdLc3F5d19Oa1EzbEdQR0FhZ1RqQkxab1pocW9kLWkzQjJ6VU5GYUdFOTZabW9SUHhaTFlLTWJaSW0xX0lRaGRsbHV3?oc=5
2024-07-03,AMZN,Amazon,Jeff Bezos keeps selling Amazon stock after announcing his move out of Washington state - GeekWire,"EN
Sign in
Before you continue to Google
We use cookies and data to
Deliver and maintain Google services
Track outages and protect against spam, fraud, and abuse
Measure audience engagement and site statistics to understand how our services are used and enhance the quality of those services
If you choose to “Accept all,” we will also use cookies and data to
Develop and improve new services
Deliver and measure the effectiveness of ads
Show personalized content, depending on your settings
Show personalized ads, depending on your settings
If you choose to “Reject all,” we will not use cookies for these additional purposes.
Non-personalized content is influenced by things like the content you’re currently viewing, activity in your active Search session, and your location. Non-personalized ads are influenced by the content you’re currently viewing and your general location. Personalized content and ads can also include more relevant results, recommendations, and tailored ads based on past activity from this browser, like previous Google searches. We also use cookies and data to tailor the experience to be age-appropriate, if relevant.
Select “More options” to see additional information, including details about managing your privacy settings. You can also visit g.co/privacytools at any time.
Reject all
Accept all
More options
Privacy Policy
Terms of Service",https://news.google.com/rss/articles/CBMiugFBVV95cUxPQmpEd0EydTk2bngwMmhFNU9FUWpWRldINTNLdlkwUzFoVmFrUWFBdS1GNkNaanY2ZkVDYUdfNWVKVDRhclJpd3BxSVlJbTJDVVg3dFc3cjBSNVRPZGJXZGlJZjU4Z3NQQ0lKWEpCNnZ2Q2Q0SXVlZHc5Y0lCUWhOUGg5bEVSNklCTkNZeEt2QTAzZmliTDl3b2w5TVZpYXNEY3VkVFNFVXRMeml1YkVFRWNMZEFCbnRjR2c?oc=5
2024-07-16,AMZN,Amazon,Amazon Bull Calls Grow as Wolfe Sees Big Upside for Stock - Investopedia,"EN
Sign in
Before you continue to Google
We use cookies and data to
Deliver and maintain Google services
Track outages and protect against spam, fraud, and abuse
Measure audience engagement and site statistics to understand how our services are used and enhance the quality of those services
If you choose to “Accept all,” we will also use cookies and data to
Develop and improve new services
Deliver and measure the effectiveness of ads
Show personalized content, depending on your settings
Show personalized ads, depending on your settings
If you choose to “Reject all,” we will not use cookies for these additional purposes.
Non-personalized content is influenced by things like the content you’re currently viewing, activity in your active Search session, and your location. Non-personalized ads are influenced by the content you’re currently viewing and your general location. Personalized content and ads can also include more relevant results, recommendations, and tailored ads based on past activity from this browser, like previous Google searches. We also use cookies and data to tailor the experience to be age-appropriate, if relevant.
Select “More options” to see additional information, including details about managing your privacy settings. You can also visit g.co/privacytools at any time.
Reject all
Accept all
More options
Privacy Policy
Terms of Service",https://news.google.com/rss/articles/CBMimgFBVV95cUxQdGsyenN5QWx6NVNlaFBTa284aWlpU3djd0wtWWxCbEdtX09sZWpkOVB0UHBfc0Y3bXBwdGp6OEh4djRKNmtvbGVUWjhMM2pNUWlBbEpROUl4THptMHh4WnlraTRoZ3dlOF92YzZmY0hGMjlxWDlUckVEYlhoVDZnaV9jMU5qaU1JYzUwV0w5NUg1LTVmOUd3ODln?oc=5
2024-07-03,AMZN,Amazon,3 Stocks This Amazon-Backed AI Says Will Turn $1K into $1M by 2030 - Nasdaq,"EN
Sign in
Before you continue to Google
We use cookies and data to
Deliver and maintain Google services
Track outages and protect against spam, fraud, and abuse
Measure audience engagement and site statistics to understand how our services are used and enhance the quality of those services
If you choose to “Accept all,” we will also use cookies and data to
Develop and improve new services
Deliver and measure the effectiveness of ads
Show personalized content, depending on your settings
Show personalized ads, depending on your settings
If you choose to “Reject all,” we will not use cookies for these additional purposes.
Non-personalized content is influenced by things like the content you’re currently viewing, activity in your active Search session, and your location. Non-personalized ads are influenced by the content you’re currently viewing and your general location. Personalized content and ads can also include more relevant results, recommendations, and tailored ads based on past activity from this browser, like previous Google searches. We also use cookies and data to tailor the experience to be age-appropriate, if relevant.
Select “More options” to see additional information, including details about managing your privacy settings. You can also visit g.co/privacytools at any time.
Reject all
Accept all
More options
Privacy Policy
Terms of Service",https://news.google.com/rss/articles/CBMiiwFBVV95cUxNQlc2WjdWdzl4Uk1Ka0doYjJMWDJBZFdEY092T29wLUQzNm5jYVd4T1RqOFRHUFFTdVJyUk9Bb2FlVTk3OGpWY2J2bWs3WDB1b3lrY2ZfUWZDck93RlZ0WlN3UTN3cFVVMWF2cnhhWFVhdEZrSTUteFJaM1UyR0tuMnhwSmhqUFZKOEk0?oc=5
2024-07-02,AMZN,Amazon,Amazon Stock Tests All-Time High Above 200 As Analyst Sees AI 'Inflection Point' - Investor's Business Daily,"EN
Sign in
Before you continue to Google
We use cookies and data to
Deliver and maintain Google services
Track outages and protect against spam, fraud, and abuse
Measure audience engagement and site statistics to understand how our services are used and enhance the quality of those services
If you choose to “Accept all,” we will also use cookies and data to
Develop and improve new services
Deliver and measure the effectiveness of ads
Show personalized content, depending on your settings
Show personalized ads, depending on your settings
If you choose to “Reject all,” we will not use cookies for these additional purposes.
Non-personalized content is influenced by things like the content you’re currently viewing, activity in your active Search session, and your location. Non-personalized ads are influenced by the content you’re currently viewing and your general location. Personalized content and ads can also include more relevant results, recommendations, and tailored ads based on past activity from this browser, like previous Google searches. We also use cookies and data to tailor the experience to be age-appropriate, if relevant.
Select “More options” to see additional information, including details about managing your privacy settings. You can also visit g.co/privacytools at any time.
Reject all
Accept all
More options
Privacy Policy
Terms of Service",https://news.google.com/rss/articles/CBMijwFBVV95cUxOZHpQZmtsSFJZVHN6RkNzTVdfX29zWFNicUVIZm8xRm9MbHo2OE81NElxRDZzd1JROUkzMU1kZ3lDdzNaSXpSRlNiLU95bFljYUpKOFlyODBZZVpHTmVyYVZrN2FyMXBCYjhTaVdEYnBYSWZTQVBkY2s1T0lrQzRJcmFPaGtYTkFESGxKVTFDTQ?oc=5
2024-07-16,AMZN,Amazon,5 Things to Know Before the Stock Market Opens - Investopedia,"EN
Sign in
Before you continue to Google
We use cookies and data to
Deliver and maintain Google services
Track outages and protect against spam, fraud, and abuse
Measure audience engagement and site statistics to understand how our services are used and enhance the quality of those services
If you choose to “Accept all,” we will also use cookies and data to
Develop and improve new services
Deliver and measure the effectiveness of ads
Show personalized content, depending on your settings
Show personalized ads, depending on your settings
If you choose to “Reject all,” we will not use cookies for these additional purposes.
Non-personalized content is influenced by things like the content you’re currently viewing, activity in your active Search session, and your location. Non-personalized ads are influenced by the content you’re currently viewing and your general location. Personalized content and ads can also include more relevant results, recommendations, and tailored ads based on past activity from this browser, like previous Google searches. We also use cookies and data to tailor the experience to be age-appropriate, if relevant.
Select “More options” to see additional information, including details about managing your privacy settings. You can also visit g.co/privacytools at any time.
Reject all
Accept all
More options
Privacy Policy
Terms of Service",https://news.google.com/rss/articles/CBMijwFBVV95cUxPUTRrZ3RlZlhYVFRlVGdfV1ZVeDBxS3Y4bWlFeWxpRWJDeDhHVlBPM1hMUzk3MWllcHVaM1Q5VjYtbWFmQjJXUVVBY3ZFaU1wZlhLazBGQ3EyWUgydHVOUEcwTWQ1dG1YY0JBWXoyZnhWdnFvRmxiVHVtSnZJcnZkYXJHeDRuSHZ0N1otemhyRQ?oc=5
2024-06-29,AMZN,Amazon,Amazon Stock (NASDAQ:AMZN): The Run to a $3T Market Cap Is On - Nasdaq,"EN
Sign in
Before you continue to Google
We use cookies and data to
Deliver and maintain Google services
Track outages and protect against spam, fraud, and abuse
Measure audience engagement and site statistics to understand how our services are used and enhance the quality of those services
If you choose to “Accept all,” we will also use cookies and data to
Develop and improve new services
Deliver and measure the effectiveness of ads
Show personalized content, depending on your settings
Show personalized ads, depending on your settings
If you choose to “Reject all,” we will not use cookies for these additional purposes.
Non-personalized content is influenced by things like the content you’re currently viewing, activity in your active Search session, and your location. Non-personalized ads are influenced by the content you’re currently viewing and your general location. Personalized content and ads can also include more relevant results, recommendations, and tailored ads based on past activity from this browser, like previous Google searches. We also use cookies and data to tailor the experience to be age-appropriate, if relevant.
Select “More options” to see additional information, including details about managing your privacy settings. You can also visit g.co/privacytools at any time.
Reject all
Accept all
More options
Privacy Policy
Terms of Service",https://news.google.com/rss/articles/CBMif0FVX3lxTFB4MXlqZFU4YTdjNnh2LVdKUFVWY0FKbE90V2JrM3l4b2pWOGR3NnVqenk3ZzVhd3M4a0xIRnY1bW1pMWRhRmlZVHdPMTBybTctdnJuWkI0bHJ3WWhKXzd3VUFmYjluMFByMUM4RXdFeHJkd0V4aF9FaVZ0LVg0cDA?oc=5
2024-07-09,AMZN,Amazon,"Amazon Stock Gets Price Target Hike On Cloud, Advertising Momentum - Investor's Business Daily","EN
Sign in
Before you continue to Google
We use cookies and data to
Deliver and maintain Google services
Track outages and protect against spam, fraud, and abuse
Measure audience engagement and site statistics to understand how our services are used and enhance the quality of those services
If you choose to “Accept all,” we will also use cookies and data to
Develop and improve new services
Deliver and measure the effectiveness of ads
Show personalized content, depending on your settings
Show personalized ads, depending on your settings
If you choose to “Reject all,” we will not use cookies for these additional purposes.
Non-personalized content is influenced by things like the content you’re currently viewing, activity in your active Search session, and your location. Non-personalized ads are influenced by the content you’re currently viewing and your general location. Personalized content and ads can also include more relevant results, recommendations, and tailored ads based on past activity from this browser, like previous Google searches. We also use cookies and data to tailor the experience to be age-appropriate, if relevant.
Select “More options” to see additional information, including details about managing your privacy settings. You can also visit g.co/privacytools at any time.
Reject all
Accept all
More options
Privacy Policy
Terms of Service",https://news.google.com/rss/articles/CBMigwFBVV95cUxNR3lwUlJrdXFPb3hyNk90LUM3ZF94d1hReldaZV9NTEU2Y3VyTXhKZWpvanN6RnBaX3BIUzdZYmNvYUxyM3dJbDV4ZzR6eWczaHRybjd3d0t4VDBlU0lLLS0wUVJ5bk5sTDlSUWFKcEN2NGZWVGMwV2xLblRKM2RYT3ZWOA?oc=5
2024-07-18,AMZN,Amazon,Amazon Says Prime Day Brought 'Record-Breaking' Sales - Investor's Business Daily,"EN
Sign in
Before you continue to Google
We use cookies and data to
Deliver and maintain Google services
Track outages and protect against spam, fraud, and abuse
Measure audience engagement and site statistics to understand how our services are used and enhance the quality of those services
If you choose to “Accept all,” we will also use cookies and data to
Develop and improve new services
Deliver and measure the effectiveness of ads
Show personalized content, depending on your settings
Show personalized ads, depending on your settings
If you choose to “Reject all,” we will not use cookies for these additional purposes.
Non-personalized content is influenced by things like the content you’re currently viewing, activity in your active Search session, and your location. Non-personalized ads are influenced by the content you’re currently viewing and your general location. Personalized content and ads can also include more relevant results, recommendations, and tailored ads based on past activity from this browser, like previous Google searches. We also use cookies and data to tailor the experience to be age-appropriate, if relevant.
Select “More options” to see additional information, including details about managing your privacy settings. You can also visit g.co/privacytools at any time.
Reject all
Accept all
More options
Privacy Policy
Terms of Service",https://news.google.com/rss/articles/CBMikgFBVV95cUxOQ1d3NW5ObVllNWZoRE5aaEgxeHY5emRCa2JnZnhoR3RNOGNkZElzWTlfblM0Uk9qYlp0cHRlUVNiQngwa3Vqd3VFVE1BQXNBdlkycnNBaVlIbHdrQXhkSDdVYV9jMmJJTVFDWi15aGp1bmZOZXRlR3M0ZW1xaVE3bEViNW5MNGlGUXpFODNwaVB1dw?oc=5
2024-08-06,AMZN,Amazon,Amazon Stock No Longer A Morgan Stanley Top Pick After 'Disappointing' Q2 Results - Investor's Business Daily,"EN
Sign in
Before you continue to Google
We use cookies and data to
Deliver and maintain Google services
Track outages and protect against spam, fraud, and abuse
Measure audience engagement and site statistics to understand how our services are used and enhance the quality of those services
If you choose to “Accept all,” we will also use cookies and data to
Develop and improve new services
Deliver and measure the effectiveness of ads
Show personalized content, depending on your settings
Show personalized ads, depending on your settings
If you choose to “Reject all,” we will not use cookies for these additional purposes.
Non-personalized content is influenced by things like the content you’re currently viewing, activity in your active Search session, and your location. Non-personalized ads are influenced by the content you’re currently viewing and your general location. Personalized content and ads can also include more relevant results, recommendations, and tailored ads based on past activity from this browser, like previous Google searches. We also use cookies and data to tailor the experience to be age-appropriate, if relevant.
Select “More options” to see additional information, including details about managing your privacy settings. You can also visit g.co/privacytools at any time.
Reject all
Accept all
More options
Privacy Policy
Terms of Service",https://news.google.com/rss/articles/CBMijwFBVV95cUxNUWo5Wk16a0otS0w1bWxFMVZNUDNuZ2NBOEdFQzhON2thU29tdWFzY0wwMjVFTzl3cDR3elBsYndoM1ljSFRMMWVnOGpHYUhFV3dwS0hoVWt0ZEp1WXpjbm5VNXRUbkd2MGppTnRrVXRHSHVOaXpSMkEzM25qbXM5dlpoZXZkdXhndzNsczRYdw?oc=5
2024-08-09,AMZN,Amazon,"After Earnings and a Selloff, is Amazon Stock a Buy, Sell, or Hold? - Morningstar","EN
Sign in
Before you continue to Google
We use cookies and data to
Deliver and maintain Google services
Track outages and protect against spam, fraud, and abuse
Measure audience engagement and site statistics to understand how our services are used and enhance the quality of those services
If you choose to “Accept all,” we will also use cookies and data to
Develop and improve new services
Deliver and measure the effectiveness of ads
Show personalized content, depending on your settings
Show personalized ads, depending on your settings
If you choose to “Reject all,” we will not use cookies for these additional purposes.
Non-personalized content is influenced by things like the content you’re currently viewing, activity in your active Search session, and your location. Non-personalized ads are influenced by the content you’re currently viewing and your general location. Personalized content and ads can also include more relevant results, recommendations, and tailored ads based on past activity from this browser, like previous Google searches. We also use cookies and data to tailor the experience to be age-appropriate, if relevant.
Select “More options” to see additional information, including details about managing your privacy settings. You can also visit g.co/privacytools at any time.
Reject all
Accept all
More options
Privacy Policy
Terms of Service",https://news.google.com/rss/articles/CBMirwFBVV95cUxOeUMxWEZtSUdjZjE1RV91TUcxOHdDcHgwTFhSSlAwXzZCbUR3UXZVaUVzRjFPbVZzX2M2bXBlX3E4U25Cd2o2QW5ibk0tYnAyYmljNjFpbDljaDFFS1JYVGozWUN0bmhmSVdWVlBicW9FRXNmamVmNzRudE9VdDRWRUtQZG9ZcFhQWklCcDFoRTZoTnFLNDhhZU1fNVBzVDNJZzZZcVI2X2RzSHJ4TVVF?oc=5
2024-08-22,AMZN,Amazon,Amazon’s AI spending plans keep stock from joining tech rebound - Los Angeles Times,"EN
Sign in
Before you continue to Google
We use cookies and data to
Deliver and maintain Google services
Track outages and protect against spam, fraud, and abuse
Measure audience engagement and site statistics to understand how our services are used and enhance the quality of those services
If you choose to “Accept all,” we will also use cookies and data to
Develop and improve new services
Deliver and measure the effectiveness of ads
Show personalized content, depending on your settings
Show personalized ads, depending on your settings
If you choose to “Reject all,” we will not use cookies for these additional purposes.
Non-personalized content is influenced by things like the content you’re currently viewing, activity in your active Search session, and your location. Non-personalized ads are influenced by the content you’re currently viewing and your general location. Personalized content and ads can also include more relevant results, recommendations, and tailored ads based on past activity from this browser, like previous Google searches. We also use cookies and data to tailor the experience to be age-appropriate, if relevant.
Select “More options” to see additional information, including details about managing your privacy settings. You can also visit g.co/privacytools at any time.
Reject all
Accept all
More options
Privacy Policy
Terms of Service",https://news.google.com/rss/articles/CBMisgFBVV95cUxPSWJ1WUlsMDVRNHV0V0VLNmZCcEtwYkE4cUJrYUFXTVRGLWo1aFd0VFhWbEt6c1ZhVjFhUDdlYU1JOVpNS1BWai14dXJGdlhwN0g2OV8zbnpmVTdlUDQyMjBzd1NCeGgwYXhxcVZCYl83QmFRZFV4RkU1NlNSVExSSEJtcVVWWUVtM00yc3dieFpDd1huMVBEZjhTRUhxUzl3QUZrTC1mTXcxSlhwZWp4ZEdn?oc=5
2024-08-01,AMZN,Amazon,First look: Amazon stock slides after projections for 3Q revenue - FreightWaves,"EN
Sign in
Before you continue to Google
We use cookies and data to
Deliver and maintain Google services
Track outages and protect against spam, fraud, and abuse
Measure audience engagement and site statistics to understand how our services are used and enhance the quality of those services
If you choose to “Accept all,” we will also use cookies and data to
Develop and improve new services
Deliver and measure the effectiveness of ads
Show personalized content, depending on your settings
Show personalized ads, depending on your settings
If you choose to “Reject all,” we will not use cookies for these additional purposes.
Non-personalized content is influenced by things like the content you’re currently viewing, activity in your active Search session, and your location. Non-personalized ads are influenced by the content you’re currently viewing and your general location. Personalized content and ads can also include more relevant results, recommendations, and tailored ads based on past activity from this browser, like previous Google searches. We also use cookies and data to tailor the experience to be age-appropriate, if relevant.
Select “More options” to see additional information, including details about managing your privacy settings. You can also visit g.co/privacytools at any time.
Reject all
Accept all
More options
Privacy Policy
Terms of Service",https://news.google.com/rss/articles/CBMingFBVV95cUxNS0FETW9Mbm1qY1BNLUJDelN6QlFNT3J5Z09WWHFsd09yUWU5TEpkNl9rZk00LXZZR1pnMXR1a3lRazgtazh4eU9ZVXNzOXJZaHc2OV9WNUU0OV94SUkzMV82VjZ6cnRkRG8wU2pmaHVGNUxvR2FLYUNqa0NlR0F5WU5MLXlhclN0UUdQTlBFVmQzVGdLZklNZTBscWdOQdIBowFBVV95cUxNRlp2S2dkMlVRLTN5cmY3LUNCZ0l1bDhIVmVLUWwtRUNreXYzWHQ2YVdNMGVDR3NmOUl5U2ZhZUZ4WWpSUFZDa2lSU1FDWFJJazVTTnVlWUFKLXJxSWM2Q0JwSW9HU1pWTnBkSGNWMTQtcjBSeXA0eFhsT2pFaDhtQlN5T2tELWdSMGVxZWFKVUVwMkwzZWFtRTJKLV9LbnhOQjhv?oc=5
2024-08-22,AMZN,Amazon,Here’s the case for Amazon as a value stock to buy now - MarketWatch,"EN
Sign in
Before you continue to Google
We use cookies and data to
Deliver and maintain Google services
Track outages and protect against spam, fraud, and abuse
Measure audience engagement and site statistics to understand how our services are used and enhance the quality of those services
If you choose to “Accept all,” we will also use cookies and data to
Develop and improve new services
Deliver and measure the effectiveness of ads
Show personalized content, depending on your settings
Show personalized ads, depending on your settings
If you choose to “Reject all,” we will not use cookies for these additional purposes.
Non-personalized content is influenced by things like the content you’re currently viewing, activity in your active Search session, and your location. Non-personalized ads are influenced by the content you’re currently viewing and your general location. Personalized content and ads can also include more relevant results, recommendations, and tailored ads based on past activity from this browser, like previous Google searches. We also use cookies and data to tailor the experience to be age-appropriate, if relevant.
Select “More options” to see additional information, including details about managing your privacy settings. You can also visit g.co/privacytools at any time.
Reject all
Accept all
More options
Privacy Policy
Terms of Service",https://news.google.com/rss/articles/CBMinAFBVV95cUxNODFyWjJuV3N3a1lwX29QTVlBZjZjQldLNzd0M3Fxd2UyaEJkVURJcExmYmdSLW1IU3JPRVZiYllMS25rS1czZ0FlUDRzSVRvWkt5ci00bXNzZngwdFJRYlBkbHpfQlJobWQzakFVWXgtNWRhWXdEbGZBcFV0U3BkLWVTR3BpakNiS0tCbDY2YjBUT080RUZNTVZUZWc?oc=5
2024-08-02,AMZN,Amazon,"Amazon stock tumbles 8% as profit, revenue outlook disappoints - Yahoo Finance","EN
Sign in
Before you continue to Google
We use cookies and data to
Deliver and maintain Google services
Track outages and protect against spam, fraud, and abuse
Measure audience engagement and site statistics to understand how our services are used and enhance the quality of those services
If you choose to “Accept all,” we will also use cookies and data to
Develop and improve new services
Deliver and measure the effectiveness of ads
Show personalized content, depending on your settings
Show personalized ads, depending on your settings
If you choose to “Reject all,” we will not use cookies for these additional purposes.
Non-personalized content is influenced by things like the content you’re currently viewing, activity in your active Search session, and your location. Non-personalized ads are influenced by the content you’re currently viewing and your general location. Personalized content and ads can also include more relevant results, recommendations, and tailored ads based on past activity from this browser, like previous Google searches. We also use cookies and data to tailor the experience to be age-appropriate, if relevant.
Select “More options” to see additional information, including details about managing your privacy settings. You can also visit g.co/privacytools at any time.
Reject all
Accept all
More options
Privacy Policy
Terms of Service",https://news.google.com/rss/articles/CBMiqgFBVV95cUxNSzdZNEtwemYzQzZXdUhkdjEwbC1YNzdvaDBQQTM3S3pmMm5LSDNIbWU2QkZLTlFKUG0wdzFGMnlsZ25OWlVFLTE5SFFyX29MeWtlZmk0UG5pLXB5Z01HZXVaRlNJVHdrX3lodDNDX0ZaS1N5TFZCU0hSNWZ0WjFfd1pxVTRacWFfT0ZScnJLckpsN2dfYmIzX3hqRW9jS01xa21jTVRxeURZUQ?oc=5
2024-08-07,AMZN,Amazon,Top 4 Reasons to Buy Amazon Stock (NASDAQ:AMZN) after the Q2 Dip - Nasdaq,"EN
Sign in
Before you continue to Google
We use cookies and data to
Deliver and maintain Google services
Track outages and protect against spam, fraud, and abuse
Measure audience engagement and site statistics to understand how our services are used and enhance the quality of those services
If you choose to “Accept all,” we will also use cookies and data to
Develop and improve new services
Deliver and measure the effectiveness of ads
Show personalized content, depending on your settings
Show personalized ads, depending on your settings
If you choose to “Reject all,” we will not use cookies for these additional purposes.
Non-personalized content is influenced by things like the content you’re currently viewing, activity in your active Search session, and your location. Non-personalized ads are influenced by the content you’re currently viewing and your general location. Personalized content and ads can also include more relevant results, recommendations, and tailored ads based on past activity from this browser, like previous Google searches. We also use cookies and data to tailor the experience to be age-appropriate, if relevant.
Select “More options” to see additional information, including details about managing your privacy settings. You can also visit g.co/privacytools at any time.
Reject all
Accept all
More options
Privacy Policy
Terms of Service",https://news.google.com/rss/articles/CBMikAFBVV95cUxQTm5XUTl3d3lnZlNRWXJvaFJOajVMMTdjcVN3RjdBRlNJRFpRUHB5MDNPWXJfTXl2T2JDUWZPZXNzNVpXZUsyZTRfRjl5VUJnVF9hY3NaOEZreW85UjJ3VjFmS2JCdXMxYndDczltdUdrRU9Yd21rclpJUjJHak9pQmt2VTR6dTU5djBsRXQ1U0E?oc=5
2024-08-02,AMZN,Amazon,Amazon shares drop on slowing online sales growth - Reuters,"EN
Sign in
Before you continue to Google
We use cookies and data to
Deliver and maintain Google services
Track outages and protect against spam, fraud, and abuse
Measure audience engagement and site statistics to understand how our services are used and enhance the quality of those services
If you choose to “Accept all,” we will also use cookies and data to
Develop and improve new services
Deliver and measure the effectiveness of ads
Show personalized content, depending on your settings
Show personalized ads, depending on your settings
If you choose to “Reject all,” we will not use cookies for these additional purposes.
Non-personalized content is influenced by things like the content you’re currently viewing, activity in your active Search session, and your location. Non-personalized ads are influenced by the content you’re currently viewing and your general location. Personalized content and ads can also include more relevant results, recommendations, and tailored ads based on past activity from this browser, like previous Google searches. We also use cookies and data to tailor the experience to be age-appropriate, if relevant.
Select “More options” to see additional information, including details about managing your privacy settings. You can also visit g.co/privacytools at any time.
Reject all
Accept all
More options
Privacy Policy
Terms of Service",https://news.google.com/rss/articles/CBMiogFBVV95cUxPQ1U5cHJHd2J5WnNSdUFhUHZhWTc4bkY4by1OeG9VYld6TmRWRXVVdjR6NUtsZUdpT3dFYXM2aGJEdWRsNTVYaGJHOU5VRU8wbkpVUDI1WHFERDFKTXQ2VktjMWRHeTNVbzRTZl8tSTdiSWNOR1p0aUVlaEVRWmgtSnpiRjUwOHByUlFSM1B2R3NtUHNGLTBhVkoxN1RpMVNEX3c?oc=5
2024-08-02,AMZN,Amazon,Why Amazon stock was taking a dive today - USA Today,"EN
Sign in
Before you continue to Google
We use cookies and data to
Deliver and maintain Google services
Track outages and protect against spam, fraud, and abuse
Measure audience engagement and site statistics to understand how our services are used and enhance the quality of those services
If you choose to “Accept all,” we will also use cookies and data to
Develop and improve new services
Deliver and measure the effectiveness of ads
Show personalized content, depending on your settings
Show personalized ads, depending on your settings
If you choose to “Reject all,” we will not use cookies for these additional purposes.
Non-personalized content is influenced by things like the content you’re currently viewing, activity in your active Search session, and your location. Non-personalized ads are influenced by the content you’re currently viewing and your general location. Personalized content and ads can also include more relevant results, recommendations, and tailored ads based on past activity from this browser, like previous Google searches. We also use cookies and data to tailor the experience to be age-appropriate, if relevant.
Select “More options” to see additional information, including details about managing your privacy settings. You can also visit g.co/privacytools at any time.
Reject all
Accept all
More options
Privacy Policy
Terms of Service",https://news.google.com/rss/articles/CBMimwFBVV95cUxQMGdLT1M4LVpLUmRYV2NNNEtBVmRyOEg5TDYzU2k5NnF1aUk5TXRMcGw5Z0ZSTzdFVXo4SVR3NDJ2TG14OXdjb01UU1dMaGNuVmIzM3lmdjNEeEVMLUNjU1lIcmQ0b3h3Z1dmcnJocTV2SUxIZFUya2xJNUNLSllFOUZXWHFadlUwbi1PLXpJa1Izc2JFZVRkNzd6NA?oc=5
2024-08-02,AMZN,Amazon,Amazon shares tumble after third-quarter outlook disappoints - CNBC,"EN
Sign in
Before you continue to Google
We use cookies and data to
Deliver and maintain Google services
Track outages and protect against spam, fraud, and abuse
Measure audience engagement and site statistics to understand how our services are used and enhance the quality of those services
If you choose to “Accept all,” we will also use cookies and data to
Develop and improve new services
Deliver and measure the effectiveness of ads
Show personalized content, depending on your settings
Show personalized ads, depending on your settings
If you choose to “Reject all,” we will not use cookies for these additional purposes.
Non-personalized content is influenced by things like the content you’re currently viewing, activity in your active Search session, and your location. Non-personalized ads are influenced by the content you’re currently viewing and your general location. Personalized content and ads can also include more relevant results, recommendations, and tailored ads based on past activity from this browser, like previous Google searches. We also use cookies and data to tailor the experience to be age-appropriate, if relevant.
Select “More options” to see additional information, including details about managing your privacy settings. You can also visit g.co/privacytools at any time.
Reject all
Accept all
More options
Privacy Policy
Terms of Service",https://news.google.com/rss/articles/CBMipwFBVV95cUxPM0Z5SjZDbkdqQnhnUktDeExtMGh3c1pMYmlHZ2RmamF6ZGhnMENHbVIyZU9sQzQxMmp1TVRfLTZkeUVuTmxTRHFpNHp5Vk84Ujg0azdiaTFXUXBOVjRWOVVSekFFbFJiN1psZDBWd21UMzNrUk1GX3V2WmkyOHo4cDZYQjNvZ0lLaGo2MzFpME9yZUxoX2dha3FWS0xfTU1SNkhKZlN1VdIBrAFBVV95cUxPY1lTczB3OE1MZUYtQk5xMTR3XzJmdHZKZmx1VTdKODM0dzVmQWlMYU5udy12ZFMzaTdHTU1fcVM0OUhPTGV6MzdVbVhIcmwwa3JLanFTUkt5U2oxNjVkMjJweEEzVDVFWHlVZm5PckJ3bnNVX1JHV3dLNlBabDI0VUxNN1g5OENEaDB4NjJLZndHek11WjI4LXBHaXNXU25ISzExOHNyYTdxMjVq?oc=5
2024-08-02,AMZN,Amazon,Watch These Amazon Price Levels as Stock Drops on Sales Outlook - Investopedia,"EN
Sign in
Before you continue to Google
We use cookies and data to
Deliver and maintain Google services
Track outages and protect against spam, fraud, and abuse
Measure audience engagement and site statistics to understand how our services are used and enhance the quality of those services
If you choose to “Accept all,” we will also use cookies and data to
Develop and improve new services
Deliver and measure the effectiveness of ads
Show personalized content, depending on your settings
Show personalized ads, depending on your settings
If you choose to “Reject all,” we will not use cookies for these additional purposes.
Non-personalized content is influenced by things like the content you’re currently viewing, activity in your active Search session, and your location. Non-personalized ads are influenced by the content you’re currently viewing and your general location. Personalized content and ads can also include more relevant results, recommendations, and tailored ads based on past activity from this browser, like previous Google searches. We also use cookies and data to tailor the experience to be age-appropriate, if relevant.
Select “More options” to see additional information, including details about managing your privacy settings. You can also visit g.co/privacytools at any time.
Reject all
Accept all
More options
Privacy Policy
Terms of Service",https://news.google.com/rss/articles/CBMipgFBVV95cUxNWTljUVZ2RWxYRFBudDJ5eElYdDY0WEtwYzFVVGx1TDJ1SGwzdENBUUEwVGpYYkticERPTXFab09MSXZiamJoWlRvZ1pVRHR0SU1kb1Y1RmtlaTRwQmlxa1dzNW5oX2JmYVVZVUVaeUVWdVpJOXVMTjZwcHk4ZnRHR1JzcENHbDBaQjF6NUNONDFiR1EwcFhWNmpsNjZqbExZQXJpTjB3?oc=5
2024-08-18,AMZN,Amazon,"If You Bought 1 Share of Amazon at Its IPO, Here's How Many Shares You Would Own Now - Yahoo Finance","EN
Sign in
Before you continue to Google
We use cookies and data to
Deliver and maintain Google services
Track outages and protect against spam, fraud, and abuse
Measure audience engagement and site statistics to understand how our services are used and enhance the quality of those services
If you choose to “Accept all,” we will also use cookies and data to
Develop and improve new services
Deliver and measure the effectiveness of ads
Show personalized content, depending on your settings
Show personalized ads, depending on your settings
If you choose to “Reject all,” we will not use cookies for these additional purposes.
Non-personalized content is influenced by things like the content you’re currently viewing, activity in your active Search session, and your location. Non-personalized ads are influenced by the content you’re currently viewing and your general location. Personalized content and ads can also include more relevant results, recommendations, and tailored ads based on past activity from this browser, like previous Google searches. We also use cookies and data to tailor the experience to be age-appropriate, if relevant.
Select “More options” to see additional information, including details about managing your privacy settings. You can also visit g.co/privacytools at any time.
Reject all
Accept all
More options
Privacy Policy
Terms of Service",https://news.google.com/rss/articles/CBMie0FVX3lxTE52VTRxNTBjcHdJNVliYWtsV3pNc1pRSGJ0ZmJBVEs5Z1NoLWRacy1fTHBHanFfQy1ZcDZUVmZNN0RWNWdtOGc2OHBYcjN6aUQ1UEswcHVJYXJFQktjMFMwTEtuU0xMWDRsc1dDNDBJamlvSjBJcXlTN3dHaw?oc=5
2024-08-02,AMZN,Amazon,Amazon Earnings: Stock Attractive After Sell-Off - Morningstar,"EN
Sign in
Before you continue to Google
We use cookies and data to
Deliver and maintain Google services
Track outages and protect against spam, fraud, and abuse
Measure audience engagement and site statistics to understand how our services are used and enhance the quality of those services
If you choose to “Accept all,” we will also use cookies and data to
Develop and improve new services
Deliver and measure the effectiveness of ads
Show personalized content, depending on your settings
Show personalized ads, depending on your settings
If you choose to “Reject all,” we will not use cookies for these additional purposes.
Non-personalized content is influenced by things like the content you’re currently viewing, activity in your active Search session, and your location. Non-personalized ads are influenced by the content you’re currently viewing and your general location. Personalized content and ads can also include more relevant results, recommendations, and tailored ads based on past activity from this browser, like previous Google searches. We also use cookies and data to tailor the experience to be age-appropriate, if relevant.
Select “More options” to see additional information, including details about managing your privacy settings. You can also visit g.co/privacytools at any time.
Reject all
Accept all
More options
Privacy Policy
Terms of Service",https://news.google.com/rss/articles/CBMimgFBVV95cUxNU1k0bjJQLUU2Um1JY3hSQl83R0lYM3Nqd2tzYU40dkNWVm85YmFEOXJoanl3T3FLNWZSNVFNa3dSMWNfcWxzTFFVUzJCem95VkxTYVNJRHIyTnpIaEVjOXl3WmhMODZSVUVETUNLNTFYNGxBTVJOQWg4RVRUQjlaRndBS2ZzVHFUdTlYdVdwZkpuUUdrc0p5S1pn?oc=5
2024-08-07,AMZN,Amazon,"Cathie Wood Buys $35 Million Of Amazon, Targets Crypto; Sells $42 Million Of This Stock - Investor's Business Daily","EN
Sign in
Before you continue to Google
We use cookies and data to
Deliver and maintain Google services
Track outages and protect against spam, fraud, and abuse
Measure audience engagement and site statistics to understand how our services are used and enhance the quality of those services
If you choose to “Accept all,” we will also use cookies and data to
Develop and improve new services
Deliver and measure the effectiveness of ads
Show personalized content, depending on your settings
Show personalized ads, depending on your settings
If you choose to “Reject all,” we will not use cookies for these additional purposes.
Non-personalized content is influenced by things like the content you’re currently viewing, activity in your active Search session, and your location. Non-personalized ads are influenced by the content you’re currently viewing and your general location. Personalized content and ads can also include more relevant results, recommendations, and tailored ads based on past activity from this browser, like previous Google searches. We also use cookies and data to tailor the experience to be age-appropriate, if relevant.
Select “More options” to see additional information, including details about managing your privacy settings. You can also visit g.co/privacytools at any time.
Reject all
Accept all
More options
Privacy Policy
Terms of Service",https://news.google.com/rss/articles/CBMihwFBVV95cUxNcmFOcWJaZnkzQTRKNDFYelJheEpvQjFKREVndzVaTUo1bElfaFNQdHhvY19sQjZmWFlQR1Y3Y2ZsRE42SmhSemtETFFkVmd2WkV3bHZLQ2hlc3ZpRXBmNjlXdzFubWFidnFxTFB3N05yUFh2RlVSMEVxTTNveWp6NzVYQVEtZGM?oc=5
2024-08-11,AMZN,Amazon,Where Will Amazon Stock Be in 3 Years? - Nasdaq,"EN
Sign in
Before you continue to Google
We use cookies and data to
Deliver and maintain Google services
Track outages and protect against spam, fraud, and abuse
Measure audience engagement and site statistics to understand how our services are used and enhance the quality of those services
If you choose to “Accept all,” we will also use cookies and data to
Develop and improve new services
Deliver and measure the effectiveness of ads
Show personalized content, depending on your settings
Show personalized ads, depending on your settings
If you choose to “Reject all,” we will not use cookies for these additional purposes.
Non-personalized content is influenced by things like the content you’re currently viewing, activity in your active Search session, and your location. Non-personalized ads are influenced by the content you’re currently viewing and your general location. Personalized content and ads can also include more relevant results, recommendations, and tailored ads based on past activity from this browser, like previous Google searches. We also use cookies and data to tailor the experience to be age-appropriate, if relevant.
Select “More options” to see additional information, including details about managing your privacy settings. You can also visit g.co/privacytools at any time.
Reject all
Accept all
More options
Privacy Policy
Terms of Service",https://news.google.com/rss/articles/CBMid0FVX3lxTFBNVkxBZ1hVVkZ6SXpQUWFhUEdqaWp5S2dKRE1YSzd6NFpBQUZDUS10bW5GTWtpVHR1Y3EzZXRKWS1NUjJVYU11dDF0WHVUc0d2djhZSjRUYVozQ0N0WmIwUjQ2Y3BtWGJvZnhVQTE1M2xLcUdrbnQ0?oc=5
2024-08-02,AMZN,Amazon,"Amazon says consumers cautious, forecasts revenue below Wall Street targets - Reuters","EN
Sign in
Before you continue to Google
We use cookies and data to
Deliver and maintain Google services
Track outages and protect against spam, fraud, and abuse
Measure audience engagement and site statistics to understand how our services are used and enhance the quality of those services
If you choose to “Accept all,” we will also use cookies and data to
Develop and improve new services
Deliver and measure the effectiveness of ads
Show personalized content, depending on your settings
Show personalized ads, depending on your settings
If you choose to “Reject all,” we will not use cookies for these additional purposes.
Non-personalized content is influenced by things like the content you’re currently viewing, activity in your active Search session, and your location. Non-personalized ads are influenced by the content you’re currently viewing and your general location. Personalized content and ads can also include more relevant results, recommendations, and tailored ads based on past activity from this browser, like previous Google searches. We also use cookies and data to tailor the experience to be age-appropriate, if relevant.
Select “More options” to see additional information, including details about managing your privacy settings. You can also visit g.co/privacytools at any time.
Reject all
Accept all
More options
Privacy Policy
Terms of Service",https://news.google.com/rss/articles/CBMinAFBVV95cUxPeExRMktJWWtjWEFjZUhQd2Y1QWJOZzJ3bnFCeUpuOHI4cWdYeFc0WVFmQkNobHFFdnBmVTlhZ3h4RHZKaW8yMDZ3UTJFRDlmOFpUZXJoZEx6d1ZuX0s5TnJib2JxVE1NdmpUaXhPVnJuYllSWTFOTGYwUUpNbS0wWU5IVUpIVUQ0VWpma3VmbWdCblVzOEt0YXRqdjU?oc=5
2024-08-01,AMZN,Amazon,What You Need To Know Ahead of Amazon's Earnings - Investopedia,"EN
Sign in
Before you continue to Google
We use cookies and data to
Deliver and maintain Google services
Track outages and protect against spam, fraud, and abuse
Measure audience engagement and site statistics to understand how our services are used and enhance the quality of those services
If you choose to “Accept all,” we will also use cookies and data to
Develop and improve new services
Deliver and measure the effectiveness of ads
Show personalized content, depending on your settings
Show personalized ads, depending on your settings
If you choose to “Reject all,” we will not use cookies for these additional purposes.
Non-personalized content is influenced by things like the content you’re currently viewing, activity in your active Search session, and your location. Non-personalized ads are influenced by the content you’re currently viewing and your general location. Personalized content and ads can also include more relevant results, recommendations, and tailored ads based on past activity from this browser, like previous Google searches. We also use cookies and data to tailor the experience to be age-appropriate, if relevant.
Select “More options” to see additional information, including details about managing your privacy settings. You can also visit g.co/privacytools at any time.
Reject all
Accept all
More options
Privacy Policy
Terms of Service",https://news.google.com/rss/articles/CBMilwFBVV95cUxOckg0X0FLdjJxaElOTTRIc19rVnVhaU9zRHBCeTdZVXFpSDM0MkVxRmk0V0kxRUlBR3h5TXRzeWxacnhVSFkxQVEtdGJSRkRkUld0cU5lMzFKSUtWdkpYWHhyWUtfUFRJT1FMRS1wS3MwOFhabVVwRURfNFYxVzhxdjBQOE10S3BRb0xtZ3VxSFdveG50S2hR?oc=5
2024-08-06,AMZN,Amazon,Time to Buy the Recent Dip in Microsoft or Amazon's Stock? - Yahoo Finance,"EN
Sign in
Before you continue to Google
We use cookies and data to
Deliver and maintain Google services
Track outages and protect against spam, fraud, and abuse
Measure audience engagement and site statistics to understand how our services are used and enhance the quality of those services
If you choose to “Accept all,” we will also use cookies and data to
Develop and improve new services
Deliver and measure the effectiveness of ads
Show personalized content, depending on your settings
Show personalized ads, depending on your settings
If you choose to “Reject all,” we will not use cookies for these additional purposes.
Non-personalized content is influenced by things like the content you’re currently viewing, activity in your active Search session, and your location. Non-personalized ads are influenced by the content you’re currently viewing and your general location. Personalized content and ads can also include more relevant results, recommendations, and tailored ads based on past activity from this browser, like previous Google searches. We also use cookies and data to tailor the experience to be age-appropriate, if relevant.
Select “More options” to see additional information, including details about managing your privacy settings. You can also visit g.co/privacytools at any time.
Reject all
Accept all
More options
Privacy Policy
Terms of Service",https://news.google.com/rss/articles/CBMigAFBVV95cUxOajlabUJXdGVFRjZXRnBvbUNtTDEteHZ5OTRDM2RWaGRPTWZGYXRqaGNrNGJhdGJMZGx4OVpySWplRFRyaS1iRzNHYVczenJTWjRUTXVrcng0T3RnWHp6SmhsOURZem5HNEh0REd1V0JPZFBjSHZjcG1GcXQweUtQWQ?oc=5
2024-08-01,AMZN,Amazon,"Amazon Beats On Earnings, Revenue Comes In Light Despite Strong Cloud Performance - Investor's Business Daily","EN
Sign in
Before you continue to Google
We use cookies and data to
Deliver and maintain Google services
Track outages and protect against spam, fraud, and abuse
Measure audience engagement and site statistics to understand how our services are used and enhance the quality of those services
If you choose to “Accept all,” we will also use cookies and data to
Develop and improve new services
Deliver and measure the effectiveness of ads
Show personalized content, depending on your settings
Show personalized ads, depending on your settings
If you choose to “Reject all,” we will not use cookies for these additional purposes.
Non-personalized content is influenced by things like the content you’re currently viewing, activity in your active Search session, and your location. Non-personalized ads are influenced by the content you’re currently viewing and your general location. Personalized content and ads can also include more relevant results, recommendations, and tailored ads based on past activity from this browser, like previous Google searches. We also use cookies and data to tailor the experience to be age-appropriate, if relevant.
Select “More options” to see additional information, including details about managing your privacy settings. You can also visit g.co/privacytools at any time.
Reject all
Accept all
More options
Privacy Policy
Terms of Service",https://news.google.com/rss/articles/CBMiwAFBVV95cUxNaWN2SVoyemR0OTlpRU5QYmNhcVpmYU1scEJkc3BtbElrYkhxZ3c5b0VaVnR4SmdjMzU4dy1ldkZzTUJ6Zm1VdUlFRUYxNGlPb0xneVY5MWdpMUxZTmVqS1dSeGtSQkFpaVBtMVFLRGs2eC1LV1NxeWxMdWlEdTlDR1hSSGhFcTdsZVRwZkxJNFh6al9PTjhvbWVxR3pFVWpvQ21YYXpvSTNxM2VPVFJNSVlMLWpnMFRVSjVyWkRZa0g?oc=5
2024-08-24,AMZN,Amazon,"Amazon.com, Inc. (NASDAQ:AMZN) Stock Has Shown Weakness Lately But Financials Look Strong: Should Prospective Shareholders Make The Leap? - Yahoo Finance","EN
Sign in
Before you continue to Google
We use cookies and data to
Deliver and maintain Google services
Track outages and protect against spam, fraud, and abuse
Measure audience engagement and site statistics to understand how our services are used and enhance the quality of those services
If you choose to “Accept all,” we will also use cookies and data to
Develop and improve new services
Deliver and measure the effectiveness of ads
Show personalized content, depending on your settings
Show personalized ads, depending on your settings
If you choose to “Reject all,” we will not use cookies for these additional purposes.
Non-personalized content is influenced by things like the content you’re currently viewing, activity in your active Search session, and your location. Non-personalized ads are influenced by the content you’re currently viewing and your general location. Personalized content and ads can also include more relevant results, recommendations, and tailored ads based on past activity from this browser, like previous Google searches. We also use cookies and data to tailor the experience to be age-appropriate, if relevant.
Select “More options” to see additional information, including details about managing your privacy settings. You can also visit g.co/privacytools at any time.
Reject all
Accept all
More options
Privacy Policy
Terms of Service",https://news.google.com/rss/articles/CBMifEFVX3lxTE9fQ3JMV05qTnIyQVJ4aTRjdkdCbFRhMnJsaTRWd1ZrWEMwUm10UjFzZ0dhWjJlejJ3U3luWjNXdWJUcG5KZWZBQXR5UllGOVJUclZsZDVsSzhXYXBwVzdnMzQtTW1RMklxX3J4STlScTg5UXptcWRrZjNEYlI?oc=5
2024-08-30,AMZN,Amazon,Why we Think Amazon Stock is Now a Buy - Morningstar,"EN
Sign in
Before you continue to Google
We use cookies and data to
Deliver and maintain Google services
Track outages and protect against spam, fraud, and abuse
Measure audience engagement and site statistics to understand how our services are used and enhance the quality of those services
If you choose to “Accept all,” we will also use cookies and data to
Develop and improve new services
Deliver and measure the effectiveness of ads
Show personalized content, depending on your settings
Show personalized ads, depending on your settings
If you choose to “Reject all,” we will not use cookies for these additional purposes.
Non-personalized content is influenced by things like the content you’re currently viewing, activity in your active Search session, and your location. Non-personalized ads are influenced by the content you’re currently viewing and your general location. Personalized content and ads can also include more relevant results, recommendations, and tailored ads based on past activity from this browser, like previous Google searches. We also use cookies and data to tailor the experience to be age-appropriate, if relevant.
Select “More options” to see additional information, including details about managing your privacy settings. You can also visit g.co/privacytools at any time.
Reject all
Accept all
More options
Privacy Policy
Terms of Service",https://news.google.com/rss/articles/CBMikgFBVV95cUxQZ3RGZVN1RHZLd0JncFdZMFJEVGhUTlBkNkpyZEdUOEpOUE84S1hzRkpmM1lya3RvYUFSakdkM2ltYVU3bkhZRW1wTk1YZ0ZLVEFLOHkzWlEwblRtcUpPQ3pQSEtYSVBwaEgtVC1BZHVfX1YtMEFTQXdGTTY5RUZrbjRHVWlsVkZUaDR1NUpXWDdCQQ?oc=5
2024-09-27,AMZN,Amazon,Is Amazon Stock A Buy As Tech Giant's Shares Approach July Highs? - Investor's Business Daily,"EN
Sign in
Before you continue to Google
We use cookies and data to
Deliver and maintain Google services
Track outages and protect against spam, fraud, and abuse
Measure audience engagement and site statistics to understand how our services are used and enhance the quality of those services
If you choose to “Accept all,” we will also use cookies and data to
Develop and improve new services
Deliver and measure the effectiveness of ads
Show personalized content, depending on your settings
Show personalized ads, depending on your settings
If you choose to “Reject all,” we will not use cookies for these additional purposes.
Non-personalized content is influenced by things like the content you’re currently viewing, activity in your active Search session, and your location. Non-personalized ads are influenced by the content you’re currently viewing and your general location. Personalized content and ads can also include more relevant results, recommendations, and tailored ads based on past activity from this browser, like previous Google searches. We also use cookies and data to tailor the experience to be age-appropriate, if relevant.
Select “More options” to see additional information, including details about managing your privacy settings. You can also visit g.co/privacytools at any time.
Reject all
Accept all
More options
Privacy Policy
Terms of Service",https://news.google.com/rss/articles/CBMie0FVX3lxTFBDS2ltM3RTSmx3MGp4QzJaOXdsOExXU05Tc3RsUjNkVEhCVTVLR2UwdUFJQmxSdHZzck0xN0tBUktPeDdYdGlnSUk4Nm1oVTc0QTZ6QkVHNnBrbFpvMzJEVnVKcUlpVVMyZUQ5Z2s3OHdOMW1DWWtESlZEMA?oc=5
2024-09-03,AMZN,Amazon,Prediction: Amazon Stock Will Soar Over the Next 5 Years. Here's 1 Reason Why. - Yahoo Finance,"EN
Sign in
Before you continue to Google
We use cookies and data to
Deliver and maintain Google services
Track outages and protect against spam, fraud, and abuse
Measure audience engagement and site statistics to understand how our services are used and enhance the quality of those services
If you choose to “Accept all,” we will also use cookies and data to
Develop and improve new services
Deliver and measure the effectiveness of ads
Show personalized content, depending on your settings
Show personalized ads, depending on your settings
If you choose to “Reject all,” we will not use cookies for these additional purposes.
Non-personalized content is influenced by things like the content you’re currently viewing, activity in your active Search session, and your location. Non-personalized ads are influenced by the content you’re currently viewing and your general location. Personalized content and ads can also include more relevant results, recommendations, and tailored ads based on past activity from this browser, like previous Google searches. We also use cookies and data to tailor the experience to be age-appropriate, if relevant.
Select “More options” to see additional information, including details about managing your privacy settings. You can also visit g.co/privacytools at any time.
Reject all
Accept all
More options
Privacy Policy
Terms of Service",https://news.google.com/rss/articles/CBMihgFBVV95cUxPNXNoVnl3Q193QVR2UHhQNE1VbDdNdlBqY2tOQVdWbWpmOTRMcVFJU1FBQ2hqdzRWNG5ieDNQREF0TlM3a1A1dEhMT1JxYThtcXVrc2ZOaWx6QUI1dG5jcXR6YzFOakY4VWJtRkZhdmFva2swYkZTQWxHQ1JSRWZUSWJhbko1Zw?oc=5
2024-09-26,AMZN,Amazon,Where Is Amazon (AMZN) Stock's Price Heading In 2025: Prediction and Forecast to Know in April - Forbes,"EN
Sign in
Before you continue to Google
We use cookies and data to
Deliver and maintain Google services
Track outages and protect against spam, fraud, and abuse
Measure audience engagement and site statistics to understand how our services are used and enhance the quality of those services
If you choose to “Accept all,” we will also use cookies and data to
Develop and improve new services
Deliver and measure the effectiveness of ads
Show personalized content, depending on your settings
Show personalized ads, depending on your settings
If you choose to “Reject all,” we will not use cookies for these additional purposes.
Non-personalized content is influenced by things like the content you’re currently viewing, activity in your active Search session, and your location. Non-personalized ads are influenced by the content you’re currently viewing and your general location. Personalized content and ads can also include more relevant results, recommendations, and tailored ads based on past activity from this browser, like previous Google searches. We also use cookies and data to tailor the experience to be age-appropriate, if relevant.
Select “More options” to see additional information, including details about managing your privacy settings. You can also visit g.co/privacytools at any time.
Reject all
Accept all
More options
Privacy Policy
Terms of Service",https://news.google.com/rss/articles/CBMioAFBVV95cUxQbWFVcW5ZWmJ2UlFWVUpYNlp0QTdFbjlWc0VaU1VYTFVxNklxQ2ZRZWZmZnpKRXFqXzk2bGhrQTZWNWQ1N2VrY3MxanBhajV3SVpvc0pSZWRHbDk3bnVEXzhmeU5HelgwM0dRT0lLZ091MHEzN05rT0RmM01GWXVQRlhSWlhyYXcxMUw5U2lNNmcxdHhDbXp4MlBQM2MyZlE5?oc=5
2024-09-05,AMZN,Amazon,Can Cloud Momentum Drive Amazon's Stock Beyond Its 14.1% YTD Gain? - Nasdaq,"EN
Sign in
Before you continue to Google
We use cookies and data to
Deliver and maintain Google services
Track outages and protect against spam, fraud, and abuse
Measure audience engagement and site statistics to understand how our services are used and enhance the quality of those services
If you choose to “Accept all,” we will also use cookies and data to
Develop and improve new services
Deliver and measure the effectiveness of ads
Show personalized content, depending on your settings
Show personalized ads, depending on your settings
If you choose to “Reject all,” we will not use cookies for these additional purposes.
Non-personalized content is influenced by things like the content you’re currently viewing, activity in your active Search session, and your location. Non-personalized ads are influenced by the content you’re currently viewing and your general location. Personalized content and ads can also include more relevant results, recommendations, and tailored ads based on past activity from this browser, like previous Google searches. We also use cookies and data to tailor the experience to be age-appropriate, if relevant.
Select “More options” to see additional information, including details about managing your privacy settings. You can also visit g.co/privacytools at any time.
Reject all
Accept all
More options
Privacy Policy
Terms of Service",https://news.google.com/rss/articles/CBMinAFBVV95cUxOTl9tM29JUVJnb0NKenhWSWxSZWV4aDY3ekVEcl9kTjdkblNsUGpkMTVrZ3p5OUh2aGk1Q2xUMmphSDE3QUVMak9HVWFNVmtfTjFVSkpVOFB6MEczekFtMDZUbVFuUVRNSzNXd3dSZ2JUY3VWRGtxVlpsUklieVRNTE1KX0ZvOTR3RXQ3aWlXR1AzNzNDU0N6MHJ0SGc?oc=5
2024-09-16,AMZN,Amazon,Intel shares jump on chip deal with Amazon - CNN,"EN
Sign in
Before you continue to Google
We use cookies and data to
Deliver and maintain Google services
Track outages and protect against spam, fraud, and abuse
Measure audience engagement and site statistics to understand how our services are used and enhance the quality of those services
If you choose to “Accept all,” we will also use cookies and data to
Develop and improve new services
Deliver and measure the effectiveness of ads
Show personalized content, depending on your settings
Show personalized ads, depending on your settings
If you choose to “Reject all,” we will not use cookies for these additional purposes.
Non-personalized content is influenced by things like the content you’re currently viewing, activity in your active Search session, and your location. Non-personalized ads are influenced by the content you’re currently viewing and your general location. Personalized content and ads can also include more relevant results, recommendations, and tailored ads based on past activity from this browser, like previous Google searches. We also use cookies and data to tailor the experience to be age-appropriate, if relevant.
Select “More options” to see additional information, including details about managing your privacy settings. You can also visit g.co/privacytools at any time.
Reject all
Accept all
More options
Privacy Policy
Terms of Service",https://news.google.com/rss/articles/CBMikwFBVV95cUxOQlpqOHhOVzFwNDZFdUFJM0hiMGZ0cF8wRTdHXzROVGF2ZHdMQ3pISkNGVWtQNHhobHh2U2RjTXl1MmtCbDJyVWFETE9nNVBWeVpTVUFWRnQtSDBrc2NVel9OVnQwaFJndXgxV09KYTBhUkRUVnpNVTB0cUJ0NVBleno3U3MxemRGUlBnanA1YktIY2PSAYQBQVVfeXFMT0JGMlZtZFZ6VjVGSWVWWkZ5T2JlaWNjVEFmU05XR20tSm9kdlRGd24wdUlSSFR4YkJSSEFId3ZUVVBNLVA5M0V0YWhZNmZPYzNZTW40Z2pmMi1ld1pRLU1jM3c0dTZjN2Fqbm9kT0JCQ1JsSk44aGxSaDB5LXNGcUktNVlW?oc=5
2024-09-24,AMZN,Amazon,Why Amazon Stock Is a No-Brainer Artificial Intelligence (AI) Investment - The Motley Fool,"EN
Sign in
Before you continue to Google
We use cookies and data to
Deliver and maintain Google services
Track outages and protect against spam, fraud, and abuse
Measure audience engagement and site statistics to understand how our services are used and enhance the quality of those services
If you choose to “Accept all,” we will also use cookies and data to
Develop and improve new services
Deliver and measure the effectiveness of ads
Show personalized content, depending on your settings
Show personalized ads, depending on your settings
If you choose to “Reject all,” we will not use cookies for these additional purposes.
Non-personalized content is influenced by things like the content you’re currently viewing, activity in your active Search session, and your location. Non-personalized ads are influenced by the content you’re currently viewing and your general location. Personalized content and ads can also include more relevant results, recommendations, and tailored ads based on past activity from this browser, like previous Google searches. We also use cookies and data to tailor the experience to be age-appropriate, if relevant.
Select “More options” to see additional information, including details about managing your privacy settings. You can also visit g.co/privacytools at any time.
Reject all
Accept all
More options
Privacy Policy
Terms of Service",https://news.google.com/rss/articles/CBMimAFBVV95cUxOYTFfVXQ5Z2I4UFdRRmJSRjkzNVY1NTlkcEQwaHJOampoQm5jWk5qMk5oczRzb0IxZlk2aVd5NG5fQmt1T3pJZjdoSGtXUWRqbDJoRl96LWhrUzZoQUJwNFNfNnJwVnhMOXBHNk9tX1dZRHcyTTBzanFjaG5raFdLWXllUXRjRkNyeXYzbmNzWGtteThqbFcxSg?oc=5
2024-09-26,AMZN,Amazon,Switch your file share access from Amazon FSx File Gateway to Amazon FSx for Windows File Server - Amazon Web Services (AWS),"EN
Sign in
Before you continue to Google
We use cookies and data to
Deliver and maintain Google services
Track outages and protect against spam, fraud, and abuse
Measure audience engagement and site statistics to understand how our services are used and enhance the quality of those services
If you choose to “Accept all,” we will also use cookies and data to
Develop and improve new services
Deliver and measure the effectiveness of ads
Show personalized content, depending on your settings
Show personalized ads, depending on your settings
If you choose to “Reject all,” we will not use cookies for these additional purposes.
Non-personalized content is influenced by things like the content you’re currently viewing, activity in your active Search session, and your location. Non-personalized ads are influenced by the content you’re currently viewing and your general location. Personalized content and ads can also include more relevant results, recommendations, and tailored ads based on past activity from this browser, like previous Google searches. We also use cookies and data to tailor the experience to be age-appropriate, if relevant.
Select “More options” to see additional information, including details about managing your privacy settings. You can also visit g.co/privacytools at any time.
Reject all
Accept all
More options
Privacy Policy
Terms of Service",https://news.google.com/rss/articles/CBMizwFBVV95cUxPOGozUFg3YjZYXzZ6bFhSaE9iU3RaeFdMYUR1MHVHbUNJSjlKcXcwWmZTT1lvR1JkRE9yMnZ0MDNGWFZiMExoa3hOMUhBS1dJaDVfdjQ0alpuNlhrSnEwRkFzZmlwYTNEY2cxNUtraDY1SmhTZ0FkOWIyVXN3STJ6dHgzRVVXX1pyUlF4N0RZQVNYajFWdHdzZkFacWtlbkF6X1h6a2J6eTVVLU16Z29wd3lWRGpsSm04UFgzMU5ScC15SUQ4X053ZjJzRGFzRkE?oc=5
2024-09-17,AMZN,Amazon,"Top Stock Movers Now: Intel, Microsoft, Amazon, Cigna, and More - Investopedia","EN
Sign in
Before you continue to Google
We use cookies and data to
Deliver and maintain Google services
Track outages and protect against spam, fraud, and abuse
Measure audience engagement and site statistics to understand how our services are used and enhance the quality of those services
If you choose to “Accept all,” we will also use cookies and data to
Develop and improve new services
Deliver and measure the effectiveness of ads
Show personalized content, depending on your settings
Show personalized ads, depending on your settings
If you choose to “Reject all,” we will not use cookies for these additional purposes.
Non-personalized content is influenced by things like the content you’re currently viewing, activity in your active Search session, and your location. Non-personalized ads are influenced by the content you’re currently viewing and your general location. Personalized content and ads can also include more relevant results, recommendations, and tailored ads based on past activity from this browser, like previous Google searches. We also use cookies and data to tailor the experience to be age-appropriate, if relevant.
Select “More options” to see additional information, including details about managing your privacy settings. You can also visit g.co/privacytools at any time.
Reject all
Accept all
More options
Privacy Policy
Terms of Service",https://news.google.com/rss/articles/CBMimwFBVV95cUxPU1NJV2sxckl4TnYwWlYwcUpodGlzLTFodUdPRzdudVBkUkxJTUZZck1yNFI0WHp3dUF4RG9XYndIZXFMbVZfa1NOMUFSN051S1hVdzNwRlJyUjVMd2lTaUdoZVU5aTJCQURkSXJiUWNROUJRa0g0cmRVN2J6U1d3WXZrN015SkY0RnVORkhaQ1c3NWxNZF8xaG5ySQ?oc=5
2024-09-09,AMZN,Amazon,Oracle and Amazon Web Services Announce Strategic Partnership - Oracle,"EN
Sign in
Before you continue to Google
We use cookies and data to
Deliver and maintain Google services
Track outages and protect against spam, fraud, and abuse
Measure audience engagement and site statistics to understand how our services are used and enhance the quality of those services
If you choose to “Accept all,” we will also use cookies and data to
Develop and improve new services
Deliver and measure the effectiveness of ads
Show personalized content, depending on your settings
Show personalized ads, depending on your settings
If you choose to “Reject all,” we will not use cookies for these additional purposes.
Non-personalized content is influenced by things like the content you’re currently viewing, activity in your active Search session, and your location. Non-personalized ads are influenced by the content you’re currently viewing and your general location. Personalized content and ads can also include more relevant results, recommendations, and tailored ads based on past activity from this browser, like previous Google searches. We also use cookies and data to tailor the experience to be age-appropriate, if relevant.
Select “More options” to see additional information, including details about managing your privacy settings. You can also visit g.co/privacytools at any time.
Reject all
Accept all
More options
Privacy Policy
Terms of Service",https://news.google.com/rss/articles/CBMivAFBVV95cUxPNDRjeF9hN2Y5SVViX1BLd25TOXQyT0FpYWJLUXRQY1N2RV9rX243QWMwWUMzSmRmLUh5eXByeTl0dWNBQzBrYUp6dkE0VC1jdXhuZkdxeUFCQmhqdjdkaFVBVDlyUGtycmw3dlgxTzFkYmtTUm9nelpZbnhwXzRzMzF3YWh0R3dmUC04WFFXbmp2bWcyaEFuTUR0c3N5OGg3TkowZExKNkZWUWRnR2hMVC0xaWJBS0F4b082Tg?oc=5
2024-09-16,AMZN,Amazon,"Intel and AWS Expand Strategic Collaboration, Helping Advance U.S.-Based Chip Manufacturing - Investor Relations :: Intel Corporation (INTC)","EN
Sign in
Before you continue to Google
We use cookies and data to
Deliver and maintain Google services
Track outages and protect against spam, fraud, and abuse
Measure audience engagement and site statistics to understand how our services are used and enhance the quality of those services
If you choose to “Accept all,” we will also use cookies and data to
Develop and improve new services
Deliver and measure the effectiveness of ads
Show personalized content, depending on your settings
Show personalized ads, depending on your settings
If you choose to “Reject all,” we will not use cookies for these additional purposes.
Non-personalized content is influenced by things like the content you’re currently viewing, activity in your active Search session, and your location. Non-personalized ads are influenced by the content you’re currently viewing and your general location. Personalized content and ads can also include more relevant results, recommendations, and tailored ads based on past activity from this browser, like previous Google searches. We also use cookies and data to tailor the experience to be age-appropriate, if relevant.
Select “More options” to see additional information, including details about managing your privacy settings. You can also visit g.co/privacytools at any time.
Reject all
Accept all
More options
Privacy Policy
Terms of Service",https://news.google.com/rss/articles/CBMisgFBVV95cUxNeXlHR3c2Z3RoMVJIRnBzSy1tb3d6VlFNMkR1LTNDOUtyeDdKZHA4QklzUUYxR3c3MWFUX2FlTTdfSl93b2ZHa1JJelFmazFGTExIN3VnTGRkamxYSENBZzc2MExOMU1SSjBWS0R1QzRZaVRfMTQ2TjJHbFBxTmJfNVdWbERDbzAzRGZCeTNrdzU3MzJEZXh1eDRBLXRJTUZ3a2R4a1ZDMnNNR2JvTWl0V0V3?oc=5
2024-09-17,AMZN,Amazon,Intel stock surges 14% after deal with AWS to produce AI chips - Fortune,"EN
Sign in
Before you continue to Google
We use cookies and data to
Deliver and maintain Google services
Track outages and protect against spam, fraud, and abuse
Measure audience engagement and site statistics to understand how our services are used and enhance the quality of those services
If you choose to “Accept all,” we will also use cookies and data to
Develop and improve new services
Deliver and measure the effectiveness of ads
Show personalized content, depending on your settings
Show personalized ads, depending on your settings
If you choose to “Reject all,” we will not use cookies for these additional purposes.
Non-personalized content is influenced by things like the content you’re currently viewing, activity in your active Search session, and your location. Non-personalized ads are influenced by the content you’re currently viewing and your general location. Personalized content and ads can also include more relevant results, recommendations, and tailored ads based on past activity from this browser, like previous Google searches. We also use cookies and data to tailor the experience to be age-appropriate, if relevant.
Select “More options” to see additional information, including details about managing your privacy settings. You can also visit g.co/privacytools at any time.
Reject all
Accept all
More options
Privacy Policy
Terms of Service",https://news.google.com/rss/articles/CBMiiAFBVV95cUxPdS1CQkhpa3k3UTJ6QlUxa2ZvbGlrSU0xbHplX09zQzg2SU1HOTdNUkpGdmhSYU5OS1Rqck81UTl1dnp5b0hDbkdxaXg5WDFWNGV1a2JVTGR3Vkw4UXpSY0Y2ZDlDTmh5dGpOQmRES2s2dmtpcFo5ZjRxM2pVSGJFZjBnQjJTSE5N?oc=5
2024-09-03,AMZN,Amazon,Amazon Stock Lands Price Target Hike Based On Advertising Advantages - Investor's Business Daily,"EN
Sign in
Before you continue to Google
We use cookies and data to
Deliver and maintain Google services
Track outages and protect against spam, fraud, and abuse
Measure audience engagement and site statistics to understand how our services are used and enhance the quality of those services
If you choose to “Accept all,” we will also use cookies and data to
Develop and improve new services
Deliver and measure the effectiveness of ads
Show personalized content, depending on your settings
Show personalized ads, depending on your settings
If you choose to “Reject all,” we will not use cookies for these additional purposes.
Non-personalized content is influenced by things like the content you’re currently viewing, activity in your active Search session, and your location. Non-personalized ads are influenced by the content you’re currently viewing and your general location. Personalized content and ads can also include more relevant results, recommendations, and tailored ads based on past activity from this browser, like previous Google searches. We also use cookies and data to tailor the experience to be age-appropriate, if relevant.
Select “More options” to see additional information, including details about managing your privacy settings. You can also visit g.co/privacytools at any time.
Reject all
Accept all
More options
Privacy Policy
Terms of Service",https://news.google.com/rss/articles/CBMinAFBVV95cUxNRmpDLTdjQTFONVFvNjhzV3R6Nmh3MFZGOUhhamh4R3FtcWR2c2VNcDdlODZTakNuT0VqalQ1c2tOcFNvSXhlelltRXI5S0Z4ZUZJNVQxWkhsam9OSjllNTRlVnRpNDF6TmdORS1HNFl4ckpXT0FKeFJYMWtyZUhrSWtLV19WVW5MOUFoa3hJcHk1VURaektsYUpZckI?oc=5
2024-09-26,AMZN,Amazon,Alibaba Vs. Amazon: Which E-Com Stock is the Better Buy - Yahoo Finance,"EN
Sign in
Before you continue to Google
We use cookies and data to
Deliver and maintain Google services
Track outages and protect against spam, fraud, and abuse
Measure audience engagement and site statistics to understand how our services are used and enhance the quality of those services
If you choose to “Accept all,” we will also use cookies and data to
Develop and improve new services
Deliver and measure the effectiveness of ads
Show personalized content, depending on your settings
Show personalized ads, depending on your settings
If you choose to “Reject all,” we will not use cookies for these additional purposes.
Non-personalized content is influenced by things like the content you’re currently viewing, activity in your active Search session, and your location. Non-personalized ads are influenced by the content you’re currently viewing and your general location. Personalized content and ads can also include more relevant results, recommendations, and tailored ads based on past activity from this browser, like previous Google searches. We also use cookies and data to tailor the experience to be age-appropriate, if relevant.
Select “More options” to see additional information, including details about managing your privacy settings. You can also visit g.co/privacytools at any time.
Reject all
Accept all
More options
Privacy Policy
Terms of Service",https://news.google.com/rss/articles/CBMieEFVX3lxTFBGRkItdENqUWliMVhONlFRMnlYVkRJWVVUdi1nZmItVlBaWFpONDdXdjN5emZqY1FheUVKSFE0d0hjc0xZVUR3RjEtMi1WbHZvMjBuUVFjQUZLRkVudjVRenl5SXJvYm5xVmNhMXBIeHphbXhaME9qNw?oc=5
2024-09-25,AMZN,Amazon,"Adobe Projects Record Holiday For E-Commerce. Amazon, Walmart Are Racing To Offer Early Deals. - Investor's Business Daily","EN
Sign in
Before you continue to Google
We use cookies and data to
Deliver and maintain Google services
Track outages and protect against spam, fraud, and abuse
Measure audience engagement and site statistics to understand how our services are used and enhance the quality of those services
If you choose to “Accept all,” we will also use cookies and data to
Develop and improve new services
Deliver and measure the effectiveness of ads
Show personalized content, depending on your settings
Show personalized ads, depending on your settings
If you choose to “Reject all,” we will not use cookies for these additional purposes.
Non-personalized content is influenced by things like the content you’re currently viewing, activity in your active Search session, and your location. Non-personalized ads are influenced by the content you’re currently viewing and your general location. Personalized content and ads can also include more relevant results, recommendations, and tailored ads based on past activity from this browser, like previous Google searches. We also use cookies and data to tailor the experience to be age-appropriate, if relevant.
Select “More options” to see additional information, including details about managing your privacy settings. You can also visit g.co/privacytools at any time.
Reject all
Accept all
More options
Privacy Policy
Terms of Service",https://news.google.com/rss/articles/CBMikgFBVV95cUxObXNwS2JISGQzUzA0bmpSX25samRVNHdCTUhhRnRUallHOGdMV1hkZ1g5UDJfWkxIYk10NEZ6TDlLVjl0eTRYVk1nSlpkcVRkaUYwbENRZ1AwcDROTGh2alFwSTV3TnBva1RCel9IN3Z0ZUdYMkNyNnU3Umx5VThtTVY3VjdmeGM0dzZrMG1VMW83Zw?oc=5
2024-09-04,AMZN,Amazon,"Amazon.com, Inc. (AMZN): An AI Stock That Broke The Internet This Week - Yahoo Finance","EN
Sign in
Before you continue to Google
We use cookies and data to
Deliver and maintain Google services
Track outages and protect against spam, fraud, and abuse
Measure audience engagement and site statistics to understand how our services are used and enhance the quality of those services
If you choose to “Accept all,” we will also use cookies and data to
Develop and improve new services
Deliver and measure the effectiveness of ads
Show personalized content, depending on your settings
Show personalized ads, depending on your settings
If you choose to “Reject all,” we will not use cookies for these additional purposes.
Non-personalized content is influenced by things like the content you’re currently viewing, activity in your active Search session, and your location. Non-personalized ads are influenced by the content you’re currently viewing and your general location. Personalized content and ads can also include more relevant results, recommendations, and tailored ads based on past activity from this browser, like previous Google searches. We also use cookies and data to tailor the experience to be age-appropriate, if relevant.
Select “More options” to see additional information, including details about managing your privacy settings. You can also visit g.co/privacytools at any time.
Reject all
Accept all
More options
Privacy Policy
Terms of Service",https://news.google.com/rss/articles/CBMid0FVX3lxTE0zNHZFN0V4SWZBWXFIcmp4bV8yQjBMMFdfYlhHZUVmWktkV0Eyd3FDazAxdDNwQ1RLODZDYTlGcENrTExueDNYc2tTUXRLc1c1amhybU5XUnhHTjFqa01QWDU2RFdQc043UGQtT1k3dWdmTThSak5n?oc=5
2024-09-24,AMZN,Amazon,Mag7 Name Poised To Hit Entry As This Rating Quickly Improves - Investor's Business Daily,"EN
Sign in
Before you continue to Google
We use cookies and data to
Deliver and maintain Google services
Track outages and protect against spam, fraud, and abuse
Measure audience engagement and site statistics to understand how our services are used and enhance the quality of those services
If you choose to “Accept all,” we will also use cookies and data to
Develop and improve new services
Deliver and measure the effectiveness of ads
Show personalized content, depending on your settings
Show personalized ads, depending on your settings
If you choose to “Reject all,” we will not use cookies for these additional purposes.
Non-personalized content is influenced by things like the content you’re currently viewing, activity in your active Search session, and your location. Non-personalized ads are influenced by the content you’re currently viewing and your general location. Personalized content and ads can also include more relevant results, recommendations, and tailored ads based on past activity from this browser, like previous Google searches. We also use cookies and data to tailor the experience to be age-appropriate, if relevant.
Select “More options” to see additional information, including details about managing your privacy settings. You can also visit g.co/privacytools at any time.
Reject all
Accept all
More options
Privacy Policy
Terms of Service",https://news.google.com/rss/articles/CBMicEFVX3lxTE9yMldfbk11NndLN3FTTkxadnQ0MUFwVko3SklsZThVcnlTLXdoU1pDX0Q4MmhNa3NlWTZkcG0xWkdIc21fdFM1TUl5aDBXRURTN0FLY1lvS2tFaU0yTmwzRVB6OU5GSFB0S0ZrcTl3ckg?oc=5
2024-09-23,AMZN,Amazon,"Mutual Funds Are Adding Amazon, Spotify And One More - Investor's Business Daily","EN
Sign in
Before you continue to Google
We use cookies and data to
Deliver and maintain Google services
Track outages and protect against spam, fraud, and abuse
Measure audience engagement and site statistics to understand how our services are used and enhance the quality of those services
If you choose to “Accept all,” we will also use cookies and data to
Develop and improve new services
Deliver and measure the effectiveness of ads
Show personalized content, depending on your settings
Show personalized ads, depending on your settings
If you choose to “Reject all,” we will not use cookies for these additional purposes.
Non-personalized content is influenced by things like the content you’re currently viewing, activity in your active Search session, and your location. Non-personalized ads are influenced by the content you’re currently viewing and your general location. Personalized content and ads can also include more relevant results, recommendations, and tailored ads based on past activity from this browser, like previous Google searches. We also use cookies and data to tailor the experience to be age-appropriate, if relevant.
Select “More options” to see additional information, including details about managing your privacy settings. You can also visit g.co/privacytools at any time.
Reject all
Accept all
More options
Privacy Policy
Terms of Service",https://news.google.com/rss/articles/CBMikAFBVV95cUxOR3RsZ2luQjBzLTJpNWxDNDZCLW94cS1rM0R1RGRsY3ZPbWU0Z21jUnhQOE5aNHRrMzJ5VE5rdDJQRHIwTHEtRUFKbXZTUU5WT2tvZGJvSTNzUzU1NFhpQ2hpQXU0LU8wbEl0dGtJTm9tVmpVTk5vRGo5aHNsSDhFd3cyNVdMaG8tTThxVVZZdzU?oc=5
2024-09-16,AMZN,Amazon,"Intel Stock Soars On Foundry Plans, Amazon AI Deal After Jumping On $3 Billion Federal Funding - Investor's Business Daily","EN
Sign in
Before you continue to Google
We use cookies and data to
Deliver and maintain Google services
Track outages and protect against spam, fraud, and abuse
Measure audience engagement and site statistics to understand how our services are used and enhance the quality of those services
If you choose to “Accept all,” we will also use cookies and data to
Develop and improve new services
Deliver and measure the effectiveness of ads
Show personalized content, depending on your settings
Show personalized ads, depending on your settings
If you choose to “Reject all,” we will not use cookies for these additional purposes.
Non-personalized content is influenced by things like the content you’re currently viewing, activity in your active Search session, and your location. Non-personalized ads are influenced by the content you’re currently viewing and your general location. Personalized content and ads can also include more relevant results, recommendations, and tailored ads based on past activity from this browser, like previous Google searches. We also use cookies and data to tailor the experience to be age-appropriate, if relevant.
Select “More options” to see additional information, including details about managing your privacy settings. You can also visit g.co/privacytools at any time.
Reject all
Accept all
More options
Privacy Policy
Terms of Service",https://news.google.com/rss/articles/CBMioAFBVV95cUxNZ1ZkYTBnU1VPZ0J0WlBGUnFUdGR6N2U1b2I0YjVIMW1vTHFHSGNwYnlRQ2N0c3ZQVDUzRk9RU3hKc1lYYUlkWEhPVHVtWmpWVThUdE9VN1gxN01YdllvaHhtVmRUUVRLTXplZXV1SXZiQ2JEOTVxa0h0Q3RDRzFjc2l4OE8zejJzSDlCdFI5U3pYNHd1VXJReUpmT3dPVzh3?oc=5
2024-09-10,AMZN,Amazon,Why Amazon And Oracle Could Both Have 'A Lot To Gain' Working Together - Investor's Business Daily,"EN
Sign in
Before you continue to Google
We use cookies and data to
Deliver and maintain Google services
Track outages and protect against spam, fraud, and abuse
Measure audience engagement and site statistics to understand how our services are used and enhance the quality of those services
If you choose to “Accept all,” we will also use cookies and data to
Develop and improve new services
Deliver and measure the effectiveness of ads
Show personalized content, depending on your settings
Show personalized ads, depending on your settings
If you choose to “Reject all,” we will not use cookies for these additional purposes.
Non-personalized content is influenced by things like the content you’re currently viewing, activity in your active Search session, and your location. Non-personalized ads are influenced by the content you’re currently viewing and your general location. Personalized content and ads can also include more relevant results, recommendations, and tailored ads based on past activity from this browser, like previous Google searches. We also use cookies and data to tailor the experience to be age-appropriate, if relevant.
Select “More options” to see additional information, including details about managing your privacy settings. You can also visit g.co/privacytools at any time.
Reject all
Accept all
More options
Privacy Policy
Terms of Service",https://news.google.com/rss/articles/CBMijAFBVV95cUxOTHNTblhNN05zbU5KajlESEFibV9oUkRMZFRqSW1LVGhxekY1QkFxUUhxbF95alg2RmliVEtaSEdYMXhhLVNlMFhsSUZMd0MxZTR2UHlMaUJWdm9Sb1FYMnVJWnRKMk9nZ01IZkZZS0R5ckZleGdhZFpCNml1UkFVTnRrMUswSFpQblBueA?oc=5
2024-10-23,AMZN,Amazon,"Going Into Earnings, Is Amazon Stock a Buy, a Sell, or Fairly Valued? - Morningstar","EN
Sign in
Before you continue to Google
We use cookies and data to
Deliver and maintain Google services
Track outages and protect against spam, fraud, and abuse
Measure audience engagement and site statistics to understand how our services are used and enhance the quality of those services
If you choose to “Accept all,” we will also use cookies and data to
Develop and improve new services
Deliver and measure the effectiveness of ads
Show personalized content, depending on your settings
Show personalized ads, depending on your settings
If you choose to “Reject all,” we will not use cookies for these additional purposes.
Non-personalized content is influenced by things like the content you’re currently viewing, activity in your active Search session, and your location. Non-personalized ads are influenced by the content you’re currently viewing and your general location. Personalized content and ads can also include more relevant results, recommendations, and tailored ads based on past activity from this browser, like previous Google searches. We also use cookies and data to tailor the experience to be age-appropriate, if relevant.
Select “More options” to see additional information, including details about managing your privacy settings. You can also visit g.co/privacytools at any time.
Reject all
Accept all
More options
Privacy Policy
Terms of Service",https://news.google.com/rss/articles/CBMitgFBVV95cUxQdXp2blNJbldlaVNNZE5UUTJNSXhRTkdSSFY1X0R5Zlk5YjUzRFlid0k4cXl1Ym11WDJnMjBGNVljV29hZU55U2drVFZieF9yY3YwdmhLclc2SEY0MUU2OUFOQ2NwS21XUmFDSTI3WUpnNzItaFAzRDJHNVk1MTZnU1o1QlZpY0Mxb21yMzFzckJFenFsRnFGaFdaYzhtMXhqUW9HSFROT3ZnYnlOZmZFUVNJSFZpdw?oc=5
2024-10-07,AMZN,Amazon,Amazon Stock Falls After Rare Downgrade. Watch Out For These 'Multiple Headwinds' - Investor's Business Daily,"EN
Sign in
Before you continue to Google
We use cookies and data to
Deliver and maintain Google services
Track outages and protect against spam, fraud, and abuse
Measure audience engagement and site statistics to understand how our services are used and enhance the quality of those services
If you choose to “Accept all,” we will also use cookies and data to
Develop and improve new services
Deliver and measure the effectiveness of ads
Show personalized content, depending on your settings
Show personalized ads, depending on your settings
If you choose to “Reject all,” we will not use cookies for these additional purposes.
Non-personalized content is influenced by things like the content you’re currently viewing, activity in your active Search session, and your location. Non-personalized ads are influenced by the content you’re currently viewing and your general location. Personalized content and ads can also include more relevant results, recommendations, and tailored ads based on past activity from this browser, like previous Google searches. We also use cookies and data to tailor the experience to be age-appropriate, if relevant.
Select “More options” to see additional information, including details about managing your privacy settings. You can also visit g.co/privacytools at any time.
Reject all
Accept all
More options
Privacy Policy
Terms of Service",https://news.google.com/rss/articles/CBMilgFBVV95cUxQcEU0dHc3WDZqN0lPcDVvelE0LTNWcUEwYmFNZFNFVUdlNFoxY0ZudGU4akJ1UE0xeW8wa1Y1SDFnRHNxTXFSTUVQazg1WEZOME1VcFBYcHlReXI4bTdpanQycXI0a0xCcy1HTmhXY2w1cDRvN3dOQ1cwYTNNUmVxUlg3el9ScHlvVjRET2dZc29oMGhDYVE?oc=5
2024-10-03,AMZN,Amazon,"If You'd Invested $1,000 in Amazon Stock 27 Years Ago, Here's How Much You'd Have Today - Yahoo Finance","EN
Sign in
Before you continue to Google
We use cookies and data to
Deliver and maintain Google services
Track outages and protect against spam, fraud, and abuse
Measure audience engagement and site statistics to understand how our services are used and enhance the quality of those services
If you choose to “Accept all,” we will also use cookies and data to
Develop and improve new services
Deliver and measure the effectiveness of ads
Show personalized content, depending on your settings
Show personalized ads, depending on your settings
If you choose to “Reject all,” we will not use cookies for these additional purposes.
Non-personalized content is influenced by things like the content you’re currently viewing, activity in your active Search session, and your location. Non-personalized ads are influenced by the content you’re currently viewing and your general location. Personalized content and ads can also include more relevant results, recommendations, and tailored ads based on past activity from this browser, like previous Google searches. We also use cookies and data to tailor the experience to be age-appropriate, if relevant.
Select “More options” to see additional information, including details about managing your privacy settings. You can also visit g.co/privacytools at any time.
Reject all
Accept all
More options
Privacy Policy
Terms of Service",https://news.google.com/rss/articles/CBMifEFVX3lxTE9HeTVSTnJvc0hKMG5yaE9Mb2VSWTdSQnY5TXExTHU3aFdCSU93Vm5LaUtEQXY0aFNacFdpQWZVNlBEUmI3UERQUHZRbllSc2lSTDJXNHREZ2ZGbTEtUkJNTWFrSnNXZ1hWbkdTdHRleGl4a1ExRWhqVURWdmc?oc=5
2024-10-07,AMZN,Amazon,Why Amazon Stock Dropped Early Today - The Motley Fool,"EN
Sign in
Before you continue to Google
We use cookies and data to
Deliver and maintain Google services
Track outages and protect against spam, fraud, and abuse
Measure audience engagement and site statistics to understand how our services are used and enhance the quality of those services
If you choose to “Accept all,” we will also use cookies and data to
Develop and improve new services
Deliver and measure the effectiveness of ads
Show personalized content, depending on your settings
Show personalized ads, depending on your settings
If you choose to “Reject all,” we will not use cookies for these additional purposes.
Non-personalized content is influenced by things like the content you’re currently viewing, activity in your active Search session, and your location. Non-personalized ads are influenced by the content you’re currently viewing and your general location. Personalized content and ads can also include more relevant results, recommendations, and tailored ads based on past activity from this browser, like previous Google searches. We also use cookies and data to tailor the experience to be age-appropriate, if relevant.
Select “More options” to see additional information, including details about managing your privacy settings. You can also visit g.co/privacytools at any time.
Reject all
Accept all
More options
Privacy Policy
Terms of Service",https://news.google.com/rss/articles/CBMiigFBVV95cUxPT2hoUGpPTlFrMXhIcHJfVUJfaWVrR1A0b2dqOC1BcDJPcWhYeWtoWmdSUmZYQlhTTE4xdGhXcTVCdmxveHVPbklYWDhYSU1Ic2JnbmlicEVHSTdTMk41b0JXcVp1UndkNE1CUDBCZVMxeHM0TVJOdExyV3Jlb1Y4UFFiNU1OUzl3a1E?oc=5
2024-09-30,AMZN,Amazon,"AWS Weekly Roundup: Jamba 1.5 family, Llama 3.2, Amazon EC2 C8g and M8g instances and more (Sep 30, 2024) - Amazon Web Services (AWS)","EN
Sign in
Before you continue to Google
We use cookies and data to
Deliver and maintain Google services
Track outages and protect against spam, fraud, and abuse
Measure audience engagement and site statistics to understand how our services are used and enhance the quality of those services
If you choose to “Accept all,” we will also use cookies and data to
Develop and improve new services
Deliver and measure the effectiveness of ads
Show personalized content, depending on your settings
Show personalized ads, depending on your settings
If you choose to “Reject all,” we will not use cookies for these additional purposes.
Non-personalized content is influenced by things like the content you’re currently viewing, activity in your active Search session, and your location. Non-personalized ads are influenced by the content you’re currently viewing and your general location. Personalized content and ads can also include more relevant results, recommendations, and tailored ads based on past activity from this browser, like previous Google searches. We also use cookies and data to tailor the experience to be age-appropriate, if relevant.
Select “More options” to see additional information, including details about managing your privacy settings. You can also visit g.co/privacytools at any time.
Reject all
Accept all
More options
Privacy Policy
Terms of Service",https://news.google.com/rss/articles/CBMizgFBVV95cUxOLWZkSmdTRmF1OUZlaDZWRDFlVjloektMR1VSVklkVHIwTWlXZVlwWndJWkI4MDRHLWRmY0N4Q1I0ZHF0NnR5T19LeDZKZDZDZ21KWEVTMWFoR0R2M0xvNS1VR3dNTG9uNHkwSW5lejkyRVlmbU1EWTlBU0NtVWh3Qm1TRmg1LTNMTE5ibVp5TVRjYnI4bjNaMnZ2VEJMZGhTS0VTMkcxN3hqdUJ6WEZ5eGg0cEhNRjBLSi1vSHhrWVRYNm91dHdlazZSdm9PUQ?oc=5
2024-10-22,AMZN,Amazon,Amazon Earnings: Is The Stock A Buy Before Or After Reporting? - Forbes,"EN
Sign in
Before you continue to Google
We use cookies and data to
Deliver and maintain Google services
Track outages and protect against spam, fraud, and abuse
Measure audience engagement and site statistics to understand how our services are used and enhance the quality of those services
If you choose to “Accept all,” we will also use cookies and data to
Develop and improve new services
Deliver and measure the effectiveness of ads
Show personalized content, depending on your settings
Show personalized ads, depending on your settings
If you choose to “Reject all,” we will not use cookies for these additional purposes.
Non-personalized content is influenced by things like the content you’re currently viewing, activity in your active Search session, and your location. Non-personalized ads are influenced by the content you’re currently viewing and your general location. Personalized content and ads can also include more relevant results, recommendations, and tailored ads based on past activity from this browser, like previous Google searches. We also use cookies and data to tailor the experience to be age-appropriate, if relevant.
Select “More options” to see additional information, including details about managing your privacy settings. You can also visit g.co/privacytools at any time.
Reject all
Accept all
More options
Privacy Policy
Terms of Service",https://news.google.com/rss/articles/CBMirgFBVV95cUxQTjd6Y1NCb1lCU0FxLXhUSzVHZ1l3MU8wdE4tQ3ZVbHpqTDk5NnBoeFBNYUgtaEhsTUlMZFE4UWNzWU5CRVdva0l0ZjU5a3FGMVl1d002VXhsNzl3VXV0Q0gySUlHcFpSdEJ2d0cxUm1aX21URmJUaWhkeXJRcGFjbnB0dm5KenEzRWwyOEZzVnRHckVWMjBGTGtnd2o3SElqa1RiYTdjOWJycUZUZmc?oc=5
2024-10-01,AMZN,Amazon,Analyst revamps Amazon stock price target before October’s key event - TheStreet,"EN
Sign in
Before you continue to Google
We use cookies and data to
Deliver and maintain Google services
Track outages and protect against spam, fraud, and abuse
Measure audience engagement and site statistics to understand how our services are used and enhance the quality of those services
If you choose to “Accept all,” we will also use cookies and data to
Develop and improve new services
Deliver and measure the effectiveness of ads
Show personalized content, depending on your settings
Show personalized ads, depending on your settings
If you choose to “Reject all,” we will not use cookies for these additional purposes.
Non-personalized content is influenced by things like the content you’re currently viewing, activity in your active Search session, and your location. Non-personalized ads are influenced by the content you’re currently viewing and your general location. Personalized content and ads can also include more relevant results, recommendations, and tailored ads based on past activity from this browser, like previous Google searches. We also use cookies and data to tailor the experience to be age-appropriate, if relevant.
Select “More options” to see additional information, including details about managing your privacy settings. You can also visit g.co/privacytools at any time.
Reject all
Accept all
More options
Privacy Policy
Terms of Service",https://news.google.com/rss/articles/CBMirwFBVV95cUxOYVNrNi1JRFVReGFESnF3djBxT05XTG9kc3JwQnlEaThrdElReWZDOWJ6Nnh3dUduQVo1QlRQbEJidE85U3FoYzRaMklGOUpYdjNHYVBNUjl6My1HNWEzeGtLWl9iN3BpNGpTaEpQenJ3bTZFTmN3RnVFVEpqem9pY09NQ3ROeFlNOE5rY1pfV2luYWNmUGUzT01XeTdnOUFTRVVpc1pidFFqWThZYi04?oc=5
2024-10-11,AMZN,Amazon,Amazon Stock Gets 2 New Buy Ratings. Why Analysts Are So Bullish. - Barron's,"EN
Sign in
Before you continue to Google
We use cookies and data to
Deliver and maintain Google services
Track outages and protect against spam, fraud, and abuse
Measure audience engagement and site statistics to understand how our services are used and enhance the quality of those services
If you choose to “Accept all,” we will also use cookies and data to
Develop and improve new services
Deliver and measure the effectiveness of ads
Show personalized content, depending on your settings
Show personalized ads, depending on your settings
If you choose to “Reject all,” we will not use cookies for these additional purposes.
Non-personalized content is influenced by things like the content you’re currently viewing, activity in your active Search session, and your location. Non-personalized ads are influenced by the content you’re currently viewing and your general location. Personalized content and ads can also include more relevant results, recommendations, and tailored ads based on past activity from this browser, like previous Google searches. We also use cookies and data to tailor the experience to be age-appropriate, if relevant.
Select “More options” to see additional information, including details about managing your privacy settings. You can also visit g.co/privacytools at any time.
Reject all
Accept all
More options
Privacy Policy
Terms of Service",https://news.google.com/rss/articles/CBMidEFVX3lxTE9KRUVJVGtieThhOXBvUnFreDhtWGxNbmdOUGJrY2lqalBQTWx0UWxTMi1wWlJON0lBbGFhaVRmSnVZQVFpNXhqRzRRMjJseW9aTVd2RVM1clhkYjhHNmNfZ3BjaUZhVEtuSXlJekV3SFBWUXMw?oc=5
2024-10-07,AMZN,Amazon,Amazon stock sinks as Wells Fargo downgrades shares - Yahoo Finance,"EN
Sign in
Before you continue to Google
We use cookies and data to
Deliver and maintain Google services
Track outages and protect against spam, fraud, and abuse
Measure audience engagement and site statistics to understand how our services are used and enhance the quality of those services
If you choose to “Accept all,” we will also use cookies and data to
Develop and improve new services
Deliver and measure the effectiveness of ads
Show personalized content, depending on your settings
Show personalized ads, depending on your settings
If you choose to “Reject all,” we will not use cookies for these additional purposes.
Non-personalized content is influenced by things like the content you’re currently viewing, activity in your active Search session, and your location. Non-personalized ads are influenced by the content you’re currently viewing and your general location. Personalized content and ads can also include more relevant results, recommendations, and tailored ads based on past activity from this browser, like previous Google searches. We also use cookies and data to tailor the experience to be age-appropriate, if relevant.
Select “More options” to see additional information, including details about managing your privacy settings. You can also visit g.co/privacytools at any time.
Reject all
Accept all
More options
Privacy Policy
Terms of Service",https://news.google.com/rss/articles/CBMingFBVV95cUxOdTBIamhaaDhOeGRmQzNfanpYT2xYbmtVSDQ2bFFUdmVpaHUxMmQ4TlR0SkR0SEQwZXM2N09vYnFvTERwVTduMFBCTk5LWWR0ZVNDUXhXNDNSdm5VT1dhMmNFVHNJb0NIM2d2ZjVOaDRXTTZKM2J6b3ZHQlk2MThxT0hWN0hrd09ldFUwRFlPWW8wSGIzZ1hXa0Z2QmdmZw?oc=5
2024-10-03,AMZN,Amazon,"Online Holiday Shopping Could Set Record. Amazon, Walmart Are Kicking Things Off Early. - Investor's Business Daily","EN
Sign in
Before you continue to Google
We use cookies and data to
Deliver and maintain Google services
Track outages and protect against spam, fraud, and abuse
Measure audience engagement and site statistics to understand how our services are used and enhance the quality of those services
If you choose to “Accept all,” we will also use cookies and data to
Develop and improve new services
Deliver and measure the effectiveness of ads
Show personalized content, depending on your settings
Show personalized ads, depending on your settings
If you choose to “Reject all,” we will not use cookies for these additional purposes.
Non-personalized content is influenced by things like the content you’re currently viewing, activity in your active Search session, and your location. Non-personalized ads are influenced by the content you’re currently viewing and your general location. Personalized content and ads can also include more relevant results, recommendations, and tailored ads based on past activity from this browser, like previous Google searches. We also use cookies and data to tailor the experience to be age-appropriate, if relevant.
Select “More options” to see additional information, including details about managing your privacy settings. You can also visit g.co/privacytools at any time.
Reject all
Accept all
More options
Privacy Policy
Terms of Service",https://news.google.com/rss/articles/CBMilwFBVV95cUxPZV8zdnEtZ3FXUVU2MVh0Uko3WVR0NVUyVDI2N1ZKNHE3TTlETWlNYUlWYjRHVWxkZF9UTy1aZ2VVeFJVczRlc1BxUmRPempXbmhUUmU0Mzlpc0dFOGhVQkdFdDBCOUxObUpubE9rOFNSOS1NaUxkRTVNRjExT21raU9vcllPc0NaSjJ4QmNmcEFrSXF3MnN3?oc=5
2024-09-29,AMZN,Amazon,Where Will Amazon Stock Be in 3 Years? - The Motley Fool,"EN
Sign in
Before you continue to Google
We use cookies and data to
Deliver and maintain Google services
Track outages and protect against spam, fraud, and abuse
Measure audience engagement and site statistics to understand how our services are used and enhance the quality of those services
If you choose to “Accept all,” we will also use cookies and data to
Develop and improve new services
Deliver and measure the effectiveness of ads
Show personalized content, depending on your settings
Show personalized ads, depending on your settings
If you choose to “Reject all,” we will not use cookies for these additional purposes.
Non-personalized content is influenced by things like the content you’re currently viewing, activity in your active Search session, and your location. Non-personalized ads are influenced by the content you’re currently viewing and your general location. Personalized content and ads can also include more relevant results, recommendations, and tailored ads based on past activity from this browser, like previous Google searches. We also use cookies and data to tailor the experience to be age-appropriate, if relevant.
Select “More options” to see additional information, including details about managing your privacy settings. You can also visit g.co/privacytools at any time.
Reject all
Accept all
More options
Privacy Policy
Terms of Service",https://news.google.com/rss/articles/CBMihwFBVV95cUxPQ1BvSWpoVk91dXI3NC1BeEtWekREcm02enJOTGxMMlY1QXBFUW1IWFZncFdtYVVxeVdwbEhQZVktUUp0enhyOW1weWxReEMtX08yYy1hV1BaRmlLalh3NlhmQUJlSGpCcW52T1R4dERORFNiUjJfaXgtSk5OR2NQUTQxVEFNUjg?oc=5
2024-10-03,AMZN,Amazon,"Amazon Plans 250,000 Holiday Hires As Stock Slumps For 7th Trading Day - Investor's Business Daily","EN
Sign in
Before you continue to Google
We use cookies and data to
Deliver and maintain Google services
Track outages and protect against spam, fraud, and abuse
Measure audience engagement and site statistics to understand how our services are used and enhance the quality of those services
If you choose to “Accept all,” we will also use cookies and data to
Develop and improve new services
Deliver and measure the effectiveness of ads
Show personalized content, depending on your settings
Show personalized ads, depending on your settings
If you choose to “Reject all,” we will not use cookies for these additional purposes.
Non-personalized content is influenced by things like the content you’re currently viewing, activity in your active Search session, and your location. Non-personalized ads are influenced by the content you’re currently viewing and your general location. Personalized content and ads can also include more relevant results, recommendations, and tailored ads based on past activity from this browser, like previous Google searches. We also use cookies and data to tailor the experience to be age-appropriate, if relevant.
Select “More options” to see additional information, including details about managing your privacy settings. You can also visit g.co/privacytools at any time.
Reject all
Accept all
More options
Privacy Policy
Terms of Service",https://news.google.com/rss/articles/CBMiiAFBVV95cUxQTkxyUWpBOExCaGoya3lDbEQydU1iSlJJbGhWMy1CaGlqV2VIN3o5NjFOOUI1aWxhc3VmZDQ4b2Z0RGFMTHFqSE52TWRlaEdmelUxWTAzOHZGQVhzc0JjNGUzV2JzajF5d202SjNQM0V1UE1vUmFqd3RvbmV0eTd3UFJ0ZWl0LTNI?oc=5
2024-10-07,AMZN,Amazon,Could Buying Amazon Stock Today Set You Up for Life? - Yahoo Finance,"EN
Sign in
Before you continue to Google
We use cookies and data to
Deliver and maintain Google services
Track outages and protect against spam, fraud, and abuse
Measure audience engagement and site statistics to understand how our services are used and enhance the quality of those services
If you choose to “Accept all,” we will also use cookies and data to
Develop and improve new services
Deliver and measure the effectiveness of ads
Show personalized content, depending on your settings
Show personalized ads, depending on your settings
If you choose to “Reject all,” we will not use cookies for these additional purposes.
Non-personalized content is influenced by things like the content you’re currently viewing, activity in your active Search session, and your location. Non-personalized ads are influenced by the content you’re currently viewing and your general location. Personalized content and ads can also include more relevant results, recommendations, and tailored ads based on past activity from this browser, like previous Google searches. We also use cookies and data to tailor the experience to be age-appropriate, if relevant.
Select “More options” to see additional information, including details about managing your privacy settings. You can also visit g.co/privacytools at any time.
Reject all
Accept all
More options
Privacy Policy
Terms of Service",https://news.google.com/rss/articles/CBMigwFBVV95cUxOUWNDdkFpbXdZcGlQaXljQXZDOGNULWZNd0dCQ1ozWFl2dFAyUDVYYVF3U0tOa3lPWm5RSUFSZTBqQy10MmJjTzBnZHlZQWh4Ym1vaTI1eTZfZy05eVNsaDF1bVdSYzlQQnFXbmtkMmhZcmFxaVpVZTM5QlJhc3ZtS3RXQQ?oc=5
2024-09-27,AMZN,Amazon,Is Amazon Stock A Buy As Tech Giant's Shares Approach July Highs? - Investor's Business Daily,"EN
Sign in
Before you continue to Google
We use cookies and data to
Deliver and maintain Google services
Track outages and protect against spam, fraud, and abuse
Measure audience engagement and site statistics to understand how our services are used and enhance the quality of those services
If you choose to “Accept all,” we will also use cookies and data to
Develop and improve new services
Deliver and measure the effectiveness of ads
Show personalized content, depending on your settings
Show personalized ads, depending on your settings
If you choose to “Reject all,” we will not use cookies for these additional purposes.
Non-personalized content is influenced by things like the content you’re currently viewing, activity in your active Search session, and your location. Non-personalized ads are influenced by the content you’re currently viewing and your general location. Personalized content and ads can also include more relevant results, recommendations, and tailored ads based on past activity from this browser, like previous Google searches. We also use cookies and data to tailor the experience to be age-appropriate, if relevant.
Select “More options” to see additional information, including details about managing your privacy settings. You can also visit g.co/privacytools at any time.
Reject all
Accept all
More options
Privacy Policy
Terms of Service",https://news.google.com/rss/articles/CBMie0FVX3lxTFBDS2ltM3RTSmx3MGp4QzJaOXdsOExXU05Tc3RsUjNkVEhCVTVLR2UwdUFJQmxSdHZzck0xN0tBUktPeDdYdGlnSUk4Nm1oVTc0QTZ6QkVHNnBrbFpvMzJEVnVKcUlpVVMyZUQ5Z2s3OHdOMW1DWWtESlZEMA?oc=5
2024-10-14,AMZN,Amazon,Amazon (AMZN) Stock Dips While Market Gains: Key Facts - Yahoo Finance,"EN
Sign in
Before you continue to Google
We use cookies and data to
Deliver and maintain Google services
Track outages and protect against spam, fraud, and abuse
Measure audience engagement and site statistics to understand how our services are used and enhance the quality of those services
If you choose to “Accept all,” we will also use cookies and data to
Develop and improve new services
Deliver and measure the effectiveness of ads
Show personalized content, depending on your settings
Show personalized ads, depending on your settings
If you choose to “Reject all,” we will not use cookies for these additional purposes.
Non-personalized content is influenced by things like the content you’re currently viewing, activity in your active Search session, and your location. Non-personalized ads are influenced by the content you’re currently viewing and your general location. Personalized content and ads can also include more relevant results, recommendations, and tailored ads based on past activity from this browser, like previous Google searches. We also use cookies and data to tailor the experience to be age-appropriate, if relevant.
Select “More options” to see additional information, including details about managing your privacy settings. You can also visit g.co/privacytools at any time.
Reject all
Accept all
More options
Privacy Policy
Terms of Service",https://news.google.com/rss/articles/CBMif0FVX3lxTE1qbHpuTXNySEFsWFJLN2tCbUVtMHZPZ1c5WjJEVWZIRy1FVnFWcTJSbUE5WFNPa0s0VDZTR0N3aEVrZ2NKZjVtWmZPd2R5RlZQY3gzSGw1d283d244QmRLRnJiejZ0SzdNVUlROGZBbjVuZUxNM3d0XzcwUWFMV2M?oc=5
2024-09-30,AMZN,Amazon,Amazon Stock Gets Price-Target Hike As 'Favorite Mega Cap' - Investor's Business Daily,"EN
Sign in
Before you continue to Google
We use cookies and data to
Deliver and maintain Google services
Track outages and protect against spam, fraud, and abuse
Measure audience engagement and site statistics to understand how our services are used and enhance the quality of those services
If you choose to “Accept all,” we will also use cookies and data to
Develop and improve new services
Deliver and measure the effectiveness of ads
Show personalized content, depending on your settings
Show personalized ads, depending on your settings
If you choose to “Reject all,” we will not use cookies for these additional purposes.
Non-personalized content is influenced by things like the content you’re currently viewing, activity in your active Search session, and your location. Non-personalized ads are influenced by the content you’re currently viewing and your general location. Personalized content and ads can also include more relevant results, recommendations, and tailored ads based on past activity from this browser, like previous Google searches. We also use cookies and data to tailor the experience to be age-appropriate, if relevant.
Select “More options” to see additional information, including details about managing your privacy settings. You can also visit g.co/privacytools at any time.
Reject all
Accept all
More options
Privacy Policy
Terms of Service",https://news.google.com/rss/articles/CBMilgFBVV95cUxOTjJaMUh1QU5NdWNIcnRNOEpyUVR6T3RhWXZfUFN0Wks4UVo2T05zd2dFUkJIeU5nVUdONnRjOHFjMTBxODFzVTNncVYwRG5ZOWhob2o4dkdOYS1HT012U3ZpbjRNMjQtTDZsaGZxZkVrS2NWVmZ0YUY3UEQ0Vk5qU2Z5THppRXlnRnBzNC1KaFJTYUl0b0E?oc=5
2024-10-07,AMZN,Amazon,Why Amazon (AMZN) Shares Are Sliding Today - Yahoo Finance,"EN
Sign in
Before you continue to Google
We use cookies and data to
Deliver and maintain Google services
Track outages and protect against spam, fraud, and abuse
Measure audience engagement and site statistics to understand how our services are used and enhance the quality of those services
If you choose to “Accept all,” we will also use cookies and data to
Develop and improve new services
Deliver and measure the effectiveness of ads
Show personalized content, depending on your settings
Show personalized ads, depending on your settings
If you choose to “Reject all,” we will not use cookies for these additional purposes.
Non-personalized content is influenced by things like the content you’re currently viewing, activity in your active Search session, and your location. Non-personalized ads are influenced by the content you’re currently viewing and your general location. Personalized content and ads can also include more relevant results, recommendations, and tailored ads based on past activity from this browser, like previous Google searches. We also use cookies and data to tailor the experience to be age-appropriate, if relevant.
Select “More options” to see additional information, including details about managing your privacy settings. You can also visit g.co/privacytools at any time.
Reject all
Accept all
More options
Privacy Policy
Terms of Service",https://news.google.com/rss/articles/CBMiggFBVV95cUxQQjNOOHRMOWVKS0dCcVNLR05ES1l4NHpZS0xfMl9vdGdfQjgtZE9XaEJHZmp0Vks0eVdDWmFNTS1EQVdYenJ2V1VrWmszdGJIRnBObVFLazhPQmVhRVczRGVpbU9Lb3I0UFZvbVAzTnRvcTZkeXR5czN3Zlc5ZXhDT3lB?oc=5
2024-10-10,AMZN,Amazon,Amazon Stock Retakes Key Level As E-Commerce Giant Reports 'Record' October Deals Event - Investor's Business Daily,"EN
Sign in
Before you continue to Google
We use cookies and data to
Deliver and maintain Google services
Track outages and protect against spam, fraud, and abuse
Measure audience engagement and site statistics to understand how our services are used and enhance the quality of those services
If you choose to “Accept all,” we will also use cookies and data to
Develop and improve new services
Deliver and measure the effectiveness of ads
Show personalized content, depending on your settings
Show personalized ads, depending on your settings
If you choose to “Reject all,” we will not use cookies for these additional purposes.
Non-personalized content is influenced by things like the content you’re currently viewing, activity in your active Search session, and your location. Non-personalized ads are influenced by the content you’re currently viewing and your general location. Personalized content and ads can also include more relevant results, recommendations, and tailored ads based on past activity from this browser, like previous Google searches. We also use cookies and data to tailor the experience to be age-appropriate, if relevant.
Select “More options” to see additional information, including details about managing your privacy settings. You can also visit g.co/privacytools at any time.
Reject all
Accept all
More options
Privacy Policy
Terms of Service",https://news.google.com/rss/articles/CBMijwFBVV95cUxPZ0RQdmRTc0JpSlNvWDR3bWtmTzAyUkhhV3VJVXNQZTNURld4MldZMHpZYnM4NHNDYmtqVE9sWlZsYUVvanNxXy1qVV9EZFgzdWpaVDB4Z3VYT0EwTF82UzlNOXU1Q1drSmtHeG5RMEszYUVXN0ZPZ2Nvb1JJTFU1NUJaOFo2czFKNlhYbXBzWQ?oc=5
2024-10-25,AMZN,Amazon,Amazon Has 'Never Been Stronger.' Why Some Investors Are Uneasy Heading Into Q3 Report. - Investor's Business Daily,"EN
Sign in
Before you continue to Google
We use cookies and data to
Deliver and maintain Google services
Track outages and protect against spam, fraud, and abuse
Measure audience engagement and site statistics to understand how our services are used and enhance the quality of those services
If you choose to “Accept all,” we will also use cookies and data to
Develop and improve new services
Deliver and measure the effectiveness of ads
Show personalized content, depending on your settings
Show personalized ads, depending on your settings
If you choose to “Reject all,” we will not use cookies for these additional purposes.
Non-personalized content is influenced by things like the content you’re currently viewing, activity in your active Search session, and your location. Non-personalized ads are influenced by the content you’re currently viewing and your general location. Personalized content and ads can also include more relevant results, recommendations, and tailored ads based on past activity from this browser, like previous Google searches. We also use cookies and data to tailor the experience to be age-appropriate, if relevant.
Select “More options” to see additional information, including details about managing your privacy settings. You can also visit g.co/privacytools at any time.
Reject all
Accept all
More options
Privacy Policy
Terms of Service",https://news.google.com/rss/articles/CBMiggFBVV95cUxNdHExT2kzclFaQkJ4dTc3U3ZQQ0podnBROWhPTFpQZXNocVYyU3BzT01qSXpkNEc2T25ucGZfWUY2X3hXSXVqc2p6Z0RobUI0VTAxRllscEJIdFpqZmMtOHhtZFB4eHlPUEoyRUQwWEstbjZWbUlWX0FONFk5a0FmUzF3?oc=5
2024-10-18,AMZN,Amazon,Amazon Sets Third Quarter Earnings Date. Why Its Starlink Competitor Will Be In Focus. - Investor's Business Daily,"EN
Sign in
Before you continue to Google
We use cookies and data to
Deliver and maintain Google services
Track outages and protect against spam, fraud, and abuse
Measure audience engagement and site statistics to understand how our services are used and enhance the quality of those services
If you choose to “Accept all,” we will also use cookies and data to
Develop and improve new services
Deliver and measure the effectiveness of ads
Show personalized content, depending on your settings
Show personalized ads, depending on your settings
If you choose to “Reject all,” we will not use cookies for these additional purposes.
Non-personalized content is influenced by things like the content you’re currently viewing, activity in your active Search session, and your location. Non-personalized ads are influenced by the content you’re currently viewing and your general location. Personalized content and ads can also include more relevant results, recommendations, and tailored ads based on past activity from this browser, like previous Google searches. We also use cookies and data to tailor the experience to be age-appropriate, if relevant.
Select “More options” to see additional information, including details about managing your privacy settings. You can also visit g.co/privacytools at any time.
Reject all
Accept all
More options
Privacy Policy
Terms of Service",https://news.google.com/rss/articles/CBMikwFBVV95cUxNVUx6VnRvMnVBcmlOUE9oTlRQNVV5OHZoQkZ5RmowcXRPbkJyMU00X2JsTUNhUHJzYzhhSEQySzczeHk2ekh2T0NUdkcwR2FWTnkyVV9nWWpDeTc4UjlCN1c5SEZsOEdvQ184R1QzbEp1dWR5Zk9jWHZudzgwT1IyeU13R21kazBVTTJyUVBzTVFoQzA?oc=5
2024-11-14,AMZN,Amazon,Amazon Stock Hits New High As Tech Giant Launches Temu Competitor - Investor's Business Daily,"EN
Sign in
Before you continue to Google
We use cookies and data to
Deliver and maintain Google services
Track outages and protect against spam, fraud, and abuse
Measure audience engagement and site statistics to understand how our services are used and enhance the quality of those services
If you choose to “Accept all,” we will also use cookies and data to
Develop and improve new services
Deliver and measure the effectiveness of ads
Show personalized content, depending on your settings
Show personalized ads, depending on your settings
If you choose to “Reject all,” we will not use cookies for these additional purposes.
Non-personalized content is influenced by things like the content you’re currently viewing, activity in your active Search session, and your location. Non-personalized ads are influenced by the content you’re currently viewing and your general location. Personalized content and ads can also include more relevant results, recommendations, and tailored ads based on past activity from this browser, like previous Google searches. We also use cookies and data to tailor the experience to be age-appropriate, if relevant.
Select “More options” to see additional information, including details about managing your privacy settings. You can also visit g.co/privacytools at any time.
Reject all
Accept all
More options
Privacy Policy
Terms of Service",https://news.google.com/rss/articles/CBMiiwFBVV95cUxPcS1YeGlPUTZ6RTJqUXdmQ0pzcE4xNmg4akNBSlNwZXMtS3Vyd2duR3U4TEJvV1BjOGlUUXo4Y0lxV0hGOWNJVEtZbkRjSWp6RzZpTEw3ZDNXdDVIOVlaLXZOdGZEa3hqZDYxbjRJdFlQLWQ4bUw3bXBlcl9MdTkzQ2FfbWl6b0pfbk9F?oc=5
2024-11-07,AMZN,Amazon,"After Earnings, Is Amazon Stock a Buy, a Sell, or Fairly Valued? - Morningstar","EN
Sign in
Before you continue to Google
We use cookies and data to
Deliver and maintain Google services
Track outages and protect against spam, fraud, and abuse
Measure audience engagement and site statistics to understand how our services are used and enhance the quality of those services
If you choose to “Accept all,” we will also use cookies and data to
Develop and improve new services
Deliver and measure the effectiveness of ads
Show personalized content, depending on your settings
Show personalized ads, depending on your settings
If you choose to “Reject all,” we will not use cookies for these additional purposes.
Non-personalized content is influenced by things like the content you’re currently viewing, activity in your active Search session, and your location. Non-personalized ads are influenced by the content you’re currently viewing and your general location. Personalized content and ads can also include more relevant results, recommendations, and tailored ads based on past activity from this browser, like previous Google searches. We also use cookies and data to tailor the experience to be age-appropriate, if relevant.
Select “More options” to see additional information, including details about managing your privacy settings. You can also visit g.co/privacytools at any time.
Reject all
Accept all
More options
Privacy Policy
Terms of Service",https://news.google.com/rss/articles/CBMimAFBVV95cUxQSTdmSEFwWWZCeUFSbUk4Umkzd0NMRUszaE1EdkhOUFZoMDNOZV9reHJxUDhzeFVGQm52bHdTYzhOU3ZuZUdfWkYyZG0xbHExS3dqVEEteFlhV1EyTVhEY2czRDVHLVd5bmRERmw3UjAxaU5mQldiXzVua2tfZDQyN2Y4eVplbWtGVzAySWJyVDFTOUNVUjhZMw?oc=5
2024-11-08,AMZN,Amazon,Amazon Stock Traded at Record Highs This Week—Watch These Levels - Investopedia,"EN
Sign in
Before you continue to Google
We use cookies and data to
Deliver and maintain Google services
Track outages and protect against spam, fraud, and abuse
Measure audience engagement and site statistics to understand how our services are used and enhance the quality of those services
If you choose to “Accept all,” we will also use cookies and data to
Develop and improve new services
Deliver and measure the effectiveness of ads
Show personalized content, depending on your settings
Show personalized ads, depending on your settings
If you choose to “Reject all,” we will not use cookies for these additional purposes.
Non-personalized content is influenced by things like the content you’re currently viewing, activity in your active Search session, and your location. Non-personalized ads are influenced by the content you’re currently viewing and your general location. Personalized content and ads can also include more relevant results, recommendations, and tailored ads based on past activity from this browser, like previous Google searches. We also use cookies and data to tailor the experience to be age-appropriate, if relevant.
Select “More options” to see additional information, including details about managing your privacy settings. You can also visit g.co/privacytools at any time.
Reject all
Accept all
More options
Privacy Policy
Terms of Service",https://news.google.com/rss/articles/CBMiowFBVV95cUxPYVVlOTM2R1lSZVJZRTJGVjltelBmNW9adGMxNHYtckx6WV9GS1JHR3h2Q3VHc011M0NyMXJoM0p1VmZMVlQ4WjhqX3J1M2Y5TFYwUmpCNUYzOHNZNmduREF4TzhDVmtMaWozdXJoNXRteEhGSG5OdVVHQ2pNdzBKZ3ZTYkJ1Yk1vVEFpZVFTODVjSmJoWXJ3VE81a1R5RXJyNzR3?oc=5
2024-10-29,AMZN,Amazon,Amazon stock could rise above $240 due to these factors - Yahoo Finance,"EN
Sign in
Before you continue to Google
We use cookies and data to
Deliver and maintain Google services
Track outages and protect against spam, fraud, and abuse
Measure audience engagement and site statistics to understand how our services are used and enhance the quality of those services
If you choose to “Accept all,” we will also use cookies and data to
Develop and improve new services
Deliver and measure the effectiveness of ads
Show personalized content, depending on your settings
Show personalized ads, depending on your settings
If you choose to “Reject all,” we will not use cookies for these additional purposes.
Non-personalized content is influenced by things like the content you’re currently viewing, activity in your active Search session, and your location. Non-personalized ads are influenced by the content you’re currently viewing and your general location. Personalized content and ads can also include more relevant results, recommendations, and tailored ads based on past activity from this browser, like previous Google searches. We also use cookies and data to tailor the experience to be age-appropriate, if relevant.
Select “More options” to see additional information, including details about managing your privacy settings. You can also visit g.co/privacytools at any time.
Reject all
Accept all
More options
Privacy Policy
Terms of Service",https://news.google.com/rss/articles/CBMiggFBVV95cUxNTGxtR2RYODNhYlJlRUo5V2FkQk9Wa1VUNlVTc2U4SHM0NlhWZ3oweWFXRWJ1NmxkaUNEajlJY0lUVEhYODQyTEQ0dnZER1BENmJyVlFha1ZfZmgxeVNTQ3hta3R4YjZ0MWY3TDM2V1cxanllZ2lWdHdRZTlMTDZCN0hn?oc=5
2024-11-04,AMZN,Amazon,Here’s the big barrier Amazon stock must overcome to reach fresh highs - MarketWatch,"EN
Sign in
Before you continue to Google
We use cookies and data to
Deliver and maintain Google services
Track outages and protect against spam, fraud, and abuse
Measure audience engagement and site statistics to understand how our services are used and enhance the quality of those services
If you choose to “Accept all,” we will also use cookies and data to
Develop and improve new services
Deliver and measure the effectiveness of ads
Show personalized content, depending on your settings
Show personalized ads, depending on your settings
If you choose to “Reject all,” we will not use cookies for these additional purposes.
Non-personalized content is influenced by things like the content you’re currently viewing, activity in your active Search session, and your location. Non-personalized ads are influenced by the content you’re currently viewing and your general location. Personalized content and ads can also include more relevant results, recommendations, and tailored ads based on past activity from this browser, like previous Google searches. We also use cookies and data to tailor the experience to be age-appropriate, if relevant.
Select “More options” to see additional information, including details about managing your privacy settings. You can also visit g.co/privacytools at any time.
Reject all
Accept all
More options
Privacy Policy
Terms of Service",https://news.google.com/rss/articles/CBMisgFBVV95cUxNS1Nzb2l6MUdULWdTSml5ZVNLV1ZhYllmZW9YSEVuc2UxRHRyLVpvd2ZDVk5HSHNCQ21Rb2QwQmc3RlF6M1ZJa3dIQUwyay1WcU1sQTZRY19Qd3p4cnhINkVWTFFVcHdTYWRJY3p5T2RmNXFMNVJoQWxtdnhIbGtETjVFNjRTcXB1WFp1ajk3d3JkR1VVWU0tRmRqMjVhYWphTjBwNnVEeGl3SjZ4aWhITWJR?oc=5
2024-11-11,AMZN,Amazon,What's Driving Amazon Stock Price Increases in 2024? - Nasdaq,"EN
Sign in
Before you continue to Google
We use cookies and data to
Deliver and maintain Google services
Track outages and protect against spam, fraud, and abuse
Measure audience engagement and site statistics to understand how our services are used and enhance the quality of those services
If you choose to “Accept all,” we will also use cookies and data to
Develop and improve new services
Deliver and measure the effectiveness of ads
Show personalized content, depending on your settings
Show personalized ads, depending on your settings
If you choose to “Reject all,” we will not use cookies for these additional purposes.
Non-personalized content is influenced by things like the content you’re currently viewing, activity in your active Search session, and your location. Non-personalized ads are influenced by the content you’re currently viewing and your general location. Personalized content and ads can also include more relevant results, recommendations, and tailored ads based on past activity from this browser, like previous Google searches. We also use cookies and data to tailor the experience to be age-appropriate, if relevant.
Select “More options” to see additional information, including details about managing your privacy settings. You can also visit g.co/privacytools at any time.
Reject all
Accept all
More options
Privacy Policy
Terms of Service",https://news.google.com/rss/articles/CBMihgFBVV95cUxOWHV0Wl9HdmcyYWhBLTZJNWxJY0xWRm9OUTF6VW1qYUIzUzlSMnN5SW1MNktGTHdYcE8yN2cwVF9EUWN4TU9OQ01HRHJMR1JYYVc2ZURDTVFVWEMxTzE4MlIwTEY4alZHWlRRa2l5cjJqVVdhSFk4aGg3bUkyT1dQaVdFY3BsQQ?oc=5
2024-11-01,AMZN,Amazon,Jeff Bezos unloading $3B worth of Amazon stock in latest sale - GeekWire,"EN
Sign in
Before you continue to Google
We use cookies and data to
Deliver and maintain Google services
Track outages and protect against spam, fraud, and abuse
Measure audience engagement and site statistics to understand how our services are used and enhance the quality of those services
If you choose to “Accept all,” we will also use cookies and data to
Develop and improve new services
Deliver and measure the effectiveness of ads
Show personalized content, depending on your settings
Show personalized ads, depending on your settings
If you choose to “Reject all,” we will not use cookies for these additional purposes.
Non-personalized content is influenced by things like the content you’re currently viewing, activity in your active Search session, and your location. Non-personalized ads are influenced by the content you’re currently viewing and your general location. Personalized content and ads can also include more relevant results, recommendations, and tailored ads based on past activity from this browser, like previous Google searches. We also use cookies and data to tailor the experience to be age-appropriate, if relevant.
Select “More options” to see additional information, including details about managing your privacy settings. You can also visit g.co/privacytools at any time.
Reject all
Accept all
More options
Privacy Policy
Terms of Service",https://news.google.com/rss/articles/CBMikwFBVV95cUxPN0NYZkQ5ZEs1SF9Cc0VQaEFzcDdQOTUxX1p5NThUQkk4bE5KRjJ3Mi1rb0pwTEctekhaWElVekZTc0dDVTlsdzQ0V2pFdHR3UnJUZlZYYTN3eE9vTXJKNHRaZ0hRdTRTZmJFLXYwR29DRUVfRDRoSmV3NmdaVWhGZWIzNHFUUC1fM2RzbGpQbVo5NkE?oc=5
2024-11-01,AMZN,Amazon,Stocks rise with Amazon; US yields up ahead of US election - Reuters,"EN
Sign in
Before you continue to Google
We use cookies and data to
Deliver and maintain Google services
Track outages and protect against spam, fraud, and abuse
Measure audience engagement and site statistics to understand how our services are used and enhance the quality of those services
If you choose to “Accept all,” we will also use cookies and data to
Develop and improve new services
Deliver and measure the effectiveness of ads
Show personalized content, depending on your settings
Show personalized ads, depending on your settings
If you choose to “Reject all,” we will not use cookies for these additional purposes.
Non-personalized content is influenced by things like the content you’re currently viewing, activity in your active Search session, and your location. Non-personalized ads are influenced by the content you’re currently viewing and your general location. Personalized content and ads can also include more relevant results, recommendations, and tailored ads based on past activity from this browser, like previous Google searches. We also use cookies and data to tailor the experience to be age-appropriate, if relevant.
Select “More options” to see additional information, including details about managing your privacy settings. You can also visit g.co/privacytools at any time.
Reject all
Accept all
More options
Privacy Policy
Terms of Service",https://news.google.com/rss/articles/CBMidkFVX3lxTFBrdHRIUGpQM1pMb3QzMVVkVlhiWDdPU1pPakpKaDVVX2FUZVJYbTdtZUxBYUpKMTdaQVJaN0wxdTM2YlFObDN6TGJRMGtiSTBGVEZwVmlheDIxb0NpRmd3NW5HbUdvcl9ZUl9FWE4zTXlHd2lxT0E?oc=5
2024-10-31,AMZN,Amazon,Amazon Stock Jumps After Earnings Report Record $15.3 Billion Profit - The New York Times,"EN
Sign in
Before you continue to Google
We use cookies and data to
Deliver and maintain Google services
Track outages and protect against spam, fraud, and abuse
Measure audience engagement and site statistics to understand how our services are used and enhance the quality of those services
If you choose to “Accept all,” we will also use cookies and data to
Develop and improve new services
Deliver and measure the effectiveness of ads
Show personalized content, depending on your settings
Show personalized ads, depending on your settings
If you choose to “Reject all,” we will not use cookies for these additional purposes.
Non-personalized content is influenced by things like the content you’re currently viewing, activity in your active Search session, and your location. Non-personalized ads are influenced by the content you’re currently viewing and your general location. Personalized content and ads can also include more relevant results, recommendations, and tailored ads based on past activity from this browser, like previous Google searches. We also use cookies and data to tailor the experience to be age-appropriate, if relevant.
Select “More options” to see additional information, including details about managing your privacy settings. You can also visit g.co/privacytools at any time.
Reject all
Accept all
More options
Privacy Policy
Terms of Service",https://news.google.com/rss/articles/CBMidkFVX3lxTE9rc2FFejRPTWpScm9XcGFDc2NrdzVNejc0TllsVUxtZHc5QjNpSGZ5Zmh5VFZzNFRtWkdTTWVoUm1zNjZ2WHNOSFk2WGRXXzV2Q00yWC1zeVk0SFFIS0dIMUlVZUgwU1Z3VG1MeFhuUEJ4ekFEcEE?oc=5
2024-11-01,AMZN,Amazon,Goldman Sachs analyst updates Amazon stock price target after earnings - TheStreet,"EN
Sign in
Before you continue to Google
We use cookies and data to
Deliver and maintain Google services
Track outages and protect against spam, fraud, and abuse
Measure audience engagement and site statistics to understand how our services are used and enhance the quality of those services
If you choose to “Accept all,” we will also use cookies and data to
Develop and improve new services
Deliver and measure the effectiveness of ads
Show personalized content, depending on your settings
Show personalized ads, depending on your settings
If you choose to “Reject all,” we will not use cookies for these additional purposes.
Non-personalized content is influenced by things like the content you’re currently viewing, activity in your active Search session, and your location. Non-personalized ads are influenced by the content you’re currently viewing and your general location. Personalized content and ads can also include more relevant results, recommendations, and tailored ads based on past activity from this browser, like previous Google searches. We also use cookies and data to tailor the experience to be age-appropriate, if relevant.
Select “More options” to see additional information, including details about managing your privacy settings. You can also visit g.co/privacytools at any time.
Reject all
Accept all
More options
Privacy Policy
Terms of Service",https://news.google.com/rss/articles/CBMiqgFBVV95cUxNb0VtOFpaTjZUb2F6MDNPSGNZdVRpSlhVQmt1WDRISXBuLUNRbWFCU3hmSHBnVmg3RGNKZ0t2OTZvWHl0emJvVTlvYjBBd2p0M0ZBcm8yTmZ0NWZwamhuSE9pV2d6US02T09PZklLTm55QVRUUTRQQ1piTkZfZjZONHAyS2lYdjNwVngxZVVSb1hZeWh2blh1V0EyUklwelI4bGkyM1Y1VkVJdw?oc=5
2024-10-31,AMZN,Amazon,"Cloud growth helps Amazon to another earnings beat, and its stock jumps - SiliconANGLE","EN
Sign in
Before you continue to Google
We use cookies and data to
Deliver and maintain Google services
Track outages and protect against spam, fraud, and abuse
Measure audience engagement and site statistics to understand how our services are used and enhance the quality of those services
If you choose to “Accept all,” we will also use cookies and data to
Develop and improve new services
Deliver and measure the effectiveness of ads
Show personalized content, depending on your settings
Show personalized ads, depending on your settings
If you choose to “Reject all,” we will not use cookies for these additional purposes.
Non-personalized content is influenced by things like the content you’re currently viewing, activity in your active Search session, and your location. Non-personalized ads are influenced by the content you’re currently viewing and your general location. Personalized content and ads can also include more relevant results, recommendations, and tailored ads based on past activity from this browser, like previous Google searches. We also use cookies and data to tailor the experience to be age-appropriate, if relevant.
Select “More options” to see additional information, including details about managing your privacy settings. You can also visit g.co/privacytools at any time.
Reject all
Accept all
More options
Privacy Policy
Terms of Service",https://news.google.com/rss/articles/CBMipwFBVV95cUxNQXlLclNKeXZDUFhwdDJTcHExLUREVWlBTHIxSy1oUEJkM1VrSFJoaVdYdlU3T3UzS20xVGROMTFseEhoRGNWSDhPcGpJdVotWUNCQlUxcDhDUHZEOENQU3U4a1RsYzZBMlNxVjNiUTVud3lERmo0d1JWTUxZeVphdmJvU2hTRVJsMlF5Y3BuVEVEd2FyZjBxOGk1LUJ3R2hBZUpudzhCcw?oc=5
2024-11-26,AMZN,Amazon,Amazon Stock Rises. Why The Tech Giant Could Have A Black Friday Advantage. - Investor's Business Daily,"EN
Sign in
Before you continue to Google
We use cookies and data to
Deliver and maintain Google services
Track outages and protect against spam, fraud, and abuse
Measure audience engagement and site statistics to understand how our services are used and enhance the quality of those services
If you choose to “Accept all,” we will also use cookies and data to
Develop and improve new services
Deliver and measure the effectiveness of ads
Show personalized content, depending on your settings
Show personalized ads, depending on your settings
If you choose to “Reject all,” we will not use cookies for these additional purposes.
Non-personalized content is influenced by things like the content you’re currently viewing, activity in your active Search session, and your location. Non-personalized ads are influenced by the content you’re currently viewing and your general location. Personalized content and ads can also include more relevant results, recommendations, and tailored ads based on past activity from this browser, like previous Google searches. We also use cookies and data to tailor the experience to be age-appropriate, if relevant.
Select “More options” to see additional information, including details about managing your privacy settings. You can also visit g.co/privacytools at any time.
Reject all
Accept all
More options
Privacy Policy
Terms of Service",https://news.google.com/rss/articles/CBMilgFBVV95cUxPUGpPeVhHLVVKWU42b0hkRzVLbUtlMVQ3SDhDbnpwc20xZzBabHVEUG90X01JM216NWxXbkp2OGNwejROczBxaXBXSXZRZWNRYjIwanNuQkVsaHZnSXMxQmRCWHEyTWtiNWswWjF3M0Roank0bGtab3EwcVhtU054dVJTQVY2bjVQR1dTbjZlRml5TVJfcGc?oc=5
2024-11-15,AMZN,Amazon,Why Amazon (AMZN) Stock Is Down Today - Yahoo Finance,"EN
Sign in
Before you continue to Google
We use cookies and data to
Deliver and maintain Google services
Track outages and protect against spam, fraud, and abuse
Measure audience engagement and site statistics to understand how our services are used and enhance the quality of those services
If you choose to “Accept all,” we will also use cookies and data to
Develop and improve new services
Deliver and measure the effectiveness of ads
Show personalized content, depending on your settings
Show personalized ads, depending on your settings
If you choose to “Reject all,” we will not use cookies for these additional purposes.
Non-personalized content is influenced by things like the content you’re currently viewing, activity in your active Search session, and your location. Non-personalized ads are influenced by the content you’re currently viewing and your general location. Personalized content and ads can also include more relevant results, recommendations, and tailored ads based on past activity from this browser, like previous Google searches. We also use cookies and data to tailor the experience to be age-appropriate, if relevant.
Select “More options” to see additional information, including details about managing your privacy settings. You can also visit g.co/privacytools at any time.
Reject all
Accept all
More options
Privacy Policy
Terms of Service",https://news.google.com/rss/articles/CBMifEFVX3lxTE50amVFdnVrNS1FU2dPZzdhVF8zWkpkY3ZieWNZMUt2WXNEd0pOV0pLRUtMSk5Uem1RZGprQmpzTldnZG1YekNHc1lCRlJuTjNnQzRxOG5pYnFpYWJUbXpBeTVkM3ROMWpsU1ZRUlZaY25ybmhYaHlCQ25mT04?oc=5
2024-11-01,AMZN,Amazon,Amazon Stock Climbs as Analysts Raise Price Targets on Soaring AI Growth - Investopedia,"EN
Sign in
Before you continue to Google
We use cookies and data to
Deliver and maintain Google services
Track outages and protect against spam, fraud, and abuse
Measure audience engagement and site statistics to understand how our services are used and enhance the quality of those services
If you choose to “Accept all,” we will also use cookies and data to
Develop and improve new services
Deliver and measure the effectiveness of ads
Show personalized content, depending on your settings
Show personalized ads, depending on your settings
If you choose to “Reject all,” we will not use cookies for these additional purposes.
Non-personalized content is influenced by things like the content you’re currently viewing, activity in your active Search session, and your location. Non-personalized ads are influenced by the content you’re currently viewing and your general location. Personalized content and ads can also include more relevant results, recommendations, and tailored ads based on past activity from this browser, like previous Google searches. We also use cookies and data to tailor the experience to be age-appropriate, if relevant.
Select “More options” to see additional information, including details about managing your privacy settings. You can also visit g.co/privacytools at any time.
Reject all
Accept all
More options
Privacy Policy
Terms of Service",https://news.google.com/rss/articles/CBMirgFBVV95cUxOa0xNT1FLQTVYbkxkemo2b3VJVzFZUEdLajR5akQ0eUx0Y3FJdGRsQ2xLcUh2UHlybGZUVk5MZGMyNEJWcUxBbm1NeWxKMkdXSzhDQmttOXVoeWk0bUZkX19IZHg4b3FJclhwZzFmekhpemV6eDFXeWNxaVBCUGdDcUNYb3MzWjlZVGs0UlJxQ05RNDV5UXN5Z0pCbm1MVXJEZUtEMXhjSHpRdHFoZ1E?oc=5
2024-11-01,AMZN,Amazon,"Amazon, IBD Stock of The Day, Jumps 6% As Earnings Beat Eases Investor Fears - Investor's Business Daily","EN
Sign in
Before you continue to Google
We use cookies and data to
Deliver and maintain Google services
Track outages and protect against spam, fraud, and abuse
Measure audience engagement and site statistics to understand how our services are used and enhance the quality of those services
If you choose to “Accept all,” we will also use cookies and data to
Develop and improve new services
Deliver and measure the effectiveness of ads
Show personalized content, depending on your settings
Show personalized ads, depending on your settings
If you choose to “Reject all,” we will not use cookies for these additional purposes.
Non-personalized content is influenced by things like the content you’re currently viewing, activity in your active Search session, and your location. Non-personalized ads are influenced by the content you’re currently viewing and your general location. Personalized content and ads can also include more relevant results, recommendations, and tailored ads based on past activity from this browser, like previous Google searches. We also use cookies and data to tailor the experience to be age-appropriate, if relevant.
Select “More options” to see additional information, including details about managing your privacy settings. You can also visit g.co/privacytools at any time.
Reject all
Accept all
More options
Privacy Policy
Terms of Service",https://news.google.com/rss/articles/CBMilgFBVV95cUxPN1dMenREendhZm9KX1RuS2hWN185NDJ1dzZHV1RXZ2VJQTgxY2ZKN2Z1THBnbGJGUW02WjFRb0NpWEhuOGY5YzJzUW1TWHlOb0JzUTA0SkVzVDY4emlmcmZtRVljRnFETlFSc2Mtc3ZMMFVfTUIzblFXRGM3elJ6OFJjSTI2eUR6a2RjY1R6SVJhQ2pKcEE?oc=5
2024-11-01,AMZN,Amazon,Amazon stock pops after Q3 earnings beat - Yahoo Finance,"EN
Sign in
Before you continue to Google
We use cookies and data to
Deliver and maintain Google services
Track outages and protect against spam, fraud, and abuse
Measure audience engagement and site statistics to understand how our services are used and enhance the quality of those services
If you choose to “Accept all,” we will also use cookies and data to
Develop and improve new services
Deliver and measure the effectiveness of ads
Show personalized content, depending on your settings
Show personalized ads, depending on your settings
If you choose to “Reject all,” we will not use cookies for these additional purposes.
Non-personalized content is influenced by things like the content you’re currently viewing, activity in your active Search session, and your location. Non-personalized ads are influenced by the content you’re currently viewing and your general location. Personalized content and ads can also include more relevant results, recommendations, and tailored ads based on past activity from this browser, like previous Google searches. We also use cookies and data to tailor the experience to be age-appropriate, if relevant.
Select “More options” to see additional information, including details about managing your privacy settings. You can also visit g.co/privacytools at any time.
Reject all
Accept all
More options
Privacy Policy
Terms of Service",https://news.google.com/rss/articles/CBMijwFBVV95cUxOSmFQUEdFS0hmanA2WTZmaG9scnhLM1c5NmlPaE5VSl9mSDZoRzhsNUJJcTdoVUV1cWZMakNSU0ZqeXg1cHRiU21EQmMtMTJiNkJhVTJBeFZSbGw2eWo5UDdsaGNvY2FGN3N0b0Z5cUQ4eGZ2SUpwYnNTdEx6c2w5am9JV1VqU0JTcDEwTkhsZw?oc=5
2024-10-31,AMZN,Amazon,"Amazon Stock Jumps on Earnings Beat, Cloud Growth - Investopedia","EN
Sign in
Before you continue to Google
We use cookies and data to
Deliver and maintain Google services
Track outages and protect against spam, fraud, and abuse
Measure audience engagement and site statistics to understand how our services are used and enhance the quality of those services
If you choose to “Accept all,” we will also use cookies and data to
Develop and improve new services
Deliver and measure the effectiveness of ads
Show personalized content, depending on your settings
Show personalized ads, depending on your settings
If you choose to “Reject all,” we will not use cookies for these additional purposes.
Non-personalized content is influenced by things like the content you’re currently viewing, activity in your active Search session, and your location. Non-personalized ads are influenced by the content you’re currently viewing and your general location. Personalized content and ads can also include more relevant results, recommendations, and tailored ads based on past activity from this browser, like previous Google searches. We also use cookies and data to tailor the experience to be age-appropriate, if relevant.
Select “More options” to see additional information, including details about managing your privacy settings. You can also visit g.co/privacytools at any time.
Reject all
Accept all
More options
Privacy Policy
Terms of Service",https://news.google.com/rss/articles/CBMilwFBVV95cUxNX2MwS3JlRFR2UWtZV0pnN3UyVFdmV3F3aWpDNkNWMm5HUW9TNVg5X3YzUUF5RWIzNUtaXzA0aG1uX2hDS3ZzaDFwWHRzZktwUkxpTUtNUW1hYmdqR3Q1MERXdEdLTWszZV9QVWpfOTVYR05jZlJFUlQ3Z2QyWm42elA2YzhxVlBfRmdoUk5NamFrc0lDOVJF?oc=5
2024-10-31,AMZN,Amazon,Amazon Stock Jumps As Cloud Business Powers Earnings Beat - Investor's Business Daily,"EN
Sign in
Before you continue to Google
We use cookies and data to
Deliver and maintain Google services
Track outages and protect against spam, fraud, and abuse
Measure audience engagement and site statistics to understand how our services are used and enhance the quality of those services
If you choose to “Accept all,” we will also use cookies and data to
Develop and improve new services
Deliver and measure the effectiveness of ads
Show personalized content, depending on your settings
Show personalized ads, depending on your settings
If you choose to “Reject all,” we will not use cookies for these additional purposes.
Non-personalized content is influenced by things like the content you’re currently viewing, activity in your active Search session, and your location. Non-personalized ads are influenced by the content you’re currently viewing and your general location. Personalized content and ads can also include more relevant results, recommendations, and tailored ads based on past activity from this browser, like previous Google searches. We also use cookies and data to tailor the experience to be age-appropriate, if relevant.
Select “More options” to see additional information, including details about managing your privacy settings. You can also visit g.co/privacytools at any time.
Reject all
Accept all
More options
Privacy Policy
Terms of Service",https://news.google.com/rss/articles/CBMilgFBVV95cUxOczYwZmtyY3Jxa3dSQ3NRcUFZNkhkY0ctemxWTWlUZ09PZjVBb3dqc1JMY1M5UjJ3ZUdlbFhZeXY3Y2xXZXRkUUpmWWFnTDlBbnBxOW9aNUJ5NWxlUVdMVGhyTzFFcjdQdnhCSi1VeXdzLUVsa1Y2bWZ5a1hlU3Y5TUhKLVNQcGR0M1RHWlpBWGNFaExnS1E?oc=5
2024-11-17,AMZN,Amazon,Bezos Wraps Up Sale Of $3.4B Worth Of Amazon Shares - Yahoo Finance,"EN
Sign in
Before you continue to Google
We use cookies and data to
Deliver and maintain Google services
Track outages and protect against spam, fraud, and abuse
Measure audience engagement and site statistics to understand how our services are used and enhance the quality of those services
If you choose to “Accept all,” we will also use cookies and data to
Develop and improve new services
Deliver and measure the effectiveness of ads
Show personalized content, depending on your settings
Show personalized ads, depending on your settings
If you choose to “Reject all,” we will not use cookies for these additional purposes.
Non-personalized content is influenced by things like the content you’re currently viewing, activity in your active Search session, and your location. Non-personalized ads are influenced by the content you’re currently viewing and your general location. Personalized content and ads can also include more relevant results, recommendations, and tailored ads based on past activity from this browser, like previous Google searches. We also use cookies and data to tailor the experience to be age-appropriate, if relevant.
Select “More options” to see additional information, including details about managing your privacy settings. You can also visit g.co/privacytools at any time.
Reject all
Accept all
More options
Privacy Policy
Terms of Service",https://news.google.com/rss/articles/CBMidkFVX3lxTFBMc2NCSzdwTEU3ZHdmYlp3V3lmY1RmV0ZIeHU1WDVJNWFmQVE4akM5UFNGR2JBZWs0dDVTaTFOTDRla2NaNjZvdG9qdEFadU1vM3hFcjdBUGxlUHFJVUF6RnZUV1BaTDdEaDRBUHVicmFPczd6S1E?oc=5
2024-10-31,AMZN,Amazon,Watch These Amazon Price Levels as Stock Jumps After Cloud Growth Drives Earnings Beat - Investopedia,"EN
Sign in
Before you continue to Google
We use cookies and data to
Deliver and maintain Google services
Track outages and protect against spam, fraud, and abuse
Measure audience engagement and site statistics to understand how our services are used and enhance the quality of those services
If you choose to “Accept all,” we will also use cookies and data to
Develop and improve new services
Deliver and measure the effectiveness of ads
Show personalized content, depending on your settings
Show personalized ads, depending on your settings
If you choose to “Reject all,” we will not use cookies for these additional purposes.
Non-personalized content is influenced by things like the content you’re currently viewing, activity in your active Search session, and your location. Non-personalized ads are influenced by the content you’re currently viewing and your general location. Personalized content and ads can also include more relevant results, recommendations, and tailored ads based on past activity from this browser, like previous Google searches. We also use cookies and data to tailor the experience to be age-appropriate, if relevant.
Select “More options” to see additional information, including details about managing your privacy settings. You can also visit g.co/privacytools at any time.
Reject all
Accept all
More options
Privacy Policy
Terms of Service",https://news.google.com/rss/articles/CBMiwAFBVV95cUxOdjR0TGMzdzdNeVhBSnkzdTVuWktWR0JCTmhvS1dkZ3Q5ZTlPaWcyeFVqTTNCWmdEenJZdlBWbjBCaW14bGUyQ0tYQzZtV0lDWTBMbE8zS3V3VGpGNWU2UnE5OFpqenBtZU4zY3gxb05LNGpQUDZlTFloOU5FZ0hmTGxuOEl1cDhxREhNTDM2UEFPQmFaTlloa2I1THpQdVl0M1puS0hSOFZ4WEswYThiZTkwNjJyYlVnZVI3WnF1cGs?oc=5
2024-12-10,AMZN,Amazon,Amazon Stock Gets Price Target Hike On Generative AI Momentum - Investor's Business Daily,"EN
Sign in
Before you continue to Google
We use cookies and data to
Deliver and maintain Google services
Track outages and protect against spam, fraud, and abuse
Measure audience engagement and site statistics to understand how our services are used and enhance the quality of those services
If you choose to “Accept all,” we will also use cookies and data to
Develop and improve new services
Deliver and measure the effectiveness of ads
Show personalized content, depending on your settings
Show personalized ads, depending on your settings
If you choose to “Reject all,” we will not use cookies for these additional purposes.
Non-personalized content is influenced by things like the content you’re currently viewing, activity in your active Search session, and your location. Non-personalized ads are influenced by the content you’re currently viewing and your general location. Personalized content and ads can also include more relevant results, recommendations, and tailored ads based on past activity from this browser, like previous Google searches. We also use cookies and data to tailor the experience to be age-appropriate, if relevant.
Select “More options” to see additional information, including details about managing your privacy settings. You can also visit g.co/privacytools at any time.
Reject all
Accept all
More options
Privacy Policy
Terms of Service",https://news.google.com/rss/articles/CBMimwFBVV95cUxPNUUzWmd0OXBTckVVNUo5U0lhYWRLV1RYc1NHc1Rnc2xCWm5xelcyckM0LVotRW9sc25FdzEzV0pza0p2czE4UnpKdi1OR0J5Z2tnNFZJa3k5Y2VKc3lYckZNLUl0SE9IdUZ3bkRJLXhUdGcydF9vSDQ5SHV2Ri13MUpPOThZR1FqTHppUnZUVl9QNFk4N2ZkWEhhTQ?oc=5
2024-12-02,AMZN,Amazon,"If You Invested in Amazon Stock Over the 2023 Holiday Season, Here’s How Much It’d Be Worth Now - Nasdaq","EN
Sign in
Before you continue to Google
We use cookies and data to
Deliver and maintain Google services
Track outages and protect against spam, fraud, and abuse
Measure audience engagement and site statistics to understand how our services are used and enhance the quality of those services
If you choose to “Accept all,” we will also use cookies and data to
Develop and improve new services
Deliver and measure the effectiveness of ads
Show personalized content, depending on your settings
Show personalized ads, depending on your settings
If you choose to “Reject all,” we will not use cookies for these additional purposes.
Non-personalized content is influenced by things like the content you’re currently viewing, activity in your active Search session, and your location. Non-personalized ads are influenced by the content you’re currently viewing and your general location. Personalized content and ads can also include more relevant results, recommendations, and tailored ads based on past activity from this browser, like previous Google searches. We also use cookies and data to tailor the experience to be age-appropriate, if relevant.
Select “More options” to see additional information, including details about managing your privacy settings. You can also visit g.co/privacytools at any time.
Reject all
Accept all
More options
Privacy Policy
Terms of Service",https://news.google.com/rss/articles/CBMiuAFBVV95cUxQeTlrVWw5ZGJxOVN4ckR4TnlTckl2SmcyOFB6REVTbk5tMFNHYVBqNjczV2ktSjd3dlY2Rk9iM05XOTJXWTYwTWs0VjdlVkF6dVljclR2ZGtlcnF6ZEFzM1d0UWlFcVhnTFE4bFJncUVTQ3JRYmwwb3dmblJ1V1RNWVBqZHhveVBqMFVQNzF3RkNLZkpQY0xXckhBVjJFbGplUlIzeVFCN01aRmcxaFlqZm9BbjVRNkI5?oc=5
2024-12-18,AMZN,Amazon,"These Two Mag 7 Stocks Are Top Ideas for 2025, Analysts Say - Barron's","EN
Sign in
Before you continue to Google
We use cookies and data to
Deliver and maintain Google services
Track outages and protect against spam, fraud, and abuse
Measure audience engagement and site statistics to understand how our services are used and enhance the quality of those services
If you choose to “Accept all,” we will also use cookies and data to
Develop and improve new services
Deliver and measure the effectiveness of ads
Show personalized content, depending on your settings
Show personalized ads, depending on your settings
If you choose to “Reject all,” we will not use cookies for these additional purposes.
Non-personalized content is influenced by things like the content you’re currently viewing, activity in your active Search session, and your location. Non-personalized ads are influenced by the content you’re currently viewing and your general location. Personalized content and ads can also include more relevant results, recommendations, and tailored ads based on past activity from this browser, like previous Google searches. We also use cookies and data to tailor the experience to be age-appropriate, if relevant.
Select “More options” to see additional information, including details about managing your privacy settings. You can also visit g.co/privacytools at any time.
Reject all
Accept all
More options
Privacy Policy
Terms of Service",https://news.google.com/rss/articles/CBMiggFBVV95cUxNSmN4Tm5tNzRlYW1xNmF4TDBoODlIa0FNNzhWQW9YbTFqbm1VemVpU3d3dzJBM3RvTXZyb01Ub0x4YWgwMTdSUVFMbU50aDFsMlVtSW1NenA4eDVHVVg4cGtBdFdmdURRWmVXYzFJVEZrejU5dUlSWEQ4aTA0eE5PbmJn?oc=5
2024-12-11,AMZN,Amazon,What’s Happening With Amazon Stock? - Forbes,"EN
Sign in
Before you continue to Google
We use cookies and data to
Deliver and maintain Google services
Track outages and protect against spam, fraud, and abuse
Measure audience engagement and site statistics to understand how our services are used and enhance the quality of those services
If you choose to “Accept all,” we will also use cookies and data to
Develop and improve new services
Deliver and measure the effectiveness of ads
Show personalized content, depending on your settings
Show personalized ads, depending on your settings
If you choose to “Reject all,” we will not use cookies for these additional purposes.
Non-personalized content is influenced by things like the content you’re currently viewing, activity in your active Search session, and your location. Non-personalized ads are influenced by the content you’re currently viewing and your general location. Personalized content and ads can also include more relevant results, recommendations, and tailored ads based on past activity from this browser, like previous Google searches. We also use cookies and data to tailor the experience to be age-appropriate, if relevant.
Select “More options” to see additional information, including details about managing your privacy settings. You can also visit g.co/privacytools at any time.
Reject all
Accept all
More options
Privacy Policy
Terms of Service",https://news.google.com/rss/articles/CBMilwFBVV95cUxPWl91ZXJ3aGxMR1BYYTFjem9mTUtDV3Z6eTY3Q0djSzQ5VGd1NmRzODhsQTdlclJTUFctMm9WSjBJcXotZEVKTEVTVEJfeVJIbHI3RDRrc2JCdVF5VTZ0VndVLV9KTGpvM2VjbGVoWWJJR3Z1VC1WQnpOWGp3VGR2bVJ1cTFaQzNLbUoxckNuTEYyUDlGSS1v?oc=5
2024-12-05,AMZN,Amazon,Watch These Amazon Price Levels as Stock Hits New Record High - Investopedia,"EN
Sign in
Before you continue to Google
We use cookies and data to
Deliver and maintain Google services
Track outages and protect against spam, fraud, and abuse
Measure audience engagement and site statistics to understand how our services are used and enhance the quality of those services
If you choose to “Accept all,” we will also use cookies and data to
Develop and improve new services
Deliver and measure the effectiveness of ads
Show personalized content, depending on your settings
Show personalized ads, depending on your settings
If you choose to “Reject all,” we will not use cookies for these additional purposes.
Non-personalized content is influenced by things like the content you’re currently viewing, activity in your active Search session, and your location. Non-personalized ads are influenced by the content you’re currently viewing and your general location. Personalized content and ads can also include more relevant results, recommendations, and tailored ads based on past activity from this browser, like previous Google searches. We also use cookies and data to tailor the experience to be age-appropriate, if relevant.
Select “More options” to see additional information, including details about managing your privacy settings. You can also visit g.co/privacytools at any time.
Reject all
Accept all
More options
Privacy Policy
Terms of Service",https://news.google.com/rss/articles/CBMinwFBVV95cUxNTGVjNW1wcERGNi12MlB1SHB2d0Q2bDZVVUl5U2RkRDBha0pCNGNXLXdFdVZkN2hGWVNBNGM2aENHcFZ5Z2kyM2ZaNHhYN0FlXzNqbnVjcExhQzIyVHJjYTYxM3pEQnE4VFFOaUIxR2g1R2xwcng1XzU0cWVPQmxfYnBNZDBWSXZXY3EwbHVNN29aZkdJZVlPcXlaX3FZa3M?oc=5
2024-12-19,AMZN,Amazon,Amazon: Teamsters Strike Unlikely to Have Meaningful Impact - Morningstar,"EN
Sign in
Before you continue to Google
We use cookies and data to
Deliver and maintain Google services
Track outages and protect against spam, fraud, and abuse
Measure audience engagement and site statistics to understand how our services are used and enhance the quality of those services
If you choose to “Accept all,” we will also use cookies and data to
Develop and improve new services
Deliver and measure the effectiveness of ads
Show personalized content, depending on your settings
Show personalized ads, depending on your settings
If you choose to “Reject all,” we will not use cookies for these additional purposes.
Non-personalized content is influenced by things like the content you’re currently viewing, activity in your active Search session, and your location. Non-personalized ads are influenced by the content you’re currently viewing and your general location. Personalized content and ads can also include more relevant results, recommendations, and tailored ads based on past activity from this browser, like previous Google searches. We also use cookies and data to tailor the experience to be age-appropriate, if relevant.
Select “More options” to see additional information, including details about managing your privacy settings. You can also visit g.co/privacytools at any time.
Reject all
Accept all
More options
Privacy Policy
Terms of Service",https://news.google.com/rss/articles/CBMilAFBVV95cUxNLU1YRjB6VzhHS1hOLTlYYzlNdVd2ZDFQMUJKcE00bjRWZmUxREFMLWJKY2UwYzJhdk5CaVlub0swaVdRa1hCVTVpbHdtMnlsc2ZpdElQZkFBcWlUWElTSFpvNzRFSDJVSlR0cnRaNktiVm9qLWpXelpOQ1YtRFdOb2drNFRVbWFPWlZaampYN0ZXXy1F?oc=5
2024-11-30,AMZN,Amazon,Why Amazon (AMZN) Stock Jumped 10% in One Month - Yahoo Finance,"EN
Sign in
Before you continue to Google
We use cookies and data to
Deliver and maintain Google services
Track outages and protect against spam, fraud, and abuse
Measure audience engagement and site statistics to understand how our services are used and enhance the quality of those services
If you choose to “Accept all,” we will also use cookies and data to
Develop and improve new services
Deliver and measure the effectiveness of ads
Show personalized content, depending on your settings
Show personalized ads, depending on your settings
If you choose to “Reject all,” we will not use cookies for these additional purposes.
Non-personalized content is influenced by things like the content you’re currently viewing, activity in your active Search session, and your location. Non-personalized ads are influenced by the content you’re currently viewing and your general location. Personalized content and ads can also include more relevant results, recommendations, and tailored ads based on past activity from this browser, like previous Google searches. We also use cookies and data to tailor the experience to be age-appropriate, if relevant.
Select “More options” to see additional information, including details about managing your privacy settings. You can also visit g.co/privacytools at any time.
Reject all
Accept all
More options
Privacy Policy
Terms of Service",https://news.google.com/rss/articles/CBMif0FVX3lxTE5aQmZnWkl0d3pBYzNiWGQwaE1YcnFMa3piTmE3cnpEbVV3czgtMFB0cnU3OFYxeUFYRTBsb1QxQjhONjM5MXhDNGhnNW9jLUxIZnd3SjJfb0k5QXNEMURnZnZ6WnVxcUV3RjBBWGd6bm5VaFVlazlIU3FkNkpPLUk?oc=5
2024-12-04,AMZN,Amazon,Should You Buy Amazon Stock Before Dec. 19? - The Motley Fool,"EN
Sign in
Before you continue to Google
We use cookies and data to
Deliver and maintain Google services
Track outages and protect against spam, fraud, and abuse
Measure audience engagement and site statistics to understand how our services are used and enhance the quality of those services
If you choose to “Accept all,” we will also use cookies and data to
Develop and improve new services
Deliver and measure the effectiveness of ads
Show personalized content, depending on your settings
Show personalized ads, depending on your settings
If you choose to “Reject all,” we will not use cookies for these additional purposes.
Non-personalized content is influenced by things like the content you’re currently viewing, activity in your active Search session, and your location. Non-personalized ads are influenced by the content you’re currently viewing and your general location. Personalized content and ads can also include more relevant results, recommendations, and tailored ads based on past activity from this browser, like previous Google searches. We also use cookies and data to tailor the experience to be age-appropriate, if relevant.
Select “More options” to see additional information, including details about managing your privacy settings. You can also visit g.co/privacytools at any time.
Reject all
Accept all
More options
Privacy Policy
Terms of Service",https://news.google.com/rss/articles/CBMijAFBVV95cUxObllMWVliakNaQlRmT2dPSWVuaGdMSE5BdFNiWnFhVWhWaGtraEQ0OGw2ZUJOTXJ6My01bFFBdHNTVHNRaDdYRlctZ2Q0V2Y3SmQyQ21ST213OTAzTHpzZXFuUnlvc28wamZzWVk1eGZIb0dIQ2hESzBSb0VRdUNjMm91M3dEWFEzSXlLdA?oc=5
2024-12-10,AMZN,Amazon,Analysts revamp Amazon stock price target after AWS AI update - TheStreet,"EN
Sign in
Before you continue to Google
We use cookies and data to
Deliver and maintain Google services
Track outages and protect against spam, fraud, and abuse
Measure audience engagement and site statistics to understand how our services are used and enhance the quality of those services
If you choose to “Accept all,” we will also use cookies and data to
Develop and improve new services
Deliver and measure the effectiveness of ads
Show personalized content, depending on your settings
Show personalized ads, depending on your settings
If you choose to “Reject all,” we will not use cookies for these additional purposes.
Non-personalized content is influenced by things like the content you’re currently viewing, activity in your active Search session, and your location. Non-personalized ads are influenced by the content you’re currently viewing and your general location. Personalized content and ads can also include more relevant results, recommendations, and tailored ads based on past activity from this browser, like previous Google searches. We also use cookies and data to tailor the experience to be age-appropriate, if relevant.
Select “More options” to see additional information, including details about managing your privacy settings. You can also visit g.co/privacytools at any time.
Reject all
Accept all
More options
Privacy Policy
Terms of Service",https://news.google.com/rss/articles/CBMipwFBVV95cUxONDl3ejg1OUtkbzdJMDQ0ZngzWUVtOTlYOUtEM2JONjhkQU5iOHVlY2ZVTmE3YnQ1aFpIZ0gxVEI2OXZ5ckdodnhDTnRNblVKeVQyX2V6bTFPZTBGVVptQkFmOHowcUVfSkl1V2tSYXB4Sk1LSnI5Nks4ODZLazBwZk9WNl9OOXZxOE13bklReFlIbWtzYjlxd2otU1BKWW5NMFpabGV3Zw?oc=5
2024-11-26,AMZN,Amazon,Amazon Stock Rises. Why The Tech Giant Could Have A Black Friday Advantage. - Investor's Business Daily,"EN
Sign in
Before you continue to Google
We use cookies and data to
Deliver and maintain Google services
Track outages and protect against spam, fraud, and abuse
Measure audience engagement and site statistics to understand how our services are used and enhance the quality of those services
If you choose to “Accept all,” we will also use cookies and data to
Develop and improve new services
Deliver and measure the effectiveness of ads
Show personalized content, depending on your settings
Show personalized ads, depending on your settings
If you choose to “Reject all,” we will not use cookies for these additional purposes.
Non-personalized content is influenced by things like the content you’re currently viewing, activity in your active Search session, and your location. Non-personalized ads are influenced by the content you’re currently viewing and your general location. Personalized content and ads can also include more relevant results, recommendations, and tailored ads based on past activity from this browser, like previous Google searches. We also use cookies and data to tailor the experience to be age-appropriate, if relevant.
Select “More options” to see additional information, including details about managing your privacy settings. You can also visit g.co/privacytools at any time.
Reject all
Accept all
More options
Privacy Policy
Terms of Service",https://news.google.com/rss/articles/CBMilgFBVV95cUxPUGpPeVhHLVVKWU42b0hkRzVLbUtlMVQ3SDhDbnpwc20xZzBabHVEUG90X01JM216NWxXbkp2OGNwejROczBxaXBXSXZRZWNRYjIwanNuQkVsaHZnSXMxQmRCWHEyTWtiNWswWjF3M0Roank0bGtab3EwcVhtU054dVJTQVY2bjVQR1dTbjZlRml5TVJfcGc?oc=5
2024-12-02,AMZN,Amazon,2 Reasons to Buy Amazon Stock Like There's No Tomorrow - Nasdaq,"EN
Sign in
Before you continue to Google
We use cookies and data to
Deliver and maintain Google services
Track outages and protect against spam, fraud, and abuse
Measure audience engagement and site statistics to understand how our services are used and enhance the quality of those services
If you choose to “Accept all,” we will also use cookies and data to
Develop and improve new services
Deliver and measure the effectiveness of ads
Show personalized content, depending on your settings
Show personalized ads, depending on your settings
If you choose to “Reject all,” we will not use cookies for these additional purposes.
Non-personalized content is influenced by things like the content you’re currently viewing, activity in your active Search session, and your location. Non-personalized ads are influenced by the content you’re currently viewing and your general location. Personalized content and ads can also include more relevant results, recommendations, and tailored ads based on past activity from this browser, like previous Google searches. We also use cookies and data to tailor the experience to be age-appropriate, if relevant.
Select “More options” to see additional information, including details about managing your privacy settings. You can also visit g.co/privacytools at any time.
Reject all
Accept all
More options
Privacy Policy
Terms of Service",https://news.google.com/rss/articles/CBMigwFBVV95cUxQekxLb3BncC1kSWZhLUVyX0EybkZGb3hzMWpDV21ndF9CTExOZ0ZlRDJEUUNyYWNhR2xLQ2dscmdJbzJLbS1KcUdQdVB3RTV3UFNBbEh6Q0U1NzdvamkwTXZUTjNhZmtCQzdpYVhIYU1XeFh4UjREekt5TDdPSm1HTDl5Yw?oc=5
2024-12-22,AMZN,Amazon,Why Amazon.com (AMZN) Is the Best Stock to Buy and Hold for 3 Years? - Yahoo Finance,"EN
Sign in
Before you continue to Google
We use cookies and data to
Deliver and maintain Google services
Track outages and protect against spam, fraud, and abuse
Measure audience engagement and site statistics to understand how our services are used and enhance the quality of those services
If you choose to “Accept all,” we will also use cookies and data to
Develop and improve new services
Deliver and measure the effectiveness of ads
Show personalized content, depending on your settings
Show personalized ads, depending on your settings
If you choose to “Reject all,” we will not use cookies for these additional purposes.
Non-personalized content is influenced by things like the content you’re currently viewing, activity in your active Search session, and your location. Non-personalized ads are influenced by the content you’re currently viewing and your general location. Personalized content and ads can also include more relevant results, recommendations, and tailored ads based on past activity from this browser, like previous Google searches. We also use cookies and data to tailor the experience to be age-appropriate, if relevant.
Select “More options” to see additional information, including details about managing your privacy settings. You can also visit g.co/privacytools at any time.
Reject all
Accept all
More options
Privacy Policy
Terms of Service",https://news.google.com/rss/articles/CBMiekFVX3lxTE9fUm1sdGhnM2RSMGI3ckM0UHVCcVFxZzNMeTJjZVJtdU9DaXFmb1Y0alAwQ0QzVUlieDZpWjNLYzdPOE1mU213akhvWlpkSXhjYzNBZU5XaFhZekdRMWJzWnI1YXh5Vk9XVWlFMUtYRE9HMmNPYVFWRkR3?oc=5
2024-12-25,AMZN,Amazon,Should You Buy Amazon Stock in 2025? - The Motley Fool,"EN
Sign in
Before you continue to Google
We use cookies and data to
Deliver and maintain Google services
Track outages and protect against spam, fraud, and abuse
Measure audience engagement and site statistics to understand how our services are used and enhance the quality of those services
If you choose to “Accept all,” we will also use cookies and data to
Develop and improve new services
Deliver and measure the effectiveness of ads
Show personalized content, depending on your settings
Show personalized ads, depending on your settings
If you choose to “Reject all,” we will not use cookies for these additional purposes.
Non-personalized content is influenced by things like the content you’re currently viewing, activity in your active Search session, and your location. Non-personalized ads are influenced by the content you’re currently viewing and your general location. Personalized content and ads can also include more relevant results, recommendations, and tailored ads based on past activity from this browser, like previous Google searches. We also use cookies and data to tailor the experience to be age-appropriate, if relevant.
Select “More options” to see additional information, including details about managing your privacy settings. You can also visit g.co/privacytools at any time.
Reject all
Accept all
More options
Privacy Policy
Terms of Service",https://news.google.com/rss/articles/CBMihAFBVV95cUxPZWoya3MyaWtVNWZ5eTRkVXowSjVwbzVSQVJLbHp4bkdvaDNFWEhGX2M4LXRoYXdNdmtmRFAtaU5tV2NyZklRWXIxVGhSWjB1dlI0ZkFja3RmOTBCYkx3ZnFjNFlraUJIdzE1T2owUzhnbUU1ZTVBaEw3eU9GdHkzS0ZFZ3U?oc=5
2024-12-09,AMZN,Amazon,Apple and Amazon Stocks Are Flirting With Records - Barron's,"EN
Sign in
Before you continue to Google
We use cookies and data to
Deliver and maintain Google services
Track outages and protect against spam, fraud, and abuse
Measure audience engagement and site statistics to understand how our services are used and enhance the quality of those services
If you choose to “Accept all,” we will also use cookies and data to
Develop and improve new services
Deliver and measure the effectiveness of ads
Show personalized content, depending on your settings
Show personalized ads, depending on your settings
If you choose to “Reject all,” we will not use cookies for these additional purposes.
Non-personalized content is influenced by things like the content you’re currently viewing, activity in your active Search session, and your location. Non-personalized ads are influenced by the content you’re currently viewing and your general location. Personalized content and ads can also include more relevant results, recommendations, and tailored ads based on past activity from this browser, like previous Google searches. We also use cookies and data to tailor the experience to be age-appropriate, if relevant.
Select “More options” to see additional information, including details about managing your privacy settings. You can also visit g.co/privacytools at any time.
Reject all
Accept all
More options
Privacy Policy
Terms of Service",https://news.google.com/rss/articles/CBMi1AFBVV95cUxNekdWX2VuRnRsb3BqbXp3eFdCVU9NRnhVWjNmczFiYXI0MTVrcFdRMnl1RDFqUWpURUotT1l1ZEtETUtNcFJVQkJHbnREWGVwbG9ndi1TYnJrOHRSODlPcnZGQWlIbmFVbG13VFA1MUFIYWhDcnVtbFJlQ1BXN1NzSVNLRDNPaUJDNXZCTUllWjFweGNxdjJ3WnFlTGxrLVJObEZnaXNHX0k5TEQ3aWxaLVd1X1JpRU93VzFwX1FSTk81OU04cFJmY0FVU1VPV1lVLWMwWA?oc=5
2024-11-29,AMZN,Amazon,"E-Commerce Spending Hits Thanksgiving Record. Amazon, Shopify Stock Gain In Black Friday Trading. - Investor's Business Daily","EN
Sign in
Before you continue to Google
We use cookies and data to
Deliver and maintain Google services
Track outages and protect against spam, fraud, and abuse
Measure audience engagement and site statistics to understand how our services are used and enhance the quality of those services
If you choose to “Accept all,” we will also use cookies and data to
Develop and improve new services
Deliver and measure the effectiveness of ads
Show personalized content, depending on your settings
Show personalized ads, depending on your settings
If you choose to “Reject all,” we will not use cookies for these additional purposes.
Non-personalized content is influenced by things like the content you’re currently viewing, activity in your active Search session, and your location. Non-personalized ads are influenced by the content you’re currently viewing and your general location. Personalized content and ads can also include more relevant results, recommendations, and tailored ads based on past activity from this browser, like previous Google searches. We also use cookies and data to tailor the experience to be age-appropriate, if relevant.
Select “More options” to see additional information, including details about managing your privacy settings. You can also visit g.co/privacytools at any time.
Reject all
Accept all
More options
Privacy Policy
Terms of Service",https://news.google.com/rss/articles/CBMiogFBVV95cUxPVW1TcV9zWXU3dHhMZGdYYXNKZWt3NGxoUjItWU1EekZUU3otMmtlYTJKTU50OUZiUklEb05Ud2FGUzVIMGpPNFRrd0d6SHNNQmxNc3kzMWU1V2MxV0l6aVhnS21uNlVOaXM1MmlLX2ZiVVM5TWRINkVPQkF3LVlVX1JTb19VMFpxeTVQSEtndldyM3pQZjNyNHNicFB4ZG9rc0E?oc=5
2024-11-29,AMZN,Amazon,Why Amazon.com (AMZN) Stock Is a Buy for the Next 3 Months? - Yahoo Finance,"EN
Sign in
Before you continue to Google
We use cookies and data to
Deliver and maintain Google services
Track outages and protect against spam, fraud, and abuse
Measure audience engagement and site statistics to understand how our services are used and enhance the quality of those services
If you choose to “Accept all,” we will also use cookies and data to
Develop and improve new services
Deliver and measure the effectiveness of ads
Show personalized content, depending on your settings
Show personalized ads, depending on your settings
If you choose to “Reject all,” we will not use cookies for these additional purposes.
Non-personalized content is influenced by things like the content you’re currently viewing, activity in your active Search session, and your location. Non-personalized ads are influenced by the content you’re currently viewing and your general location. Personalized content and ads can also include more relevant results, recommendations, and tailored ads based on past activity from this browser, like previous Google searches. We also use cookies and data to tailor the experience to be age-appropriate, if relevant.
Select “More options” to see additional information, including details about managing your privacy settings. You can also visit g.co/privacytools at any time.
Reject all
Accept all
More options
Privacy Policy
Terms of Service",https://news.google.com/rss/articles/CBMie0FVX3lxTFAySFFEY3V1Wk4xa0pQOXhMZ2x3MGNpQmJ0bklOcHJ3MFJFcW9UbEQ4dEJmdEpxRThVUThKSFRSRDBuVGRReUg1RS1BaXo4ZTdDMjRuR0taTklXZUpNdFd5UEtrRlZGOFlobVNhMmNLbUZCNXdQTXFPemFFVQ?oc=5
2024-12-02,AMZN,Amazon,Amazon's Cloud Business Kicks Off Re:Invent Customer Conference With Generative AI Focus - Investor's Business Daily,"EN
Sign in
Before you continue to Google
We use cookies and data to
Deliver and maintain Google services
Track outages and protect against spam, fraud, and abuse
Measure audience engagement and site statistics to understand how our services are used and enhance the quality of those services
If you choose to “Accept all,” we will also use cookies and data to
Develop and improve new services
Deliver and measure the effectiveness of ads
Show personalized content, depending on your settings
Show personalized ads, depending on your settings
If you choose to “Reject all,” we will not use cookies for these additional purposes.
Non-personalized content is influenced by things like the content you’re currently viewing, activity in your active Search session, and your location. Non-personalized ads are influenced by the content you’re currently viewing and your general location. Personalized content and ads can also include more relevant results, recommendations, and tailored ads based on past activity from this browser, like previous Google searches. We also use cookies and data to tailor the experience to be age-appropriate, if relevant.
Select “More options” to see additional information, including details about managing your privacy settings. You can also visit g.co/privacytools at any time.
Reject all
Accept all
More options
Privacy Policy
Terms of Service",https://news.google.com/rss/articles/CBMigAFBVV95cUxNYWFaZFN6Ujk4SGwzMjY2TUQ0QVpHMzhLd0lRSnRCdU15dkVzQ3lBajZjR2ppRllJNFpTenlxcU5iTkoyOE42X24tUF9oVGtJaExJbDZXS2VGMXkxeXYxR2pFZGhwSjgxcEpNWVJRY0FPcnZ3Nkh5OHVGWVl1ckMtVw?oc=5
2024-12-02,AMZN,Amazon,"Amazon.com, Inc. (AMZN) is Among the Best Stocks to Buy For Long Term Growth According to This Indicator - Yahoo Finance","EN
Sign in
Before you continue to Google
We use cookies and data to
Deliver and maintain Google services
Track outages and protect against spam, fraud, and abuse
Measure audience engagement and site statistics to understand how our services are used and enhance the quality of those services
If you choose to “Accept all,” we will also use cookies and data to
Develop and improve new services
Deliver and measure the effectiveness of ads
Show personalized content, depending on your settings
Show personalized ads, depending on your settings
If you choose to “Reject all,” we will not use cookies for these additional purposes.
Non-personalized content is influenced by things like the content you’re currently viewing, activity in your active Search session, and your location. Non-personalized ads are influenced by the content you’re currently viewing and your general location. Personalized content and ads can also include more relevant results, recommendations, and tailored ads based on past activity from this browser, like previous Google searches. We also use cookies and data to tailor the experience to be age-appropriate, if relevant.
Select “More options” to see additional information, including details about managing your privacy settings. You can also visit g.co/privacytools at any time.
Reject all
Accept all
More options
Privacy Policy
Terms of Service",https://news.google.com/rss/articles/CBMie0FVX3lxTE1mVVIwTFBQbFBXYlI1YzFjUkZ6VlNyTkRpMnotNFNNY292aXROekxyTDNlZERxenZjdnZfSTg5dFIxTmd3aFNzZk4yRmE1d3pnT25hYWpvdGUwamtUWFEzT3BjZHBVMHdIUDdMbjg5cTR2MHlqMC1SSHo3dw?oc=5
2024-12-04,AMZN,Amazon,Amazon Challenges Nvidia's AI Chip Crown. But Investors Bet Both Can Be AI Winners. - Investor's Business Daily,"EN
Sign in
Before you continue to Google
We use cookies and data to
Deliver and maintain Google services
Track outages and protect against spam, fraud, and abuse
Measure audience engagement and site statistics to understand how our services are used and enhance the quality of those services
If you choose to “Accept all,” we will also use cookies and data to
Develop and improve new services
Deliver and measure the effectiveness of ads
Show personalized content, depending on your settings
Show personalized ads, depending on your settings
If you choose to “Reject all,” we will not use cookies for these additional purposes.
Non-personalized content is influenced by things like the content you’re currently viewing, activity in your active Search session, and your location. Non-personalized ads are influenced by the content you’re currently viewing and your general location. Personalized content and ads can also include more relevant results, recommendations, and tailored ads based on past activity from this browser, like previous Google searches. We also use cookies and data to tailor the experience to be age-appropriate, if relevant.
Select “More options” to see additional information, including details about managing your privacy settings. You can also visit g.co/privacytools at any time.
Reject all
Accept all
More options
Privacy Policy
Terms of Service",https://news.google.com/rss/articles/CBMiiAFBVV95cUxQN1Z4cW9YM2xLdUpaMldEX1c4YWtUeEpMOEF2RzNEYlkyalp0aXJKYnJDUGdnZGFScF9wY1NVQVdnQkVXV21OaXMxU0hfNkh5bUJqRnhCMUpjSDZySHpfU01ldnZhbnRNbVBXemNLQVVIeXRlaHcxMW1abjBEN25TeU1oVUZCZ3VL?oc=5
2024-12-10,AMZN,Amazon,2 Reasons to Buy Amazon Stock Like There's No Tomorrow - The Motley Fool,"EN
Sign in
Before you continue to Google
We use cookies and data to
Deliver and maintain Google services
Track outages and protect against spam, fraud, and abuse
Measure audience engagement and site statistics to understand how our services are used and enhance the quality of those services
If you choose to “Accept all,” we will also use cookies and data to
Develop and improve new services
Deliver and measure the effectiveness of ads
Show personalized content, depending on your settings
Show personalized ads, depending on your settings
If you choose to “Reject all,” we will not use cookies for these additional purposes.
Non-personalized content is influenced by things like the content you’re currently viewing, activity in your active Search session, and your location. Non-personalized ads are influenced by the content you’re currently viewing and your general location. Personalized content and ads can also include more relevant results, recommendations, and tailored ads based on past activity from this browser, like previous Google searches. We also use cookies and data to tailor the experience to be age-appropriate, if relevant.
Select “More options” to see additional information, including details about managing your privacy settings. You can also visit g.co/privacytools at any time.
Reject all
Accept all
More options
Privacy Policy
Terms of Service",https://news.google.com/rss/articles/CBMikwFBVV95cUxNaXBjVmp1NWQteEdVUnJvSC00UndTS3hDblItb1c0UkNGajZSNmpHZVhJTjJ4OXJFM1FoQnNoaEZQSFBHb1ZYSkg3YVVDS1VPZm5pXzVUNl9kZGRCOEp2TWg3OFZfczB0cUFkOFJHZ25nUTNsZU9GbXRWQXdaTXhnODgwVVV4aWRtSzUxRzdkT29XNGs?oc=5
2025-01-07,AMZN,Amazon,London Stock Exchange Group uses Amazon Q Business to enhance post-trade client services - Amazon Web Services (AWS),"EN
Sign in
Before you continue to Google
We use cookies and data to
Deliver and maintain Google services
Track outages and protect against spam, fraud, and abuse
Measure audience engagement and site statistics to understand how our services are used and enhance the quality of those services
If you choose to “Accept all,” we will also use cookies and data to
Develop and improve new services
Deliver and measure the effectiveness of ads
Show personalized content, depending on your settings
Show personalized ads, depending on your settings
If you choose to “Reject all,” we will not use cookies for these additional purposes.
Non-personalized content is influenced by things like the content you’re currently viewing, activity in your active Search session, and your location. Non-personalized ads are influenced by the content you’re currently viewing and your general location. Personalized content and ads can also include more relevant results, recommendations, and tailored ads based on past activity from this browser, like previous Google searches. We also use cookies and data to tailor the experience to be age-appropriate, if relevant.
Select “More options” to see additional information, including details about managing your privacy settings. You can also visit g.co/privacytools at any time.
Reject all
Accept all
More options
Privacy Policy
Terms of Service",https://news.google.com/rss/articles/CBMi0AFBVV95cUxNR3NMems5eW9lVHEwaXlhVDM2TTdDR1h1YlIwRlNEVUMzZjhuemUzSy0tU0hhM2pqZnRBV0JmX01lSkpGSEdlWVBRb00ta05RMG5zeG03M200alRkajNQRlo0NDBlWURpMUFWaGJwY2dCR0NfQzRsakFuMGdtdDk1Qnk5SXhWeERFT29GeG9mVGZYdThuNzl2Z0k0YlNEVExlYldpMXY3X1M5RmRmT2dwT0F4TVBOQ3pFQmhHX2ttMVVhWE9VRGdUZ1BRb0hmd1dy?oc=5
2024-12-31,AMZN,Amazon,"Investing $10,000 in Amazon in 2004 - US News Money","EN
Sign in
Before you continue to Google
We use cookies and data to
Deliver and maintain Google services
Track outages and protect against spam, fraud, and abuse
Measure audience engagement and site statistics to understand how our services are used and enhance the quality of those services
If you choose to “Accept all,” we will also use cookies and data to
Develop and improve new services
Deliver and measure the effectiveness of ads
Show personalized content, depending on your settings
Show personalized ads, depending on your settings
If you choose to “Reject all,” we will not use cookies for these additional purposes.
Non-personalized content is influenced by things like the content you’re currently viewing, activity in your active Search session, and your location. Non-personalized ads are influenced by the content you’re currently viewing and your general location. Personalized content and ads can also include more relevant results, recommendations, and tailored ads based on past activity from this browser, like previous Google searches. We also use cookies and data to tailor the experience to be age-appropriate, if relevant.
Select “More options” to see additional information, including details about managing your privacy settings. You can also visit g.co/privacytools at any time.
Reject all
Accept all
More options
Privacy Policy
Terms of Service",https://news.google.com/rss/articles/CBMimwFBVV95cUxNREpiTlMyaGpIdHMwSTVXQl9rSWFZZjJZVlZJUFI4MmxmUnZBV1NmZGNyb0lRWndPQi1NTHROaW5BaTlQbzYwRUU3cElvN0JHQmhldXVjbVpnX2Ffb1dTUDZmZm1HZWY3ZXBPOHhPVFV1b1NJRkdTNlJOaDM1MFh4N2pmTmZTVTdQNkU4VkNSbXpTVkN5SUNFUWtlUQ?oc=5
2025-01-24,AMZN,Amazon,"Going Into Earnings, Is Amazon Stock a Buy, a Sell, or Fairly Valued? - Morningstar","EN
Sign in
Before you continue to Google
We use cookies and data to
Deliver and maintain Google services
Track outages and protect against spam, fraud, and abuse
Measure audience engagement and site statistics to understand how our services are used and enhance the quality of those services
If you choose to “Accept all,” we will also use cookies and data to
Develop and improve new services
Deliver and measure the effectiveness of ads
Show personalized content, depending on your settings
Show personalized ads, depending on your settings
If you choose to “Reject all,” we will not use cookies for these additional purposes.
Non-personalized content is influenced by things like the content you’re currently viewing, activity in your active Search session, and your location. Non-personalized ads are influenced by the content you’re currently viewing and your general location. Personalized content and ads can also include more relevant results, recommendations, and tailored ads based on past activity from this browser, like previous Google searches. We also use cookies and data to tailor the experience to be age-appropriate, if relevant.
Select “More options” to see additional information, including details about managing your privacy settings. You can also visit g.co/privacytools at any time.
Reject all
Accept all
More options
Privacy Policy
Terms of Service",https://news.google.com/rss/articles/CBMinwFBVV95cUxPbGtFR212X2JVV0lMWDl0R01JOGM2T1V3NGRfVzRVcE5od0lmdEYzc3VQNHRZWVQ3OHBOcF8wSEVLN2s5MWhrQVRheGtsdjdrNTdrTTcxUklOVDRDYk9LZGJ4R3FRMjFQYll3QlBHNkpTeW10T0VtekJoSUZoWnJ5akNud3E5VzdteHB3cF9DMXhaOFhQQmtPa1laMWgyUUk?oc=5
2025-01-05,AMZN,Amazon,Could Buying Amazon Stock Today Set You Up for Life? - Yahoo Finance,"EN
Sign in
Before you continue to Google
We use cookies and data to
Deliver and maintain Google services
Track outages and protect against spam, fraud, and abuse
Measure audience engagement and site statistics to understand how our services are used and enhance the quality of those services
If you choose to “Accept all,” we will also use cookies and data to
Develop and improve new services
Deliver and measure the effectiveness of ads
Show personalized content, depending on your settings
Show personalized ads, depending on your settings
If you choose to “Reject all,” we will not use cookies for these additional purposes.
Non-personalized content is influenced by things like the content you’re currently viewing, activity in your active Search session, and your location. Non-personalized ads are influenced by the content you’re currently viewing and your general location. Personalized content and ads can also include more relevant results, recommendations, and tailored ads based on past activity from this browser, like previous Google searches. We also use cookies and data to tailor the experience to be age-appropriate, if relevant.
Select “More options” to see additional information, including details about managing your privacy settings. You can also visit g.co/privacytools at any time.
Reject all
Accept all
More options
Privacy Policy
Terms of Service",https://news.google.com/rss/articles/CBMigwFBVV95cUxPb3AxVUJ6dkY0ZThnOEMzTTJYeUZmRHI5OVJYRHV1aXNnQ3ZmTjE3VGducUs0TVVxejRfMDRWM2FlTHg2UkZlMkRMVnltbnhOVmp0VWdTRW52MXktS1RMRWlfWUs4aTRXZFNfdE9hZ0F3a044VGpYSVZVZGN4aEMwdnY3WQ?oc=5
2025-01-24,AMZN,Amazon,"Amazon, Walmart Rivalry Enters New Era As Tech Giant Chases Revenue Crown - Investor's Business Daily","EN
Sign in
Before you continue to Google
We use cookies and data to
Deliver and maintain Google services
Track outages and protect against spam, fraud, and abuse
Measure audience engagement and site statistics to understand how our services are used and enhance the quality of those services
If you choose to “Accept all,” we will also use cookies and data to
Develop and improve new services
Deliver and measure the effectiveness of ads
Show personalized content, depending on your settings
Show personalized ads, depending on your settings
If you choose to “Reject all,” we will not use cookies for these additional purposes.
Non-personalized content is influenced by things like the content you’re currently viewing, activity in your active Search session, and your location. Non-personalized ads are influenced by the content you’re currently viewing and your general location. Personalized content and ads can also include more relevant results, recommendations, and tailored ads based on past activity from this browser, like previous Google searches. We also use cookies and data to tailor the experience to be age-appropriate, if relevant.
Select “More options” to see additional information, including details about managing your privacy settings. You can also visit g.co/privacytools at any time.
Reject all
Accept all
More options
Privacy Policy
Terms of Service",https://news.google.com/rss/articles/CBMiggFBVV95cUxNTi1yY1NUaldBQUl2MGVOa3FGblM0c0U5ZFlUTWZDWGpDVFNDbFduUDZjU2VicmdsTTJ2c0t6eGpXbHhjakZEUXdYOEFkNEU2aFJacXdXVXdkSm9CRDZYX1VPa3ZYSzlhbnNOOU5aOW51TVRxblRyaHYwTUlwMzdTQUJn?oc=5
2025-01-13,AMZN,Amazon,"Amazon Stock Can Jump 23%, Analyst Says. Why It’s All About AI. - Barron's","EN
Sign in
Before you continue to Google
We use cookies and data to
Deliver and maintain Google services
Track outages and protect against spam, fraud, and abuse
Measure audience engagement and site statistics to understand how our services are used and enhance the quality of those services
If you choose to “Accept all,” we will also use cookies and data to
Develop and improve new services
Deliver and measure the effectiveness of ads
Show personalized content, depending on your settings
Show personalized ads, depending on your settings
If you choose to “Reject all,” we will not use cookies for these additional purposes.
Non-personalized content is influenced by things like the content you’re currently viewing, activity in your active Search session, and your location. Non-personalized ads are influenced by the content you’re currently viewing and your general location. Personalized content and ads can also include more relevant results, recommendations, and tailored ads based on past activity from this browser, like previous Google searches. We also use cookies and data to tailor the experience to be age-appropriate, if relevant.
Select “More options” to see additional information, including details about managing your privacy settings. You can also visit g.co/privacytools at any time.
Reject all
Accept all
More options
Privacy Policy
Terms of Service",https://news.google.com/rss/articles/CBMicEFVX3lxTE9NSUFtWUpXTU9jZmVIb19NUWxaXy1BMnpwLUtGZ3J2azduZGxqMVJrMklOZ0xJTlFHT1BSS1kwVS0yQmgzV29pWFcxeVhHeEQ0Z0trN1R0bDNPSUxELVB1RzQwbUV3QUJFTzF2QlZ6OE8?oc=5
2025-01-22,AMZN,Amazon,Where Will Amazon Stock Be in 3 Years? - The Motley Fool,"EN
Sign in
Before you continue to Google
We use cookies and data to
Deliver and maintain Google services
Track outages and protect against spam, fraud, and abuse
Measure audience engagement and site statistics to understand how our services are used and enhance the quality of those services
If you choose to “Accept all,” we will also use cookies and data to
Develop and improve new services
Deliver and measure the effectiveness of ads
Show personalized content, depending on your settings
Show personalized ads, depending on your settings
If you choose to “Reject all,” we will not use cookies for these additional purposes.
Non-personalized content is influenced by things like the content you’re currently viewing, activity in your active Search session, and your location. Non-personalized ads are influenced by the content you’re currently viewing and your general location. Personalized content and ads can also include more relevant results, recommendations, and tailored ads based on past activity from this browser, like previous Google searches. We also use cookies and data to tailor the experience to be age-appropriate, if relevant.
Select “More options” to see additional information, including details about managing your privacy settings. You can also visit g.co/privacytools at any time.
Reject all
Accept all
More options
Privacy Policy
Terms of Service",https://news.google.com/rss/articles/CBMihwFBVV95cUxNZXVYUEdKWDdNeWR2Q0JmaENub0M4TUdkX01fLVRWVWxURWNtSlNaUEdXYmVOdmJJZVBLYktTNWRQNG96dF85UE9ueGdVc1VsWk9FR2ZSaVVyeTZkZjVPUUUtRHJaQlo2MWhjbnlrR3RveWlDQXhjWWFwUWlvNlZYaURwT09VN0E?oc=5
2024-12-31,AMZN,Amazon,"Is Amazon a Buy, Sell, or Hold in 2025? - Nasdaq","EN
Sign in
Before you continue to Google
We use cookies and data to
Deliver and maintain Google services
Track outages and protect against spam, fraud, and abuse
Measure audience engagement and site statistics to understand how our services are used and enhance the quality of those services
If you choose to “Accept all,” we will also use cookies and data to
Develop and improve new services
Deliver and measure the effectiveness of ads
Show personalized content, depending on your settings
Show personalized ads, depending on your settings
If you choose to “Reject all,” we will not use cookies for these additional purposes.
Non-personalized content is influenced by things like the content you’re currently viewing, activity in your active Search session, and your location. Non-personalized ads are influenced by the content you’re currently viewing and your general location. Personalized content and ads can also include more relevant results, recommendations, and tailored ads based on past activity from this browser, like previous Google searches. We also use cookies and data to tailor the experience to be age-appropriate, if relevant.
Select “More options” to see additional information, including details about managing your privacy settings. You can also visit g.co/privacytools at any time.
Reject all
Accept all
More options
Privacy Policy
Terms of Service",https://news.google.com/rss/articles/CBMib0FVX3lxTE1IZmZTMGFBNFREcW5DZDZyaVdycjZTRUVtNHJJbnpVOTA5NkwzX0ZtaTM0ZmJCTU90WjNEMXVLb2lYMmhHNHQyWHpESGhwbm1uVHoyMWduNm9wR0FIT2RMLWl6d1JPR0JmdjhGeXZFMA?oc=5
2025-01-06,AMZN,Amazon,Apple vs. Amazon Stock: Which Is the Better Buy? - Cabot Wealth Network,"EN
Sign in
Before you continue to Google
We use cookies and data to
Deliver and maintain Google services
Track outages and protect against spam, fraud, and abuse
Measure audience engagement and site statistics to understand how our services are used and enhance the quality of those services
If you choose to “Accept all,” we will also use cookies and data to
Develop and improve new services
Deliver and measure the effectiveness of ads
Show personalized content, depending on your settings
Show personalized ads, depending on your settings
If you choose to “Reject all,” we will not use cookies for these additional purposes.
Non-personalized content is influenced by things like the content you’re currently viewing, activity in your active Search session, and your location. Non-personalized ads are influenced by the content you’re currently viewing and your general location. Personalized content and ads can also include more relevant results, recommendations, and tailored ads based on past activity from this browser, like previous Google searches. We also use cookies and data to tailor the experience to be age-appropriate, if relevant.
Select “More options” to see additional information, including details about managing your privacy settings. You can also visit g.co/privacytools at any time.
Reject all
Accept all
More options
Privacy Policy
Terms of Service",https://news.google.com/rss/articles/CBMihwFBVV95cUxOeHNYSzdPbnFmb1drV3BOWFhVLUhGMUFEXzIzUjZtX0toM2pfQS1waE5MWWo1eDNCbzFfT1hyUE15UnJkY3d1a01PSWptdVdnaUkzeTc5aXRfOVVkdTVfQWdvRFhhRDdQRFNnSzVUSEZfVVhPZUFjYzAwbFFwNjc2Ri1lQjNBXzg?oc=5
2025-01-09,AMZN,Amazon,"Analysts reboot Amazon stock price targets on AWS, RTO updates - TheStreet","EN
Sign in
Before you continue to Google
We use cookies and data to
Deliver and maintain Google services
Track outages and protect against spam, fraud, and abuse
Measure audience engagement and site statistics to understand how our services are used and enhance the quality of those services
If you choose to “Accept all,” we will also use cookies and data to
Develop and improve new services
Deliver and measure the effectiveness of ads
Show personalized content, depending on your settings
Show personalized ads, depending on your settings
If you choose to “Reject all,” we will not use cookies for these additional purposes.
Non-personalized content is influenced by things like the content you’re currently viewing, activity in your active Search session, and your location. Non-personalized ads are influenced by the content you’re currently viewing and your general location. Personalized content and ads can also include more relevant results, recommendations, and tailored ads based on past activity from this browser, like previous Google searches. We also use cookies and data to tailor the experience to be age-appropriate, if relevant.
Select “More options” to see additional information, including details about managing your privacy settings. You can also visit g.co/privacytools at any time.
Reject all
Accept all
More options
Privacy Policy
Terms of Service",https://news.google.com/rss/articles/CBMipwFBVV95cUxQMHdEUFM4LTF1RHpNMEs3Wm52ZEw3UElmdU1reWxQT1hsZU9NOXVBUC1YOUdTc0NJQklXV1gxeVd2YmxiVDVpV0JVOUprdVJKOThyNXJ2bFBvRVNlbEtickYxLTRiblhkTEVPQ0diOFFHRTc3ODh4SkZEOFU0WWdmV25tX09URWZzaWJjWEVvVDBhTmc4d0I4V01nQ3NsMTBDcjdtdE9xRQ?oc=5
2024-12-31,AMZN,Amazon,Is Amazon.com (AMZN) the Best Stock for 10 Years? - Yahoo Finance,"EN
Sign in
Before you continue to Google
We use cookies and data to
Deliver and maintain Google services
Track outages and protect against spam, fraud, and abuse
Measure audience engagement and site statistics to understand how our services are used and enhance the quality of those services
If you choose to “Accept all,” we will also use cookies and data to
Develop and improve new services
Deliver and measure the effectiveness of ads
Show personalized content, depending on your settings
Show personalized ads, depending on your settings
If you choose to “Reject all,” we will not use cookies for these additional purposes.
Non-personalized content is influenced by things like the content you’re currently viewing, activity in your active Search session, and your location. Non-personalized ads are influenced by the content you’re currently viewing and your general location. Personalized content and ads can also include more relevant results, recommendations, and tailored ads based on past activity from this browser, like previous Google searches. We also use cookies and data to tailor the experience to be age-appropriate, if relevant.
Select “More options” to see additional information, including details about managing your privacy settings. You can also visit g.co/privacytools at any time.
Reject all
Accept all
More options
Privacy Policy
Terms of Service",https://news.google.com/rss/articles/CBMifEFVX3lxTE5zN1ZfWjk3ZU9Gc2NjdzNXekJrcHlWLWxNSklhcTI4ZmVid0h2VE55STNIUlB5SU8zNFByODdZTXN1M0VMNWFJaGZHamFFQ18zZU9ReDh5QzNTTXRRWTA0dzZnTlN1c0JyQ0xBd1J6WEs2TUZHUWVINDBhemc?oc=5
2025-01-14,AMZN,Amazon,Amazon Expands Health Care Offerings Via Teladoc Partnership - Investor's Business Daily,"EN
Sign in
Before you continue to Google
We use cookies and data to
Deliver and maintain Google services
Track outages and protect against spam, fraud, and abuse
Measure audience engagement and site statistics to understand how our services are used and enhance the quality of those services
If you choose to “Accept all,” we will also use cookies and data to
Develop and improve new services
Deliver and measure the effectiveness of ads
Show personalized content, depending on your settings
Show personalized ads, depending on your settings
If you choose to “Reject all,” we will not use cookies for these additional purposes.
Non-personalized content is influenced by things like the content you’re currently viewing, activity in your active Search session, and your location. Non-personalized ads are influenced by the content you’re currently viewing and your general location. Personalized content and ads can also include more relevant results, recommendations, and tailored ads based on past activity from this browser, like previous Google searches. We also use cookies and data to tailor the experience to be age-appropriate, if relevant.
Select “More options” to see additional information, including details about managing your privacy settings. You can also visit g.co/privacytools at any time.
Reject all
Accept all
More options
Privacy Policy
Terms of Service",https://news.google.com/rss/articles/CBMinAFBVV95cUxPRVdzdzNzTTY3R25Gbmk2Z2xpc3hlMENqenMta21kRjdOTGFrZGJBaXRqUjJGYkJhYkVBUkY5enh1c2swNHRNTnIxQ3QyN1MzVXY3V25GUktneldCbU5rRURwUlN3X0R5MjFjU0dDU28yVjRBRU1qTHpRVWU1Q2JyWWpRYVZISzBacVRBdy15cnFzY3hvcHVjZUJFX20?oc=5
2025-01-05,AMZN,Amazon,Could Buying Amazon Stock Today Set You Up for Life? - The Motley Fool,"EN
Sign in
Before you continue to Google
We use cookies and data to
Deliver and maintain Google services
Track outages and protect against spam, fraud, and abuse
Measure audience engagement and site statistics to understand how our services are used and enhance the quality of those services
If you choose to “Accept all,” we will also use cookies and data to
Develop and improve new services
Deliver and measure the effectiveness of ads
Show personalized content, depending on your settings
Show personalized ads, depending on your settings
If you choose to “Reject all,” we will not use cookies for these additional purposes.
Non-personalized content is influenced by things like the content you’re currently viewing, activity in your active Search session, and your location. Non-personalized ads are influenced by the content you’re currently viewing and your general location. Personalized content and ads can also include more relevant results, recommendations, and tailored ads based on past activity from this browser, like previous Google searches. We also use cookies and data to tailor the experience to be age-appropriate, if relevant.
Select “More options” to see additional information, including details about managing your privacy settings. You can also visit g.co/privacytools at any time.
Reject all
Accept all
More options
Privacy Policy
Terms of Service",https://news.google.com/rss/articles/CBMilwFBVV95cUxNM25oUldCbGhLaTFqTHRiazVpd3BIakNEcFA3T3lXYlFMWXRuOWVIbWRFbFFyUVBrMnpsdDZiT2lNNUJrNENxTHJJN3k1UDBtX2xMMWRpaWVHN0dCa3dQakRLUHpJOS0wbnRNcGpkeWNGZ0ZVN0tVMWEtTmZ3Q0NqVmliQ053M2dVZzFZT2pBT2c2M3Rxampr?oc=5
2025-01-09,AMZN,Amazon,"Analysts reboot Amazon stock price targets on AWS, RTO updates - Yahoo Finance","EN
Sign in
Before you continue to Google
We use cookies and data to
Deliver and maintain Google services
Track outages and protect against spam, fraud, and abuse
Measure audience engagement and site statistics to understand how our services are used and enhance the quality of those services
If you choose to “Accept all,” we will also use cookies and data to
Develop and improve new services
Deliver and measure the effectiveness of ads
Show personalized content, depending on your settings
Show personalized ads, depending on your settings
If you choose to “Reject all,” we will not use cookies for these additional purposes.
Non-personalized content is influenced by things like the content you’re currently viewing, activity in your active Search session, and your location. Non-personalized ads are influenced by the content you’re currently viewing and your general location. Personalized content and ads can also include more relevant results, recommendations, and tailored ads based on past activity from this browser, like previous Google searches. We also use cookies and data to tailor the experience to be age-appropriate, if relevant.
Select “More options” to see additional information, including details about managing your privacy settings. You can also visit g.co/privacytools at any time.
Reject all
Accept all
More options
Privacy Policy
Terms of Service",https://news.google.com/rss/articles/CBMihwFBVV95cUxQZFRWWjNJd1hINHIyVVJBYU01bWQyYkhDVVRnZlhTMlJPWWpiTzhhV01HcnVranktdGpmdjI5RHFXRV9xamxqaEItN0NZVUVrQlVZZWZIS1UyX19FdmlIMFFveEhGc0l2TmZqLXF5MndfTzVNNFBEWlRxN0MwWFNkb2FES3lIQ28?oc=5
2025-01-11,AMZN,Amazon,Where Will Amazon Stock Be in 5 Years? - The Motley Fool,"EN
Sign in
Before you continue to Google
We use cookies and data to
Deliver and maintain Google services
Track outages and protect against spam, fraud, and abuse
Measure audience engagement and site statistics to understand how our services are used and enhance the quality of those services
If you choose to “Accept all,” we will also use cookies and data to
Develop and improve new services
Deliver and measure the effectiveness of ads
Show personalized content, depending on your settings
Show personalized ads, depending on your settings
If you choose to “Reject all,” we will not use cookies for these additional purposes.
Non-personalized content is influenced by things like the content you’re currently viewing, activity in your active Search session, and your location. Non-personalized ads are influenced by the content you’re currently viewing and your general location. Personalized content and ads can also include more relevant results, recommendations, and tailored ads based on past activity from this browser, like previous Google searches. We also use cookies and data to tailor the experience to be age-appropriate, if relevant.
Select “More options” to see additional information, including details about managing your privacy settings. You can also visit g.co/privacytools at any time.
Reject all
Accept all
More options
Privacy Policy
Terms of Service",https://news.google.com/rss/articles/CBMihwFBVV95cUxPc0ZtMWcyRnNudmhTRlZQandzLTdZV2Jnc3JvYWZaN0tSU2JoSmhOQk1OQlZFN2g5aG9RLTFDMzV5bVhjNGtpLWxzaUk3OVNGYWt3TWhaZ3hMdHFFUGxSU1M2T3NoMnhjOHdvQnVfWkdnNjk1Y3U3Wk54QnNqM2tzN0NUaHZnS3M?oc=5
2025-01-22,AMZN,Amazon,"If You Invested $10,000 In Amazon Stock 10 Years Ago, How Much Would You Have Now? - Yahoo Finance","EN
Sign in
Before you continue to Google
We use cookies and data to
Deliver and maintain Google services
Track outages and protect against spam, fraud, and abuse
Measure audience engagement and site statistics to understand how our services are used and enhance the quality of those services
If you choose to “Accept all,” we will also use cookies and data to
Develop and improve new services
Deliver and measure the effectiveness of ads
Show personalized content, depending on your settings
Show personalized ads, depending on your settings
If you choose to “Reject all,” we will not use cookies for these additional purposes.
Non-personalized content is influenced by things like the content you’re currently viewing, activity in your active Search session, and your location. Non-personalized ads are influenced by the content you’re currently viewing and your general location. Personalized content and ads can also include more relevant results, recommendations, and tailored ads based on past activity from this browser, like previous Google searches. We also use cookies and data to tailor the experience to be age-appropriate, if relevant.
Select “More options” to see additional information, including details about managing your privacy settings. You can also visit g.co/privacytools at any time.
Reject all
Accept all
More options
Privacy Policy
Terms of Service",https://news.google.com/rss/articles/CBMif0FVX3lxTE1pX1E1LWpiNnkyQ0ZKUG53T2lWUFVuZWdWLTZCNHB1N3F4MDR3Q0RHT2lGY2dDbmROZTEyUjBfeVZ6aUpVdktfNkc3ZHAybS00R3M0VzNPUlpPUGktaHdMTXhlNVI2TTN4Wnh3ano0dVJlQXVvdGRHaTg4dTNLZnM?oc=5
2025-01-21,AMZN,Amazon,Amazon Stock Climbs as Analysts Predict $245 by 2025 - Yahoo Finance,"EN
Sign in
Before you continue to Google
We use cookies and data to
Deliver and maintain Google services
Track outages and protect against spam, fraud, and abuse
Measure audience engagement and site statistics to understand how our services are used and enhance the quality of those services
If you choose to “Accept all,” we will also use cookies and data to
Develop and improve new services
Deliver and measure the effectiveness of ads
Show personalized content, depending on your settings
Show personalized ads, depending on your settings
If you choose to “Reject all,” we will not use cookies for these additional purposes.
Non-personalized content is influenced by things like the content you’re currently viewing, activity in your active Search session, and your location. Non-personalized ads are influenced by the content you’re currently viewing and your general location. Personalized content and ads can also include more relevant results, recommendations, and tailored ads based on past activity from this browser, like previous Google searches. We also use cookies and data to tailor the experience to be age-appropriate, if relevant.
Select “More options” to see additional information, including details about managing your privacy settings. You can also visit g.co/privacytools at any time.
Reject all
Accept all
More options
Privacy Policy
Terms of Service",https://news.google.com/rss/articles/CBMiigFBVV95cUxNdUxWWmVncEpOalM5MGM0SkZiU0RrYTZvWVdrRlA4TVhmbG9CaVBCdFkxVjNsZDE3TTY5bkpuN0FRV3VQRGdQbHRDMzNCSlh4dFROZHZuSVJxTUJGaWQ1bElzODZ6VkFNcDAwSU1OMXdjbVNXSTMyWXN5U0FRLXNDeTJoYU14UTczdFE?oc=5
2025-01-25,AMZN,Amazon,Is Amazon.com (AMZN) Among the Stocks ChatGPT Predicts Could Make You Wealthy in 10 Years? - Yahoo Finance,"EN
Sign in
Before you continue to Google
We use cookies and data to
Deliver and maintain Google services
Track outages and protect against spam, fraud, and abuse
Measure audience engagement and site statistics to understand how our services are used and enhance the quality of those services
If you choose to “Accept all,” we will also use cookies and data to
Develop and improve new services
Deliver and measure the effectiveness of ads
Show personalized content, depending on your settings
Show personalized ads, depending on your settings
If you choose to “Reject all,” we will not use cookies for these additional purposes.
Non-personalized content is influenced by things like the content you’re currently viewing, activity in your active Search session, and your location. Non-personalized ads are influenced by the content you’re currently viewing and your general location. Personalized content and ads can also include more relevant results, recommendations, and tailored ads based on past activity from this browser, like previous Google searches. We also use cookies and data to tailor the experience to be age-appropriate, if relevant.
Select “More options” to see additional information, including details about managing your privacy settings. You can also visit g.co/privacytools at any time.
Reject all
Accept all
More options
Privacy Policy
Terms of Service",https://news.google.com/rss/articles/CBMif0FVX3lxTE5XYjk3MkdXMnVXSGdrWVZHdWlDU2FqMk15WU4xOFhRejRrMjQ5eGZjV1loS1lmNjY3dWZneDBNRmRMUkZPS09OVHlEUXRjWkRjN3R5SFRZX1VVMDVCYUl6VGV0UHRYT2FlWUY0b2xPdWtVaUtsZXJaQlFWbFRBeFU?oc=5
2025-01-22,AMZN,Amazon,Amazon (AMZN) Bulls Ready to Weather Q4 Earnings Rollercoaster - Yahoo Finance,"EN
Sign in
Before you continue to Google
We use cookies and data to
Deliver and maintain Google services
Track outages and protect against spam, fraud, and abuse
Measure audience engagement and site statistics to understand how our services are used and enhance the quality of those services
If you choose to “Accept all,” we will also use cookies and data to
Develop and improve new services
Deliver and measure the effectiveness of ads
Show personalized content, depending on your settings
Show personalized ads, depending on your settings
If you choose to “Reject all,” we will not use cookies for these additional purposes.
Non-personalized content is influenced by things like the content you’re currently viewing, activity in your active Search session, and your location. Non-personalized ads are influenced by the content you’re currently viewing and your general location. Personalized content and ads can also include more relevant results, recommendations, and tailored ads based on past activity from this browser, like previous Google searches. We also use cookies and data to tailor the experience to be age-appropriate, if relevant.
Select “More options” to see additional information, including details about managing your privacy settings. You can also visit g.co/privacytools at any time.
Reject all
Accept all
More options
Privacy Policy
Terms of Service",https://news.google.com/rss/articles/CBMigwFBVV95cUxQRi1SX1UybjJ2dml5RmhsOW5ENmRxTmhQUUFXS0xmTmZwM2NENWtpZ0xwa2E0X0h5SzlaelBBZ1VTaWl6aDJxdmdPMy1yOVpqWGZRWXljazFQdmNJc25pVmYwSGNsVnZCOEJPSkZwTm5JS2FmeGFCMWQ2Yzd4bXBmY3Y0QQ?oc=5
2025-01-11,AMZN,Amazon,Best Stock to Buy Right Now: Amazon vs. Apple - Yahoo Finance,"EN
Sign in
Before you continue to Google
We use cookies and data to
Deliver and maintain Google services
Track outages and protect against spam, fraud, and abuse
Measure audience engagement and site statistics to understand how our services are used and enhance the quality of those services
If you choose to “Accept all,” we will also use cookies and data to
Develop and improve new services
Deliver and measure the effectiveness of ads
Show personalized content, depending on your settings
Show personalized ads, depending on your settings
If you choose to “Reject all,” we will not use cookies for these additional purposes.
Non-personalized content is influenced by things like the content you’re currently viewing, activity in your active Search session, and your location. Non-personalized ads are influenced by the content you’re currently viewing and your general location. Personalized content and ads can also include more relevant results, recommendations, and tailored ads based on past activity from this browser, like previous Google searches. We also use cookies and data to tailor the experience to be age-appropriate, if relevant.
Select “More options” to see additional information, including details about managing your privacy settings. You can also visit g.co/privacytools at any time.
Reject all
Accept all
More options
Privacy Policy
Terms of Service",https://news.google.com/rss/articles/CBMie0FVX3lxTFBDM0VGNmktRVdfaGxOSkY3eFU3VE9xZ0hjX3FaYUlTZ1hBWEliYWs1RHRJeF9nSzRWQWtYRzRHcEFxaldkOGhzempKSG95RW5HYVpkWm81ckRtZU5hTlE3QVdWczFyUEZsNzNtZXpFaDJJTnlZNGdNWkl0SQ?oc=5
2025-02-10,AMZN,Amazon,Amazon stock drops as cloud revenue misses expectations - Cloud Tech News,"EN
Sign in
Before you continue to Google
We use cookies and data to
Deliver and maintain Google services
Track outages and protect against spam, fraud, and abuse
Measure audience engagement and site statistics to understand how our services are used and enhance the quality of those services
If you choose to “Accept all,” we will also use cookies and data to
Develop and improve new services
Deliver and measure the effectiveness of ads
Show personalized content, depending on your settings
Show personalized ads, depending on your settings
If you choose to “Reject all,” we will not use cookies for these additional purposes.
Non-personalized content is influenced by things like the content you’re currently viewing, activity in your active Search session, and your location. Non-personalized ads are influenced by the content you’re currently viewing and your general location. Personalized content and ads can also include more relevant results, recommendations, and tailored ads based on past activity from this browser, like previous Google searches. We also use cookies and data to tailor the experience to be age-appropriate, if relevant.
Select “More options” to see additional information, including details about managing your privacy settings. You can also visit g.co/privacytools at any time.
Reject all
Accept all
More options
Privacy Policy
Terms of Service",https://news.google.com/rss/articles/CBMingFBVV95cUxQZVZ4TFVOZ2M4M21jcWVHbUdZRnpQSGNmYkd1YkpBUTk3V3dBUnBGY2VDLXFmYlpoWWNPRDhtSjRKU2EtNjhVdVY2UmJVbFh3V254MzhNS3VTa0RUZGpURUJ5Z0hhNTVPOFdqS09FSDkzS2x3bGhLSWk0czh0eTJRcmw3c3VPc3FaTjdMUWdwZHJZSHRYcGJVQmNDMGw0Zw?oc=5
2025-02-13,AMZN,Amazon,"After Earnings, Is Amazon Stock a Buy, a Sell, or Fairly Valued? - Morningstar","EN
Sign in
Before you continue to Google
We use cookies and data to
Deliver and maintain Google services
Track outages and protect against spam, fraud, and abuse
Measure audience engagement and site statistics to understand how our services are used and enhance the quality of those services
If you choose to “Accept all,” we will also use cookies and data to
Develop and improve new services
Deliver and measure the effectiveness of ads
Show personalized content, depending on your settings
Show personalized ads, depending on your settings
If you choose to “Reject all,” we will not use cookies for these additional purposes.
Non-personalized content is influenced by things like the content you’re currently viewing, activity in your active Search session, and your location. Non-personalized ads are influenced by the content you’re currently viewing and your general location. Personalized content and ads can also include more relevant results, recommendations, and tailored ads based on past activity from this browser, like previous Google searches. We also use cookies and data to tailor the experience to be age-appropriate, if relevant.
Select “More options” to see additional information, including details about managing your privacy settings. You can also visit g.co/privacytools at any time.
Reject all
Accept all
More options
Privacy Policy
Terms of Service",https://news.google.com/rss/articles/CBMimAFBVV95cUxNQ0RTbGF3Yk92XzQ3WVlpdUcxYzR5TXV6QUFvZ3FzdDgweWF4dzFhN01XZjFUTm91ZUd2aEhveUQzd05oZi1WcFpHRWd3VEtleWxPMnpqTWF5dll4SEc4bUtzTDhaLVFnSmFSLUY1Q1JaVEtfSDVtNm9tMnFPX1QwSnAzMEZzRTY3QXBfRUdqV2toYUw5OUV4UA?oc=5
2025-02-21,AMZN,Amazon,Amazon Stock Is Under Pressure. Here's How To Handle The Action. - Investor's Business Daily,"EN
Sign in
Before you continue to Google
We use cookies and data to
Deliver and maintain Google services
Track outages and protect against spam, fraud, and abuse
Measure audience engagement and site statistics to understand how our services are used and enhance the quality of those services
If you choose to “Accept all,” we will also use cookies and data to
Develop and improve new services
Deliver and measure the effectiveness of ads
Show personalized content, depending on your settings
Show personalized ads, depending on your settings
If you choose to “Reject all,” we will not use cookies for these additional purposes.
Non-personalized content is influenced by things like the content you’re currently viewing, activity in your active Search session, and your location. Non-personalized ads are influenced by the content you’re currently viewing and your general location. Personalized content and ads can also include more relevant results, recommendations, and tailored ads based on past activity from this browser, like previous Google searches. We also use cookies and data to tailor the experience to be age-appropriate, if relevant.
Select “More options” to see additional information, including details about managing your privacy settings. You can also visit g.co/privacytools at any time.
Reject all
Accept all
More options
Privacy Policy
Terms of Service",https://news.google.com/rss/articles/CBMicEFVX3lxTE9wRHJ1R1N3LXU1TkRIRVpkZnlEUFNGcThjQzlnNENLci1lMFpEcFBvRG1Ka1RvSEFHY0ZtaEE5ZGlNSzlBYUFyOERuc2dEWERrZzRJY0tHc3dCVElpRmU5RkFYMDU3T05QLUIxWHJvaWg?oc=5
2025-02-03,AMZN,Amazon,"If You Buy Amazon Stock Today, Will You Become a Millionaire by 2030? - Nasdaq","EN
Sign in
Before you continue to Google
We use cookies and data to
Deliver and maintain Google services
Track outages and protect against spam, fraud, and abuse
Measure audience engagement and site statistics to understand how our services are used and enhance the quality of those services
If you choose to “Accept all,” we will also use cookies and data to
Develop and improve new services
Deliver and measure the effectiveness of ads
Show personalized content, depending on your settings
Show personalized ads, depending on your settings
If you choose to “Reject all,” we will not use cookies for these additional purposes.
Non-personalized content is influenced by things like the content you’re currently viewing, activity in your active Search session, and your location. Non-personalized ads are influenced by the content you’re currently viewing and your general location. Personalized content and ads can also include more relevant results, recommendations, and tailored ads based on past activity from this browser, like previous Google searches. We also use cookies and data to tailor the experience to be age-appropriate, if relevant.
Select “More options” to see additional information, including details about managing your privacy settings. You can also visit g.co/privacytools at any time.
Reject all
Accept all
More options
Privacy Policy
Terms of Service",https://news.google.com/rss/articles/CBMimgFBVV95cUxOaEVBblpyREZmYjVIODRLV3JBZ0lWRlFyVUo1NlNEUW5FdFFYMVE0bHE5ZzhkUC1rUzZTeTZ6S3ltZjF6ek43aFVLMUpJREJhUVpFNzZYb0phejdZem4wQTIyU2ZTclItSFd2bHBFSkRXN0pkZjM3OFpydkIxMmhxbGJUWlZaYTNIT1Y5Y01icElKSmtiNXA5c29n?oc=5
2025-02-07,AMZN,Amazon,Why Amazon Stock Is Sinking Today - The Motley Fool,"EN
Sign in
Before you continue to Google
We use cookies and data to
Deliver and maintain Google services
Track outages and protect against spam, fraud, and abuse
Measure audience engagement and site statistics to understand how our services are used and enhance the quality of those services
If you choose to “Accept all,” we will also use cookies and data to
Develop and improve new services
Deliver and measure the effectiveness of ads
Show personalized content, depending on your settings
Show personalized ads, depending on your settings
If you choose to “Reject all,” we will not use cookies for these additional purposes.
Non-personalized content is influenced by things like the content you’re currently viewing, activity in your active Search session, and your location. Non-personalized ads are influenced by the content you’re currently viewing and your general location. Personalized content and ads can also include more relevant results, recommendations, and tailored ads based on past activity from this browser, like previous Google searches. We also use cookies and data to tailor the experience to be age-appropriate, if relevant.
Select “More options” to see additional information, including details about managing your privacy settings. You can also visit g.co/privacytools at any time.
Reject all
Accept all
More options
Privacy Policy
Terms of Service",https://news.google.com/rss/articles/CBMiggFBVV95cUxQTzZ5ZHY1OUJfOWlRcWhudlN2TFNTd0prR01rY09NUUhCRUlGcXFraTRGVUM4dXJWS3EyQzgyMDU4ZldHQ2xCa0pCZ0xkZFlrSXVuazlxTVRYRk1EN0x3LWxDLXZHckJwYUFUREEyRVA2djlVS0QwSkZzNGtla1haeF9n?oc=5
2025-02-07,AMZN,Amazon,Amazon stock falls after first quarter sales outlook disappoints - Yahoo Finance,"EN
Sign in
Before you continue to Google
We use cookies and data to
Deliver and maintain Google services
Track outages and protect against spam, fraud, and abuse
Measure audience engagement and site statistics to understand how our services are used and enhance the quality of those services
If you choose to “Accept all,” we will also use cookies and data to
Develop and improve new services
Deliver and measure the effectiveness of ads
Show personalized content, depending on your settings
Show personalized ads, depending on your settings
If you choose to “Reject all,” we will not use cookies for these additional purposes.
Non-personalized content is influenced by things like the content you’re currently viewing, activity in your active Search session, and your location. Non-personalized ads are influenced by the content you’re currently viewing and your general location. Personalized content and ads can also include more relevant results, recommendations, and tailored ads based on past activity from this browser, like previous Google searches. We also use cookies and data to tailor the experience to be age-appropriate, if relevant.
Select “More options” to see additional information, including details about managing your privacy settings. You can also visit g.co/privacytools at any time.
Reject all
Accept all
More options
Privacy Policy
Terms of Service",https://news.google.com/rss/articles/CBMirwFBVV95cUxNc09Db0JNY0lNeFZKaVdYMWRhWDM3eHpKWDM1dWx3MFJ1NEgzM0dGUzc1bmdPZmtpeWRBNXZHV0lMdzM0Y3RHc1VNYW9hY2VobVItLThFY3lldWxVaWh2a0FrQ1pra2R4Rl9sb284S1JyVXBMM3lvb180Zmdsc3p5eWlJT2E0enIxdGRlOGk0QVBPVENfd0FRaTRweGVmelJvVGd5bVh6blhaMW4wRzRB?oc=5
2025-02-07,AMZN,Amazon,Amazon dips after cloud growth disappoints investors - Reuters,"EN
Sign in
Before you continue to Google
We use cookies and data to
Deliver and maintain Google services
Track outages and protect against spam, fraud, and abuse
Measure audience engagement and site statistics to understand how our services are used and enhance the quality of those services
If you choose to “Accept all,” we will also use cookies and data to
Develop and improve new services
Deliver and measure the effectiveness of ads
Show personalized content, depending on your settings
Show personalized ads, depending on your settings
If you choose to “Reject all,” we will not use cookies for these additional purposes.
Non-personalized content is influenced by things like the content you’re currently viewing, activity in your active Search session, and your location. Non-personalized ads are influenced by the content you’re currently viewing and your general location. Personalized content and ads can also include more relevant results, recommendations, and tailored ads based on past activity from this browser, like previous Google searches. We also use cookies and data to tailor the experience to be age-appropriate, if relevant.
Select “More options” to see additional information, including details about managing your privacy settings. You can also visit g.co/privacytools at any time.
Reject all
Accept all
More options
Privacy Policy
Terms of Service",https://news.google.com/rss/articles/CBMivAFBVV95cUxPNXBhaXpzTU9rZVN3bGVfSkJfWDE2eXlkVW16SkdqaHc5d3FMTVdoemIxOUxlY1c2WGYwU0tjLWxqX19KTkZ1RWd0VnRpY2JVRl8yYzNfUGlmMU9SQkpuRGhPT2lXeXlOeUp6b3pVbVBENUY1YUxOYm9QUzlLU3hwcnhyY2lkVW9QVEV0cUNYdjNZdTVINDBISlZ1cFc3YXJReG8ybFVPQ3dkZzY3WXpzaU93MmhJZExBZ2t5cw?oc=5
2025-01-28,AMZN,Amazon,Amazon Stock Sets a Record. Analysts Expect More Gains. - Barron's,"EN
Sign in
Before you continue to Google
We use cookies and data to
Deliver and maintain Google services
Track outages and protect against spam, fraud, and abuse
Measure audience engagement and site statistics to understand how our services are used and enhance the quality of those services
If you choose to “Accept all,” we will also use cookies and data to
Develop and improve new services
Deliver and measure the effectiveness of ads
Show personalized content, depending on your settings
Show personalized ads, depending on your settings
If you choose to “Reject all,” we will not use cookies for these additional purposes.
Non-personalized content is influenced by things like the content you’re currently viewing, activity in your active Search session, and your location. Non-personalized ads are influenced by the content you’re currently viewing and your general location. Personalized content and ads can also include more relevant results, recommendations, and tailored ads based on past activity from this browser, like previous Google searches. We also use cookies and data to tailor the experience to be age-appropriate, if relevant.
Select “More options” to see additional information, including details about managing your privacy settings. You can also visit g.co/privacytools at any time.
Reject all
Accept all
More options
Privacy Policy
Terms of Service",https://news.google.com/rss/articles/CBMieEFVX3lxTE43VG55cmtMT3d6ZmF5Vi1pbklaU3RvWGdXYzQ2anIwc05BUVF1ZWVHZ0kzNmtoamkyR0szaFdRLUVERGk2cU1XVjBNcUlRQWFjMW80dXc1YXZZTDVhNTdhZzRLWERHdHZTUUlJWnFOLVF5Q1h5empxTg?oc=5
2025-01-30,AMZN,Amazon,DeepSeek-R1 models now available on AWS | Amazon Web Services - Amazon Web Services (AWS),"EN
Sign in
Before you continue to Google
We use cookies and data to
Deliver and maintain Google services
Track outages and protect against spam, fraud, and abuse
Measure audience engagement and site statistics to understand how our services are used and enhance the quality of those services
If you choose to “Accept all,” we will also use cookies and data to
Develop and improve new services
Deliver and measure the effectiveness of ads
Show personalized content, depending on your settings
Show personalized ads, depending on your settings
If you choose to “Reject all,” we will not use cookies for these additional purposes.
Non-personalized content is influenced by things like the content you’re currently viewing, activity in your active Search session, and your location. Non-personalized ads are influenced by the content you’re currently viewing and your general location. Personalized content and ads can also include more relevant results, recommendations, and tailored ads based on past activity from this browser, like previous Google searches. We also use cookies and data to tailor the experience to be age-appropriate, if relevant.
Select “More options” to see additional information, including details about managing your privacy settings. You can also visit g.co/privacytools at any time.
Reject all
Accept all
More options
Privacy Policy
Terms of Service",https://news.google.com/rss/articles/CBMifkFVX3lxTE1rY2hJM1UwODQtOUZxMWN1Y2NYMElnUnlPb05VbDc5R21mRFplRTlsekN2QXYtUU1CQW9RWjJVV0VSSjZYVGhXVlFTZGx5RGFicmtkY2d5Z1hPcnpCVGhMSnBXMHhMNEppNzgxYjJ3UHZZclBvNzl0Vi1aTVB3QQ?oc=5
2025-02-06,AMZN,Amazon,"Watch These Amazon Price Levels as Stock Drops on Cloud Revenue Miss, Tepid Sales Outlook - Investopedia","EN
Sign in
Before you continue to Google
We use cookies and data to
Deliver and maintain Google services
Track outages and protect against spam, fraud, and abuse
Measure audience engagement and site statistics to understand how our services are used and enhance the quality of those services
If you choose to “Accept all,” we will also use cookies and data to
Develop and improve new services
Deliver and measure the effectiveness of ads
Show personalized content, depending on your settings
Show personalized ads, depending on your settings
If you choose to “Reject all,” we will not use cookies for these additional purposes.
Non-personalized content is influenced by things like the content you’re currently viewing, activity in your active Search session, and your location. Non-personalized ads are influenced by the content you’re currently viewing and your general location. Personalized content and ads can also include more relevant results, recommendations, and tailored ads based on past activity from this browser, like previous Google searches. We also use cookies and data to tailor the experience to be age-appropriate, if relevant.
Select “More options” to see additional information, including details about managing your privacy settings. You can also visit g.co/privacytools at any time.
Reject all
Accept all
More options
Privacy Policy
Terms of Service",https://news.google.com/rss/articles/CBMiwwFBVV95cUxOX0NRTXJzeXNiZWk3OG5GSkViRGkxU3dKaUVyOWNLeTZSRHAyTHcyeXg2bTVOcUZqeE5WUEFrR2owM0U5MXVFeWRkTnRLOWJSZEZ0MVVsNTJSSGtQTlBNYmRiOXduM1cycHktQ0RCMHVocmZ0S1FmM1poeV9aTjk5RV9QY0ItanhOcG9pVVhoVENLVjJ6QjhLemtWYV83SDVKbmZwblRVOWxhSHRNYm5YMGNSVHJuY0NUcTBoUWxqOTRnNWM?oc=5
2025-02-24,AMZN,Amazon,Why Is Amazon Stock Down Today? AMZN Price Hits 2-Month Lows Amid High Price Predictions - Finance Magnates,"EN
Sign in
Before you continue to Google
We use cookies and data to
Deliver and maintain Google services
Track outages and protect against spam, fraud, and abuse
Measure audience engagement and site statistics to understand how our services are used and enhance the quality of those services
If you choose to “Accept all,” we will also use cookies and data to
Develop and improve new services
Deliver and measure the effectiveness of ads
Show personalized content, depending on your settings
Show personalized ads, depending on your settings
If you choose to “Reject all,” we will not use cookies for these additional purposes.
Non-personalized content is influenced by things like the content you’re currently viewing, activity in your active Search session, and your location. Non-personalized ads are influenced by the content you’re currently viewing and your general location. Personalized content and ads can also include more relevant results, recommendations, and tailored ads based on past activity from this browser, like previous Google searches. We also use cookies and data to tailor the experience to be age-appropriate, if relevant.
Select “More options” to see additional information, including details about managing your privacy settings. You can also visit g.co/privacytools at any time.
Reject all
Accept all
More options
Privacy Policy
Terms of Service",https://news.google.com/rss/articles/CBMiyAFBVV95cUxQNE5DN0pvVXphS1k2am1YOXNDNlNWV2hldjA2QnNXYnVtN2VCeGtlWUE5RGJhNk1KTThSYnBZSlVZS3lXT1puUFlrSHlXNTB6Y2NnZXgzalVUSXFqVEFXSi1fa0g2eXdjVl9UY29OREV1NkVzeXhRNVp0dzRKcmI1Zi1aZ0xRTVBrTktSV1lYTmJVMk9fVkt1c2NKazQyczlUa2ZGQ0E4VzR3V3g5Uk9LekQwSHVIN0ZsRTBfQy1JT0NmS0prdUd5d9IBzgFBVV95cUxQNkJBUk9nZHhMQmhUZVFXWjdTRHZqbkZpWmlNLV9fSTFMTlYyd3FqTXZWMjRhVm1pbkpzTGpELTI2cW9yclJkbTdPRld4US1CQlNVRkFtZnBrODhCaWxmUFFRQTZZY3VuZWdVQndaNUtBU0Y2RXIybFlRN2tMNkZtU0NIWFJUV0NMc1doMlFSYkN1MUdOZlZscUlnR1cxRk9wTUhDN2VtSXB5RVlpc1J6TDh0WGtIWlYtZ0lEdVJNNUhkcFpyQ19YWUx2S1lLdw?oc=5
2025-02-05,AMZN,Amazon,Amazon Stock vs. Amazon Prime: What’s the Better Investment? - Nasdaq,"EN
Sign in
Before you continue to Google
We use cookies and data to
Deliver and maintain Google services
Track outages and protect against spam, fraud, and abuse
Measure audience engagement and site statistics to understand how our services are used and enhance the quality of those services
If you choose to “Accept all,” we will also use cookies and data to
Develop and improve new services
Deliver and measure the effectiveness of ads
Show personalized content, depending on your settings
Show personalized ads, depending on your settings
If you choose to “Reject all,” we will not use cookies for these additional purposes.
Non-personalized content is influenced by things like the content you’re currently viewing, activity in your active Search session, and your location. Non-personalized ads are influenced by the content you’re currently viewing and your general location. Personalized content and ads can also include more relevant results, recommendations, and tailored ads based on past activity from this browser, like previous Google searches. We also use cookies and data to tailor the experience to be age-appropriate, if relevant.
Select “More options” to see additional information, including details about managing your privacy settings. You can also visit g.co/privacytools at any time.
Reject all
Accept all
More options
Privacy Policy
Terms of Service",https://news.google.com/rss/articles/CBMijAFBVV95cUxOa3ViN3o1LW0xcUVsRmlGcjFnT0stOWExeHV4LWFsaGxqSTkxcFhtQUdkZ013ODNmOGFSS0liSE5ZOWpsYk56NnlYTjZETkN3M2pEa2lJTDk0UE5PcXU5TWlQUi1SdG0xd2VmZ3VDaHg2bkt2bHVDN1hGSDZTbGozMG1JM0QwNUdMLWRocw?oc=5
2025-02-06,AMZN,Amazon,Amazon Earnings Beat Expectations. Stock Slips As Guidance Disappoints. - Investor's Business Daily,"EN
Sign in
Before you continue to Google
We use cookies and data to
Deliver and maintain Google services
Track outages and protect against spam, fraud, and abuse
Measure audience engagement and site statistics to understand how our services are used and enhance the quality of those services
If you choose to “Accept all,” we will also use cookies and data to
Develop and improve new services
Deliver and measure the effectiveness of ads
Show personalized content, depending on your settings
Show personalized ads, depending on your settings
If you choose to “Reject all,” we will not use cookies for these additional purposes.
Non-personalized content is influenced by things like the content you’re currently viewing, activity in your active Search session, and your location. Non-personalized ads are influenced by the content you’re currently viewing and your general location. Personalized content and ads can also include more relevant results, recommendations, and tailored ads based on past activity from this browser, like previous Google searches. We also use cookies and data to tailor the experience to be age-appropriate, if relevant.
Select “More options” to see additional information, including details about managing your privacy settings. You can also visit g.co/privacytools at any time.
Reject all
Accept all
More options
Privacy Policy
Terms of Service",https://news.google.com/rss/articles/CBMiwwFBVV95cUxNS19uUndOd1hlVXlnVXh0YVU5UGtTRzNtNUlEcGpJMEl3eHF1RXVsVjdINUNPOTJ3MXQwYUltcENmckdqVnloUjVpZlBrN1doOVVNWU5NZmFpT2w0U0FiVkZWdEJiRnUtWmpoSlJnTXRxa3ZxZ1A3LVFqTnZ2UWdWV1M3cmpfQlZvMklrcGxZT3RjVDZYMzNZUzB1endhWnN3M1BzRm5nZEZmQXdrMFI4dHZtUnIzQ0hNNVFhanBOQ2o5WlU?oc=5
2025-02-21,AMZN,Amazon,Why Amazon Stock Is Sinking Today - The Motley Fool,"EN
Sign in
Before you continue to Google
We use cookies and data to
Deliver and maintain Google services
Track outages and protect against spam, fraud, and abuse
Measure audience engagement and site statistics to understand how our services are used and enhance the quality of those services
If you choose to “Accept all,” we will also use cookies and data to
Develop and improve new services
Deliver and measure the effectiveness of ads
Show personalized content, depending on your settings
Show personalized ads, depending on your settings
If you choose to “Reject all,” we will not use cookies for these additional purposes.
Non-personalized content is influenced by things like the content you’re currently viewing, activity in your active Search session, and your location. Non-personalized ads are influenced by the content you’re currently viewing and your general location. Personalized content and ads can also include more relevant results, recommendations, and tailored ads based on past activity from this browser, like previous Google searches. We also use cookies and data to tailor the experience to be age-appropriate, if relevant.
Select “More options” to see additional information, including details about managing your privacy settings. You can also visit g.co/privacytools at any time.
Reject all
Accept all
More options
Privacy Policy
Terms of Service",https://news.google.com/rss/articles/CBMiggFBVV95cUxOMHFURDc2NExaYlVON2RjM0JmVmVWSXFOVmxfWW1JbmI0S2ZLTE04bTcxdlNsNTBrMW1kT3FpTVcxSktLWWJwUmVWb3pvZVBaMjUzY1BZd1gzenpxX3JSQzNRREVYX2dqVHpweFQ2QzdSMTlxNGFsMVVvOFMtZmw5VTh3?oc=5
2025-02-10,AMZN,Amazon,Amazon Stock Was Hit After Earnings. Analysts See a Comeback Ahead. - Barron's,"EN
Sign in
Before you continue to Google
We use cookies and data to
Deliver and maintain Google services
Track outages and protect against spam, fraud, and abuse
Measure audience engagement and site statistics to understand how our services are used and enhance the quality of those services
If you choose to “Accept all,” we will also use cookies and data to
Develop and improve new services
Deliver and measure the effectiveness of ads
Show personalized content, depending on your settings
Show personalized ads, depending on your settings
If you choose to “Reject all,” we will not use cookies for these additional purposes.
Non-personalized content is influenced by things like the content you’re currently viewing, activity in your active Search session, and your location. Non-personalized ads are influenced by the content you’re currently viewing and your general location. Personalized content and ads can also include more relevant results, recommendations, and tailored ads based on past activity from this browser, like previous Google searches. We also use cookies and data to tailor the experience to be age-appropriate, if relevant.
Select “More options” to see additional information, including details about managing your privacy settings. You can also visit g.co/privacytools at any time.
Reject all
Accept all
More options
Privacy Policy
Terms of Service",https://news.google.com/rss/articles/CBMihAFBVV95cUxQaFlIT3pENDVBSzJTbWlrV3YxWHcwTXNQVnJNMEdCN2xDRXpubHNLNzhsdDhsRW9LOFRjUEZrcS1UVVNiZFpPbUxDOE5LZHlLOWxCaF9kNTJzRTFjRnd6X0NTOC1yd25sRm9rQTJOQmVoeWpJbm5mQ1NDSGxHRlhqRklVOEQ?oc=5
2025-02-21,AMZN,Amazon,Why Amazon Stock Is Sinking Today - Nasdaq,"EN
Sign in
Before you continue to Google
We use cookies and data to
Deliver and maintain Google services
Track outages and protect against spam, fraud, and abuse
Measure audience engagement and site statistics to understand how our services are used and enhance the quality of those services
If you choose to “Accept all,” we will also use cookies and data to
Develop and improve new services
Deliver and measure the effectiveness of ads
Show personalized content, depending on your settings
Show personalized ads, depending on your settings
If you choose to “Reject all,” we will not use cookies for these additional purposes.
Non-personalized content is influenced by things like the content you’re currently viewing, activity in your active Search session, and your location. Non-personalized ads are influenced by the content you’re currently viewing and your general location. Personalized content and ads can also include more relevant results, recommendations, and tailored ads based on past activity from this browser, like previous Google searches. We also use cookies and data to tailor the experience to be age-appropriate, if relevant.
Select “More options” to see additional information, including details about managing your privacy settings. You can also visit g.co/privacytools at any time.
Reject all
Accept all
More options
Privacy Policy
Terms of Service",https://news.google.com/rss/articles/CBMickFVX3lxTE5NMm9IcHZ2SElMS0t6bDVxU2Y0Y0Z0VTN2SUN0b1k3RG9UeHoyWUhsSGdGN0ZGLXdyVHhqdHZ2R3Jvbmt3UU1NWEJyU3FnMEdNckVEV00ycGJZamtfVWdxSWtQSEpzY01ZMzIzMlpFLS13dw?oc=5
2025-02-12,AMZN,Amazon,Amazon Stock Tests Key Level After Slipping On Q4 Results. Is It A Buy? - Investor's Business Daily,"EN
Sign in
Before you continue to Google
We use cookies and data to
Deliver and maintain Google services
Track outages and protect against spam, fraud, and abuse
Measure audience engagement and site statistics to understand how our services are used and enhance the quality of those services
If you choose to “Accept all,” we will also use cookies and data to
Develop and improve new services
Deliver and measure the effectiveness of ads
Show personalized content, depending on your settings
Show personalized ads, depending on your settings
If you choose to “Reject all,” we will not use cookies for these additional purposes.
Non-personalized content is influenced by things like the content you’re currently viewing, activity in your active Search session, and your location. Non-personalized ads are influenced by the content you’re currently viewing and your general location. Personalized content and ads can also include more relevant results, recommendations, and tailored ads based on past activity from this browser, like previous Google searches. We also use cookies and data to tailor the experience to be age-appropriate, if relevant.
Select “More options” to see additional information, including details about managing your privacy settings. You can also visit g.co/privacytools at any time.
Reject all
Accept all
More options
Privacy Policy
Terms of Service",https://news.google.com/rss/articles/CBMieEFVX3lxTE1kY0dqMzQ4aDh1a3ZqWlM4N3lsOE56RWhtYnpxNzN4WEpWcnpIcE9iTnZybU1jS0ZIcEE0Wi1JSGdYNF9pUmpBcnFRNlZMbGRXdHhkQkpRR2U2aVpCUi1qMFhkeTFVN0VyMjRxemt2NGVsQ0o4ZFY5QQ?oc=5
2025-02-20,AMZN,Amazon,Amazon Takes Walmart's Revenue Crown (For Now) - Investor's Business Daily,"EN
Sign in
Before you continue to Google
We use cookies and data to
Deliver and maintain Google services
Track outages and protect against spam, fraud, and abuse
Measure audience engagement and site statistics to understand how our services are used and enhance the quality of those services
If you choose to “Accept all,” we will also use cookies and data to
Develop and improve new services
Deliver and measure the effectiveness of ads
Show personalized content, depending on your settings
Show personalized ads, depending on your settings
If you choose to “Reject all,” we will not use cookies for these additional purposes.
Non-personalized content is influenced by things like the content you’re currently viewing, activity in your active Search session, and your location. Non-personalized ads are influenced by the content you’re currently viewing and your general location. Personalized content and ads can also include more relevant results, recommendations, and tailored ads based on past activity from this browser, like previous Google searches. We also use cookies and data to tailor the experience to be age-appropriate, if relevant.
Select “More options” to see additional information, including details about managing your privacy settings. You can also visit g.co/privacytools at any time.
Reject all
Accept all
More options
Privacy Policy
Terms of Service",https://news.google.com/rss/articles/CBMihwFBVV95cUxQU3pXbVlYNDZ6bkRvQ3FSRkdLUVgtVmlqbWpXTjlVV1RLZjJWai1fcHp6MnJPaXVwX2lFWkJOWVFHUDNQME1naVNvWEFURkhDNzhrUkJBS2V5VnVOYnBFU0U3NnBtTk5ZMlp4MGR4bW1ZRXIxcUFld2VFczhnbWJKdFhSZUc1RkE?oc=5
2025-02-08,AMZN,Amazon,Should You Buy Amazon Stock Right Now? - Nasdaq,"EN
Sign in
Before you continue to Google
We use cookies and data to
Deliver and maintain Google services
Track outages and protect against spam, fraud, and abuse
Measure audience engagement and site statistics to understand how our services are used and enhance the quality of those services
If you choose to “Accept all,” we will also use cookies and data to
Develop and improve new services
Deliver and measure the effectiveness of ads
Show personalized content, depending on your settings
Show personalized ads, depending on your settings
If you choose to “Reject all,” we will not use cookies for these additional purposes.
Non-personalized content is influenced by things like the content you’re currently viewing, activity in your active Search session, and your location. Non-personalized ads are influenced by the content you’re currently viewing and your general location. Personalized content and ads can also include more relevant results, recommendations, and tailored ads based on past activity from this browser, like previous Google searches. We also use cookies and data to tailor the experience to be age-appropriate, if relevant.
Select “More options” to see additional information, including details about managing your privacy settings. You can also visit g.co/privacytools at any time.
Reject all
Accept all
More options
Privacy Policy
Terms of Service",https://news.google.com/rss/articles/CBMieEFVX3lxTE9OT0I1V08ycG5qZG1qb00tQ091Mlk4LVFwdkFYN0xLbk9FNTdGcmVrd3ZhSG8zeGhMcDVsa0hMQ1NDRDROSTR4NEpfZE5ZNVBNOTlLZFRiWkdmQzJmR2tQTkJOdDBGU1JKU3dTWVNFY0VFWHFWenE3dw?oc=5
2025-02-04,AMZN,Amazon,"Amazon Q4 Earnings On Deck. Spotlight On DeepSeek, AI Shake-Up, Tariffs. - Investor's Business Daily","EN
Sign in
Before you continue to Google
We use cookies and data to
Deliver and maintain Google services
Track outages and protect against spam, fraud, and abuse
Measure audience engagement and site statistics to understand how our services are used and enhance the quality of those services
If you choose to “Accept all,” we will also use cookies and data to
Develop and improve new services
Deliver and measure the effectiveness of ads
Show personalized content, depending on your settings
Show personalized ads, depending on your settings
If you choose to “Reject all,” we will not use cookies for these additional purposes.
Non-personalized content is influenced by things like the content you’re currently viewing, activity in your active Search session, and your location. Non-personalized ads are influenced by the content you’re currently viewing and your general location. Personalized content and ads can also include more relevant results, recommendations, and tailored ads based on past activity from this browser, like previous Google searches. We also use cookies and data to tailor the experience to be age-appropriate, if relevant.
Select “More options” to see additional information, including details about managing your privacy settings. You can also visit g.co/privacytools at any time.
Reject all
Accept all
More options
Privacy Policy
Terms of Service",https://news.google.com/rss/articles/CBMimwFBVV95cUxPc296OVJvZ0lHWkVzUUxYVjVlYWlwN0o2aHE1RmhnXzVMbzlSN1J0dHVJekNCU3JiSHpjZXlWdHF2QUtmeE05TnFwNmswN0s2ejRGRk5NQkJfdHZTY0pvMjk5UVZCWHlyVkFuUnA4N05VM1VUY01QUHdWWkZFNlpxYVdDQ09JVWNFdDFwT1V4TklLblZkSmJDT3RJcw?oc=5
2025-03-24,AMZN,Amazon,Amazon Stock Retakes Key Level As Analyst Offers Upbeat View After Nvidia Event - Investor's Business Daily,"EN
Sign in
Before you continue to Google
We use cookies and data to
Deliver and maintain Google services
Track outages and protect against spam, fraud, and abuse
Measure audience engagement and site statistics to understand how our services are used and enhance the quality of those services
If you choose to “Accept all,” we will also use cookies and data to
Develop and improve new services
Deliver and measure the effectiveness of ads
Show personalized content, depending on your settings
Show personalized ads, depending on your settings
If you choose to “Reject all,” we will not use cookies for these additional purposes.
Non-personalized content is influenced by things like the content you’re currently viewing, activity in your active Search session, and your location. Non-personalized ads are influenced by the content you’re currently viewing and your general location. Personalized content and ads can also include more relevant results, recommendations, and tailored ads based on past activity from this browser, like previous Google searches. We also use cookies and data to tailor the experience to be age-appropriate, if relevant.
Select “More options” to see additional information, including details about managing your privacy settings. You can also visit g.co/privacytools at any time.
Reject all
Accept all
More options
Privacy Policy
Terms of Service",https://news.google.com/rss/articles/CBMijwFBVV95cUxNbGxLN1B6VEVKR1RYdGlWeFZYT3ZGSFNvQlAtcEpoOF9FcFJpMTg4R1JzbjBtc3FuVVdSbDRNb2FkZ2Jabm54cjUwWHJrTmRMR09EOFRIQjg0ZjM4SWYxS0VWZ0VQNjd1QVdVbEJ6aWZ4ZllKX2Z1ZWRJNW1xZW1xdmdNQm9TX1FvMTduRDZOWQ?oc=5
2025-03-11,AMZN,Amazon,Amazon stock is trading cheaply on 1 valuation metric after broader stock market rout - Yahoo Finance,"EN
Sign in
Before you continue to Google
We use cookies and data to
Deliver and maintain Google services
Track outages and protect against spam, fraud, and abuse
Measure audience engagement and site statistics to understand how our services are used and enhance the quality of those services
If you choose to “Accept all,” we will also use cookies and data to
Develop and improve new services
Deliver and measure the effectiveness of ads
Show personalized content, depending on your settings
Show personalized ads, depending on your settings
If you choose to “Reject all,” we will not use cookies for these additional purposes.
Non-personalized content is influenced by things like the content you’re currently viewing, activity in your active Search session, and your location. Non-personalized ads are influenced by the content you’re currently viewing and your general location. Personalized content and ads can also include more relevant results, recommendations, and tailored ads based on past activity from this browser, like previous Google searches. We also use cookies and data to tailor the experience to be age-appropriate, if relevant.
Select “More options” to see additional information, including details about managing your privacy settings. You can also visit g.co/privacytools at any time.
Reject all
Accept all
More options
Privacy Policy
Terms of Service",https://news.google.com/rss/articles/CBMiywFBVV95cUxOSlpESnFIUTlwWndOZFhuVXBhLW94QWZjUlBJcGxrVkRPckUzZkJPNmoxM01BeGpKSy1ZRl9NaTFoeGltSWpSNmVLQmVtTmpfZkxhYmFIUnBpWlZRb0RNQ3NfTW02bjZXVG5MeURvZE45VjJ3Ny0xT0FJTkE4eDVFR0xEREk5aFBLVURpaF9OQWg3dmlDZ0FmWWJlQldsZE4ySDZHV3RnZmdPbV9QNXpzMC16d3Z5aHBISzBFNjhUZTRMY2s5amtya19yVQ?oc=5
2025-03-06,AMZN,Amazon,Why Amazon Stock Dropped 11% Last Month - Nasdaq,"EN
Sign in
Before you continue to Google
We use cookies and data to
Deliver and maintain Google services
Track outages and protect against spam, fraud, and abuse
Measure audience engagement and site statistics to understand how our services are used and enhance the quality of those services
If you choose to “Accept all,” we will also use cookies and data to
Develop and improve new services
Deliver and measure the effectiveness of ads
Show personalized content, depending on your settings
Show personalized ads, depending on your settings
If you choose to “Reject all,” we will not use cookies for these additional purposes.
Non-personalized content is influenced by things like the content you’re currently viewing, activity in your active Search session, and your location. Non-personalized ads are influenced by the content you’re currently viewing and your general location. Personalized content and ads can also include more relevant results, recommendations, and tailored ads based on past activity from this browser, like previous Google searches. We also use cookies and data to tailor the experience to be age-appropriate, if relevant.
Select “More options” to see additional information, including details about managing your privacy settings. You can also visit g.co/privacytools at any time.
Reject all
Accept all
More options
Privacy Policy
Terms of Service",https://news.google.com/rss/articles/CBMiekFVX3lxTE9FV1BGNEhXX1BsZFVjQS1xb2JhZEVhRVZIcTJIazBsamJUNjZXY3VfS01ybm11LWRDcmZyOGtFSWRmbHRRclJNc1dfRXBMQWFLS0ZoZ2NkekFZeXZhSG9IdmpncEl5aVd1WnVEd2tiSW9CZjNJc1NJWDVB?oc=5
2025-03-10,AMZN,Amazon,Rare event could send Amazon stock surging after big drop - TheStreet,"EN
Sign in
Before you continue to Google
We use cookies and data to
Deliver and maintain Google services
Track outages and protect against spam, fraud, and abuse
Measure audience engagement and site statistics to understand how our services are used and enhance the quality of those services
If you choose to “Accept all,” we will also use cookies and data to
Develop and improve new services
Deliver and measure the effectiveness of ads
Show personalized content, depending on your settings
Show personalized ads, depending on your settings
If you choose to “Reject all,” we will not use cookies for these additional purposes.
Non-personalized content is influenced by things like the content you’re currently viewing, activity in your active Search session, and your location. Non-personalized ads are influenced by the content you’re currently viewing and your general location. Personalized content and ads can also include more relevant results, recommendations, and tailored ads based on past activity from this browser, like previous Google searches. We also use cookies and data to tailor the experience to be age-appropriate, if relevant.
Select “More options” to see additional information, including details about managing your privacy settings. You can also visit g.co/privacytools at any time.
Reject all
Accept all
More options
Privacy Policy
Terms of Service",https://news.google.com/rss/articles/CBMiogFBVV95cUxOd3I5d055bUZpemQ3OUZZUDNrRE1ENUx4WnlzbTA2SWgwemdEVUFKejFadmFRUExSbU9fNWs0YjBnTXRCckVNMVRKZ00tODRDVkNYNWwxUGxCeHB1Q0FuakpRRWVSMjQzc1FFdVpBTzVFTE5qcC1JVk9EYVVnTzBQMzBfMG9ZZktpbTZaLVJvcGd3SmhGdHNpc0V4V0gyV25YSnc?oc=5
2025-03-13,AMZN,Amazon,Where Will Amazon Stock Be in 1 Year? - The Motley Fool,"EN
Sign in
Before you continue to Google
We use cookies and data to
Deliver and maintain Google services
Track outages and protect against spam, fraud, and abuse
Measure audience engagement and site statistics to understand how our services are used and enhance the quality of those services
If you choose to “Accept all,” we will also use cookies and data to
Develop and improve new services
Deliver and measure the effectiveness of ads
Show personalized content, depending on your settings
Show personalized ads, depending on your settings
If you choose to “Reject all,” we will not use cookies for these additional purposes.
Non-personalized content is influenced by things like the content you’re currently viewing, activity in your active Search session, and your location. Non-personalized ads are influenced by the content you’re currently viewing and your general location. Personalized content and ads can also include more relevant results, recommendations, and tailored ads based on past activity from this browser, like previous Google searches. We also use cookies and data to tailor the experience to be age-appropriate, if relevant.
Select “More options” to see additional information, including details about managing your privacy settings. You can also visit g.co/privacytools at any time.
Reject all
Accept all
More options
Privacy Policy
Terms of Service",https://news.google.com/rss/articles/CBMihgFBVV95cUxPMGNOX1g1YUdlbEFXTVBxOHZOUUhmNXR0MnFSNWxMREgweUxSTVJZNjJNTllxdlhUcDVweHd1ZEJmcWk1YnAtMzhsUWRrcWRiZWM4S002eDQtQ2JpWGtXUGVIOGtXdDBUb0FpRWpHWEhock1MX0JHd0I0YXptMlVjTWtvR1N5QQ?oc=5
2025-03-26,AMZN,Amazon,"Amazon Stock and the Mag 7 Are Falling Again. It’s Not Time to Buy, Portfolio Manager Says. - Barron's","EN
Sign in
Before you continue to Google
We use cookies and data to
Deliver and maintain Google services
Track outages and protect against spam, fraud, and abuse
Measure audience engagement and site statistics to understand how our services are used and enhance the quality of those services
If you choose to “Accept all,” we will also use cookies and data to
Develop and improve new services
Deliver and measure the effectiveness of ads
Show personalized content, depending on your settings
Show personalized ads, depending on your settings
If you choose to “Reject all,” we will not use cookies for these additional purposes.
Non-personalized content is influenced by things like the content you’re currently viewing, activity in your active Search session, and your location. Non-personalized ads are influenced by the content you’re currently viewing and your general location. Personalized content and ads can also include more relevant results, recommendations, and tailored ads based on past activity from this browser, like previous Google searches. We also use cookies and data to tailor the experience to be age-appropriate, if relevant.
Select “More options” to see additional information, including details about managing your privacy settings. You can also visit g.co/privacytools at any time.
Reject all
Accept all
More options
Privacy Policy
Terms of Service",https://news.google.com/rss/articles/CBMiekFVX3lxTE9UV2Vac2NISTMycTVPQUdBSG1BbzVhYmhhT2lUSV9uQWt2VHlJa0M5dldFSE1JaTZZb3RyM09SX015c1BPRzNxamlKWGRUTlNUUTd1elNVYi1jaTdmR0NZTnc0dWVuY2dLX2c3Z2FfRWtHbjRsVXdvWmVR?oc=5
2025-03-21,AMZN,Amazon,"Connect, share, and query where your data sits using Amazon SageMaker Unified Studio - Amazon Web Services (AWS)","EN
Sign in
Before you continue to Google
We use cookies and data to
Deliver and maintain Google services
Track outages and protect against spam, fraud, and abuse
Measure audience engagement and site statistics to understand how our services are used and enhance the quality of those services
If you choose to “Accept all,” we will also use cookies and data to
Develop and improve new services
Deliver and measure the effectiveness of ads
Show personalized content, depending on your settings
Show personalized ads, depending on your settings
If you choose to “Reject all,” we will not use cookies for these additional purposes.
Non-personalized content is influenced by things like the content you’re currently viewing, activity in your active Search session, and your location. Non-personalized ads are influenced by the content you’re currently viewing and your general location. Personalized content and ads can also include more relevant results, recommendations, and tailored ads based on past activity from this browser, like previous Google searches. We also use cookies and data to tailor the experience to be age-appropriate, if relevant.
Select “More options” to see additional information, including details about managing your privacy settings. You can also visit g.co/privacytools at any time.
Reject all
Accept all
More options
Privacy Policy
Terms of Service",https://news.google.com/rss/articles/CBMivgFBVV95cUxOMHoteVhvcU9NVjl5U2FnZW1fb2YxMUF6LXZiWm83SjBMdTc1ZEVHZ1FJcmhLdnlpNVZKMVA3c0plajl2cnBHSUN6bkFMamhxUlRRUUgyeVBXZ3A2dDNGcHJlcU9zR3JlR1ZEbldPWUNyYTNLelFkeGRQdUhJeDh1RmN3MVdzV3FMUWdCVTYya1ZRcFZyTGY1bDVKSTRYMlBDOXFnTVVMaTlZdVE1c1BSOTA5d3BjelJwMEFJRGJ3?oc=5
2025-03-26,AMZN,Amazon,"Amazon Stock (AMZN) Looks Like a Rare Bargain, According to Investors - markets.businessinsider.com","EN
Sign in
Before you continue to Google
We use cookies and data to
Deliver and maintain Google services
Track outages and protect against spam, fraud, and abuse
Measure audience engagement and site statistics to understand how our services are used and enhance the quality of those services
If you choose to “Accept all,” we will also use cookies and data to
Develop and improve new services
Deliver and measure the effectiveness of ads
Show personalized content, depending on your settings
Show personalized ads, depending on your settings
If you choose to “Reject all,” we will not use cookies for these additional purposes.
Non-personalized content is influenced by things like the content you’re currently viewing, activity in your active Search session, and your location. Non-personalized ads are influenced by the content you’re currently viewing and your general location. Personalized content and ads can also include more relevant results, recommendations, and tailored ads based on past activity from this browser, like previous Google searches. We also use cookies and data to tailor the experience to be age-appropriate, if relevant.
Select “More options” to see additional information, including details about managing your privacy settings. You can also visit g.co/privacytools at any time.
Reject all
Accept all
More options
Privacy Policy
Terms of Service",https://news.google.com/rss/articles/CBMiwwFBVV95cUxNQ0lKZ2hEQTZMSUZOaFFrYlhmaVppWk5mbFZ0SWZJQ1ktX1pBNWdHR29YUnBRUHNpZ2dFYzN3Xzl0MnpGdWZYLWszY3hLM293ZHlsRHF6NndUZUx4VEhiNmNyQ1J4eHFZZHJaLVhvM09fTmoya2JsanlYX0ZPcnN6cmF2b2VPVDU1bENYTFJHaENPb1RyRGJnb21zV2cyOWZTSFMzTzJEUEJ6S3QwSUxuZDdhdEh0X3NSQS1fTHlpVVBEX2s?oc=5
2025-03-21,AMZN,Amazon,Amazon Stock Nears Seventh Losing Week As Wall Street Sizes Up Tech Giant's Used-Car Plans - Investor's Business Daily,"EN
Sign in
Before you continue to Google
We use cookies and data to
Deliver and maintain Google services
Track outages and protect against spam, fraud, and abuse
Measure audience engagement and site statistics to understand how our services are used and enhance the quality of those services
If you choose to “Accept all,” we will also use cookies and data to
Develop and improve new services
Deliver and measure the effectiveness of ads
Show personalized content, depending on your settings
Show personalized ads, depending on your settings
If you choose to “Reject all,” we will not use cookies for these additional purposes.
Non-personalized content is influenced by things like the content you’re currently viewing, activity in your active Search session, and your location. Non-personalized ads are influenced by the content you’re currently viewing and your general location. Personalized content and ads can also include more relevant results, recommendations, and tailored ads based on past activity from this browser, like previous Google searches. We also use cookies and data to tailor the experience to be age-appropriate, if relevant.
Select “More options” to see additional information, including details about managing your privacy settings. You can also visit g.co/privacytools at any time.
Reject all
Accept all
More options
Privacy Policy
Terms of Service",https://news.google.com/rss/articles/CBMihwFBVV95cUxPXzZ1Vk1wZlRoZUVKZVFKQWgzR0c0UFBncW5HQlJ4emVMR3VwQjRQTjMzcF9Mc2Q3c2c4Nl9ESzVGSkM3VkJ0NE92QU13S0xaZVJhNnYxVFV5d3F6eGFGRHdqOXVOMWxSRHlneU5JNFg3VVZWTmx5UnpXNzQwWlFzUDdQUmdiQVE?oc=5
2025-03-17,AMZN,Amazon,Amazon (AMZN) Stock Drops Despite Market Gains: Important Facts to Note - Yahoo Finance,"EN
Sign in
Before you continue to Google
We use cookies and data to
Deliver and maintain Google services
Track outages and protect against spam, fraud, and abuse
Measure audience engagement and site statistics to understand how our services are used and enhance the quality of those services
If you choose to “Accept all,” we will also use cookies and data to
Develop and improve new services
Deliver and measure the effectiveness of ads
Show personalized content, depending on your settings
Show personalized ads, depending on your settings
If you choose to “Reject all,” we will not use cookies for these additional purposes.
Non-personalized content is influenced by things like the content you’re currently viewing, activity in your active Search session, and your location. Non-personalized ads are influenced by the content you’re currently viewing and your general location. Personalized content and ads can also include more relevant results, recommendations, and tailored ads based on past activity from this browser, like previous Google searches. We also use cookies and data to tailor the experience to be age-appropriate, if relevant.
Select “More options” to see additional information, including details about managing your privacy settings. You can also visit g.co/privacytools at any time.
Reject all
Accept all
More options
Privacy Policy
Terms of Service",https://news.google.com/rss/articles/CBMigwFBVV95cUxOQXg4NElKNTNwMkY1bGZGMGZhU2M4dThNWjlBdkFjbUF3Y2o5dGtac1lyb1BoanpQVS10N2Y3NV9nYlVSeWZaTzlJR190NU9tMHhtSUJpLUxmbjlGaXZyRHFKSk9IUEJ6MkhIZk1ENFE3d2pKdVBWemJWVVRSVm1qbERnSQ?oc=5
2025-03-23,AMZN,Amazon,Where Will Amazon Stock Be in 1 Year? - The Motley Fool,"EN
Sign in
Before you continue to Google
We use cookies and data to
Deliver and maintain Google services
Track outages and protect against spam, fraud, and abuse
Measure audience engagement and site statistics to understand how our services are used and enhance the quality of those services
If you choose to “Accept all,” we will also use cookies and data to
Develop and improve new services
Deliver and measure the effectiveness of ads
Show personalized content, depending on your settings
Show personalized ads, depending on your settings
If you choose to “Reject all,” we will not use cookies for these additional purposes.
Non-personalized content is influenced by things like the content you’re currently viewing, activity in your active Search session, and your location. Non-personalized ads are influenced by the content you’re currently viewing and your general location. Personalized content and ads can also include more relevant results, recommendations, and tailored ads based on past activity from this browser, like previous Google searches. We also use cookies and data to tailor the experience to be age-appropriate, if relevant.
Select “More options” to see additional information, including details about managing your privacy settings. You can also visit g.co/privacytools at any time.
Reject all
Accept all
More options
Privacy Policy
Terms of Service",https://news.google.com/rss/articles/CBMihgFBVV95cUxOVVJmNEVOMnNCUFgtQ194elYxNXJGOG95TGxZa2x4enFwdHlPbGRKYVJVdmxNTW80QmpkLVBhdE0wamN4ajRpLUxta2VMNE9LamJYLTFURndVSFVDTU9yTmRYb21qSnU2cjRKQVhkaG5Va2Y4Vnl6ZGJWeC05elFOdU5qbXVnZw?oc=5
2025-03-10,AMZN,Amazon,Buy the Dip in Amazon Stock at Under $200 a Share? - Nasdaq,"EN
Sign in
Before you continue to Google
We use cookies and data to
Deliver and maintain Google services
Track outages and protect against spam, fraud, and abuse
Measure audience engagement and site statistics to understand how our services are used and enhance the quality of those services
If you choose to “Accept all,” we will also use cookies and data to
Develop and improve new services
Deliver and measure the effectiveness of ads
Show personalized content, depending on your settings
Show personalized ads, depending on your settings
If you choose to “Reject all,” we will not use cookies for these additional purposes.
Non-personalized content is influenced by things like the content you’re currently viewing, activity in your active Search session, and your location. Non-personalized ads are influenced by the content you’re currently viewing and your general location. Personalized content and ads can also include more relevant results, recommendations, and tailored ads based on past activity from this browser, like previous Google searches. We also use cookies and data to tailor the experience to be age-appropriate, if relevant.
Select “More options” to see additional information, including details about managing your privacy settings. You can also visit g.co/privacytools at any time.
Reject all
Accept all
More options
Privacy Policy
Terms of Service",https://news.google.com/rss/articles/CBMid0FVX3lxTE9yYkJDN19FUFhUTk9FOWkzZS0zNHRFUTdrbXBwM09ZX0lRa05ERG5obzRfR3pnTGJKZlZFM25TLVlkTnhzRVNPbDNRa3JSYnhKdDBmMi0taVRPaXplSGNqYjVZM2JxcGd6bThQeTVMZFFPNl80akY4?oc=5
2025-03-14,AMZN,Amazon,Amazon Stock Regains Some Ground But Still On Track For Sixth Straight Weekly Decline - Investor's Business Daily,"EN
Sign in
Before you continue to Google
We use cookies and data to
Deliver and maintain Google services
Track outages and protect against spam, fraud, and abuse
Measure audience engagement and site statistics to understand how our services are used and enhance the quality of those services
If you choose to “Accept all,” we will also use cookies and data to
Develop and improve new services
Deliver and measure the effectiveness of ads
Show personalized content, depending on your settings
Show personalized ads, depending on your settings
If you choose to “Reject all,” we will not use cookies for these additional purposes.
Non-personalized content is influenced by things like the content you’re currently viewing, activity in your active Search session, and your location. Non-personalized ads are influenced by the content you’re currently viewing and your general location. Personalized content and ads can also include more relevant results, recommendations, and tailored ads based on past activity from this browser, like previous Google searches. We also use cookies and data to tailor the experience to be age-appropriate, if relevant.
Select “More options” to see additional information, including details about managing your privacy settings. You can also visit g.co/privacytools at any time.
Reject all
Accept all
More options
Privacy Policy
Terms of Service",https://news.google.com/rss/articles/CBMilgFBVV95cUxNQkNtaFZETExtYVVnN0cza2pnbVI4eW1GSWhIWXdwbnl4XzJkS2xLa1VDQ0FxdVBwTDNhVkxLTEl5WXRXQjIzNVZraTBFdXo0OHhfVjc0elkydnR3d2trR2xaUEpTeXVzeWkzMktuZjRaSVlGUEZYUmR0LUw5MW5xQ0swWEJ5UXY4VGhLT29rVEVvWW9Zb0E?oc=5
2025-03-22,AMZN,Amazon,"Is Amazon.com, Inc. (AMZN)The Best Robinhood Stock to Buy According to Analysts? - Yahoo Finance","EN
Sign in
Before you continue to Google
We use cookies and data to
Deliver and maintain Google services
Track outages and protect against spam, fraud, and abuse
Measure audience engagement and site statistics to understand how our services are used and enhance the quality of those services
If you choose to “Accept all,” we will also use cookies and data to
Develop and improve new services
Deliver and measure the effectiveness of ads
Show personalized content, depending on your settings
Show personalized ads, depending on your settings
If you choose to “Reject all,” we will not use cookies for these additional purposes.
Non-personalized content is influenced by things like the content you’re currently viewing, activity in your active Search session, and your location. Non-personalized ads are influenced by the content you’re currently viewing and your general location. Personalized content and ads can also include more relevant results, recommendations, and tailored ads based on past activity from this browser, like previous Google searches. We also use cookies and data to tailor the experience to be age-appropriate, if relevant.
Select “More options” to see additional information, including details about managing your privacy settings. You can also visit g.co/privacytools at any time.
Reject all
Accept all
More options
Privacy Policy
Terms of Service",https://news.google.com/rss/articles/CBMiekFVX3lxTE9kWlVqNzNaOW1aa05UOHQxLWppWHlJcjUtRkRyUXF4V0NIVXhCOVZBaDl4UDRFNjR4empxYWM1R29MYzI4dnBPdUx0Z2IwNndGVUdsV3FCNUNGQVZzeWVWTEtHRFVHcGZFSXlZQnZHa0luTUVxVXhiRTZ3?oc=5
2025-03-16,AMZN,Amazon,Amazon's Stock Has Rarely Been This Cheap. Here's Why 1 Analyst Thinks It Could Soar by More Than 50%. - The Motley Fool,"EN
Sign in
Before you continue to Google
We use cookies and data to
Deliver and maintain Google services
Track outages and protect against spam, fraud, and abuse
Measure audience engagement and site statistics to understand how our services are used and enhance the quality of those services
If you choose to “Accept all,” we will also use cookies and data to
Develop and improve new services
Deliver and measure the effectiveness of ads
Show personalized content, depending on your settings
Show personalized ads, depending on your settings
If you choose to “Reject all,” we will not use cookies for these additional purposes.
Non-personalized content is influenced by things like the content you’re currently viewing, activity in your active Search session, and your location. Non-personalized ads are influenced by the content you’re currently viewing and your general location. Personalized content and ads can also include more relevant results, recommendations, and tailored ads based on past activity from this browser, like previous Google searches. We also use cookies and data to tailor the experience to be age-appropriate, if relevant.
Select “More options” to see additional information, including details about managing your privacy settings. You can also visit g.co/privacytools at any time.
Reject all
Accept all
More options
Privacy Policy
Terms of Service",https://news.google.com/rss/articles/CBMimAFBVV95cUxQOTJPMTZ6WDV3azY1d0I4aFlBZF9mekdSc2IydjR2SkR4OEZBTERTa1JFUkxJdzZxMjJsdDVvSGV3SFBNYjh0cWtfSGRxZy1JaDBDMHJSUFFGbHRhbXBWUzVQanNYOGFEZ0JiNjJzbnlTMTdYbnl4MU9lYlIxTFl0T2U0ZnBxZFcyV1I5NVhNT0ZZQzZKOWdBZw?oc=5
2025-03-07,AMZN,Amazon,Amazon (AMZN) Stock Dips While Market Gains: Key Facts - Nasdaq,"EN
Sign in
Before you continue to Google
We use cookies and data to
Deliver and maintain Google services
Track outages and protect against spam, fraud, and abuse
Measure audience engagement and site statistics to understand how our services are used and enhance the quality of those services
If you choose to “Accept all,” we will also use cookies and data to
Develop and improve new services
Deliver and measure the effectiveness of ads
Show personalized content, depending on your settings
Show personalized ads, depending on your settings
If you choose to “Reject all,” we will not use cookies for these additional purposes.
Non-personalized content is influenced by things like the content you’re currently viewing, activity in your active Search session, and your location. Non-personalized ads are influenced by the content you’re currently viewing and your general location. Personalized content and ads can also include more relevant results, recommendations, and tailored ads based on past activity from this browser, like previous Google searches. We also use cookies and data to tailor the experience to be age-appropriate, if relevant.
Select “More options” to see additional information, including details about managing your privacy settings. You can also visit g.co/privacytools at any time.
Reject all
Accept all
More options
Privacy Policy
Terms of Service",https://news.google.com/rss/articles/CBMijgFBVV95cUxNS2xRSW4zdlFJTi1QRDE3NDZtQnFqNTBtREF2UXg3QkRRUnYxX3dKRi1JUVYwYVQxOF9MemV0MnVPWXZIaVdVYVRoZTdUVVdXNHZTd0Y2d2hKTnFNb1lydk1IS0Fka2VqbENlRWxTMlRodjRpOEVGVjF5MlNVY3E5UHNjSFlfWTAwNUd5Q3Z3?oc=5
2025-03-05,AMZN,Amazon,"Tariffs Weigh On E-Commerce Stocks. Analyst Sees eBay, Amazon As 'Better Positioned.' - Investor's Business Daily","EN
Sign in
Before you continue to Google
We use cookies and data to
Deliver and maintain Google services
Track outages and protect against spam, fraud, and abuse
Measure audience engagement and site statistics to understand how our services are used and enhance the quality of those services
If you choose to “Accept all,” we will also use cookies and data to
Develop and improve new services
Deliver and measure the effectiveness of ads
Show personalized content, depending on your settings
Show personalized ads, depending on your settings
If you choose to “Reject all,” we will not use cookies for these additional purposes.
Non-personalized content is influenced by things like the content you’re currently viewing, activity in your active Search session, and your location. Non-personalized ads are influenced by the content you’re currently viewing and your general location. Personalized content and ads can also include more relevant results, recommendations, and tailored ads based on past activity from this browser, like previous Google searches. We also use cookies and data to tailor the experience to be age-appropriate, if relevant.
Select “More options” to see additional information, including details about managing your privacy settings. You can also visit g.co/privacytools at any time.
Reject all
Accept all
More options
Privacy Policy
Terms of Service",https://news.google.com/rss/articles/CBMijAFBVV95cUxPYzB5THF4V1dNNi1ZdjgycTllUHdYeHkxUExFNDI4bG9VdXRiYktta3p4Z29SWVFLeHliTDFUcWJTVDdaSEJ4UDhCUnpBUGRfOTlqd0Nwa0pfcVpRMnRtRXdVbVNiM0NNa2VmRkxkRnpkbGY2RS1IaUNvVzBDRGNHeUNsemRIYk5XVFFFRg?oc=5
2025-03-17,AMZN,Amazon,"Is Amazon.com, Inc. (AMZN) the Best Strong Buy Stock to Buy Right Now? - Yahoo Finance","EN
Sign in
Before you continue to Google
We use cookies and data to
Deliver and maintain Google services
Track outages and protect against spam, fraud, and abuse
Measure audience engagement and site statistics to understand how our services are used and enhance the quality of those services
If you choose to “Accept all,” we will also use cookies and data to
Develop and improve new services
Deliver and measure the effectiveness of ads
Show personalized content, depending on your settings
Show personalized ads, depending on your settings
If you choose to “Reject all,” we will not use cookies for these additional purposes.
Non-personalized content is influenced by things like the content you’re currently viewing, activity in your active Search session, and your location. Non-personalized ads are influenced by the content you’re currently viewing and your general location. Personalized content and ads can also include more relevant results, recommendations, and tailored ads based on past activity from this browser, like previous Google searches. We also use cookies and data to tailor the experience to be age-appropriate, if relevant.
Select “More options” to see additional information, including details about managing your privacy settings. You can also visit g.co/privacytools at any time.
Reject all
Accept all
More options
Privacy Policy
Terms of Service",https://news.google.com/rss/articles/CBMiekFVX3lxTE11eWh1czhSQ1FMc2gyS25KZHhHVUJfS3ZNQ0RxdEFJaFpmWlY4YkdMWVVyczdOeGhkLXNxOW0zZGNiT2Z6dFNfX2RzLThsSlNyTExqbVhCTGVFRVlCdjFpUzM4RVVLUmk0d2lOSU1hWnVCb01KR2VvcGpn?oc=5
2025-03-06,AMZN,Amazon,Why Amazon Stock Dropped 11% Last Month - The Motley Fool,"EN
Sign in
Before you continue to Google
We use cookies and data to
Deliver and maintain Google services
Track outages and protect against spam, fraud, and abuse
Measure audience engagement and site statistics to understand how our services are used and enhance the quality of those services
If you choose to “Accept all,” we will also use cookies and data to
Develop and improve new services
Deliver and measure the effectiveness of ads
Show personalized content, depending on your settings
Show personalized ads, depending on your settings
If you choose to “Reject all,” we will not use cookies for these additional purposes.
Non-personalized content is influenced by things like the content you’re currently viewing, activity in your active Search session, and your location. Non-personalized ads are influenced by the content you’re currently viewing and your general location. Personalized content and ads can also include more relevant results, recommendations, and tailored ads based on past activity from this browser, like previous Google searches. We also use cookies and data to tailor the experience to be age-appropriate, if relevant.
Select “More options” to see additional information, including details about managing your privacy settings. You can also visit g.co/privacytools at any time.
Reject all
Accept all
More options
Privacy Policy
Terms of Service",https://news.google.com/rss/articles/CBMiiAFBVV95cUxNWHhzOUR3LVpFcmpGNW9sdWotWGV2bnpvTDkyc0VhaTZ2dGk4aTJOeC1yVGJHN21saFdpRkVaWG5hWGZZOEJCaGRwbElYeVJHck10OGpKdC1WSThkQU85UlN0Nk1YMmIxbkdva0tiVG5yWms2a2tTZnE4Q08xRnZJVXZhN09DREli?oc=5
2025-03-25,AMZN,Amazon,Is Amazon.com (AMZN) The Best Stock to Buy According to Billionaire Ray Dalio? - Yahoo Finance,"EN
Sign in
Before you continue to Google
We use cookies and data to
Deliver and maintain Google services
Track outages and protect against spam, fraud, and abuse
Measure audience engagement and site statistics to understand how our services are used and enhance the quality of those services
If you choose to “Accept all,” we will also use cookies and data to
Develop and improve new services
Deliver and measure the effectiveness of ads
Show personalized content, depending on your settings
Show personalized ads, depending on your settings
If you choose to “Reject all,” we will not use cookies for these additional purposes.
Non-personalized content is influenced by things like the content you’re currently viewing, activity in your active Search session, and your location. Non-personalized ads are influenced by the content you’re currently viewing and your general location. Personalized content and ads can also include more relevant results, recommendations, and tailored ads based on past activity from this browser, like previous Google searches. We also use cookies and data to tailor the experience to be age-appropriate, if relevant.
Select “More options” to see additional information, including details about managing your privacy settings. You can also visit g.co/privacytools at any time.
Reject all
Accept all
More options
Privacy Policy
Terms of Service",https://news.google.com/rss/articles/CBMifEFVX3lxTE1YdzV1NVBtNFIzVUdoRnQ5czMwVGFiTUNzUDBPNHpNMS0tZzZoaERMcVNLcUlKUTZfckZMZ3Z6YmxHQlNocXQtams0Sm12a0xBd1VOLVlzRWNpY0tOcFVUUDFKc1hVYWZEczFRN1gySVAyVDlXYldRVDBKT18?oc=5
2025-04-16,AMZN,Amazon,Analysts Cut Amazon Price Targets With First-Quarter Report Due Soon - Investor's Business Daily,"EN
Sign in
Before you continue to Google
We use cookies and data to
Deliver and maintain Google services
Track outages and protect against spam, fraud, and abuse
Measure audience engagement and site statistics to understand how our services are used and enhance the quality of those services
If you choose to “Accept all,” we will also use cookies and data to
Develop and improve new services
Deliver and measure the effectiveness of ads
Show personalized content, depending on your settings
Show personalized ads, depending on your settings
If you choose to “Reject all,” we will not use cookies for these additional purposes.
Non-personalized content is influenced by things like the content you’re currently viewing, activity in your active Search session, and your location. Non-personalized ads are influenced by the content you’re currently viewing and your general location. Personalized content and ads can also include more relevant results, recommendations, and tailored ads based on past activity from this browser, like previous Google searches. We also use cookies and data to tailor the experience to be age-appropriate, if relevant.
Select “More options” to see additional information, including details about managing your privacy settings. You can also visit g.co/privacytools at any time.
Reject all
Accept all
More options
Privacy Policy
Terms of Service",https://news.google.com/rss/articles/CBMilgFBVV95cUxQczBabXRPamRhR0hHYkY2Y1RsdWtGbU1IMTdDZi15d3czOEdhV0pYRUhfODFWWXJEdXA1bWtkUzRJOXdsZ3k3SlRSSTUtMU1kLUdjdG43eDV3MWtfbUlFZzZxakd6OUVyZVVRWWNPZkU3cC1PSFhvWVYtM0RPc0pBUUp1MW9rVzZvQjkzUjgwdUY5eFNXaHc?oc=5
2025-04-15,AMZN,Amazon,Analysts reboot Amazon stock price targets - TheStreet,"EN
Sign in
Before you continue to Google
We use cookies and data to
Deliver and maintain Google services
Track outages and protect against spam, fraud, and abuse
Measure audience engagement and site statistics to understand how our services are used and enhance the quality of those services
If you choose to “Accept all,” we will also use cookies and data to
Develop and improve new services
Deliver and measure the effectiveness of ads
Show personalized content, depending on your settings
Show personalized ads, depending on your settings
If you choose to “Reject all,” we will not use cookies for these additional purposes.
Non-personalized content is influenced by things like the content you’re currently viewing, activity in your active Search session, and your location. Non-personalized ads are influenced by the content you’re currently viewing and your general location. Personalized content and ads can also include more relevant results, recommendations, and tailored ads based on past activity from this browser, like previous Google searches. We also use cookies and data to tailor the experience to be age-appropriate, if relevant.
Select “More options” to see additional information, including details about managing your privacy settings. You can also visit g.co/privacytools at any time.
Reject all
Accept all
More options
Privacy Policy
Terms of Service",https://news.google.com/rss/articles/CBMinAFBVV95cUxPR1VuQmU3V05wYU15ZGhjYW1DLW9iUjRKWlAwTkdHclVScng4aEM0UVlNSTZqYm9uU0V5c0JRYnVGaTlIQnBQVU8xSlhoVUlZb2g5STFTTDFDTi1xTGpNUWxWYVJOTmpTUzRoOEdFQnRPM0RGejRVbVRZXzVqNXh4dUUyZ2luc3pHRGFfdndGWXQzbkhzaTBiTGdNY1Q?oc=5
2025-04-22,AMZN,Amazon,Amazon’s stock is cheap relative to Walmart’s. Why investors are making a mistake in their flight to safety. - MarketWatch,"EN
Sign in
Before you continue to Google
We use cookies and data to
Deliver and maintain Google services
Track outages and protect against spam, fraud, and abuse
Measure audience engagement and site statistics to understand how our services are used and enhance the quality of those services
If you choose to “Accept all,” we will also use cookies and data to
Develop and improve new services
Deliver and measure the effectiveness of ads
Show personalized content, depending on your settings
Show personalized ads, depending on your settings
If you choose to “Reject all,” we will not use cookies for these additional purposes.
Non-personalized content is influenced by things like the content you’re currently viewing, activity in your active Search session, and your location. Non-personalized ads are influenced by the content you’re currently viewing and your general location. Personalized content and ads can also include more relevant results, recommendations, and tailored ads based on past activity from this browser, like previous Google searches. We also use cookies and data to tailor the experience to be age-appropriate, if relevant.
Select “More options” to see additional information, including details about managing your privacy settings. You can also visit g.co/privacytools at any time.
Reject all
Accept all
More options
Privacy Policy
Terms of Service",https://news.google.com/rss/articles/CBMi4AFBVV95cUxNUzVtVm5HNzNPMU9kZzNxeFJoQngzbFZqQ3BRbDZpSHIwZ2Z1WHpfTzhPWUNPVGo1NzZKcTFDUUk3V1NDVFlrWHVtRjVLVXV6eXJjRk00eUVHbXlkd0tod2NNbUtBdTQ2SGNOVG9ZdnlKVnEtN1MzRHdySVFqRlZGc0hVTUxCc1d3OVRGdGVINEszeE5XVU83NDhrUHRsU1JhVWNFRmR0dF9iV1FlV1pHY0kwODJ3WTRTVHEyUlBaUjlja09KaTZNZHUyM0J3R1pzQzgyazVKNmNYUURjTUNZRA?oc=5
2025-04-21,AMZN,Amazon,"Amazon stock falls as Raymond James downgrades shares, citing tariff headwinds and 'limited' AI monetization - Yahoo Finance","EN
Sign in
Before you continue to Google
We use cookies and data to
Deliver and maintain Google services
Track outages and protect against spam, fraud, and abuse
Measure audience engagement and site statistics to understand how our services are used and enhance the quality of those services
If you choose to “Accept all,” we will also use cookies and data to
Develop and improve new services
Deliver and measure the effectiveness of ads
Show personalized content, depending on your settings
Show personalized ads, depending on your settings
If you choose to “Reject all,” we will not use cookies for these additional purposes.
Non-personalized content is influenced by things like the content you’re currently viewing, activity in your active Search session, and your location. Non-personalized ads are influenced by the content you’re currently viewing and your general location. Personalized content and ads can also include more relevant results, recommendations, and tailored ads based on past activity from this browser, like previous Google searches. We also use cookies and data to tailor the experience to be age-appropriate, if relevant.
Select “More options” to see additional information, including details about managing your privacy settings. You can also visit g.co/privacytools at any time.
Reject all
Accept all
More options
Privacy Policy
Terms of Service",https://news.google.com/rss/articles/CBMi5gFBVV95cUxNd1JLN3hhakR5eDdRRVV0T1BTQ1RVenhvNG9EazJoZXJqRU5ObDAzY2tXZ2ttbUFiVzJHdFlqeTIzb1o3bUZlQWp1ay1kZ285Vng3UWkyeFZmNUNERmsybG1qVlMwZzhrS1JzRExrTnRhNFhVM1k2Q3dqVEl4R2d3OFUwR2FKTWdwNW50cHhFczFQeUg4YWZoellWc1VwX1ItLWw1OFh1OUh4dGo3T21EMFR6eWVsQlAwOENCZWl6NHMwb0w3LTVXdWk2SHpmZExNQUhZQUJfWGRsc0FBcXJxY1k0WVRZdw?oc=5
2025-04-21,AMZN,Amazon,Amazon Stock Gets a Downgrade as Tariff Worries Weigh on Its Shares - Investopedia,"EN
Sign in
Before you continue to Google
We use cookies and data to
Deliver and maintain Google services
Track outages and protect against spam, fraud, and abuse
Measure audience engagement and site statistics to understand how our services are used and enhance the quality of those services
If you choose to “Accept all,” we will also use cookies and data to
Develop and improve new services
Deliver and measure the effectiveness of ads
Show personalized content, depending on your settings
Show personalized ads, depending on your settings
If you choose to “Reject all,” we will not use cookies for these additional purposes.
Non-personalized content is influenced by things like the content you’re currently viewing, activity in your active Search session, and your location. Non-personalized ads are influenced by the content you’re currently viewing and your general location. Personalized content and ads can also include more relevant results, recommendations, and tailored ads based on past activity from this browser, like previous Google searches. We also use cookies and data to tailor the experience to be age-appropriate, if relevant.
Select “More options” to see additional information, including details about managing your privacy settings. You can also visit g.co/privacytools at any time.
Reject all
Accept all
More options
Privacy Policy
Terms of Service",https://news.google.com/rss/articles/CBMi0gFBVV95cUxOSkFDRkR2b1N1SEFONmE5QnFUTU95UUhQYlRkUWNOWHRJcXlfMEtmcTFLeFg5T2k3enVzV0lPZGZvUVpodVJ4ZVN3aXQ2WjlrMlNZV3RvTVhoQy1LeThKblM1SC1kdEhITnBjWG9xaFcwS25tc1VBT0VOVW1OMmJQdU1XSmFPcGJWQ2hHY2FkVTJPYmVqb1Y4RHlsWkhaQjR1d3JyT3hDeDBfa05pYWJURUN2ZnRGTGgzSmpHejVURlZzbzhsX1AyT25pUTRzeVU3MlE?oc=5
2025-04-14,AMZN,Amazon,Amazon (AMZN) Stock Sinks As Market Gains: Here's Why - Nasdaq,"EN
Sign in
Before you continue to Google
We use cookies and data to
Deliver and maintain Google services
Track outages and protect against spam, fraud, and abuse
Measure audience engagement and site statistics to understand how our services are used and enhance the quality of those services
If you choose to “Accept all,” we will also use cookies and data to
Develop and improve new services
Deliver and measure the effectiveness of ads
Show personalized content, depending on your settings
Show personalized ads, depending on your settings
If you choose to “Reject all,” we will not use cookies for these additional purposes.
Non-personalized content is influenced by things like the content you’re currently viewing, activity in your active Search session, and your location. Non-personalized ads are influenced by the content you’re currently viewing and your general location. Personalized content and ads can also include more relevant results, recommendations, and tailored ads based on past activity from this browser, like previous Google searches. We also use cookies and data to tailor the experience to be age-appropriate, if relevant.
Select “More options” to see additional information, including details about managing your privacy settings. You can also visit g.co/privacytools at any time.
Reject all
Accept all
More options
Privacy Policy
Terms of Service",https://news.google.com/rss/articles/CBMihwFBVV95cUxOTHF5QXN1UzlRNVFFZFVJSnB1ZVkzYnhicndMenhleHdaQXlpRVJMOUlrckhERlRXVWZ1aXozSHNWa0lmdXVmT1BLNnI1UWdfeldfMkgyXzBpMGJaaWQxNVNzT2hJREI4aGl1ZmJMTEtpR0VmNUpIRU9BSkVnS09VMGtWMVdTQWs?oc=5
2025-04-03,AMZN,Amazon,Amazon's Stock Takes the Tariff Tumble. Here's Why I'm Still Holding. - The Motley Fool,"EN
Sign in
Before you continue to Google
We use cookies and data to
Deliver and maintain Google services
Track outages and protect against spam, fraud, and abuse
Measure audience engagement and site statistics to understand how our services are used and enhance the quality of those services
If you choose to “Accept all,” we will also use cookies and data to
Develop and improve new services
Deliver and measure the effectiveness of ads
Show personalized content, depending on your settings
Show personalized ads, depending on your settings
If you choose to “Reject all,” we will not use cookies for these additional purposes.
Non-personalized content is influenced by things like the content you’re currently viewing, activity in your active Search session, and your location. Non-personalized ads are influenced by the content you’re currently viewing and your general location. Personalized content and ads can also include more relevant results, recommendations, and tailored ads based on past activity from this browser, like previous Google searches. We also use cookies and data to tailor the experience to be age-appropriate, if relevant.
Select “More options” to see additional information, including details about managing your privacy settings. You can also visit g.co/privacytools at any time.
Reject all
Accept all
More options
Privacy Policy
Terms of Service",https://news.google.com/rss/articles/CBMihwFBVV95cUxQMHlNLTZaa3Fxb1ZDUzZJY2VmSlRKZktYZGRKY2R2OWVxR1lieGxnOFozMlU4RjNjUGpZQ0F4WXljM2JQbHMwVGEwcTdmSVk3WTRBN0s3YVdBYjVEbkpHQWoxc3dLOHMybmVaUUM4YVhWaWNfQ2hvT0Q2WmVYNnQzcGktemFSWU0?oc=5
2025-04-16,AMZN,Amazon,Amazon Stock To Crash To $120? - Forbes,"EN
Sign in
Before you continue to Google
We use cookies and data to
Deliver and maintain Google services
Track outages and protect against spam, fraud, and abuse
Measure audience engagement and site statistics to understand how our services are used and enhance the quality of those services
If you choose to “Accept all,” we will also use cookies and data to
Develop and improve new services
Deliver and measure the effectiveness of ads
Show personalized content, depending on your settings
Show personalized ads, depending on your settings
If you choose to “Reject all,” we will not use cookies for these additional purposes.
Non-personalized content is influenced by things like the content you’re currently viewing, activity in your active Search session, and your location. Non-personalized ads are influenced by the content you’re currently viewing and your general location. Personalized content and ads can also include more relevant results, recommendations, and tailored ads based on past activity from this browser, like previous Google searches. We also use cookies and data to tailor the experience to be age-appropriate, if relevant.
Select “More options” to see additional information, including details about managing your privacy settings. You can also visit g.co/privacytools at any time.
Reject all
Accept all
More options
Privacy Policy
Terms of Service",https://news.google.com/rss/articles/CBMikAFBVV95cUxQQ1Z4RnQydVlMSkVfWmxPaW0zeVVXejJLMy1qenZyQ2EtaXVOSlEtZ0xzc3dtQkRXZ1lPRTQ0a2V4aVlmNjhLRXcyeHRYSWpkdUs2cU9kYUMyejRMRVdibVE0T3NobEs4NXpmSl85UDl0VWtBX3VINUlXMkJxbGtncnNoSUJuWXFQb1VKUW5LUGg?oc=5
2025-04-17,AMZN,Amazon,CEO Andy Jassy shares 3 reasons he’s still at Amazon after 28 years - About Amazon,"EN
Sign in
Before you continue to Google
We use cookies and data to
Deliver and maintain Google services
Track outages and protect against spam, fraud, and abuse
Measure audience engagement and site statistics to understand how our services are used and enhance the quality of those services
If you choose to “Accept all,” we will also use cookies and data to
Develop and improve new services
Deliver and measure the effectiveness of ads
Show personalized content, depending on your settings
Show personalized ads, depending on your settings
If you choose to “Reject all,” we will not use cookies for these additional purposes.
Non-personalized content is influenced by things like the content you’re currently viewing, activity in your active Search session, and your location. Non-personalized ads are influenced by the content you’re currently viewing and your general location. Personalized content and ads can also include more relevant results, recommendations, and tailored ads based on past activity from this browser, like previous Google searches. We also use cookies and data to tailor the experience to be age-appropriate, if relevant.
Select “More options” to see additional information, including details about managing your privacy settings. You can also visit g.co/privacytools at any time.
Reject all
Accept all
More options
Privacy Policy
Terms of Service",https://news.google.com/rss/articles/CBMihgFBVV95cUxOelZVMUM4eTdXa00yZVhiLTdvdWVaUDFXelRWX21YZC0zaC1LVjB1MFBWcE56YkZiRkIweFcwX0w0dXVLcXBoWHNGRkxJemtheHVoZEotVFlZelJYOFJYY1BjeGVOR3dNd2NrUkxuZ0FLVlVTdlVQSUFlTWRRWHhadjVYanI3QQ?oc=5
2025-04-21,AMZN,Amazon,Buy Amazon Stock Before It Explodes From Q1 Results (NASDAQ:AMZN) - Seeking Alpha,"EN
Sign in
Before you continue to Google
We use cookies and data to
Deliver and maintain Google services
Track outages and protect against spam, fraud, and abuse
Measure audience engagement and site statistics to understand how our services are used and enhance the quality of those services
If you choose to “Accept all,” we will also use cookies and data to
Develop and improve new services
Deliver and measure the effectiveness of ads
Show personalized content, depending on your settings
Show personalized ads, depending on your settings
If you choose to “Reject all,” we will not use cookies for these additional purposes.
Non-personalized content is influenced by things like the content you’re currently viewing, activity in your active Search session, and your location. Non-personalized ads are influenced by the content you’re currently viewing and your general location. Personalized content and ads can also include more relevant results, recommendations, and tailored ads based on past activity from this browser, like previous Google searches. We also use cookies and data to tailor the experience to be age-appropriate, if relevant.
Select “More options” to see additional information, including details about managing your privacy settings. You can also visit g.co/privacytools at any time.
Reject all
Accept all
More options
Privacy Policy
Terms of Service",https://news.google.com/rss/articles/CBMikAFBVV95cUxNT3RpZ3F0THdVeDlxblFKQ3NEd3E4czNoT1FCSnNwRkFSUTRQS2hheHBIVnhlS2gtbS1CRWsyVjZ1OU1wNmtpY1FlRm44NHVVWGhIOUlLamFhWm1sYXRGMlowd3VDYUNVdU9zRW5iWWtUTEFXMHFoR0pqZmdnNF9YRHVfV1lRTVJuU2ZNREtVZE0?oc=5
2025-04-21,AMZN,Amazon,Amazon Stock Gets a Downgrade Because Tariffs on China Hurt in 2 Ways - Barron's,"EN
Sign in
Before you continue to Google
We use cookies and data to
Deliver and maintain Google services
Track outages and protect against spam, fraud, and abuse
Measure audience engagement and site statistics to understand how our services are used and enhance the quality of those services
If you choose to “Accept all,” we will also use cookies and data to
Develop and improve new services
Deliver and measure the effectiveness of ads
Show personalized content, depending on your settings
Show personalized ads, depending on your settings
If you choose to “Reject all,” we will not use cookies for these additional purposes.
Non-personalized content is influenced by things like the content you’re currently viewing, activity in your active Search session, and your location. Non-personalized ads are influenced by the content you’re currently viewing and your general location. Personalized content and ads can also include more relevant results, recommendations, and tailored ads based on past activity from this browser, like previous Google searches. We also use cookies and data to tailor the experience to be age-appropriate, if relevant.
Select “More options” to see additional information, including details about managing your privacy settings. You can also visit g.co/privacytools at any time.
Reject all
Accept all
More options
Privacy Policy
Terms of Service",https://news.google.com/rss/articles/CBMif0FVX3lxTE0wcDVCczlTRGd6NFNTOG1ESjJJaEhFOWdwbmFZME1CWGpkTk5CeVBYaHJnNDFta2hsSHhXaFZ1U2I3OHVxNzkyV2M0elZ1NzEwQkZFZGZYVXRkT0JtclFGT1RhRVp1Unp0SkJzU2NTWEFpS0lodVhIYmhscnFUcVk?oc=5
2025-04-10,AMZN,Amazon,Analysts send strong message on Amazon stock amid turmoil - TheStreet,"EN
Sign in
Before you continue to Google
We use cookies and data to
Deliver and maintain Google services
Track outages and protect against spam, fraud, and abuse
Measure audience engagement and site statistics to understand how our services are used and enhance the quality of those services
If you choose to “Accept all,” we will also use cookies and data to
Develop and improve new services
Deliver and measure the effectiveness of ads
Show personalized content, depending on your settings
Show personalized ads, depending on your settings
If you choose to “Reject all,” we will not use cookies for these additional purposes.
Non-personalized content is influenced by things like the content you’re currently viewing, activity in your active Search session, and your location. Non-personalized ads are influenced by the content you’re currently viewing and your general location. Personalized content and ads can also include more relevant results, recommendations, and tailored ads based on past activity from this browser, like previous Google searches. We also use cookies and data to tailor the experience to be age-appropriate, if relevant.
Select “More options” to see additional information, including details about managing your privacy settings. You can also visit g.co/privacytools at any time.
Reject all
Accept all
More options
Privacy Policy
Terms of Service",https://news.google.com/rss/articles/CBMipAFBVV95cUxPeFgxc1dBUzFIcElyRXJHQlZYV0laNnBVUmxQOXhHUm55R0l3NnhRNTFtZzdGVXptbmwtZGJDdmtrb1g5b0VQZDlSY0w4XzItNUxZcVg5LU8tR0tsSjdJQzJraWpEcWxEckpYX0JpQzY0M2VubFF0OGRkSUIyUERia1RWa1p4ZUQ3SXdHQXQ1S2NRTkViN0dhaG1IdllvVnNIb0JGWg?oc=5
2025-04-21,AMZN,Amazon,Amazon Stock Downgraded From Strong Buy Call On Tariff Risks - Investor's Business Daily,"EN
Sign in
Before you continue to Google
We use cookies and data to
Deliver and maintain Google services
Track outages and protect against spam, fraud, and abuse
Measure audience engagement and site statistics to understand how our services are used and enhance the quality of those services
If you choose to “Accept all,” we will also use cookies and data to
Develop and improve new services
Deliver and measure the effectiveness of ads
Show personalized content, depending on your settings
Show personalized ads, depending on your settings
If you choose to “Reject all,” we will not use cookies for these additional purposes.
Non-personalized content is influenced by things like the content you’re currently viewing, activity in your active Search session, and your location. Non-personalized ads are influenced by the content you’re currently viewing and your general location. Personalized content and ads can also include more relevant results, recommendations, and tailored ads based on past activity from this browser, like previous Google searches. We also use cookies and data to tailor the experience to be age-appropriate, if relevant.
Select “More options” to see additional information, including details about managing your privacy settings. You can also visit g.co/privacytools at any time.
Reject all
Accept all
More options
Privacy Policy
Terms of Service",https://news.google.com/rss/articles/CBMikwFBVV95cUxOQmxnTXBaVmxObTJoWHE0bjg4ZHBJc0JzVUtZRzAxRU5BcDdhT1o2V2lSb1pnWFVjMTRmTGFSTjE5cXFub0p0NDhyMnFpQ3BFbGx1S0s3bDRBbF9EdTB2QTV3NjU0UVNMeHhibmxQWW0zdWI0MGJzNEV3WTVsTjRlNVk2ODRKXzZaYVQ4WW8yMy02WW8?oc=5
2025-04-24,AMZN,Amazon,Should You Buy Amazon Stock Before April 29? - The Motley Fool,"EN
Sign in
Before you continue to Google
We use cookies and data to
Deliver and maintain Google services
Track outages and protect against spam, fraud, and abuse
Measure audience engagement and site statistics to understand how our services are used and enhance the quality of those services
If you choose to “Accept all,” we will also use cookies and data to
Develop and improve new services
Deliver and measure the effectiveness of ads
Show personalized content, depending on your settings
Show personalized ads, depending on your settings
If you choose to “Reject all,” we will not use cookies for these additional purposes.
Non-personalized content is influenced by things like the content you’re currently viewing, activity in your active Search session, and your location. Non-personalized ads are influenced by the content you’re currently viewing and your general location. Personalized content and ads can also include more relevant results, recommendations, and tailored ads based on past activity from this browser, like previous Google searches. We also use cookies and data to tailor the experience to be age-appropriate, if relevant.
Select “More options” to see additional information, including details about managing your privacy settings. You can also visit g.co/privacytools at any time.
Reject all
Accept all
More options
Privacy Policy
Terms of Service",https://news.google.com/rss/articles/CBMijwFBVV95cUxNVXV0dklzanllQkVMeHZZOEVtRUVwbTVySDBic0RPVnRnWnhRWHNvbVY0Rzc1MXVIeVE2VUtPSU12ODhkallXSjJ2R2pCOUtmMzBIeE5kQlNlNS1ZLUVNdV9HQmtuVUpqTnl1dkZhTDhYWndTQnJFTFJWZE1FT19ueUpYSVhFa3JiTVFMNmx3SQ?oc=5
2025-04-24,AMZN,Amazon,What’s Happening With AMZN Stock? - Forbes,"EN
Sign in
Before you continue to Google
We use cookies and data to
Deliver and maintain Google services
Track outages and protect against spam, fraud, and abuse
Measure audience engagement and site statistics to understand how our services are used and enhance the quality of those services
If you choose to “Accept all,” we will also use cookies and data to
Develop and improve new services
Deliver and measure the effectiveness of ads
Show personalized content, depending on your settings
Show personalized ads, depending on your settings
If you choose to “Reject all,” we will not use cookies for these additional purposes.
Non-personalized content is influenced by things like the content you’re currently viewing, activity in your active Search session, and your location. Non-personalized ads are influenced by the content you’re currently viewing and your general location. Personalized content and ads can also include more relevant results, recommendations, and tailored ads based on past activity from this browser, like previous Google searches. We also use cookies and data to tailor the experience to be age-appropriate, if relevant.
Select “More options” to see additional information, including details about managing your privacy settings. You can also visit g.co/privacytools at any time.
Reject all
Accept all
More options
Privacy Policy
Terms of Service",https://news.google.com/rss/articles/CBMilAFBVV95cUxOaDVGd3haVk82S05Ba2tmUmo3ZEJ6Z1Uyc1J0TmNTZ053VWstMHBMaWtNOW5pRHhUaDZibEwxY2ptbThSUVRnUkFiTFo2azNVbnhocEwtYXJ2NFZBOHNSU0paMEplQ3dQbk85Q1hMYkR4S3B1NnpEMEdTd3NXSTZNV25obU9CXy0wajBSOElHSFRsUDda?oc=5
2025-04-11,AMZN,Amazon,Amazon Stock Breaks Nine-Week Skid As Wall Street Debates Tariff Hit - Investor's Business Daily,"EN
Sign in
Before you continue to Google
We use cookies and data to
Deliver and maintain Google services
Track outages and protect against spam, fraud, and abuse
Measure audience engagement and site statistics to understand how our services are used and enhance the quality of those services
If you choose to “Accept all,” we will also use cookies and data to
Develop and improve new services
Deliver and measure the effectiveness of ads
Show personalized content, depending on your settings
Show personalized ads, depending on your settings
If you choose to “Reject all,” we will not use cookies for these additional purposes.
Non-personalized content is influenced by things like the content you’re currently viewing, activity in your active Search session, and your location. Non-personalized ads are influenced by the content you’re currently viewing and your general location. Personalized content and ads can also include more relevant results, recommendations, and tailored ads based on past activity from this browser, like previous Google searches. We also use cookies and data to tailor the experience to be age-appropriate, if relevant.
Select “More options” to see additional information, including details about managing your privacy settings. You can also visit g.co/privacytools at any time.
Reject all
Accept all
More options
Privacy Policy
Terms of Service",https://news.google.com/rss/articles/CBMioAFBVV95cUxPV1lBeUxFUmRFZEhRU25nQk85SnFaSWswN29Za0pqM1JIdEZTOHgteUt4T3ZhV29pQkxSMHJoV1lqSHRrOElVUHFobUNzRnpuaU93U2MzNmpvOWVrY0VKUjdleGZ0N1RWQnh1VWwxamhZcTA0QjlzX2lPTTlZRmFqV3IwOE55M1drZ2FiQnpvdzU2VXcxWDZTRHV4RU1uZ3l2?oc=5
2025-04-23,AMZN,Amazon,"Is Amazon the Smartest Growth Stock to Buy in April With $2,000? - The Motley Fool","EN
Sign in
Before you continue to Google
We use cookies and data to
Deliver and maintain Google services
Track outages and protect against spam, fraud, and abuse
Measure audience engagement and site statistics to understand how our services are used and enhance the quality of those services
If you choose to “Accept all,” we will also use cookies and data to
Develop and improve new services
Deliver and measure the effectiveness of ads
Show personalized content, depending on your settings
Show personalized ads, depending on your settings
If you choose to “Reject all,” we will not use cookies for these additional purposes.
Non-personalized content is influenced by things like the content you’re currently viewing, activity in your active Search session, and your location. Non-personalized ads are influenced by the content you’re currently viewing and your general location. Personalized content and ads can also include more relevant results, recommendations, and tailored ads based on past activity from this browser, like previous Google searches. We also use cookies and data to tailor the experience to be age-appropriate, if relevant.
Select “More options” to see additional information, including details about managing your privacy settings. You can also visit g.co/privacytools at any time.
Reject all
Accept all
More options
Privacy Policy
Terms of Service",https://news.google.com/rss/articles/CBMikwFBVV95cUxPb1VKN0pVaWJaUHpNc05SV0ZRUHBCbUVFcUFJVHl5ODlmM0pkTl9NM2hHQjdFOXlodWNvSE1KZ2luMGdXSWgxdEtPUmRET3lYS21GeWJSRWtiM2hyc3pBUVZhN3JfaXp0dU9MdjlKYm5PTVBXYkY3MVZWaVEySUxGcDdUUG0yUktUTkZlaEZGcE8tNW8?oc=5
2025-04-23,AMZN,Amazon,Amazon Stock Rallies Past Key Level On Hopes For Trump Easing China Tariffs - Investor's Business Daily,"EN
Sign in
Before you continue to Google
We use cookies and data to
Deliver and maintain Google services
Track outages and protect against spam, fraud, and abuse
Measure audience engagement and site statistics to understand how our services are used and enhance the quality of those services
If you choose to “Accept all,” we will also use cookies and data to
Develop and improve new services
Deliver and measure the effectiveness of ads
Show personalized content, depending on your settings
Show personalized ads, depending on your settings
If you choose to “Reject all,” we will not use cookies for these additional purposes.
Non-personalized content is influenced by things like the content you’re currently viewing, activity in your active Search session, and your location. Non-personalized ads are influenced by the content you’re currently viewing and your general location. Personalized content and ads can also include more relevant results, recommendations, and tailored ads based on past activity from this browser, like previous Google searches. We also use cookies and data to tailor the experience to be age-appropriate, if relevant.
Select “More options” to see additional information, including details about managing your privacy settings. You can also visit g.co/privacytools at any time.
Reject all
Accept all
More options
Privacy Policy
Terms of Service",https://news.google.com/rss/articles/CBMigAFBVV95cUxOaGN2VzNsWWRwQ3JZbUtEUlFoTW1sSlJPMzRpSk02Q3AtZDIwdWVxQklIbzczSGxCRU5hX3hZaFFzVlVUVHNOaG1nQTl5R0NKTG42SC1oUzlwWkh1ZW1PTG9ueGc1Q1RHVHdTbWxZOVVTWHFLMGZOZ08yM0Y5TjdCRg?oc=5
2025-04-20,AMZN,Amazon,Amazon Stock Sell-Off: Should You Buy the Dip? - The Motley Fool,"EN
Sign in
Before you continue to Google
We use cookies and data to
Deliver and maintain Google services
Track outages and protect against spam, fraud, and abuse
Measure audience engagement and site statistics to understand how our services are used and enhance the quality of those services
If you choose to “Accept all,” we will also use cookies and data to
Develop and improve new services
Deliver and measure the effectiveness of ads
Show personalized content, depending on your settings
Show personalized ads, depending on your settings
If you choose to “Reject all,” we will not use cookies for these additional purposes.
Non-personalized content is influenced by things like the content you’re currently viewing, activity in your active Search session, and your location. Non-personalized ads are influenced by the content you’re currently viewing and your general location. Personalized content and ads can also include more relevant results, recommendations, and tailored ads based on past activity from this browser, like previous Google searches. We also use cookies and data to tailor the experience to be age-appropriate, if relevant.
Select “More options” to see additional information, including details about managing your privacy settings. You can also visit g.co/privacytools at any time.
Reject all
Accept all
More options
Privacy Policy
Terms of Service",https://news.google.com/rss/articles/CBMikAFBVV95cUxQVzJMc1JEc1FuM19yNGxhTmlZSVk5d01aR3IycVgwSWVockc3RTdWMkdnb2E4QmlldW04UktsbWtlendRN3NMd3doNElUVmhwTUo2WGo4NXZxUzNuc2g0UnVUSFVCMXZiby03YTQwQWU3MHJMRGIxVXRRUEgxSDY0NHhHT1BEZ2w1SzlobFRiMjE?oc=5
2025-04-22,AMZN,Amazon,Amazon Jumped Today -- Is the Stock a Buy Right Now? - The Motley Fool,"EN
Sign in
Before you continue to Google
We use cookies and data to
Deliver and maintain Google services
Track outages and protect against spam, fraud, and abuse
Measure audience engagement and site statistics to understand how our services are used and enhance the quality of those services
If you choose to “Accept all,” we will also use cookies and data to
Develop and improve new services
Deliver and measure the effectiveness of ads
Show personalized content, depending on your settings
Show personalized ads, depending on your settings
If you choose to “Reject all,” we will not use cookies for these additional purposes.
Non-personalized content is influenced by things like the content you’re currently viewing, activity in your active Search session, and your location. Non-personalized ads are influenced by the content you’re currently viewing and your general location. Personalized content and ads can also include more relevant results, recommendations, and tailored ads based on past activity from this browser, like previous Google searches. We also use cookies and data to tailor the experience to be age-appropriate, if relevant.
Select “More options” to see additional information, including details about managing your privacy settings. You can also visit g.co/privacytools at any time.
Reject all
Accept all
More options
Privacy Policy
Terms of Service",https://news.google.com/rss/articles/CBMilgFBVV95cUxOdFZ1c256UUhfUTR5NHJHSW9Gb3NRMzVvQTJoNXRFU0pSZFVwWWpHTlBYUDhMYkFHR0lGTXlnV21HYUpGZWhOakdyZnpGYTB6SlhKUjNZb2pDZGNxZ0tnbkhKUmRTTzFwWkFRdGRZZGM3am94eVBOT2xkbGJHc0xCeUNROGdPY3ZLb2pGdTg2Rm5sMUdrSUE?oc=5
2025-04-30,AMZN,Amazon,Will Amazon's Earnings Boost Or Hurt Its Stock Price? - Nasdaq,"EN
Sign in
Before you continue to Google
We use cookies and data to
Deliver and maintain Google services
Track outages and protect against spam, fraud, and abuse
Measure audience engagement and site statistics to understand how our services are used and enhance the quality of those services
If you choose to “Accept all,” we will also use cookies and data to
Develop and improve new services
Deliver and measure the effectiveness of ads
Show personalized content, depending on your settings
Show personalized ads, depending on your settings
If you choose to “Reject all,” we will not use cookies for these additional purposes.
Non-personalized content is influenced by things like the content you’re currently viewing, activity in your active Search session, and your location. Non-personalized ads are influenced by the content you’re currently viewing and your general location. Personalized content and ads can also include more relevant results, recommendations, and tailored ads based on past activity from this browser, like previous Google searches. We also use cookies and data to tailor the experience to be age-appropriate, if relevant.
Select “More options” to see additional information, including details about managing your privacy settings. You can also visit g.co/privacytools at any time.
Reject all
Accept all
More options
Privacy Policy
Terms of Service",https://news.google.com/rss/articles/CBMiiwFBVV95cUxORnFnalVPX1dtYldTX2xGM1dUeU91QTNTamtCeVlmbkdfSVZLLWhuTFRneXppeFIwd0Y0OGhtM3BOTTg3dlhKXzdGM3pKVW5Cbi15d3poSjc1QXRjWlg2NkRKZEpaeUhFVGUzaGlkaGRXS0E0Z21PSjRWenQwTTljRFpHc1dwQUV2UTlZ?oc=5
2025-04-28,AMZN,Amazon,Tariff Uncertainty Hangs Over Amazon With Q1 Report Due Soon - Investor's Business Daily,"EN
Sign in
Before you continue to Google
We use cookies and data to
Deliver and maintain Google services
Track outages and protect against spam, fraud, and abuse
Measure audience engagement and site statistics to understand how our services are used and enhance the quality of those services
If you choose to “Accept all,” we will also use cookies and data to
Develop and improve new services
Deliver and measure the effectiveness of ads
Show personalized content, depending on your settings
Show personalized ads, depending on your settings
If you choose to “Reject all,” we will not use cookies for these additional purposes.
Non-personalized content is influenced by things like the content you’re currently viewing, activity in your active Search session, and your location. Non-personalized ads are influenced by the content you’re currently viewing and your general location. Personalized content and ads can also include more relevant results, recommendations, and tailored ads based on past activity from this browser, like previous Google searches. We also use cookies and data to tailor the experience to be age-appropriate, if relevant.
Select “More options” to see additional information, including details about managing your privacy settings. You can also visit g.co/privacytools at any time.
Reject all
Accept all
More options
Privacy Policy
Terms of Service",https://news.google.com/rss/articles/CBMihgFBVV95cUxOQmRiQVc3MVpBSmltaHp6dElsblQ3Snptc2pLODdXMndVWldCOTlkaHlOdE1OX0luUTRXZTA5MEpYaTRjV29JeEE0OXZyQVJOU3V2dnE5eUVoLXFTX24xMzNwYkdrQk13Ml9mTVdvREd5eWYxaE94UWlCNXd2ZlEzcnBOMXNLQQ?oc=5
2025-04-28,AMZN,Amazon,Oppenheimer Cuts Amazon Target Price 15% Ahead of Earnings Release - Investopedia,"EN
Sign in
Before you continue to Google
We use cookies and data to
Deliver and maintain Google services
Track outages and protect against spam, fraud, and abuse
Measure audience engagement and site statistics to understand how our services are used and enhance the quality of those services
If you choose to “Accept all,” we will also use cookies and data to
Develop and improve new services
Deliver and measure the effectiveness of ads
Show personalized content, depending on your settings
Show personalized ads, depending on your settings
If you choose to “Reject all,” we will not use cookies for these additional purposes.
Non-personalized content is influenced by things like the content you’re currently viewing, activity in your active Search session, and your location. Non-personalized ads are influenced by the content you’re currently viewing and your general location. Personalized content and ads can also include more relevant results, recommendations, and tailored ads based on past activity from this browser, like previous Google searches. We also use cookies and data to tailor the experience to be age-appropriate, if relevant.
Select “More options” to see additional information, including details about managing your privacy settings. You can also visit g.co/privacytools at any time.
Reject all
Accept all
More options
Privacy Policy
Terms of Service",https://news.google.com/rss/articles/CBMiswFBVV95cUxNcDVNU0x1eE5PWlczTUFVZjc1N1k2S1VwZWtaLWNTUTdqc091eXhBSWVhNkdOYVhSbWpVUkVRb1ZwUzF0NGphMExJZlB3NUdsT1FhcExuYmFuS0hjdjQwaWZqcUgzZ2c0b1lXOGxmd0t1b2UyV3lQQ3pRcGZIZjBwWHRxeTI1blVncVNLN3ZDSXpsOWpTMi13MzBmMTdhQTZNcE12YktIQk9kVEVsOHZURVdkWQ?oc=5
2025-04-29,AMZN,Amazon,The Most Compelling Reason to Buy Amazon Stock Right Now - The Motley Fool,"EN
Sign in
Before you continue to Google
We use cookies and data to
Deliver and maintain Google services
Track outages and protect against spam, fraud, and abuse
Measure audience engagement and site statistics to understand how our services are used and enhance the quality of those services
If you choose to “Accept all,” we will also use cookies and data to
Develop and improve new services
Deliver and measure the effectiveness of ads
Show personalized content, depending on your settings
Show personalized ads, depending on your settings
If you choose to “Reject all,” we will not use cookies for these additional purposes.
Non-personalized content is influenced by things like the content you’re currently viewing, activity in your active Search session, and your location. Non-personalized ads are influenced by the content you’re currently viewing and your general location. Personalized content and ads can also include more relevant results, recommendations, and tailored ads based on past activity from this browser, like previous Google searches. We also use cookies and data to tailor the experience to be age-appropriate, if relevant.
Select “More options” to see additional information, including details about managing your privacy settings. You can also visit g.co/privacytools at any time.
Reject all
Accept all
More options
Privacy Policy
Terms of Service",https://news.google.com/rss/articles/CBMimAFBVV95cUxQSTNRbk56b0daWHVJM3hKNXNQMVNZOFFsZG1DdTZmZ081ZjBQaXV1eUJkTDRmLTFsaXVueUZRUklHZjNZSGZ5dVcwQVBzaW1MWTNZM1dqdlBDZm5oeEJGRjhFQmVCWFFrOGEwTElFbUZOREE0QjZMVjFMSl95VHF6SlFLN0piU0cxTHVEVkJSNXdzRFZlTzAxcg?oc=5
2025-04-27,AMZN,Amazon,Amazon's Stock Is Dirt Cheap Before The Upcoming Earnings Release (NASDAQ:AMZN) - Seeking Alpha,"EN
Sign in
Before you continue to Google
We use cookies and data to
Deliver and maintain Google services
Track outages and protect against spam, fraud, and abuse
Measure audience engagement and site statistics to understand how our services are used and enhance the quality of those services
If you choose to “Accept all,” we will also use cookies and data to
Develop and improve new services
Deliver and measure the effectiveness of ads
Show personalized content, depending on your settings
Show personalized ads, depending on your settings
If you choose to “Reject all,” we will not use cookies for these additional purposes.
Non-personalized content is influenced by things like the content you’re currently viewing, activity in your active Search session, and your location. Non-personalized ads are influenced by the content you’re currently viewing and your general location. Personalized content and ads can also include more relevant results, recommendations, and tailored ads based on past activity from this browser, like previous Google searches. We also use cookies and data to tailor the experience to be age-appropriate, if relevant.
Select “More options” to see additional information, including details about managing your privacy settings. You can also visit g.co/privacytools at any time.
Reject all
Accept all
More options
Privacy Policy
Terms of Service",https://news.google.com/rss/articles/CBMiqAFBVV95cUxQd2c5bXNrYW5xamtJUDZIUjhfRm1vQXl5bUhOV25wS0h3M1F6VzJpdVlkWURreWdOeFJ6ejdyaFQySmFDOVkyaURfOHZMQjRRYURXMEtIUk5oUVVGNmxQQ09jWnB6V0ZMQlJFT21ZcFhBOHJFVC1MQXhienJaRk4zWWFtRmg4d1pLWDdhNXY4b19SZDBDaUZtcmNBQThTTXFsNzRDLV9uUlg?oc=5
2025-04-29,AMZN,Amazon,"‘Remember the Fundamentals,’ Says Analyst on Amazon Stock (AMZN) - TipRanks","EN
Sign in
Before you continue to Google
We use cookies and data to
Deliver and maintain Google services
Track outages and protect against spam, fraud, and abuse
Measure audience engagement and site statistics to understand how our services are used and enhance the quality of those services
If you choose to “Accept all,” we will also use cookies and data to
Develop and improve new services
Deliver and measure the effectiveness of ads
Show personalized content, depending on your settings
Show personalized ads, depending on your settings
If you choose to “Reject all,” we will not use cookies for these additional purposes.
Non-personalized content is influenced by things like the content you’re currently viewing, activity in your active Search session, and your location. Non-personalized ads are influenced by the content you’re currently viewing and your general location. Personalized content and ads can also include more relevant results, recommendations, and tailored ads based on past activity from this browser, like previous Google searches. We also use cookies and data to tailor the experience to be age-appropriate, if relevant.
Select “More options” to see additional information, including details about managing your privacy settings. You can also visit g.co/privacytools at any time.
Reject all
Accept all
More options
Privacy Policy
Terms of Service",https://news.google.com/rss/articles/CBMikwFBVV95cUxQRXRaUkFvdUtyTENMeG9mSjBUZDdKeUZNX0c0cG5HcFRybTJSMFRDallsNW9VbElfbDVqSnVXeEI0ZFJQeXVfQm1xWFkwQ2JvZ2FEWk1xaUEtbW5kd3pVLU56azBtNDJWU19Fak5ZY1hrZVR1Mk5uZ0xQWTFLSEJ6SDNuMnE4eUpQZ01KRTcxcEctanM?oc=5
2025-04-28,AMZN,Amazon,"Should You Buy, Sell or Hold Amazon Stock Before Q1 Earnings? - Zacks Investment Research","EN
Sign in
Before you continue to Google
We use cookies and data to
Deliver and maintain Google services
Track outages and protect against spam, fraud, and abuse
Measure audience engagement and site statistics to understand how our services are used and enhance the quality of those services
If you choose to “Accept all,” we will also use cookies and data to
Develop and improve new services
Deliver and measure the effectiveness of ads
Show personalized content, depending on your settings
Show personalized ads, depending on your settings
If you choose to “Reject all,” we will not use cookies for these additional purposes.
Non-personalized content is influenced by things like the content you’re currently viewing, activity in your active Search session, and your location. Non-personalized ads are influenced by the content you’re currently viewing and your general location. Personalized content and ads can also include more relevant results, recommendations, and tailored ads based on past activity from this browser, like previous Google searches. We also use cookies and data to tailor the experience to be age-appropriate, if relevant.
Select “More options” to see additional information, including details about managing your privacy settings. You can also visit g.co/privacytools at any time.
Reject all
Accept all
More options
Privacy Policy
Terms of Service",https://news.google.com/rss/articles/CBMiogFBVV95cUxPMTF5TU9OUEQwWGt0LTRWUEJmMldlWUl0d1BCNVlrWmJrYzB3eVpsZUZwUjkyMDZQcWR0NldsWlNsLTAzdkRCdGl3clpfUXgzRnpEYURxS3IyMGY3V1Q0ZDBTdzRPR2NFblN6U05DSGdKdmE5dzI2dHYteG5RemJCYTMtWGZrWkdUQzZ0RV9SdEZ5YjhBckhSS1ZwUzRuM0dPMHc?oc=5
2025-04-29,AMZN,Amazon,Amazon to report first quarter earnings following White House tariff dustup - Yahoo Finance,"EN
Sign in
Before you continue to Google
We use cookies and data to
Deliver and maintain Google services
Track outages and protect against spam, fraud, and abuse
Measure audience engagement and site statistics to understand how our services are used and enhance the quality of those services
If you choose to “Accept all,” we will also use cookies and data to
Develop and improve new services
Deliver and measure the effectiveness of ads
Show personalized content, depending on your settings
Show personalized ads, depending on your settings
If you choose to “Reject all,” we will not use cookies for these additional purposes.
Non-personalized content is influenced by things like the content you’re currently viewing, activity in your active Search session, and your location. Non-personalized ads are influenced by the content you’re currently viewing and your general location. Personalized content and ads can also include more relevant results, recommendations, and tailored ads based on past activity from this browser, like previous Google searches. We also use cookies and data to tailor the experience to be age-appropriate, if relevant.
Select “More options” to see additional information, including details about managing your privacy settings. You can also visit g.co/privacytools at any time.
Reject all
Accept all
More options
Privacy Policy
Terms of Service",https://news.google.com/rss/articles/CBMivgFBVV95cUxQeVcta3B4NXZDZklRWFlZUkNLbFoxbkV3RTdQZHJFaUxtLXhBOWRxUGZveDl5RzQ1NkJYSmc1cUdtYXVvb0FOV2dpaW5KV0tZYmo2RVdDSkg2QzREUG13VU9hc3IteFBoWjgzUVZPd0Vza195MFBld05yU21MRjVvV0lrR0VSejgxcTVodHdjQ2VqZGxfR2JiME80Zl9kVUxhWWF2c1VCd3dJUzJpWmNPalBmUl92VE1BWkJJUEVR?oc=5
2025-04-28,AMZN,Amazon,Amazon (NASDAQ: AMZN) Stock Price Prediction for 2025: Where Will It Be in 1 Year - 24/7 Wall St.,"EN
Sign in
Before you continue to Google
We use cookies and data to
Deliver and maintain Google services
Track outages and protect against spam, fraud, and abuse
Measure audience engagement and site statistics to understand how our services are used and enhance the quality of those services
If you choose to “Accept all,” we will also use cookies and data to
Develop and improve new services
Deliver and measure the effectiveness of ads
Show personalized content, depending on your settings
Show personalized ads, depending on your settings
If you choose to “Reject all,” we will not use cookies for these additional purposes.
Non-personalized content is influenced by things like the content you’re currently viewing, activity in your active Search session, and your location. Non-personalized ads are influenced by the content you’re currently viewing and your general location. Personalized content and ads can also include more relevant results, recommendations, and tailored ads based on past activity from this browser, like previous Google searches. We also use cookies and data to tailor the experience to be age-appropriate, if relevant.
Select “More options” to see additional information, including details about managing your privacy settings. You can also visit g.co/privacytools at any time.
Reject all
Accept all
More options
Privacy Policy
Terms of Service",https://news.google.com/rss/articles/CBMiogFBVV95cUxQanlHYjNvWUJKXzlWeU1PNlJYa0FldWFBRGRMZTZ5cTh4V0hrajJua2g0clM5cE9HZ2NnUUxpQmZSdzNFZ2FxOWNTWWl3cUJuc0NLOXR3YU02RjFqTUJBRU1pTGdCTS1xeTFOcGdYMENtVDBheFRZMmhLUGFaNkNUZGJ1WTZzSHk0cHhiQWtTQWc1UUdraFJMRk5VSFo0eXpxRWc?oc=5
2025-04-29,AMZN,Amazon,Amazon squashed reports that it'll display tariff costs after the White House called it a 'hostile' act - Business Insider,"EN
Sign in
Before you continue to Google
We use cookies and data to
Deliver and maintain Google services
Track outages and protect against spam, fraud, and abuse
Measure audience engagement and site statistics to understand how our services are used and enhance the quality of those services
If you choose to “Accept all,” we will also use cookies and data to
Develop and improve new services
Deliver and measure the effectiveness of ads
Show personalized content, depending on your settings
Show personalized ads, depending on your settings
If you choose to “Reject all,” we will not use cookies for these additional purposes.
Non-personalized content is influenced by things like the content you’re currently viewing, activity in your active Search session, and your location. Non-personalized ads are influenced by the content you’re currently viewing and your general location. Personalized content and ads can also include more relevant results, recommendations, and tailored ads based on past activity from this browser, like previous Google searches. We also use cookies and data to tailor the experience to be age-appropriate, if relevant.
Select “More options” to see additional information, including details about managing your privacy settings. You can also visit g.co/privacytools at any time.
Reject all
Accept all
More options
Privacy Policy
Terms of Service",https://news.google.com/rss/articles/CBMilwFBVV95cUxOU19PeUFiWnk0QnE2aUtPRzdnaks5NEZpRUxrTGN6TklSVU1raXlhQWstZkxxSDYwY3VYSGFVV0pqTjhmTzNzcDkybUhWSE84bDFYOXU3QjFoWjFqNW1XX3d3Tng2MERFdXhWV2huaHMyUnRKeDdvMXhaaFlNS09ZWVdLWlZkaXRZQXlBMG9RTjcyTG1aaDJJ?oc=5
2025-04-29,AMZN,Amazon,Analyst raises eyebrows with Amazon stock price target ahead of earnings - TheStreet,"EN
Sign in
Before you continue to Google
We use cookies and data to
Deliver and maintain Google services
Track outages and protect against spam, fraud, and abuse
Measure audience engagement and site statistics to understand how our services are used and enhance the quality of those services
If you choose to “Accept all,” we will also use cookies and data to
Develop and improve new services
Deliver and measure the effectiveness of ads
Show personalized content, depending on your settings
Show personalized ads, depending on your settings
If you choose to “Reject all,” we will not use cookies for these additional purposes.
Non-personalized content is influenced by things like the content you’re currently viewing, activity in your active Search session, and your location. Non-personalized ads are influenced by the content you’re currently viewing and your general location. Personalized content and ads can also include more relevant results, recommendations, and tailored ads based on past activity from this browser, like previous Google searches. We also use cookies and data to tailor the experience to be age-appropriate, if relevant.
Select “More options” to see additional information, including details about managing your privacy settings. You can also visit g.co/privacytools at any time.
Reject all
Accept all
More options
Privacy Policy
Terms of Service",https://news.google.com/rss/articles/CBMitgFBVV95cUxOQ1E0clN3bUJoU3N2RFlNSUVLTkZGek1OU05QRUF6N293NW9XN0g3SW9yYlBwUi1PNmhfM21YVTF0MWVVZ0pvaGVlNV9FM090Q1BPRWIwbS0xYjAzQ1NtNUtuZ3J5VXFpN1hyTHR2aTVPcDIxS2NTa1JodnFkNl9NU2l3Qm5wd2NCcEZlUzI3VldCUUtEZTFmdnVLRnF6ZC1aU1NWUkk5VGtkU0pwVlVRSV9fNjdSUQ?oc=5
2025-04-28,AMZN,Amazon,"Amazon Stock Today: This Bull Put Spread Considers Earnings, Might Return 16% - Investor's Business Daily","EN
Sign in
Before you continue to Google
We use cookies and data to
Deliver and maintain Google services
Track outages and protect against spam, fraud, and abuse
Measure audience engagement and site statistics to understand how our services are used and enhance the quality of those services
If you choose to “Accept all,” we will also use cookies and data to
Develop and improve new services
Deliver and measure the effectiveness of ads
Show personalized content, depending on your settings
Show personalized ads, depending on your settings
If you choose to “Reject all,” we will not use cookies for these additional purposes.
Non-personalized content is influenced by things like the content you’re currently viewing, activity in your active Search session, and your location. Non-personalized ads are influenced by the content you’re currently viewing and your general location. Personalized content and ads can also include more relevant results, recommendations, and tailored ads based on past activity from this browser, like previous Google searches. We also use cookies and data to tailor the experience to be age-appropriate, if relevant.
Select “More options” to see additional information, including details about managing your privacy settings. You can also visit g.co/privacytools at any time.
Reject all
Accept all
More options
Privacy Policy
Terms of Service",https://news.google.com/rss/articles/CBMimwFBVV95cUxPSWFVQThpai0zeFBQVmVpZUp1dmpMNl9vRV9xYUt0NldsME1iRFFod2VXMTVvRVUxRkRzRFBablk1YklwTVBZcTJKdW9hTGp0MG5zX25mRUpuTGNYY1lFYWw1UGFPQXJ5U2tCMG9oSVZ4d05ueGpJME04LWtXYzFrSkcxSXFWZ2dVTUhRcHI2clBZUUJLRmZhdHYyYw?oc=5
2025-04-27,AMZN,Amazon,Should You Buy The Amazon Dip Before April 30? (AMZN) - Seeking Alpha,"EN
Sign in
Before you continue to Google
We use cookies and data to
Deliver and maintain Google services
Track outages and protect against spam, fraud, and abuse
Measure audience engagement and site statistics to understand how our services are used and enhance the quality of those services
If you choose to “Accept all,” we will also use cookies and data to
Develop and improve new services
Deliver and measure the effectiveness of ads
Show personalized content, depending on your settings
Show personalized ads, depending on your settings
If you choose to “Reject all,” we will not use cookies for these additional purposes.
Non-personalized content is influenced by things like the content you’re currently viewing, activity in your active Search session, and your location. Non-personalized ads are influenced by the content you’re currently viewing and your general location. Personalized content and ads can also include more relevant results, recommendations, and tailored ads based on past activity from this browser, like previous Google searches. We also use cookies and data to tailor the experience to be age-appropriate, if relevant.
Select “More options” to see additional information, including details about managing your privacy settings. You can also visit g.co/privacytools at any time.
Reject all
Accept all
More options
Privacy Policy
Terms of Service",https://news.google.com/rss/articles/CBMijwFBVV95cUxQOGFVVjhqaDREaDN3LV9IRk51THlfdFlTRnBadzV6SVVaS0tfeExvSExXLXdGSmMwZkx4VlZleWpndV9aeC04ZHBqMks0WTNTazZZR2RIWlBGM1hsQ25QQzVBeG53QkU1Y3lYQ2hvX3REWTBlZkhhbkFKVFUyN3luZUhONGJMZVVjWlNSVDgyYw?oc=5
2025-04-29,AMZN,Amazon,What Analysts Think of Amazon Stock Ahead of Earnings - Investopedia,"EN
Sign in
Before you continue to Google
We use cookies and data to
Deliver and maintain Google services
Track outages and protect against spam, fraud, and abuse
Measure audience engagement and site statistics to understand how our services are used and enhance the quality of those services
If you choose to “Accept all,” we will also use cookies and data to
Develop and improve new services
Deliver and measure the effectiveness of ads
Show personalized content, depending on your settings
Show personalized ads, depending on your settings
If you choose to “Reject all,” we will not use cookies for these additional purposes.
Non-personalized content is influenced by things like the content you’re currently viewing, activity in your active Search session, and your location. Non-personalized ads are influenced by the content you’re currently viewing and your general location. Personalized content and ads can also include more relevant results, recommendations, and tailored ads based on past activity from this browser, like previous Google searches. We also use cookies and data to tailor the experience to be age-appropriate, if relevant.
Select “More options” to see additional information, including details about managing your privacy settings. You can also visit g.co/privacytools at any time.
Reject all
Accept all
More options
Privacy Policy
Terms of Service",https://news.google.com/rss/articles/CBMiowFBVV95cUxNRWxVYzZrMEpxd3pLWmY2MS1WSm9rbWkyZm9WQURQYWR1cmJ0Q0xIZnFKVzh1b3J2TGg1ZkN2TGh0WGVqaEh3TldjamVCWFFWYW5sY2xCS0hLd2pnWDFpVXZWWVlXYmF3VjAzYU94cXFsSkt2VlhhSnZYLS1LOGl5cnNWNkV3bmZWY2xNSlV4ZWlUeENjYmdDV2s0VkEyNVVrUmYw?oc=5
2025-04-29,AMZN,Amazon,"As Trump's Tariffs Continue to Cause Chaos in the Market, Mark Cuban Warns About an ""Ugly"" Future for Amazon - The Motley Fool","EN
Sign in
Before you continue to Google
We use cookies and data to
Deliver and maintain Google services
Track outages and protect against spam, fraud, and abuse
Measure audience engagement and site statistics to understand how our services are used and enhance the quality of those services
If you choose to “Accept all,” we will also use cookies and data to
Develop and improve new services
Deliver and measure the effectiveness of ads
Show personalized content, depending on your settings
Show personalized ads, depending on your settings
If you choose to “Reject all,” we will not use cookies for these additional purposes.
Non-personalized content is influenced by things like the content you’re currently viewing, activity in your active Search session, and your location. Non-personalized ads are influenced by the content you’re currently viewing and your general location. Personalized content and ads can also include more relevant results, recommendations, and tailored ads based on past activity from this browser, like previous Google searches. We also use cookies and data to tailor the experience to be age-appropriate, if relevant.
Select “More options” to see additional information, including details about managing your privacy settings. You can also visit g.co/privacytools at any time.
Reject all
Accept all
More options
Privacy Policy
Terms of Service",https://news.google.com/rss/articles/CBMimAFBVV95cUxOT1NtMkVxamlEUTdzQWhvS2Z3RjRxMEFTdWhjU09CV0ZmdG84TjNEVFBEZGpGczh6XzBuT2JlUEVKVTN5VzNYZHl3OFMxYXNDMHNUVTFoZThXYW8zdzQyR0hJN0hwZWExLXF3bWpTU0h0MW42NjMyN2lRMU45VlZwSHR1OGU4YkRYT0ZwRnZYLVcwTE94Y1RxTg?oc=5
2025-04-26,AMZN,Amazon,"Amazon.com, Inc. (AMZN): The Best Safe Stock to Buy According to Hedge Funds - Yahoo Finance","EN
Sign in
Before you continue to Google
We use cookies and data to
Deliver and maintain Google services
Track outages and protect against spam, fraud, and abuse
Measure audience engagement and site statistics to understand how our services are used and enhance the quality of those services
If you choose to “Accept all,” we will also use cookies and data to
Develop and improve new services
Deliver and measure the effectiveness of ads
Show personalized content, depending on your settings
Show personalized ads, depending on your settings
If you choose to “Reject all,” we will not use cookies for these additional purposes.
Non-personalized content is influenced by things like the content you’re currently viewing, activity in your active Search session, and your location. Non-personalized ads are influenced by the content you’re currently viewing and your general location. Personalized content and ads can also include more relevant results, recommendations, and tailored ads based on past activity from this browser, like previous Google searches. We also use cookies and data to tailor the experience to be age-appropriate, if relevant.
Select “More options” to see additional information, including details about managing your privacy settings. You can also visit g.co/privacytools at any time.
Reject all
Accept all
More options
Privacy Policy
Terms of Service",https://news.google.com/rss/articles/CBMiekFVX3lxTFBoUWE2aXp3Nkw5MnFzaGhIdkxkVUFsWHhaTTA4Q0RGSTRfZ1FudDVxUWxqU1g3Ykx5QUJKcFJzOUlBOXVmRU9aamFVVGtKOGN2N0dMZ3doMlAwWTRrQTdjWjgzTHdwYnk0bUJmNTJwSUxreDMxMlRZdUJR?oc=5
2025-04-29,AMZN,Amazon,Amazon Says It Is Not Pursuing Tariff Display Plan Called 'Hostile' By White House - Investor's Business Daily,"EN
Sign in
Before you continue to Google
We use cookies and data to
Deliver and maintain Google services
Track outages and protect against spam, fraud, and abuse
Measure audience engagement and site statistics to understand how our services are used and enhance the quality of those services
If you choose to “Accept all,” we will also use cookies and data to
Develop and improve new services
Deliver and measure the effectiveness of ads
Show personalized content, depending on your settings
Show personalized ads, depending on your settings
If you choose to “Reject all,” we will not use cookies for these additional purposes.
Non-personalized content is influenced by things like the content you’re currently viewing, activity in your active Search session, and your location. Non-personalized ads are influenced by the content you’re currently viewing and your general location. Personalized content and ads can also include more relevant results, recommendations, and tailored ads based on past activity from this browser, like previous Google searches. We also use cookies and data to tailor the experience to be age-appropriate, if relevant.
Select “More options” to see additional information, including details about managing your privacy settings. You can also visit g.co/privacytools at any time.
Reject all
Accept all
More options
Privacy Policy
Terms of Service",https://news.google.com/rss/articles/CBMiiAFBVV95cUxPX0Jlc3VrMGNWUlJVWUhRWkNyNS1mRGdTR0lJUUF6RDdqZDFIeE5PNlNSTFpHcW1tQlFkYVkwSXBoSFFmV284eVBwRG1CSXBQWEszNEtOaWx0ZVM0S19rTFBqVXU2YzNzWEJUM0NEYVlBQjU0UzZyYVRDOGlQRDNmX3QyY2sxNlpD?oc=5
2025-04-27,AMZN,Amazon,"The Ultimate Growth Stock to Buy With $1,000 Right Now - The Motley Fool","EN
Sign in
Before you continue to Google
We use cookies and data to
Deliver and maintain Google services
Track outages and protect against spam, fraud, and abuse
Measure audience engagement and site statistics to understand how our services are used and enhance the quality of those services
If you choose to “Accept all,” we will also use cookies and data to
Develop and improve new services
Deliver and measure the effectiveness of ads
Show personalized content, depending on your settings
Show personalized ads, depending on your settings
If you choose to “Reject all,” we will not use cookies for these additional purposes.
Non-personalized content is influenced by things like the content you’re currently viewing, activity in your active Search session, and your location. Non-personalized ads are influenced by the content you’re currently viewing and your general location. Personalized content and ads can also include more relevant results, recommendations, and tailored ads based on past activity from this browser, like previous Google searches. We also use cookies and data to tailor the experience to be age-appropriate, if relevant.
Select “More options” to see additional information, including details about managing your privacy settings. You can also visit g.co/privacytools at any time.
Reject all
Accept all
More options
Privacy Policy
Terms of Service",https://news.google.com/rss/articles/CBMijwFBVV95cUxORjAwVFJLMTZncjNobWE3X3dUcmlzOXpVVVotYklUWW9jM2UyeVVpTGVIX0VrSHVIamNRVllGNUdGZTZwaFlRRXFQTjVnSS1nTkNFZ1R3ZjZzeF96SHQ0UUJCVzZ4WmlkQzVTYjFLYnhyQUVaNVF4N2VObGdRVU9vZGM2OTlUaTBlZVpCbGRJOA?oc=5
2025-04-29,AMZN,Amazon,"Magnificent Seven Stocks Watch: Nvidia, Tesla Sell Off - Investor's Business Daily","EN
Sign in
Before you continue to Google
We use cookies and data to
Deliver and maintain Google services
Track outages and protect against spam, fraud, and abuse
Measure audience engagement and site statistics to understand how our services are used and enhance the quality of those services
If you choose to “Accept all,” we will also use cookies and data to
Develop and improve new services
Deliver and measure the effectiveness of ads
Show personalized content, depending on your settings
Show personalized ads, depending on your settings
If you choose to “Reject all,” we will not use cookies for these additional purposes.
Non-personalized content is influenced by things like the content you’re currently viewing, activity in your active Search session, and your location. Non-personalized ads are influenced by the content you’re currently viewing and your general location. Personalized content and ads can also include more relevant results, recommendations, and tailored ads based on past activity from this browser, like previous Google searches. We also use cookies and data to tailor the experience to be age-appropriate, if relevant.
Select “More options” to see additional information, including details about managing your privacy settings. You can also visit g.co/privacytools at any time.
Reject all
Accept all
More options
Privacy Policy
Terms of Service",https://news.google.com/rss/articles/CBMie0FVX3lxTFB6UE0zMU96cW1vdmN1cE1RQjd4RzlqbFVycEk2VlVNRFY3aDFmU1E2eGYyQi1XV09zTEF3SnFaZVMtMWJiV3VzVmtrSy1KNXZZYUctTXgxOFNJRkFRaFJiUkZHSjBaNHM1SU5iTmpFQ0NvYUlVeXIzaUF2aw?oc=5
2025-04-28,AMZN,Amazon,"Clues From Google Earnings With Microsoft, Apple, Amazon Reports On Deck - Investor's Business Daily","EN
Sign in
Before you continue to Google
We use cookies and data to
Deliver and maintain Google services
Track outages and protect against spam, fraud, and abuse
Measure audience engagement and site statistics to understand how our services are used and enhance the quality of those services
If you choose to “Accept all,” we will also use cookies and data to
Develop and improve new services
Deliver and measure the effectiveness of ads
Show personalized content, depending on your settings
Show personalized ads, depending on your settings
If you choose to “Reject all,” we will not use cookies for these additional purposes.
Non-personalized content is influenced by things like the content you’re currently viewing, activity in your active Search session, and your location. Non-personalized ads are influenced by the content you’re currently viewing and your general location. Personalized content and ads can also include more relevant results, recommendations, and tailored ads based on past activity from this browser, like previous Google searches. We also use cookies and data to tailor the experience to be age-appropriate, if relevant.
Select “More options” to see additional information, including details about managing your privacy settings. You can also visit g.co/privacytools at any time.
Reject all
Accept all
More options
Privacy Policy
Terms of Service",https://news.google.com/rss/articles/CBMilwFBVV95cUxOWE5UNnRSdGZzTV8yb0JacU1reC04R3l5VWdEUEs0c1FJYlViaDgzdWlvRXZoWjNCTUpVLXd4dkFuWDMwb1R4Y2d6RTh2YTNVNVRYTlE1b3EtUTRKS3lJdGowVk5SbTlDb0dudnIzTkh6Uk1fckNRMVhXZ0RzOUVPbHpmblpUNUgwMHlISmZNaVRwNlV5Q1cw?oc=5
2024-01-22,META,Meta,"Going Into Earnings, Is Meta Stock a Buy, a Sell, or Fairly Valued? - Morningstar","EN
Sign in
Before you continue to Google
We use cookies and data to
Deliver and maintain Google services
Track outages and protect against spam, fraud, and abuse
Measure audience engagement and site statistics to understand how our services are used and enhance the quality of those services
If you choose to “Accept all,” we will also use cookies and data to
Develop and improve new services
Deliver and measure the effectiveness of ads
Show personalized content, depending on your settings
Show personalized ads, depending on your settings
If you choose to “Reject all,” we will not use cookies for these additional purposes.
Non-personalized content is influenced by things like the content you’re currently viewing, activity in your active Search session, and your location. Non-personalized ads are influenced by the content you’re currently viewing and your general location. Personalized content and ads can also include more relevant results, recommendations, and tailored ads based on past activity from this browser, like previous Google searches. We also use cookies and data to tailor the experience to be age-appropriate, if relevant.
Select “More options” to see additional information, including details about managing your privacy settings. You can also visit g.co/privacytools at any time.
Reject all
Accept all
More options
Privacy Policy
Terms of Service",https://news.google.com/rss/articles/CBMinAFBVV95cUxON1FEbmxUb3ZkRWNiYjNuTDYwaFRzWHcyQUwzQU5vNzJSOTdSNHhCZ2JSWlNqajh6TDNhN3BWTTBNUXdUWmNkV1V5X0JqUHhZUEMxMlM4UDRpaGtNcVphSVVrYm9nMVdRRGNac04wOG5WSHBDZ25vQlBMM3VXalF0N2lNNnozU1pJeFUzT3FManlTVUdkQkpfcGRKOWM?oc=5
2024-01-19,META,Meta,Meta Stock Sets Record High—How It Emerged From 77% Plunge And Metaverse Fiasco - Forbes,"EN
Sign in
Before you continue to Google
We use cookies and data to
Deliver and maintain Google services
Track outages and protect against spam, fraud, and abuse
Measure audience engagement and site statistics to understand how our services are used and enhance the quality of those services
If you choose to “Accept all,” we will also use cookies and data to
Develop and improve new services
Deliver and measure the effectiveness of ads
Show personalized content, depending on your settings
Show personalized ads, depending on your settings
If you choose to “Reject all,” we will not use cookies for these additional purposes.
Non-personalized content is influenced by things like the content you’re currently viewing, activity in your active Search session, and your location. Non-personalized ads are influenced by the content you’re currently viewing and your general location. Personalized content and ads can also include more relevant results, recommendations, and tailored ads based on past activity from this browser, like previous Google searches. We also use cookies and data to tailor the experience to be age-appropriate, if relevant.
Select “More options” to see additional information, including details about managing your privacy settings. You can also visit g.co/privacytools at any time.
Reject all
Accept all
More options
Privacy Policy
Terms of Service",https://news.google.com/rss/articles/CBMiyAFBVV95cUxNVE5qTHc4Y2dhZlg1VjZDZ1hwZGNUNjFvT0hJYXM4TVd1VFV4YnlRTDNGN0pPNUlGN25mZUZFdmZUOGwzenJvaW80MFROb0hDemE5eTEwSzJDRzVkMmpJa1JwWUpkWlJoM1RGU2NhUGdHQktPODdsRklTUTJ0VmN3ejNmdGM5ZGQtbThnQXNWVmhldlpkTzQ5NVlxVGRLYzlpeDdIenlXVFRQdUJBNmRtT2xHenRZQUdWajZpTmNaYXpXVm8wSFZkTQ?oc=5
2024-01-25,META,Meta,Meta Platforms Stock Is 328% Off Its 2022 Low. Should Investors Sell? - Yahoo Finance,"EN
Sign in
Before you continue to Google
We use cookies and data to
Deliver and maintain Google services
Track outages and protect against spam, fraud, and abuse
Measure audience engagement and site statistics to understand how our services are used and enhance the quality of those services
If you choose to “Accept all,” we will also use cookies and data to
Develop and improve new services
Deliver and measure the effectiveness of ads
Show personalized content, depending on your settings
Show personalized ads, depending on your settings
If you choose to “Reject all,” we will not use cookies for these additional purposes.
Non-personalized content is influenced by things like the content you’re currently viewing, activity in your active Search session, and your location. Non-personalized ads are influenced by the content you’re currently viewing and your general location. Personalized content and ads can also include more relevant results, recommendations, and tailored ads based on past activity from this browser, like previous Google searches. We also use cookies and data to tailor the experience to be age-appropriate, if relevant.
Select “More options” to see additional information, including details about managing your privacy settings. You can also visit g.co/privacytools at any time.
Reject all
Accept all
More options
Privacy Policy
Terms of Service",https://news.google.com/rss/articles/CBMif0FVX3lxTFB4RXpISVBzSWRwRnJhSUI4WTlWdXZlTzNOVnJrQUZPS2tsb1IwdGlmbGlsOFJUNUZQY1VCR014VW5BMTc3NUR5WmpzTXR4OTNYdUhCdERRRTJnVDFuRVV3MFNQQ3ZxUk1wRm5EYlU1eDZ0c0I2Q0hiOVRUODk4UUE?oc=5
2024-01-22,META,Meta,"Meta stock bounces back, recovering its post-pandemic losses - Axios","EN
Sign in
Before you continue to Google
We use cookies and data to
Deliver and maintain Google services
Track outages and protect against spam, fraud, and abuse
Measure audience engagement and site statistics to understand how our services are used and enhance the quality of those services
If you choose to “Accept all,” we will also use cookies and data to
Develop and improve new services
Deliver and measure the effectiveness of ads
Show personalized content, depending on your settings
Show personalized ads, depending on your settings
If you choose to “Reject all,” we will not use cookies for these additional purposes.
Non-personalized content is influenced by things like the content you’re currently viewing, activity in your active Search session, and your location. Non-personalized ads are influenced by the content you’re currently viewing and your general location. Personalized content and ads can also include more relevant results, recommendations, and tailored ads based on past activity from this browser, like previous Google searches. We also use cookies and data to tailor the experience to be age-appropriate, if relevant.
Select “More options” to see additional information, including details about managing your privacy settings. You can also visit g.co/privacytools at any time.
Reject all
Accept all
More options
Privacy Policy
Terms of Service",https://news.google.com/rss/articles/CBMifkFVX3lxTE5GM2tSc3NMUXp4LXdGY2ZjTTJaZzZHaExSR1pVM012RE5QTEpfcmRMUkwwMjFXaU92c3JoaktYSG1KYUtmUWtDVWs4TnR6c0RjLU9KSU1xR2I2SExickU1c1lBMTRxcmJNSUUtaDlkaFowV1hNb0VGR0RZazhWUQ?oc=5
2024-01-26,META,Meta,Meta Stock Has Rejoined The Trillion-Dollar Club. Here's Why Analyst Sees Further Upside. - Investor's Business Daily,"EN
Sign in
Before you continue to Google
We use cookies and data to
Deliver and maintain Google services
Track outages and protect against spam, fraud, and abuse
Measure audience engagement and site statistics to understand how our services are used and enhance the quality of those services
If you choose to “Accept all,” we will also use cookies and data to
Develop and improve new services
Deliver and measure the effectiveness of ads
Show personalized content, depending on your settings
Show personalized ads, depending on your settings
If you choose to “Reject all,” we will not use cookies for these additional purposes.
Non-personalized content is influenced by things like the content you’re currently viewing, activity in your active Search session, and your location. Non-personalized ads are influenced by the content you’re currently viewing and your general location. Personalized content and ads can also include more relevant results, recommendations, and tailored ads based on past activity from this browser, like previous Google searches. We also use cookies and data to tailor the experience to be age-appropriate, if relevant.
Select “More options” to see additional information, including details about managing your privacy settings. You can also visit g.co/privacytools at any time.
Reject all
Accept all
More options
Privacy Policy
Terms of Service",https://news.google.com/rss/articles/CBMirgFBVV95cUxQX3pTUnR3M1dodld2dU1pME82MGNOSUE4SURFRHRGWW5EdENHZ2U4RWh3QlN3cFUzSjNMbnk1bmdVdlluNWtFamVYZmpEYUQ1b2xRQXVxU3hldk9TQkN0S2o4VGhuRU85dklSek8tbFBuV2lkRlZOYTJGRmh2R3lFUV9ST2tDclJNSGtRdHJMMEhBT1V1eFBqb3lNOFhuSVdTOU1SU3lhR0VtWGxVTEE?oc=5
2024-01-10,META,Meta,Meta Stock Price Target Raised. 3 Catalysts to Drive Shares Higher. - Barron's,"EN
Sign in
Before you continue to Google
We use cookies and data to
Deliver and maintain Google services
Track outages and protect against spam, fraud, and abuse
Measure audience engagement and site statistics to understand how our services are used and enhance the quality of those services
If you choose to “Accept all,” we will also use cookies and data to
Develop and improve new services
Deliver and measure the effectiveness of ads
Show personalized content, depending on your settings
Show personalized ads, depending on your settings
If you choose to “Reject all,” we will not use cookies for these additional purposes.
Non-personalized content is influenced by things like the content you’re currently viewing, activity in your active Search session, and your location. Non-personalized ads are influenced by the content you’re currently viewing and your general location. Personalized content and ads can also include more relevant results, recommendations, and tailored ads based on past activity from this browser, like previous Google searches. We also use cookies and data to tailor the experience to be age-appropriate, if relevant.
Select “More options” to see additional information, including details about managing your privacy settings. You can also visit g.co/privacytools at any time.
Reject all
Accept all
More options
Privacy Policy
Terms of Service",https://news.google.com/rss/articles/CBMidkFVX3lxTFBtb0RIb0pkY3RxS3Z0bVIyX2EtZl81aXd4RTFHaWVKMHFNUk1UdjJ0SGZJc2l2UlJETkpkZDFWV0lBdHdHbWdSamhLUVQwa3djLTQyMjRSMmRWMm1TU0NOYzByWGVmN2k1MERNc29XQWZ5QnlpN3c?oc=5
2024-01-03,META,Meta,Zuckerberg Sold Nearly Half a Billion Dollars of Meta Stock In Last Two Months - Bloomberg.com,"EN
Sign in
Before you continue to Google
We use cookies and data to
Deliver and maintain Google services
Track outages and protect against spam, fraud, and abuse
Measure audience engagement and site statistics to understand how our services are used and enhance the quality of those services
If you choose to “Accept all,” we will also use cookies and data to
Develop and improve new services
Deliver and measure the effectiveness of ads
Show personalized content, depending on your settings
Show personalized ads, depending on your settings
If you choose to “Reject all,” we will not use cookies for these additional purposes.
Non-personalized content is influenced by things like the content you’re currently viewing, activity in your active Search session, and your location. Non-personalized ads are influenced by the content you’re currently viewing and your general location. Personalized content and ads can also include more relevant results, recommendations, and tailored ads based on past activity from this browser, like previous Google searches. We also use cookies and data to tailor the experience to be age-appropriate, if relevant.
Select “More options” to see additional information, including details about managing your privacy settings. You can also visit g.co/privacytools at any time.
Reject all
Accept all
More options
Privacy Policy
Terms of Service",https://news.google.com/rss/articles/CBMiyAFBVV95cUxQQldDMmRVUUstb09aaGtUSlBfNTZMUnVwSjRtUmVtQXQ4bVc1SVBKQnhoNW9yUUJ4S1hNbXhXdUpHS3BwVFRCZjhqSnlHTW9GWXlRenNDLW94dWNzdXFEYk5uTU1yU1dBMUUyYWZJMUJTT3gzVWN2aU5xUlBfVkhtUGszakZ4ZUtsa1JUZTkwWFlON05DM184WHN2dWlhMm93TTF4NTJ6SDJjb01MTDlEOFQzQWlHUTFaMW1TZXpjZUVJTERjVXhwZA?oc=5
2024-01-03,META,Meta,Mark Zuckerberg sold $428 million of Meta stock in the last two months of 2023 - MarketWatch,"EN
Sign in
Before you continue to Google
We use cookies and data to
Deliver and maintain Google services
Track outages and protect against spam, fraud, and abuse
Measure audience engagement and site statistics to understand how our services are used and enhance the quality of those services
If you choose to “Accept all,” we will also use cookies and data to
Develop and improve new services
Deliver and measure the effectiveness of ads
Show personalized content, depending on your settings
Show personalized ads, depending on your settings
If you choose to “Reject all,” we will not use cookies for these additional purposes.
Non-personalized content is influenced by things like the content you’re currently viewing, activity in your active Search session, and your location. Non-personalized ads are influenced by the content you’re currently viewing and your general location. Personalized content and ads can also include more relevant results, recommendations, and tailored ads based on past activity from this browser, like previous Google searches. We also use cookies and data to tailor the experience to be age-appropriate, if relevant.
Select “More options” to see additional information, including details about managing your privacy settings. You can also visit g.co/privacytools at any time.
Reject all
Accept all
More options
Privacy Policy
Terms of Service",https://news.google.com/rss/articles/CBMivAFBVV95cUxPeDFUeGI2dldSUUx3Y2tpYjRyejRKLUVudDRqT3ZvQ29haXBXUXA3ZmhYLW1UbERGbHFkVzhQaXdLZnB3bGNOcjNKd3I3WkpFN21udmxVRGx5bm9wLVhjckoxS3ptOGs4dEVnY0dhalFRVTBjbnVnVG91QVpfSlFQM1RqcHpub3M3RWdjWlFZTzZybGRldlVKY2VtMGJydHVCYjdiLTBNcU1CQlNPbEpfNEVVQ0V0T3hPOG9reA?oc=5
2024-01-19,META,Meta,Meta Stock Rising as Facebook Parent Spends Big on AI—Key Technical Levels to Monitor - Investopedia,"EN
Sign in
Before you continue to Google
We use cookies and data to
Deliver and maintain Google services
Track outages and protect against spam, fraud, and abuse
Measure audience engagement and site statistics to understand how our services are used and enhance the quality of those services
If you choose to “Accept all,” we will also use cookies and data to
Develop and improve new services
Deliver and measure the effectiveness of ads
Show personalized content, depending on your settings
Show personalized ads, depending on your settings
If you choose to “Reject all,” we will not use cookies for these additional purposes.
Non-personalized content is influenced by things like the content you’re currently viewing, activity in your active Search session, and your location. Non-personalized ads are influenced by the content you’re currently viewing and your general location. Personalized content and ads can also include more relevant results, recommendations, and tailored ads based on past activity from this browser, like previous Google searches. We also use cookies and data to tailor the experience to be age-appropriate, if relevant.
Select “More options” to see additional information, including details about managing your privacy settings. You can also visit g.co/privacytools at any time.
Reject all
Accept all
More options
Privacy Policy
Terms of Service",https://news.google.com/rss/articles/CBMivwFBVV95cUxQOUpyNFF0dEJhemlWTzhBejMzV1hzaXFaS3JKTFZUNFFRblphUjZiZ2VrS2pNMW1rS2RsTWVUN0lJSVF0WjAxcHNHTTlsYUZ1RVM0Y0Fab2hHeXdZS3F2TzhFVTY5aFVCU0NHN3FhLXV1bTFCZHNsNFMtamhRWi10ejV2ellSZE5LZXF6MzVJM0ZoeDZHaFdYQzhicE1UWlV1N3Z1Y3l0dG9CX3gzeUwwSXFqTzBfZ29pNHY3cXFSOA?oc=5
2024-01-25,META,Meta,Where Will Meta Platforms Be in 5 Years? - The Motley Fool,"EN
Sign in
Before you continue to Google
We use cookies and data to
Deliver and maintain Google services
Track outages and protect against spam, fraud, and abuse
Measure audience engagement and site statistics to understand how our services are used and enhance the quality of those services
If you choose to “Accept all,” we will also use cookies and data to
Develop and improve new services
Deliver and measure the effectiveness of ads
Show personalized content, depending on your settings
Show personalized ads, depending on your settings
If you choose to “Reject all,” we will not use cookies for these additional purposes.
Non-personalized content is influenced by things like the content you’re currently viewing, activity in your active Search session, and your location. Non-personalized ads are influenced by the content you’re currently viewing and your general location. Personalized content and ads can also include more relevant results, recommendations, and tailored ads based on past activity from this browser, like previous Google searches. We also use cookies and data to tailor the experience to be age-appropriate, if relevant.
Select “More options” to see additional information, including details about managing your privacy settings. You can also visit g.co/privacytools at any time.
Reject all
Accept all
More options
Privacy Policy
Terms of Service",https://news.google.com/rss/articles/CBMiigFBVV95cUxNdzVMYUdkT0F4Uk5Ba2VQSGlNYnE1MUFNWkUxQlZ5Sy1pMGRBSHJvYVBvbnBJQ3ExZU9pbDUyMTlNaUxaNXR6aHcyRzBVcWd1cE5KUl9QSVlfWHg3dVZaWEhldWJXVWJuWUp3SzR2eWlab1k3WEItY0tVNDNoSDBhT1plNlVWcFdpVkE?oc=5
2024-01-05,META,Meta,Mark Zuckerberg sells Meta shares worth $428 million. Know why stock prices plummeted - The Economic Times,"EN
Sign in
Before you continue to Google
We use cookies and data to
Deliver and maintain Google services
Track outages and protect against spam, fraud, and abuse
Measure audience engagement and site statistics to understand how our services are used and enhance the quality of those services
If you choose to “Accept all,” we will also use cookies and data to
Develop and improve new services
Deliver and measure the effectiveness of ads
Show personalized content, depending on your settings
Show personalized ads, depending on your settings
If you choose to “Reject all,” we will not use cookies for these additional purposes.
Non-personalized content is influenced by things like the content you’re currently viewing, activity in your active Search session, and your location. Non-personalized ads are influenced by the content you’re currently viewing and your general location. Personalized content and ads can also include more relevant results, recommendations, and tailored ads based on past activity from this browser, like previous Google searches. We also use cookies and data to tailor the experience to be age-appropriate, if relevant.
Select “More options” to see additional information, including details about managing your privacy settings. You can also visit g.co/privacytools at any time.
Reject all
Accept all
More options
Privacy Policy
Terms of Service",https://news.google.com/rss/articles/CBMi8AFBVV95cUxPQUdraEk3S2pWUVFHendtUkJmdUY4ZGQ4V3pXSVdOOHhyLTNSTVNvSnFtQi1yYkhRSmhweVE3THFOR3g2QjdwaWRhRWFhSmxTSVVHdVhEaUwxNW8wdGZMTENzYWQzWjJTMG9UWjFMdkJ5cFRVV0dUVll2alRFb2FJS2FCRU1LQmlkZVpOOTV3dk9Pdk8tSU43aHgzQkpKU1V6Snd2VVZNWm1vZWdSOXVsV2lPMzI4c2RjNm5mYmlKbGM5THpqLWZXLVNwN28yWml2ZGZFSkdFUXRXdVBJYmZHT2MzY1FoSFR6TzAxRjNUYjLSAfYBQVVfeXFMTUc0aTd6R1U2RGtGc25Ecm5RN1l1MjFpejlINDcyNk42RVBVbWg3X204SEttODQtT2psTUQxQ0c1VWpOcTR6VWNTLW1STWJOTi1RQk1TMEliY1pBb3dJSGt3djJFNmo4b3dqSnVHOVR6MFc2aU1iYUdIOVNWZkZzZ2dRWllRM0ZIajVfSmtwb1NkTG92MjdBNU9SRUltRmoxLTdOMlZyY1Z5aGlLemhJalhqY21ibmVRZDEtVG5fa3NRYUMwUWptQW9fX2pUSlJBeTJfUFRJSWdjblJnVS1ybW5ETFEycW5XYXh5WUg5Rkd4ZHRiRmFB?oc=5
2024-01-22,META,Meta,Meta Stock Forecast: This Could Be Mark Zuckerberg's Trillion-Dollar Year - Investor's Business Daily,"EN
Sign in
Before you continue to Google
We use cookies and data to
Deliver and maintain Google services
Track outages and protect against spam, fraud, and abuse
Measure audience engagement and site statistics to understand how our services are used and enhance the quality of those services
If you choose to “Accept all,” we will also use cookies and data to
Develop and improve new services
Deliver and measure the effectiveness of ads
Show personalized content, depending on your settings
Show personalized ads, depending on your settings
If you choose to “Reject all,” we will not use cookies for these additional purposes.
Non-personalized content is influenced by things like the content you’re currently viewing, activity in your active Search session, and your location. Non-personalized ads are influenced by the content you’re currently viewing and your general location. Personalized content and ads can also include more relevant results, recommendations, and tailored ads based on past activity from this browser, like previous Google searches. We also use cookies and data to tailor the experience to be age-appropriate, if relevant.
Select “More options” to see additional information, including details about managing your privacy settings. You can also visit g.co/privacytools at any time.
Reject all
Accept all
More options
Privacy Policy
Terms of Service",https://news.google.com/rss/articles/CBMitAFBVV95cUxOcVotQ25DbWgyZkdVWTNvNm5TajRlQlhLRXRaOWtxYUdheHZiTjlWYXAyZF9jWUVodTZ0TlJzRzhnek9oSGw4RFkwdzdHU1VxNVE1TktNSThZbE90ZE1TUVVYLWVMUTBkTFRVdUtUQmtuUm9OQy1TRGZpaE9ZTGk3YW5qck9nSk96VThQRWcwem5jZldtUUtWcVFiamZYaEJwSld3NDRqaTJhVjlUTmhwVy1Cck0?oc=5
2024-01-16,META,Meta,Meta Platforms Stock (NASDAQ:META): Don’t Ignore the Election Year Tailwind - Yahoo Finance,"EN
Sign in
Before you continue to Google
We use cookies and data to
Deliver and maintain Google services
Track outages and protect against spam, fraud, and abuse
Measure audience engagement and site statistics to understand how our services are used and enhance the quality of those services
If you choose to “Accept all,” we will also use cookies and data to
Develop and improve new services
Deliver and measure the effectiveness of ads
Show personalized content, depending on your settings
Show personalized ads, depending on your settings
If you choose to “Reject all,” we will not use cookies for these additional purposes.
Non-personalized content is influenced by things like the content you’re currently viewing, activity in your active Search session, and your location. Non-personalized ads are influenced by the content you’re currently viewing and your general location. Personalized content and ads can also include more relevant results, recommendations, and tailored ads based on past activity from this browser, like previous Google searches. We also use cookies and data to tailor the experience to be age-appropriate, if relevant.
Select “More options” to see additional information, including details about managing your privacy settings. You can also visit g.co/privacytools at any time.
Reject all
Accept all
More options
Privacy Policy
Terms of Service",https://news.google.com/rss/articles/CBMihAFBVV95cUxNVzhRczFpOWNUNWt6c2hUVm9iM2d3OFRMUWdtbTFsVHFsTWM4dWN1Q05MSmxleUlrNTFqWGIyQmwtSGRUbEtWUDRfX3lHQ2ROeG5vb1k1ZElfSjVuU3JqOWE3YUNYaUY2bVVCcFlwR29RV3ZLekhzQWhrXzI3MllaQlhVZW0?oc=5
2024-01-04,META,Meta,Mark Zuckerberg Sells Meta Stock for the First Time in Years - Barron's,"EN
Sign in
Before you continue to Google
We use cookies and data to
Deliver and maintain Google services
Track outages and protect against spam, fraud, and abuse
Measure audience engagement and site statistics to understand how our services are used and enhance the quality of those services
If you choose to “Accept all,” we will also use cookies and data to
Develop and improve new services
Deliver and measure the effectiveness of ads
Show personalized content, depending on your settings
Show personalized ads, depending on your settings
If you choose to “Reject all,” we will not use cookies for these additional purposes.
Non-personalized content is influenced by things like the content you’re currently viewing, activity in your active Search session, and your location. Non-personalized ads are influenced by the content you’re currently viewing and your general location. Personalized content and ads can also include more relevant results, recommendations, and tailored ads based on past activity from this browser, like previous Google searches. We also use cookies and data to tailor the experience to be age-appropriate, if relevant.
Select “More options” to see additional information, including details about managing your privacy settings. You can also visit g.co/privacytools at any time.
Reject all
Accept all
More options
Privacy Policy
Terms of Service",https://news.google.com/rss/articles/CBMikgFBVV95cUxNS3BmeFJ2RWhsTUR4TGZlNS1IcGdFa0FieHBSV0UyMW0zenQ1NXhSNXVsbVJzaE1SYndMWU1oR2FTRGxVZDV5MjhrTWZDd3FWUVl4NHl5Q2V3YXJqMUVTU3BIMmgwNmtUdHY5V3R4Nk9FeXlxZ2p3ekduUmpSOV9SMzhJSzVzNHBCcmFkejcxajE2dw?oc=5
2024-01-04,META,Meta,"3 Charts For Investors to Watch Thursday: Meta Platforms, SoFi Technologies, XLE ETF - Investopedia","EN
Sign in
Before you continue to Google
We use cookies and data to
Deliver and maintain Google services
Track outages and protect against spam, fraud, and abuse
Measure audience engagement and site statistics to understand how our services are used and enhance the quality of those services
If you choose to “Accept all,” we will also use cookies and data to
Develop and improve new services
Deliver and measure the effectiveness of ads
Show personalized content, depending on your settings
Show personalized ads, depending on your settings
If you choose to “Reject all,” we will not use cookies for these additional purposes.
Non-personalized content is influenced by things like the content you’re currently viewing, activity in your active Search session, and your location. Non-personalized ads are influenced by the content you’re currently viewing and your general location. Personalized content and ads can also include more relevant results, recommendations, and tailored ads based on past activity from this browser, like previous Google searches. We also use cookies and data to tailor the experience to be age-appropriate, if relevant.
Select “More options” to see additional information, including details about managing your privacy settings. You can also visit g.co/privacytools at any time.
Reject all
Accept all
More options
Privacy Policy
Terms of Service",https://news.google.com/rss/articles/CBMiugFBVV95cUxQT1J6Tkdod2VrMlFGSkdtbzdhME1MZHVoVnhLa21zalJpdENLdmdZTVljdktFSEtPT2dkS0F3OEtqbHFFVTZhaVhTX2VjZzF3NGhWTFVPdUJsMTRXTHBPd201U1JmUjZyRDV2Q09xTlFUUWhnZU5tSlk4M2hYR1R2dDEtcG1DX2ZVV1JGNlpCSC1nQzJYazdFMTdIV3hsbzJVRWx2UjBPdG1PTmhWM19Uc2NCQ3hxSzYwSXc?oc=5
2024-01-04,META,Meta,Dabbling In The Metaverse: Will It Pay Off For Meta Stock? - Investor's Business Daily,"EN
Sign in
Before you continue to Google
We use cookies and data to
Deliver and maintain Google services
Track outages and protect against spam, fraud, and abuse
Measure audience engagement and site statistics to understand how our services are used and enhance the quality of those services
If you choose to “Accept all,” we will also use cookies and data to
Develop and improve new services
Deliver and measure the effectiveness of ads
Show personalized content, depending on your settings
Show personalized ads, depending on your settings
If you choose to “Reject all,” we will not use cookies for these additional purposes.
Non-personalized content is influenced by things like the content you’re currently viewing, activity in your active Search session, and your location. Non-personalized ads are influenced by the content you’re currently viewing and your general location. Personalized content and ads can also include more relevant results, recommendations, and tailored ads based on past activity from this browser, like previous Google searches. We also use cookies and data to tailor the experience to be age-appropriate, if relevant.
Select “More options” to see additional information, including details about managing your privacy settings. You can also visit g.co/privacytools at any time.
Reject all
Accept all
More options
Privacy Policy
Terms of Service",https://news.google.com/rss/articles/CBMioAFBVV95cUxPRURUYjBLV1RFOWJ6enN5eUtmejFDam9Pa083c21TQm9WZUd1S1hZWVBFNnFOTkNqMGVXNTdHME1TRmhqTXNmcmZ2NC1Bc0VyZGJCcGlUQjhHbm9VdUtwR3pROHpYajI1N29saVdLWVFpd1FFbl9Jc0puOE5uQmJjYkV3cl82Z2JrSi1qZ2hna1RMTWNBOEpiQVB3OWhieHY3?oc=5
2024-01-11,META,Meta,"‘I screwed up’: Jim Cramer once cried on air over trusting Mark Zuckerberg, choked up admitting he was 'ill-advised' — and then META stock tripled. How to keep emotions out of your investing - Yahoo Finance","EN
Sign in
Before you continue to Google
We use cookies and data to
Deliver and maintain Google services
Track outages and protect against spam, fraud, and abuse
Measure audience engagement and site statistics to understand how our services are used and enhance the quality of those services
If you choose to “Accept all,” we will also use cookies and data to
Develop and improve new services
Deliver and measure the effectiveness of ads
Show personalized content, depending on your settings
Show personalized ads, depending on your settings
If you choose to “Reject all,” we will not use cookies for these additional purposes.
Non-personalized content is influenced by things like the content you’re currently viewing, activity in your active Search session, and your location. Non-personalized ads are influenced by the content you’re currently viewing and your general location. Personalized content and ads can also include more relevant results, recommendations, and tailored ads based on past activity from this browser, like previous Google searches. We also use cookies and data to tailor the experience to be age-appropriate, if relevant.
Select “More options” to see additional information, including details about managing your privacy settings. You can also visit g.co/privacytools at any time.
Reject all
Accept all
More options
Privacy Policy
Terms of Service",https://news.google.com/rss/articles/CBMigAFBVV95cUxQOHc4LXF5czNOU3U0Tm9qYnRVMkJDbFpKNmJWVkVobkhqdFphaVVvR1pya0dGb0swZUpDVjBWb2puU2xRUmhUVUc2SVVrQ2FIcDE5cFliU2N1OUFSQmh3akhObUl1VUtOdzktTzJyQnpMT2pnRnVZQVM1MF9kWVBWbA?oc=5
2024-01-08,META,Meta,S&P 500: Here's Who Owns Meta Now That Mark Zuckerberg Is Unloading Stock - Investor's Business Daily,"EN
Sign in
Before you continue to Google
We use cookies and data to
Deliver and maintain Google services
Track outages and protect against spam, fraud, and abuse
Measure audience engagement and site statistics to understand how our services are used and enhance the quality of those services
If you choose to “Accept all,” we will also use cookies and data to
Develop and improve new services
Deliver and measure the effectiveness of ads
Show personalized content, depending on your settings
Show personalized ads, depending on your settings
If you choose to “Reject all,” we will not use cookies for these additional purposes.
Non-personalized content is influenced by things like the content you’re currently viewing, activity in your active Search session, and your location. Non-personalized ads are influenced by the content you’re currently viewing and your general location. Personalized content and ads can also include more relevant results, recommendations, and tailored ads based on past activity from this browser, like previous Google searches. We also use cookies and data to tailor the experience to be age-appropriate, if relevant.
Select “More options” to see additional information, including details about managing your privacy settings. You can also visit g.co/privacytools at any time.
Reject all
Accept all
More options
Privacy Policy
Terms of Service",https://news.google.com/rss/articles/CBMiuwFBVV95cUxNbDFRWjdhYS0xdlVrdEVGUlJHUVJ2Mng5S1dweGs0YWlnUGpyUWZlVjFzUmlHUUx6V0RzUkJpN3hDTnk1Zl9MeVZrYjY3X2dtSndqVnFTMUNxR1pMVEZSSVF2MUwxTmZDdk9vc0wwR2dKYjhxMHB4MEg5blhOVjdPYm9rcUV3Ui1KZGl5OXZXYzVFaW9jSzBYNjRaNlZ5U1U0Z21hWmZodmhRdWROTkttU0Jkck5EYXU1SHVJ?oc=5
2024-01-04,META,Meta,Mark Zuckerberg sold Meta shares worth more than $400 million in the last 2 months of 2023 - Yahoo,"EN
Sign in
Before you continue to Google
We use cookies and data to
Deliver and maintain Google services
Track outages and protect against spam, fraud, and abuse
Measure audience engagement and site statistics to understand how our services are used and enhance the quality of those services
If you choose to “Accept all,” we will also use cookies and data to
Develop and improve new services
Deliver and measure the effectiveness of ads
Show personalized content, depending on your settings
Show personalized ads, depending on your settings
If you choose to “Reject all,” we will not use cookies for these additional purposes.
Non-personalized content is influenced by things like the content you’re currently viewing, activity in your active Search session, and your location. Non-personalized ads are influenced by the content you’re currently viewing and your general location. Personalized content and ads can also include more relevant results, recommendations, and tailored ads based on past activity from this browser, like previous Google searches. We also use cookies and data to tailor the experience to be age-appropriate, if relevant.
Select “More options” to see additional information, including details about managing your privacy settings. You can also visit g.co/privacytools at any time.
Reject all
Accept all
More options
Privacy Policy
Terms of Service",https://news.google.com/rss/articles/CBMiiAFBVV95cUxOZDhsTDY1bE02UzFfSkJDY2xGdmF3WGtZUlpweHN3RTQwUFJBREhaeGJQS21Ra0RQOUstWHJuRWxlRDZPUmtGakV0Z3FiczJVVXFMenpIM0xrVi1sWlNpTXo1ZF9adWFPTmtybVhQUDlYbl9ScktjeTlRX2hxMzBUS2FPRGJlQTRR?oc=5
2024-01-24,META,Meta,"Meta Tops $1 Trillion Market Cap, Rejoins Apple, Microsoft, Alphabet, Amazon, Nvidia - Investor's Business Daily","EN
Sign in
Before you continue to Google
We use cookies and data to
Deliver and maintain Google services
Track outages and protect against spam, fraud, and abuse
Measure audience engagement and site statistics to understand how our services are used and enhance the quality of those services
If you choose to “Accept all,” we will also use cookies and data to
Develop and improve new services
Deliver and measure the effectiveness of ads
Show personalized content, depending on your settings
Show personalized ads, depending on your settings
If you choose to “Reject all,” we will not use cookies for these additional purposes.
Non-personalized content is influenced by things like the content you’re currently viewing, activity in your active Search session, and your location. Non-personalized ads are influenced by the content you’re currently viewing and your general location. Personalized content and ads can also include more relevant results, recommendations, and tailored ads based on past activity from this browser, like previous Google searches. We also use cookies and data to tailor the experience to be age-appropriate, if relevant.
Select “More options” to see additional information, including details about managing your privacy settings. You can also visit g.co/privacytools at any time.
Reject all
Accept all
More options
Privacy Policy
Terms of Service",https://news.google.com/rss/articles/CBMisAFBVV95cUxOZENSZU92d3FPZUk3RW80MmRTSnpBanBjNm8yNEZkamtvMVF2eFA5X0l2elVBT1E2NkJBYkl6N3BfY1dsR1I0MDNQbG5CUllxNXFhMHRSSWp3NHg3WTZRaHNJZWRuU2JKWTM4YmdBUmI3clhYQzZCZmd4a0V1VTZHMlAzVjI0aTB2ZjBCeDBBSncteFV2cnN5OHQ0ZWFBZGpqRmdXcUlJWmRyemE0YS1tbg?oc=5
2024-02-02,META,Meta,"Meta Stock Rockets To New Highs On 'Monumental' Quarterly Earnings, Dividend Plan - Investor's Business Daily","EN
Sign in
Before you continue to Google
We use cookies and data to
Deliver and maintain Google services
Track outages and protect against spam, fraud, and abuse
Measure audience engagement and site statistics to understand how our services are used and enhance the quality of those services
If you choose to “Accept all,” we will also use cookies and data to
Develop and improve new services
Deliver and measure the effectiveness of ads
Show personalized content, depending on your settings
Show personalized ads, depending on your settings
If you choose to “Reject all,” we will not use cookies for these additional purposes.
Non-personalized content is influenced by things like the content you’re currently viewing, activity in your active Search session, and your location. Non-personalized ads are influenced by the content you’re currently viewing and your general location. Personalized content and ads can also include more relevant results, recommendations, and tailored ads based on past activity from this browser, like previous Google searches. We also use cookies and data to tailor the experience to be age-appropriate, if relevant.
Select “More options” to see additional information, including details about managing your privacy settings. You can also visit g.co/privacytools at any time.
Reject all
Accept all
More options
Privacy Policy
Terms of Service",https://news.google.com/rss/articles/CBMiugFBVV95cUxNSjdmdExFRFpvTFBHSmltVDRBaUJ2Vk5hc0IwWUV3Z0JQbzdhNDVQLTlkVENwU1lGUGoxdGMyUlRiclJlYXpsVF9EQndpaGdNajVHQ3NIdnRWaXBQenFpS2NCRUptQ3V6a3I2cjJ2SGg5aEVTN3VsQWlxd0plYjJJTHV4cC1jTHV2YjNvWjh0NGdQTklGaFZGX1FOemRGNjNiZUQ5TDlOM2hMSnR1MExkX0FJN3haN19ZY3c?oc=5
2024-02-02,META,Meta,Meta’s Stock Surges After Jump in Profits (Published 2024) - The New York Times,"EN
Sign in
Before you continue to Google
We use cookies and data to
Deliver and maintain Google services
Track outages and protect against spam, fraud, and abuse
Measure audience engagement and site statistics to understand how our services are used and enhance the quality of those services
If you choose to “Accept all,” we will also use cookies and data to
Develop and improve new services
Deliver and measure the effectiveness of ads
Show personalized content, depending on your settings
Show personalized ads, depending on your settings
If you choose to “Reject all,” we will not use cookies for these additional purposes.
Non-personalized content is influenced by things like the content you’re currently viewing, activity in your active Search session, and your location. Non-personalized ads are influenced by the content you’re currently viewing and your general location. Personalized content and ads can also include more relevant results, recommendations, and tailored ads based on past activity from this browser, like previous Google searches. We also use cookies and data to tailor the experience to be age-appropriate, if relevant.
Select “More options” to see additional information, including details about managing your privacy settings. You can also visit g.co/privacytools at any time.
Reject all
Accept all
More options
Privacy Policy
Terms of Service",https://news.google.com/rss/articles/CBMia0FVX3lxTE1hdVl1d04wZlV4YVYzV1k0dkNQb2trbXZTWFdmdjRZbjVLWGVHUUo4TFNQZDNlRzRnYkNaZUg0U0FWWU9fcTliZm9rd0dRUElrd04xMzk2RFd3SGlDMWlucDFlaTNnOUVBNXZ3?oc=5
2024-02-01,META,Meta,Meta stock surges 14%. Investors are loving its first-ever dividend - CNN,"EN
Sign in
Before you continue to Google
We use cookies and data to
Deliver and maintain Google services
Track outages and protect against spam, fraud, and abuse
Measure audience engagement and site statistics to understand how our services are used and enhance the quality of those services
If you choose to “Accept all,” we will also use cookies and data to
Develop and improve new services
Deliver and measure the effectiveness of ads
Show personalized content, depending on your settings
Show personalized ads, depending on your settings
If you choose to “Reject all,” we will not use cookies for these additional purposes.
Non-personalized content is influenced by things like the content you’re currently viewing, activity in your active Search session, and your location. Non-personalized ads are influenced by the content you’re currently viewing and your general location. Personalized content and ads can also include more relevant results, recommendations, and tailored ads based on past activity from this browser, like previous Google searches. We also use cookies and data to tailor the experience to be age-appropriate, if relevant.
Select “More options” to see additional information, including details about managing your privacy settings. You can also visit g.co/privacytools at any time.
Reject all
Accept all
More options
Privacy Policy
Terms of Service",https://news.google.com/rss/articles/CBMigwFBVV95cUxNcy00RGJFVWlDMUV3emFXaVhoci1HdTc4eGJkWHRNZWo1VWpIZk93TWsyeXhkWlppbTRmTU9zaG1Nbjgwc0RzLWlvRzd4NmpIMUUySEpLSnNaWVZLU3ZNckdpZmNXOGExMURjVXhVSWxXaC1EZHhycWlWd2t4bk92alFrVQ?oc=5
2024-02-02,META,Meta,Meta stock jumps 20% after earnings in biggest market-cap jump in stock market history - Yahoo Finance,"EN
Sign in
Before you continue to Google
We use cookies and data to
Deliver and maintain Google services
Track outages and protect against spam, fraud, and abuse
Measure audience engagement and site statistics to understand how our services are used and enhance the quality of those services
If you choose to “Accept all,” we will also use cookies and data to
Develop and improve new services
Deliver and measure the effectiveness of ads
Show personalized content, depending on your settings
Show personalized ads, depending on your settings
If you choose to “Reject all,” we will not use cookies for these additional purposes.
Non-personalized content is influenced by things like the content you’re currently viewing, activity in your active Search session, and your location. Non-personalized ads are influenced by the content you’re currently viewing and your general location. Personalized content and ads can also include more relevant results, recommendations, and tailored ads based on past activity from this browser, like previous Google searches. We also use cookies and data to tailor the experience to be age-appropriate, if relevant.
Select “More options” to see additional information, including details about managing your privacy settings. You can also visit g.co/privacytools at any time.
Reject all
Accept all
More options
Privacy Policy
Terms of Service",https://news.google.com/rss/articles/CBMiywFBVV95cUxOUUpUMXc4LWhTeGpzZ012UUZFSmVqUmRaWDdMUlpnWTV4RDFZcW1YXzAxWTl2N2lHUGRGMVFqWHNRQzVfZHVWenRxQ0Q0SVVtQlRXMWIwdDdqWnZKUjAwTHdwMUVuVFVtekRGYUJNZW85akhxYXlxMmJSTERKR1VscXJjNGNyZ2xydEdrU0ZLVFNMWW16QlJiOG90bjFGR1p0RDAtakluZ01seVBTNGF2R0IxVE5Ga2d5TlFSbWdBNnZBbTNwR1Atem1LMA?oc=5
2024-02-02,META,Meta,Meta surges with record $196 billion gain in stock market value - Reuters,"EN
Sign in
Before you continue to Google
We use cookies and data to
Deliver and maintain Google services
Track outages and protect against spam, fraud, and abuse
Measure audience engagement and site statistics to understand how our services are used and enhance the quality of those services
If you choose to “Accept all,” we will also use cookies and data to
Develop and improve new services
Deliver and measure the effectiveness of ads
Show personalized content, depending on your settings
Show personalized ads, depending on your settings
If you choose to “Reject all,” we will not use cookies for these additional purposes.
Non-personalized content is influenced by things like the content you’re currently viewing, activity in your active Search session, and your location. Non-personalized ads are influenced by the content you’re currently viewing and your general location. Personalized content and ads can also include more relevant results, recommendations, and tailored ads based on past activity from this browser, like previous Google searches. We also use cookies and data to tailor the experience to be age-appropriate, if relevant.
Select “More options” to see additional information, including details about managing your privacy settings. You can also visit g.co/privacytools at any time.
Reject all
Accept all
More options
Privacy Policy
Terms of Service",https://news.google.com/rss/articles/CBMiuwFBVV95cUxQai0zZDlkajJPVENCT0wzWVgyQkFTVExDTmxMbC11eEh6QXlKRzJfWExLVGxjOHlPakVWRk53bUdSeS1JV2hxcjQxVmI0X3dFUXNXbmhWOUM3b3kzSkV1NFN4Wm9URGdLRldyWlBDbHVXZWE2NV9FR1FyR2NfbEt0WV9uZXZ4RllDSXNYc0NybEx4Sk9od2tHbHZTNkxkRlZ5RkVUdlJVcFI4QjVqaTAzVldpanl6eGRzbVJF?oc=5
2024-02-02,META,Meta,Which Funds Are the Biggest Holders of Meta Stock? - Morningstar,"EN
Sign in
Before you continue to Google
We use cookies and data to
Deliver and maintain Google services
Track outages and protect against spam, fraud, and abuse
Measure audience engagement and site statistics to understand how our services are used and enhance the quality of those services
If you choose to “Accept all,” we will also use cookies and data to
Develop and improve new services
Deliver and measure the effectiveness of ads
Show personalized content, depending on your settings
Show personalized ads, depending on your settings
If you choose to “Reject all,” we will not use cookies for these additional purposes.
Non-personalized content is influenced by things like the content you’re currently viewing, activity in your active Search session, and your location. Non-personalized ads are influenced by the content you’re currently viewing and your general location. Personalized content and ads can also include more relevant results, recommendations, and tailored ads based on past activity from this browser, like previous Google searches. We also use cookies and data to tailor the experience to be age-appropriate, if relevant.
Select “More options” to see additional information, including details about managing your privacy settings. You can also visit g.co/privacytools at any time.
Reject all
Accept all
More options
Privacy Policy
Terms of Service",https://news.google.com/rss/articles/CBMigwFBVV95cUxPRUxuMnFTanYzbFEyVE01UlFHSXNsQ0s0UllCMXNRUEowdF9oMlplMTZ4YnVVRnF1TE5JRzM0RjY0Z043Q0IyQkFEWEgydldUR0FmRGNxcEVRb28td0sxWE1SVWZXd2J0cjE0TGFSTmJNdENmRUpGQ1REOW5JTlNmUnNwRQ?oc=5
2024-02-02,META,Meta,"Meta shares surge 20% on soaring profit, better-than-expected guidance and first-ever dividend - CNBC","EN
Sign in
Before you continue to Google
We use cookies and data to
Deliver and maintain Google services
Track outages and protect against spam, fraud, and abuse
Measure audience engagement and site statistics to understand how our services are used and enhance the quality of those services
If you choose to “Accept all,” we will also use cookies and data to
Develop and improve new services
Deliver and measure the effectiveness of ads
Show personalized content, depending on your settings
Show personalized ads, depending on your settings
If you choose to “Reject all,” we will not use cookies for these additional purposes.
Non-personalized content is influenced by things like the content you’re currently viewing, activity in your active Search session, and your location. Non-personalized ads are influenced by the content you’re currently viewing and your general location. Personalized content and ads can also include more relevant results, recommendations, and tailored ads based on past activity from this browser, like previous Google searches. We also use cookies and data to tailor the experience to be age-appropriate, if relevant.
Select “More options” to see additional information, including details about managing your privacy settings. You can also visit g.co/privacytools at any time.
Reject all
Accept all
More options
Privacy Policy
Terms of Service",https://news.google.com/rss/articles/CBMipgFBVV95cUxObTRNTVRCUnFqdjBiMEt2MnVmYVdGaHBWdEdyd2xLYVZVVWtSbGk3d0xWT1FVVFJhZjRYa1Z3Y0N5cE1vVVRqczk5cUFmQTU3a3Zla2dVdG4tdWxwdzB5SHVJUmU4RHdjVUVybXg4T2puYWZNdE5JdFFqOVpGUmJqZEpQM3hWazFHbmItNUdHekF1cmZFVWlacC1SYUd5ZHB4eTlnR1VB0gGrAUFVX3lxTE9xeUNneXZNdnlIZ2swZTZQVDJRQ2ZWWnVqQVFUcmVoR1lTWmJiYUMzeHRxY2FEV3U3dWNnNDVTZmtHVFNWSXlIaU1QMFlmQkhxbjM3MHRxbTM1UVo5c0lLY21WMVhwRnZtZkVzME00aEtha3dMZFd6ZGlkZ0lDRk1xd0RjZWxIMTJVWjhKUmdrZnRQd21jNkd5cUxNY2pwSnIzUDhJeWkyLUdFWQ?oc=5
2024-02-02,META,Meta,Meta’s $197 Billion Surge Is Biggest in Stock-Market History - Bloomberg.com,"EN
Sign in
Before you continue to Google
We use cookies and data to
Deliver and maintain Google services
Track outages and protect against spam, fraud, and abuse
Measure audience engagement and site statistics to understand how our services are used and enhance the quality of those services
If you choose to “Accept all,” we will also use cookies and data to
Develop and improve new services
Deliver and measure the effectiveness of ads
Show personalized content, depending on your settings
Show personalized ads, depending on your settings
If you choose to “Reject all,” we will not use cookies for these additional purposes.
Non-personalized content is influenced by things like the content you’re currently viewing, activity in your active Search session, and your location. Non-personalized ads are influenced by the content you’re currently viewing and your general location. Personalized content and ads can also include more relevant results, recommendations, and tailored ads based on past activity from this browser, like previous Google searches. We also use cookies and data to tailor the experience to be age-appropriate, if relevant.
Select “More options” to see additional information, including details about managing your privacy settings. You can also visit g.co/privacytools at any time.
Reject all
Accept all
More options
Privacy Policy
Terms of Service",https://news.google.com/rss/articles/CBMitgFBVV95cUxQVDVfMTlaaTE1LWJYNmwybDNMU0FpQW9GWTNIenRPZTJBMlhQb3JMQTlXd2t6T0U4RDlpY2lER0Z1Vl9XQTQwdkhFcWtUY1FtUDRINm9GeWtZelFZb1NpRkpvMGF6aGNOckJvMkMtV0puekhpQThTS2dYYXRHbmhDOWpySk9ST3Zwa2tNOVprRU1ULXl2NzlSMndzNUlidTA3ZG5peHhMbzJaYXVVdlo2MXkyZGUxQQ?oc=5
2024-02-02,META,Meta,Meta Stock Soars as Company Returns Profits to Shareholders—Key Price Levels to Watch - Investopedia,"EN
Sign in
Before you continue to Google
We use cookies and data to
Deliver and maintain Google services
Track outages and protect against spam, fraud, and abuse
Measure audience engagement and site statistics to understand how our services are used and enhance the quality of those services
If you choose to “Accept all,” we will also use cookies and data to
Develop and improve new services
Deliver and measure the effectiveness of ads
Show personalized content, depending on your settings
Show personalized ads, depending on your settings
If you choose to “Reject all,” we will not use cookies for these additional purposes.
Non-personalized content is influenced by things like the content you’re currently viewing, activity in your active Search session, and your location. Non-personalized ads are influenced by the content you’re currently viewing and your general location. Personalized content and ads can also include more relevant results, recommendations, and tailored ads based on past activity from this browser, like previous Google searches. We also use cookies and data to tailor the experience to be age-appropriate, if relevant.
Select “More options” to see additional information, including details about managing your privacy settings. You can also visit g.co/privacytools at any time.
Reject all
Accept all
More options
Privacy Policy
Terms of Service",https://news.google.com/rss/articles/CBMitwFBVV95cUxNRnBOVzZtZ3REellMQlRjaXhFTEFxWEJZbC1KOHZTdF9VajdjXzZHb0hDRFBtbk82aGh1S21qWmtfdVVidERLdng1eDZFckdVM3IwU2pNQmQzRUNSbjl3MlFXZmI2LTlVU3FGSjVqRERkTGZkakp6T2tydXFZYzRTWmdHeUQ5QWlyN3pSRE1RUW9vUjlCYWFxaTVGN3hsT3ZnVWNGTnpjLU8tUlRaWm5lVVF5bWwwa3c?oc=5
2024-02-02,META,Meta,Meta Shares Surge As Facebook’s Parent Company Announces First Ever Dividend - Time Magazine,"EN
Sign in
Before you continue to Google
We use cookies and data to
Deliver and maintain Google services
Track outages and protect against spam, fraud, and abuse
Measure audience engagement and site statistics to understand how our services are used and enhance the quality of those services
If you choose to “Accept all,” we will also use cookies and data to
Develop and improve new services
Deliver and measure the effectiveness of ads
Show personalized content, depending on your settings
Show personalized ads, depending on your settings
If you choose to “Reject all,” we will not use cookies for these additional purposes.
Non-personalized content is influenced by things like the content you’re currently viewing, activity in your active Search session, and your location. Non-personalized ads are influenced by the content you’re currently viewing and your general location. Personalized content and ads can also include more relevant results, recommendations, and tailored ads based on past activity from this browser, like previous Google searches. We also use cookies and data to tailor the experience to be age-appropriate, if relevant.
Select “More options” to see additional information, including details about managing your privacy settings. You can also visit g.co/privacytools at any time.
Reject all
Accept all
More options
Privacy Policy
Terms of Service",https://news.google.com/rss/articles/CBMiiwFBVV95cUxNcjBWVm8zMDM3QmFzZzh1ZV9XMkJIRlJqMWVyVjM1Z2FaczEzaHUycVVaWUFyXzZmajVmSDIxcFp6cjR6dnBRT1ZxR0QyVDVwelowMkxUMnRmV1FQYUNWQmN0UlBoYURkOFdvTXJmM212VmplWjY4dzJORGFfODFhdFdKalVmUkNKSVhv?oc=5
2024-02-05,META,Meta,Is Meta now a value stock? - MarketWatch,"EN
Sign in
Before you continue to Google
We use cookies and data to
Deliver and maintain Google services
Track outages and protect against spam, fraud, and abuse
Measure audience engagement and site statistics to understand how our services are used and enhance the quality of those services
If you choose to “Accept all,” we will also use cookies and data to
Develop and improve new services
Deliver and measure the effectiveness of ads
Show personalized content, depending on your settings
Show personalized ads, depending on your settings
If you choose to “Reject all,” we will not use cookies for these additional purposes.
Non-personalized content is influenced by things like the content you’re currently viewing, activity in your active Search session, and your location. Non-personalized ads are influenced by the content you’re currently viewing and your general location. Personalized content and ads can also include more relevant results, recommendations, and tailored ads based on past activity from this browser, like previous Google searches. We also use cookies and data to tailor the experience to be age-appropriate, if relevant.
Select “More options” to see additional information, including details about managing your privacy settings. You can also visit g.co/privacytools at any time.
Reject all
Accept all
More options
Privacy Policy
Terms of Service",https://news.google.com/rss/articles/CBMid0FVX3lxTE1ueUpZdzBtV2RRdG9NZnlnT01sQkwwRktKc3pHVVhVbGl2YlpKM1BFY3lwaTM2Z1BXOWNSLXhKSHJ4aUpOSlFGRkZ4QTFGOUdCX1VsT213clNEOXNFUnplS0hYYW51NGg5Zy0wVkZISGJ2UkdDTms0?oc=5
2024-02-10,META,Meta,Meta Platforms Stock Nearly Tripled in 2023. Here's Why It's Not Too Late to Buy the Stock. - Nasdaq,"EN
Sign in
Before you continue to Google
We use cookies and data to
Deliver and maintain Google services
Track outages and protect against spam, fraud, and abuse
Measure audience engagement and site statistics to understand how our services are used and enhance the quality of those services
If you choose to “Accept all,” we will also use cookies and data to
Develop and improve new services
Deliver and measure the effectiveness of ads
Show personalized content, depending on your settings
Show personalized ads, depending on your settings
If you choose to “Reject all,” we will not use cookies for these additional purposes.
Non-personalized content is influenced by things like the content you’re currently viewing, activity in your active Search session, and your location. Non-personalized ads are influenced by the content you’re currently viewing and your general location. Personalized content and ads can also include more relevant results, recommendations, and tailored ads based on past activity from this browser, like previous Google searches. We also use cookies and data to tailor the experience to be age-appropriate, if relevant.
Select “More options” to see additional information, including details about managing your privacy settings. You can also visit g.co/privacytools at any time.
Reject all
Accept all
More options
Privacy Policy
Terms of Service",https://news.google.com/rss/articles/CBMivgFBVV95cUxPcjFIV1l4WjBFSkNMdS1HRy1xMHZESVI5UUo3V2V0RW1aUjNPRURIVmxYVnRIRHVZeC1WTy1PTVp5TkluTDNmbjZsd3g5eUJsR2drMHZmM2RobWR1SmxqdlYwb1k0Sm9pV0NwQ2pUYWNiZGNXOFNscWduZFc2NVh3UTNJdklWc2hTNVhOZ0hmQjdLZ2xxbk5va1prVWVTRnZaRWhoeUZvd3RFRkJYZS1BejBpTkc4THBBWVZoZHl3?oc=5
2024-02-01,META,Meta,Meta shares leap 20% as investors cheer dividend and $50bn buyback - Financial Times,"EN
Sign in
Before you continue to Google
We use cookies and data to
Deliver and maintain Google services
Track outages and protect against spam, fraud, and abuse
Measure audience engagement and site statistics to understand how our services are used and enhance the quality of those services
If you choose to “Accept all,” we will also use cookies and data to
Develop and improve new services
Deliver and measure the effectiveness of ads
Show personalized content, depending on your settings
Show personalized ads, depending on your settings
If you choose to “Reject all,” we will not use cookies for these additional purposes.
Non-personalized content is influenced by things like the content you’re currently viewing, activity in your active Search session, and your location. Non-personalized ads are influenced by the content you’re currently viewing and your general location. Personalized content and ads can also include more relevant results, recommendations, and tailored ads based on past activity from this browser, like previous Google searches. We also use cookies and data to tailor the experience to be age-appropriate, if relevant.
Select “More options” to see additional information, including details about managing your privacy settings. You can also visit g.co/privacytools at any time.
Reject all
Accept all
More options
Privacy Policy
Terms of Service",https://news.google.com/rss/articles/CBMicEFVX3lxTFBLNnBNQk1BOF8xdWZiWXh6ZHJnN2RocFJNQW5yaUVzR1ZFOGtZZmphLUpsYzBHWEVORjdEUi10YUdFNkZ5ZE9ZWVAtT3Izd2VpQWRqYmo4ZzI2dXNXdDcwT3FkSktWRWRQeHltdmVvYTE?oc=5
2024-02-05,META,Meta,Meta's First Dividend Explained - Morningstar,"EN
Sign in
Before you continue to Google
We use cookies and data to
Deliver and maintain Google services
Track outages and protect against spam, fraud, and abuse
Measure audience engagement and site statistics to understand how our services are used and enhance the quality of those services
If you choose to “Accept all,” we will also use cookies and data to
Develop and improve new services
Deliver and measure the effectiveness of ads
Show personalized content, depending on your settings
Show personalized ads, depending on your settings
If you choose to “Reject all,” we will not use cookies for these additional purposes.
Non-personalized content is influenced by things like the content you’re currently viewing, activity in your active Search session, and your location. Non-personalized ads are influenced by the content you’re currently viewing and your general location. Personalized content and ads can also include more relevant results, recommendations, and tailored ads based on past activity from this browser, like previous Google searches. We also use cookies and data to tailor the experience to be age-appropriate, if relevant.
Select “More options” to see additional information, including details about managing your privacy settings. You can also visit g.co/privacytools at any time.
Reject all
Accept all
More options
Privacy Policy
Terms of Service",https://news.google.com/rss/articles/CBMihwFBVV95cUxNLWZRUUE0NENjV2diZUVKZ1JDY3h2bk5UQzNYcF90SXp5X2U1ckg1ZFhVTThycXVUSlpxcmczZnVZNjhHN1VGbG5sQU8yNzJmLVFTWHdVdjExOFhQbmQ0ZTNJVktaRElfYTRJbjY5MXlrX3dlVXNjUlVRb2VjZ085dDh1TV9ISkU?oc=5
2024-02-02,META,Meta,Why Meta Stock Tops Amazon As A 2024 Generative AI Play - Forbes,"EN
Sign in
Before you continue to Google
We use cookies and data to
Deliver and maintain Google services
Track outages and protect against spam, fraud, and abuse
Measure audience engagement and site statistics to understand how our services are used and enhance the quality of those services
If you choose to “Accept all,” we will also use cookies and data to
Develop and improve new services
Deliver and measure the effectiveness of ads
Show personalized content, depending on your settings
Show personalized ads, depending on your settings
If you choose to “Reject all,” we will not use cookies for these additional purposes.
Non-personalized content is influenced by things like the content you’re currently viewing, activity in your active Search session, and your location. Non-personalized ads are influenced by the content you’re currently viewing and your general location. Personalized content and ads can also include more relevant results, recommendations, and tailored ads based on past activity from this browser, like previous Google searches. We also use cookies and data to tailor the experience to be age-appropriate, if relevant.
Select “More options” to see additional information, including details about managing your privacy settings. You can also visit g.co/privacytools at any time.
Reject all
Accept all
More options
Privacy Policy
Terms of Service",https://news.google.com/rss/articles/CBMirAFBVV95cUxOdy16SGxhNDhxanFORXM1UkVHcnE3dm9sODh5b2hMNkx0ZVRyZWFOc3kzVS1sbVNfMEFVamFUTDczV0hvZ1VzazZjdXZfa0FXajRPbm4wTFNiNXhPVndhc1EtdnpoOGFEdnZHaWo1aENQdGlyWm9JSnhqeUdXM2stNGJIMHNUVU9KdGZDa0pqbk9FUFlyYUpTRVYxX2M1ZEpkcGZhNlJ0cnJtMV9s?oc=5
2024-02-02,META,Meta,"Meta Platforms Surged $204.5 Billion in One Day, the Largest in History - Barron's","EN
Sign in
Before you continue to Google
We use cookies and data to
Deliver and maintain Google services
Track outages and protect against spam, fraud, and abuse
Measure audience engagement and site statistics to understand how our services are used and enhance the quality of those services
If you choose to “Accept all,” we will also use cookies and data to
Develop and improve new services
Deliver and measure the effectiveness of ads
Show personalized content, depending on your settings
Show personalized ads, depending on your settings
If you choose to “Reject all,” we will not use cookies for these additional purposes.
Non-personalized content is influenced by things like the content you’re currently viewing, activity in your active Search session, and your location. Non-personalized ads are influenced by the content you’re currently viewing and your general location. Personalized content and ads can also include more relevant results, recommendations, and tailored ads based on past activity from this browser, like previous Google searches. We also use cookies and data to tailor the experience to be age-appropriate, if relevant.
Select “More options” to see additional information, including details about managing your privacy settings. You can also visit g.co/privacytools at any time.
Reject all
Accept all
More options
Privacy Policy
Terms of Service",https://news.google.com/rss/articles/CBMilAFBVV95cUxOMUZJeEYwRkZuMWQ3THZFWHduS2ljanJ1bzlqSUg5eWVfX29qS3VnU3BkbVgxR2Z4Z1dtQ3Foek95d0tZaXpXNnJqQkhhRnF3UXp5eFFFZ1FaZUVCVVNQSG5mNTJiSmVfdEUtOGo2YzJBQ09YMXVGb0tpZGNya2drOFNjcF9fSFZXTDJxUjQ1RVVnU1BI?oc=5
2024-02-02,META,Meta,Is It Too Late to Buy Meta Platforms Stock? - The Motley Fool,"EN
Sign in
Before you continue to Google
We use cookies and data to
Deliver and maintain Google services
Track outages and protect against spam, fraud, and abuse
Measure audience engagement and site statistics to understand how our services are used and enhance the quality of those services
If you choose to “Accept all,” we will also use cookies and data to
Develop and improve new services
Deliver and measure the effectiveness of ads
Show personalized content, depending on your settings
Show personalized ads, depending on your settings
If you choose to “Reject all,” we will not use cookies for these additional purposes.
Non-personalized content is influenced by things like the content you’re currently viewing, activity in your active Search session, and your location. Non-personalized ads are influenced by the content you’re currently viewing and your general location. Personalized content and ads can also include more relevant results, recommendations, and tailored ads based on past activity from this browser, like previous Google searches. We also use cookies and data to tailor the experience to be age-appropriate, if relevant.
Select “More options” to see additional information, including details about managing your privacy settings. You can also visit g.co/privacytools at any time.
Reject all
Accept all
More options
Privacy Policy
Terms of Service",https://news.google.com/rss/articles/CBMijgFBVV95cUxQWmtEY1hSc2FxVDFqd2dsUF8zUlZVMEc2R01HM3BJMU4zQ2I1Sl96Y3FYaVpHSkJmR3h5RXV5U21kcVZ3SXFudFk2dkpxZnAtZk5teEVwSzA5SWhxUWNGRXJJNnl6dHFmQ2R6bHIxcW5uOTQ4VDVRNlRJLVJaekxuanozZHhkc2RiUmpxVi13?oc=5
2024-02-02,META,Meta,Mark Zuckerberg made more than $28 billion this morning after Meta stock makes record surge - CNN,"EN
Sign in
Before you continue to Google
We use cookies and data to
Deliver and maintain Google services
Track outages and protect against spam, fraud, and abuse
Measure audience engagement and site statistics to understand how our services are used and enhance the quality of those services
If you choose to “Accept all,” we will also use cookies and data to
Develop and improve new services
Deliver and measure the effectiveness of ads
Show personalized content, depending on your settings
Show personalized ads, depending on your settings
If you choose to “Reject all,” we will not use cookies for these additional purposes.
Non-personalized content is influenced by things like the content you’re currently viewing, activity in your active Search session, and your location. Non-personalized ads are influenced by the content you’re currently viewing and your general location. Personalized content and ads can also include more relevant results, recommendations, and tailored ads based on past activity from this browser, like previous Google searches. We also use cookies and data to tailor the experience to be age-appropriate, if relevant.
Select “More options” to see additional information, including details about managing your privacy settings. You can also visit g.co/privacytools at any time.
Reject all
Accept all
More options
Privacy Policy
Terms of Service",https://news.google.com/rss/articles/CBMikAFBVV95cUxOM0M3LXpTNTFjOHZ2STN1V1ZHcTJCSFB4MGVjcmdqemhwV2xQVkFJZmNLRmNGSEdEOEJkSklvZGktV3dkTnp6MzVxMUdRbXZlZWVXVHFvbXFjYV9pdHpIdkQwLW1EdWMwYVV2bk1zaTRtTUY3dmdfSlhYQ1ladzBGcUR2SFNXNFI5ZjRaSzFGTHjSAYIBQVVfeXFMTU80Z1lLYUtkSjRWWjNnMVEwd0hYc251Y0hpdXhQQ0liTm5OaWdkTzBJSWVKdFFWZy1qT1lyZTk3dnFuOGk1bHNRbDdNSHZnbHhhZGVsOHZPcUZoTzZwMXFDdUJTOWZPRWFjN2RORWdkX3V5Z3FDTVlnUFB2bGx4QVdLQQ?oc=5
2024-02-25,META,Meta,Stock Split Watch: Is Meta Platforms Next? - Nasdaq,"EN
Sign in
Before you continue to Google
We use cookies and data to
Deliver and maintain Google services
Track outages and protect against spam, fraud, and abuse
Measure audience engagement and site statistics to understand how our services are used and enhance the quality of those services
If you choose to “Accept all,” we will also use cookies and data to
Develop and improve new services
Deliver and measure the effectiveness of ads
Show personalized content, depending on your settings
Show personalized ads, depending on your settings
If you choose to “Reject all,” we will not use cookies for these additional purposes.
Non-personalized content is influenced by things like the content you’re currently viewing, activity in your active Search session, and your location. Non-personalized ads are influenced by the content you’re currently viewing and your general location. Personalized content and ads can also include more relevant results, recommendations, and tailored ads based on past activity from this browser, like previous Google searches. We also use cookies and data to tailor the experience to be age-appropriate, if relevant.
Select “More options” to see additional information, including details about managing your privacy settings. You can also visit g.co/privacytools at any time.
Reject all
Accept all
More options
Privacy Policy
Terms of Service",https://news.google.com/rss/articles/CBMifkFVX3lxTE5rdU5tUkh2MGxYcFhadVkwT2d3UmY0OHRXYWl2NDMwNnN1TXFOdGFXdW0xMmQzOU1VZVBncHo1c3VtMFVhNlJkTHZRSVg0bnZlYUVWN0h5TVhFZXJIM1VyemRNaXdkbXZSZjhmaW1yQWxDLVVabUUtRmlGOVZuQQ?oc=5
2024-02-13,META,Meta,Can Meta Platforms Become a $3 Trillion Company by 2027? - Nasdaq,"EN
Sign in
Before you continue to Google
We use cookies and data to
Deliver and maintain Google services
Track outages and protect against spam, fraud, and abuse
Measure audience engagement and site statistics to understand how our services are used and enhance the quality of those services
If you choose to “Accept all,” we will also use cookies and data to
Develop and improve new services
Deliver and measure the effectiveness of ads
Show personalized content, depending on your settings
Show personalized ads, depending on your settings
If you choose to “Reject all,” we will not use cookies for these additional purposes.
Non-personalized content is influenced by things like the content you’re currently viewing, activity in your active Search session, and your location. Non-personalized ads are influenced by the content you’re currently viewing and your general location. Personalized content and ads can also include more relevant results, recommendations, and tailored ads based on past activity from this browser, like previous Google searches. We also use cookies and data to tailor the experience to be age-appropriate, if relevant.
Select “More options” to see additional information, including details about managing your privacy settings. You can also visit g.co/privacytools at any time.
Reject all
Accept all
More options
Privacy Policy
Terms of Service",https://news.google.com/rss/articles/CBMikAFBVV95cUxPUmZYbVNxMkVqdkNnZVdsZGVTN0JJZkY1SG1ndkFDTlRmNXJoRTJSYjdOM1p5ek85VnJwd2lkdEpQY3NBM3NKSjE3dW84TFZ6X00ybmZUNTRDN1BqdGdIdlZsYm5SdzBURHZLNk9TM3VPVnNwdUNlYUdaUkgwNldTSGFVaVR2OUcwelNlNm1LVXM?oc=5
2024-03-11,META,Meta,Trump calls Facebook the enemy of the people. Meta’s stock sinks - CNN,"EN
Sign in
Before you continue to Google
We use cookies and data to
Deliver and maintain Google services
Track outages and protect against spam, fraud, and abuse
Measure audience engagement and site statistics to understand how our services are used and enhance the quality of those services
If you choose to “Accept all,” we will also use cookies and data to
Develop and improve new services
Deliver and measure the effectiveness of ads
Show personalized content, depending on your settings
Show personalized ads, depending on your settings
If you choose to “Reject all,” we will not use cookies for these additional purposes.
Non-personalized content is influenced by things like the content you’re currently viewing, activity in your active Search session, and your location. Non-personalized ads are influenced by the content you’re currently viewing and your general location. Personalized content and ads can also include more relevant results, recommendations, and tailored ads based on past activity from this browser, like previous Google searches. We also use cookies and data to tailor the experience to be age-appropriate, if relevant.
Select “More options” to see additional information, including details about managing your privacy settings. You can also visit g.co/privacytools at any time.
Reject all
Accept all
More options
Privacy Policy
Terms of Service",https://news.google.com/rss/articles/CBMifkFVX3lxTFBURDBPTDRVdUpiZFFIRjUzSjFockVCci1wTWpVS3VuekpmSjFRSnNlWVk1NEY3N2RybUc1b0trZExVdmJXSS1PZXh4dHVfei1na0FPR094aWIwRjZCdHE3c2dNMkw4bVpnM0IxVW5JV2U5Q2Y3ejRQY0hHZFRSZ9IBdEFVX3lxTE00WmluaEJZeFlqU01EUGYxRVZTc2JKWnN3YWl2OGJjQ3JYZWp4QXFHUEprc0QwYktSWjA5YTU1TUwydXlaRUdFME0wcGVlS3NVX1p2Y3Z5cHctc00yMDB3cFB4VERyR3czZ01vOHRmbUZUWmNk?oc=5
2024-03-07,META,Meta,Meta Stock Rallies Above 500 As Facebook Parent Touts AI-Powered Gains - Investor's Business Daily,"EN
Sign in
Before you continue to Google
We use cookies and data to
Deliver and maintain Google services
Track outages and protect against spam, fraud, and abuse
Measure audience engagement and site statistics to understand how our services are used and enhance the quality of those services
If you choose to “Accept all,” we will also use cookies and data to
Develop and improve new services
Deliver and measure the effectiveness of ads
Show personalized content, depending on your settings
Show personalized ads, depending on your settings
If you choose to “Reject all,” we will not use cookies for these additional purposes.
Non-personalized content is influenced by things like the content you’re currently viewing, activity in your active Search session, and your location. Non-personalized ads are influenced by the content you’re currently viewing and your general location. Personalized content and ads can also include more relevant results, recommendations, and tailored ads based on past activity from this browser, like previous Google searches. We also use cookies and data to tailor the experience to be age-appropriate, if relevant.
Select “More options” to see additional information, including details about managing your privacy settings. You can also visit g.co/privacytools at any time.
Reject all
Accept all
More options
Privacy Policy
Terms of Service",https://news.google.com/rss/articles/CBMihgFBVV95cUxQMFVtelN1UmUtdUZQUWdzZDloRXQxaTlkeVR1eDZXNWxVWFc0T01RM0Y0Wm9ra243Q0hIRXkydE5vZE9laGhINFpaSDc4c2hjMXZQM0VWa2J4ZzZFZ1g3bEZrSmRFcTVzb19xMWpydndadHdpeFBiSFlwRm1obm5pSlozMlRuZw?oc=5
2024-03-14,META,Meta,Here's the Key Reason Meta Platforms Stock Has Soared 547% From Its 2022 Low - Nasdaq,"EN
Sign in
Before you continue to Google
We use cookies and data to
Deliver and maintain Google services
Track outages and protect against spam, fraud, and abuse
Measure audience engagement and site statistics to understand how our services are used and enhance the quality of those services
If you choose to “Accept all,” we will also use cookies and data to
Develop and improve new services
Deliver and measure the effectiveness of ads
Show personalized content, depending on your settings
Show personalized ads, depending on your settings
If you choose to “Reject all,” we will not use cookies for these additional purposes.
Non-personalized content is influenced by things like the content you’re currently viewing, activity in your active Search session, and your location. Non-personalized ads are influenced by the content you’re currently viewing and your general location. Personalized content and ads can also include more relevant results, recommendations, and tailored ads based on past activity from this browser, like previous Google searches. We also use cookies and data to tailor the experience to be age-appropriate, if relevant.
Select “More options” to see additional information, including details about managing your privacy settings. You can also visit g.co/privacytools at any time.
Reject all
Accept all
More options
Privacy Policy
Terms of Service",https://news.google.com/rss/articles/CBMiqgFBVV95cUxOMTJHcW04czJGVXVVOTd1RTdiM1VjeVIzS2ItU3lQTWYxZWNJTzF5X3A1R3BPUGRMSjllRlRTb1FUYUhRbTdtSUJhek1RRkQzNHItcGY5c3ZsMGE5cFdmYXRDaWNDX1ExNjVjZERYLTdremxpQXdZTGxqQl92OXdaTlFxLVlobDM1RjRsRHI4S1lKMmUxbUtFeHpmU21zY2x5dWJNYU1Wd0R1QQ?oc=5
2024-03-04,META,Meta,Why Meta Platforms Stock Rose by Nearly 26% in February - Yahoo Finance,"EN
Sign in
Before you continue to Google
We use cookies and data to
Deliver and maintain Google services
Track outages and protect against spam, fraud, and abuse
Measure audience engagement and site statistics to understand how our services are used and enhance the quality of those services
If you choose to “Accept all,” we will also use cookies and data to
Develop and improve new services
Deliver and measure the effectiveness of ads
Show personalized content, depending on your settings
Show personalized ads, depending on your settings
If you choose to “Reject all,” we will not use cookies for these additional purposes.
Non-personalized content is influenced by things like the content you’re currently viewing, activity in your active Search session, and your location. Non-personalized ads are influenced by the content you’re currently viewing and your general location. Personalized content and ads can also include more relevant results, recommendations, and tailored ads based on past activity from this browser, like previous Google searches. We also use cookies and data to tailor the experience to be age-appropriate, if relevant.
Select “More options” to see additional information, including details about managing your privacy settings. You can also visit g.co/privacytools at any time.
Reject all
Accept all
More options
Privacy Policy
Terms of Service",https://news.google.com/rss/articles/CBMigAFBVV95cUxNZ1NieW1oVVYyUW8zQXEyN1p2WlpmeDEyc0tTSEFtaFhydFdXNTJEekw5Z0tEWjdYUUt3dnRvVHFzTkp5RGFWdlBFVFk5Mml6LTQ2SXR0QUJXNW5OTFZfZnFPWHFDNEZBUnNVWmlEUTM5Yzh6Vl91TUtMcVhfRlZ0Ug?oc=5
2024-03-18,META,Meta,"Meta Stock Is a ‘Top Pick,’ Analyst Says. AI Is Only One Reason Why. - Barron's","EN
Sign in
Before you continue to Google
We use cookies and data to
Deliver and maintain Google services
Track outages and protect against spam, fraud, and abuse
Measure audience engagement and site statistics to understand how our services are used and enhance the quality of those services
If you choose to “Accept all,” we will also use cookies and data to
Develop and improve new services
Deliver and measure the effectiveness of ads
Show personalized content, depending on your settings
Show personalized ads, depending on your settings
If you choose to “Reject all,” we will not use cookies for these additional purposes.
Non-personalized content is influenced by things like the content you’re currently viewing, activity in your active Search session, and your location. Non-personalized ads are influenced by the content you’re currently viewing and your general location. Personalized content and ads can also include more relevant results, recommendations, and tailored ads based on past activity from this browser, like previous Google searches. We also use cookies and data to tailor the experience to be age-appropriate, if relevant.
Select “More options” to see additional information, including details about managing your privacy settings. You can also visit g.co/privacytools at any time.
Reject all
Accept all
More options
Privacy Policy
Terms of Service",https://news.google.com/rss/articles/CBMibkFVX3lxTE9vZFNELUs4Rnl6cFFlMXVLLUhpM29EUl9YblV5anBtcElFMjd6LW8tOU1SemxCTkxhandNQ2hudTdrcmZnWHI5WnIyMDZhYVBsY094ZGNmX0pwTVdYckp0TzFrU2R1S0hUeFRFVTZB?oc=5
2024-03-11,META,Meta,Meta Shares Plummet: Worst Day In Eight Months - Forbes,"EN
Sign in
Before you continue to Google
We use cookies and data to
Deliver and maintain Google services
Track outages and protect against spam, fraud, and abuse
Measure audience engagement and site statistics to understand how our services are used and enhance the quality of those services
If you choose to “Accept all,” we will also use cookies and data to
Develop and improve new services
Deliver and measure the effectiveness of ads
Show personalized content, depending on your settings
Show personalized ads, depending on your settings
If you choose to “Reject all,” we will not use cookies for these additional purposes.
Non-personalized content is influenced by things like the content you’re currently viewing, activity in your active Search session, and your location. Non-personalized ads are influenced by the content you’re currently viewing and your general location. Personalized content and ads can also include more relevant results, recommendations, and tailored ads based on past activity from this browser, like previous Google searches. We also use cookies and data to tailor the experience to be age-appropriate, if relevant.
Select “More options” to see additional information, including details about managing your privacy settings. You can also visit g.co/privacytools at any time.
Reject all
Accept all
More options
Privacy Policy
Terms of Service",https://news.google.com/rss/articles/CBMioAFBVV95cUxNSElKWmxzUDhScVBraUFQcDVIWU9ZZy1TTHREdHhtRGNBSDJ3VWZWQ042aGVabWotWUhDYWwtbVZvQmY4cFZSa2lmajBpV25oSUNiUGM4N0ZfNkFSTU5TUGhFVXh6QV9NV3Q3MVJXeVpjM3FXRklpdFBzZzJoU0c1VkFZZkx2TnBsbUQwSExpcGJnWG5zZkNScWZXM2ZITkZt?oc=5
2024-03-21,META,Meta,Magnificent Seven? It’s More Like the Blazing Two and Tepid Five - Bloomberg.com,"EN
Sign in
Before you continue to Google
We use cookies and data to
Deliver and maintain Google services
Track outages and protect against spam, fraud, and abuse
Measure audience engagement and site statistics to understand how our services are used and enhance the quality of those services
If you choose to “Accept all,” we will also use cookies and data to
Develop and improve new services
Deliver and measure the effectiveness of ads
Show personalized content, depending on your settings
Show personalized ads, depending on your settings
If you choose to “Reject all,” we will not use cookies for these additional purposes.
Non-personalized content is influenced by things like the content you’re currently viewing, activity in your active Search session, and your location. Non-personalized ads are influenced by the content you’re currently viewing and your general location. Personalized content and ads can also include more relevant results, recommendations, and tailored ads based on past activity from this browser, like previous Google searches. We also use cookies and data to tailor the experience to be age-appropriate, if relevant.
Select “More options” to see additional information, including details about managing your privacy settings. You can also visit g.co/privacytools at any time.
Reject all
Accept all
More options
Privacy Policy
Terms of Service",https://news.google.com/rss/articles/CBMiqgFBVV95cUxQdzhCY3ZtdC1KZWo2WkhfR1NIMVNwbEQxOHRudk5lLXRfOXlVRFFabTM4Q25kVjBGNEpKX3RPWm4yZGt5MkRTZ0RHdUpKblBvaWtPV2ZPQ1ZXT1FVZFlobTBESC1BRTdmbUdhVkxiX0xiVnZjajh0Y2NMbzFBTlFnQkZLdjBETEtlY0R2bFFWSnowVktCSXhtVWI3T3lUUnFrVGhLTGlKbGowdw?oc=5
2024-03-02,META,Meta,Will Meta Platforms Be Worth More Than Apple by 2030? - The Motley Fool,"EN
Sign in
Before you continue to Google
We use cookies and data to
Deliver and maintain Google services
Track outages and protect against spam, fraud, and abuse
Measure audience engagement and site statistics to understand how our services are used and enhance the quality of those services
If you choose to “Accept all,” we will also use cookies and data to
Develop and improve new services
Deliver and measure the effectiveness of ads
Show personalized content, depending on your settings
Show personalized ads, depending on your settings
If you choose to “Reject all,” we will not use cookies for these additional purposes.
Non-personalized content is influenced by things like the content you’re currently viewing, activity in your active Search session, and your location. Non-personalized ads are influenced by the content you’re currently viewing and your general location. Personalized content and ads can also include more relevant results, recommendations, and tailored ads based on past activity from this browser, like previous Google searches. We also use cookies and data to tailor the experience to be age-appropriate, if relevant.
Select “More options” to see additional information, including details about managing your privacy settings. You can also visit g.co/privacytools at any time.
Reject all
Accept all
More options
Privacy Policy
Terms of Service",https://news.google.com/rss/articles/CBMimAFBVV95cUxOeXB6OUstTDJnQzduMXdWMVhWcVNFeEs1amh1TW5LeEhtRFh4cmJnLXV1ZzAyOTBTX0pMaVNMVFUzTXBYbTZrNVFtMEgzZXVMeF80cTZ2a1BvY3I3XzRoMVRXLVBIc2c0TlRoVG82RUlxMWhKdS1XX2xUZEt2VWQ5TlVkTGV2NE00Y3BrZFNBaXJ1bGFFYlVxSw?oc=5
2024-03-11,META,Meta,Meta’s stock drops after Trump calls Facebook ‘an enemy of the people’ - The Hill,"EN
Sign in
Before you continue to Google
We use cookies and data to
Deliver and maintain Google services
Track outages and protect against spam, fraud, and abuse
Measure audience engagement and site statistics to understand how our services are used and enhance the quality of those services
If you choose to “Accept all,” we will also use cookies and data to
Develop and improve new services
Deliver and measure the effectiveness of ads
Show personalized content, depending on your settings
Show personalized ads, depending on your settings
If you choose to “Reject all,” we will not use cookies for these additional purposes.
Non-personalized content is influenced by things like the content you’re currently viewing, activity in your active Search session, and your location. Non-personalized ads are influenced by the content you’re currently viewing and your general location. Personalized content and ads can also include more relevant results, recommendations, and tailored ads based on past activity from this browser, like previous Google searches. We also use cookies and data to tailor the experience to be age-appropriate, if relevant.
Select “More options” to see additional information, including details about managing your privacy settings. You can also visit g.co/privacytools at any time.
Reject all
Accept all
More options
Privacy Policy
Terms of Service",https://news.google.com/rss/articles/CBMitAFBVV95cUxNN2k1b3prUlNUbDdyTmNOcUx4MVdQMjdRZ1BQRGh2NS0xWVBSWUVKc3dTX2tVWkVybFN2aUs1Zk50cXZ0QmRaTTg2NW41Z3FBM0Z2M3ZabDY0X1RZdW5mVk9Ub0tKNWYzcmUyTWU4dE9Sckhmd1pnemxqU09NVDlwYV94bzlEaUhIQlYzemtoTldvQjFuR3E5UTNBdFFrZ2tqQUVXMnp2cGgwdGROWHppNXNkYkbSAboBQVVfeXFMT2E3SnlrT00zZ3AyTHc2T09zYVhmZUpZblBmUUtRakhNZkF4Y3haZXJ4SEJzTmRabDl4OXhqcEd0a2R2WlB1QWtNMTJQSjRXcDlxSEVrTlA5M1ZhdXJGS2huTW5JVE82MlpzSElTY0h3ODN1ZFVfWnhEOG1NOERpWHJBdUlSbVlzbnowTTY1YUdrZlo4STVuVGZIU2FiTkRYUWZoUHVEaTBXZmtZQUsyRURsNEg3aXBYVFZn?oc=5
2024-03-05,META,Meta,Did Mark Zuckerberg sell Facebook stock? What to know - Cincinnati Enquirer,"EN
Sign in
Before you continue to Google
We use cookies and data to
Deliver and maintain Google services
Track outages and protect against spam, fraud, and abuse
Measure audience engagement and site statistics to understand how our services are used and enhance the quality of those services
If you choose to “Accept all,” we will also use cookies and data to
Develop and improve new services
Deliver and measure the effectiveness of ads
Show personalized content, depending on your settings
Show personalized ads, depending on your settings
If you choose to “Reject all,” we will not use cookies for these additional purposes.
Non-personalized content is influenced by things like the content you’re currently viewing, activity in your active Search session, and your location. Non-personalized ads are influenced by the content you’re currently viewing and your general location. Personalized content and ads can also include more relevant results, recommendations, and tailored ads based on past activity from this browser, like previous Google searches. We also use cookies and data to tailor the experience to be age-appropriate, if relevant.
Select “More options” to see additional information, including details about managing your privacy settings. You can also visit g.co/privacytools at any time.
Reject all
Accept all
More options
Privacy Policy
Terms of Service",https://news.google.com/rss/articles/CBMiowFBVV95cUxQeXhzQ281T1BFTTgteXNXNzRtV2ZCcnZtbi05bHZJblBJaVNqa1diV1lreFk5eW1sYzZpVjRiTzkzeVdxWVY2bF9GT1pWVUdrOEdEQVJ6RUhjQXA1cUgwZXdKSGxaTllFWXBBREVLR0g5YkxXbEF2RUdJZnROTEFwYXhYYi1TY2tSNjlaZ19BQ2Z1SENDaDNoUlN2amkzTUJyb2hB?oc=5
2024-03-17,META,Meta,Meta Platforms Put Options Have High Premiums - Ideal to Short as an Income Play - Nasdaq,"EN
Sign in
Before you continue to Google
We use cookies and data to
Deliver and maintain Google services
Track outages and protect against spam, fraud, and abuse
Measure audience engagement and site statistics to understand how our services are used and enhance the quality of those services
If you choose to “Accept all,” we will also use cookies and data to
Develop and improve new services
Deliver and measure the effectiveness of ads
Show personalized content, depending on your settings
Show personalized ads, depending on your settings
If you choose to “Reject all,” we will not use cookies for these additional purposes.
Non-personalized content is influenced by things like the content you’re currently viewing, activity in your active Search session, and your location. Non-personalized ads are influenced by the content you’re currently viewing and your general location. Personalized content and ads can also include more relevant results, recommendations, and tailored ads based on past activity from this browser, like previous Google searches. We also use cookies and data to tailor the experience to be age-appropriate, if relevant.
Select “More options” to see additional information, including details about managing your privacy settings. You can also visit g.co/privacytools at any time.
Reject all
Accept all
More options
Privacy Policy
Terms of Service",https://news.google.com/rss/articles/CBMirwFBVV95cUxQXy14UXVZWjlsRVFGNjItaDNUbzUwM0lGcWgwdGlrZWs0djFjS3FrNmNTSllOYWpPLWkxZGczQThZZVVQUkl3MHo2XzlJc0JuOEJieW1xandQQlJKdHpPZDhBRV9mQzVOWEliMEFhWFFMdFRNNklwQ0FpU0t4TEVWelRwTWluYWNKVmNyejkxcENuNjFJM2VXUUNXVHpCbTdIZ0xBZFExaUtwZUwxeGs0?oc=5
2024-03-18,META,Meta,Meta Stock Named A Top Pick. Why Analyst Is Bullish On Facebook-Amazon Partnership. - Investor's Business Daily,"EN
Sign in
Before you continue to Google
We use cookies and data to
Deliver and maintain Google services
Track outages and protect against spam, fraud, and abuse
Measure audience engagement and site statistics to understand how our services are used and enhance the quality of those services
If you choose to “Accept all,” we will also use cookies and data to
Develop and improve new services
Deliver and measure the effectiveness of ads
Show personalized content, depending on your settings
Show personalized ads, depending on your settings
If you choose to “Reject all,” we will not use cookies for these additional purposes.
Non-personalized content is influenced by things like the content you’re currently viewing, activity in your active Search session, and your location. Non-personalized ads are influenced by the content you’re currently viewing and your general location. Personalized content and ads can also include more relevant results, recommendations, and tailored ads based on past activity from this browser, like previous Google searches. We also use cookies and data to tailor the experience to be age-appropriate, if relevant.
Select “More options” to see additional information, including details about managing your privacy settings. You can also visit g.co/privacytools at any time.
Reject all
Accept all
More options
Privacy Policy
Terms of Service",https://news.google.com/rss/articles/CBMikgFBVV95cUxQNDNuNGh5X2pEZi1GT29Obm9vYmxmWmoyTlllSVNxaXhGeXVYM2NEdXBTMVJRVWE1Y092aWZXMnJHSTBqRGFwUFRDMlZ6eTlmNm44SWR5QkcwSWdnOTdkblB3b2NmTmR1cDRqb0FvRTNFSWtTMTBieGx4OUI0MFFXSDNNejVPWExSMk52ZmIwV3ZqUQ?oc=5
2024-03-06,META,Meta,How To Buy Facebook (META) Stocks & Shares In Australia - Forbes,"EN
Sign in
Before you continue to Google
We use cookies and data to
Deliver and maintain Google services
Track outages and protect against spam, fraud, and abuse
Measure audience engagement and site statistics to understand how our services are used and enhance the quality of those services
If you choose to “Accept all,” we will also use cookies and data to
Develop and improve new services
Deliver and measure the effectiveness of ads
Show personalized content, depending on your settings
Show personalized ads, depending on your settings
If you choose to “Reject all,” we will not use cookies for these additional purposes.
Non-personalized content is influenced by things like the content you’re currently viewing, activity in your active Search session, and your location. Non-personalized ads are influenced by the content you’re currently viewing and your general location. Personalized content and ads can also include more relevant results, recommendations, and tailored ads based on past activity from this browser, like previous Google searches. We also use cookies and data to tailor the experience to be age-appropriate, if relevant.
Select “More options” to see additional information, including details about managing your privacy settings. You can also visit g.co/privacytools at any time.
Reject all
Accept all
More options
Privacy Policy
Terms of Service",https://news.google.com/rss/articles/CBMiiwFBVV95cUxNSzI4NGFZdUNoSVRxaE9TVWlCb0p0b2E0MkxnV0l1V0RoeENJTWlZeUlPblZrMlY2MkhDTWZhdzVPSmpLYlVVUEdrb1RFbFdqMERWOXg2eUF2Q0hXRlNBT2VsZlhZQjdJX1M1N3ZMeGdIdWxuS3lvTnJ1ZVhqMlFZb1loWEdaa3hkNjRB?oc=5
2024-03-21,META,Meta,What Does Meta Own? - The Motley Fool,"EN
Sign in
Before you continue to Google
We use cookies and data to
Deliver and maintain Google services
Track outages and protect against spam, fraud, and abuse
Measure audience engagement and site statistics to understand how our services are used and enhance the quality of those services
If you choose to “Accept all,” we will also use cookies and data to
Develop and improve new services
Deliver and measure the effectiveness of ads
Show personalized content, depending on your settings
Show personalized ads, depending on your settings
If you choose to “Reject all,” we will not use cookies for these additional purposes.
Non-personalized content is influenced by things like the content you’re currently viewing, activity in your active Search session, and your location. Non-personalized ads are influenced by the content you’re currently viewing and your general location. Personalized content and ads can also include more relevant results, recommendations, and tailored ads based on past activity from this browser, like previous Google searches. We also use cookies and data to tailor the experience to be age-appropriate, if relevant.
Select “More options” to see additional information, including details about managing your privacy settings. You can also visit g.co/privacytools at any time.
Reject all
Accept all
More options
Privacy Policy
Terms of Service",https://news.google.com/rss/articles/CBMie0FVX3lxTE1GU2ZFVDRhZVBRakM1YlBrZk45OEM0LTh1SU1tQko3V3Nsa3IxS2F6UXB6amZncnY5Rm5ja3RQOHNLQjlSYTNWd3Ewa3NRbGphZU5wd05vRTM3NUg0T0ZVRGt5N2NSd0FpYWlNYVJDdDVRaVJPM1BlWV90NA?oc=5
2024-03-19,META,Meta,"If You Invested $1000 in Meta Platforms a Decade Ago, This is How Much It'd Be Worth Now - Yahoo Finance","EN
Sign in
Before you continue to Google
We use cookies and data to
Deliver and maintain Google services
Track outages and protect against spam, fraud, and abuse
Measure audience engagement and site statistics to understand how our services are used and enhance the quality of those services
If you choose to “Accept all,” we will also use cookies and data to
Develop and improve new services
Deliver and measure the effectiveness of ads
Show personalized content, depending on your settings
Show personalized ads, depending on your settings
If you choose to “Reject all,” we will not use cookies for these additional purposes.
Non-personalized content is influenced by things like the content you’re currently viewing, activity in your active Search session, and your location. Non-personalized ads are influenced by the content you’re currently viewing and your general location. Personalized content and ads can also include more relevant results, recommendations, and tailored ads based on past activity from this browser, like previous Google searches. We also use cookies and data to tailor the experience to be age-appropriate, if relevant.
Select “More options” to see additional information, including details about managing your privacy settings. You can also visit g.co/privacytools at any time.
Reject all
Accept all
More options
Privacy Policy
Terms of Service",https://news.google.com/rss/articles/CBMiiAFBVV95cUxONWxYMjV4TlF4UFRpT1ZyMGdYUWFxQWRkZlpWT0tZdEQxTExCR01VcVNqeTFYYkNkZmdRMXRNTTRtbHUyS2FXOEtpSHhZOTRXZWM1TlU2MU5jLUFlMlNuaGhnc3N3bVhwUlh5Q2lsWHp6d0VucE1oSk5OenlMQVB6Nng2ZjI2dHNf?oc=5
2024-03-11,META,Meta,"Meta shares fall sharply after Trump calls Facebook ""enemy of the people"" - CNN","EN
Sign in
Before you continue to Google
We use cookies and data to
Deliver and maintain Google services
Track outages and protect against spam, fraud, and abuse
Measure audience engagement and site statistics to understand how our services are used and enhance the quality of those services
If you choose to “Accept all,” we will also use cookies and data to
Develop and improve new services
Deliver and measure the effectiveness of ads
Show personalized content, depending on your settings
Show personalized ads, depending on your settings
If you choose to “Reject all,” we will not use cookies for these additional purposes.
Non-personalized content is influenced by things like the content you’re currently viewing, activity in your active Search session, and your location. Non-personalized ads are influenced by the content you’re currently viewing and your general location. Personalized content and ads can also include more relevant results, recommendations, and tailored ads based on past activity from this browser, like previous Google searches. We also use cookies and data to tailor the experience to be age-appropriate, if relevant.
Select “More options” to see additional information, including details about managing your privacy settings. You can also visit g.co/privacytools at any time.
Reject all
Accept all
More options
Privacy Policy
Terms of Service",https://news.google.com/rss/articles/CBMiwwFBVV95cUxPdkstU2NUbW1aVjhjd25PaDhVQXM3UUhBVTZJOVNvTnZkWk1DaF90T1lXMjZ0QW0tT1B4YV9PQmxudE0wQ3BHQTNOSzlCTUxGejlmSkVsWDBqVUVYY3A4SnlfeGNiZnN2YkNUaXVESEwwZ1M3SlY3SFVLeUFzOWtnNURiNUFqaHp4d194X2Y0eXl5elI5TW02dUd0bWdOak5KUU1YLXVwRUVPSGpBbGZ6UnJNVDJ2bHBzS1N5Y2ZHbXNjZzA?oc=5
2024-03-11,META,Meta,"Forget Nvidia: 2 Members of the ""Magnificent Seven"" Appear Poised to Become Wall Street's Next Stock-Split Stocks - Yahoo Finance","EN
Sign in
Before you continue to Google
We use cookies and data to
Deliver and maintain Google services
Track outages and protect against spam, fraud, and abuse
Measure audience engagement and site statistics to understand how our services are used and enhance the quality of those services
If you choose to “Accept all,” we will also use cookies and data to
Develop and improve new services
Deliver and measure the effectiveness of ads
Show personalized content, depending on your settings
Show personalized ads, depending on your settings
If you choose to “Reject all,” we will not use cookies for these additional purposes.
Non-personalized content is influenced by things like the content you’re currently viewing, activity in your active Search session, and your location. Non-personalized ads are influenced by the content you’re currently viewing and your general location. Personalized content and ads can also include more relevant results, recommendations, and tailored ads based on past activity from this browser, like previous Google searches. We also use cookies and data to tailor the experience to be age-appropriate, if relevant.
Select “More options” to see additional information, including details about managing your privacy settings. You can also visit g.co/privacytools at any time.
Reject all
Accept all
More options
Privacy Policy
Terms of Service",https://news.google.com/rss/articles/CBMiiAFBVV95cUxQcl9UMEFZVXQwc21OUXVnMVoyRTVLcEZOVnRmWHd1enhaRWUwd29ia2pBNWNSRzdzamItNEI1Z1RVT09kVk56dHpWRGZYRUVBS1Fvdkd5WWhmR0h2Ml9fX2dNRE5Za3hoa0ZuLU1lQkxxN0NMTzZxdW4tY0l0Q3NIbzQ4aUpleHMz?oc=5
2024-03-04,META,Meta,"Here's How Much $10,000 Invested in Meta's IPO Would Be Worth Today - Nasdaq","EN
Sign in
Before you continue to Google
We use cookies and data to
Deliver and maintain Google services
Track outages and protect against spam, fraud, and abuse
Measure audience engagement and site statistics to understand how our services are used and enhance the quality of those services
If you choose to “Accept all,” we will also use cookies and data to
Develop and improve new services
Deliver and measure the effectiveness of ads
Show personalized content, depending on your settings
Show personalized ads, depending on your settings
If you choose to “Reject all,” we will not use cookies for these additional purposes.
Non-personalized content is influenced by things like the content you’re currently viewing, activity in your active Search session, and your location. Non-personalized ads are influenced by the content you’re currently viewing and your general location. Personalized content and ads can also include more relevant results, recommendations, and tailored ads based on past activity from this browser, like previous Google searches. We also use cookies and data to tailor the experience to be age-appropriate, if relevant.
Select “More options” to see additional information, including details about managing your privacy settings. You can also visit g.co/privacytools at any time.
Reject all
Accept all
More options
Privacy Policy
Terms of Service",https://news.google.com/rss/articles/CBMinAFBVV95cUxQRmtOYVVXcmd6VDV1cG01WFFrMEh6c09LWVhkWkRCNkNodGRRZ2JHMXVpS0I1NFVGSkd1c2VkRWJOLUpnNkJKZWhfcDRhOFprUzJzZUhxMlhhd2FTY2lreFBfXzYwM1Ftd2xqQjNMazJLOVhFZGNLUmVySmcwbnJ4NFE2dkdLbG9hQXdIUlNrWUZyZVlrQVBnREhzTkE?oc=5
2024-03-05,META,Meta,"Did Mark Zuckerberg sell Facebook, Meta stock? What to know - AOL.com","EN
Sign in
Before you continue to Google
We use cookies and data to
Deliver and maintain Google services
Track outages and protect against spam, fraud, and abuse
Measure audience engagement and site statistics to understand how our services are used and enhance the quality of those services
If you choose to “Accept all,” we will also use cookies and data to
Develop and improve new services
Deliver and measure the effectiveness of ads
Show personalized content, depending on your settings
Show personalized ads, depending on your settings
If you choose to “Reject all,” we will not use cookies for these additional purposes.
Non-personalized content is influenced by things like the content you’re currently viewing, activity in your active Search session, and your location. Non-personalized ads are influenced by the content you’re currently viewing and your general location. Personalized content and ads can also include more relevant results, recommendations, and tailored ads based on past activity from this browser, like previous Google searches. We also use cookies and data to tailor the experience to be age-appropriate, if relevant.
Select “More options” to see additional information, including details about managing your privacy settings. You can also visit g.co/privacytools at any time.
Reject all
Accept all
More options
Privacy Policy
Terms of Service",https://news.google.com/rss/articles/CBMid0FVX3lxTFBwejY5Wk04VHU4MEZ5LThZcnBVcW1XemF4cG5NckVFRUcxcmNCR1RqdVVJMEdoMHViTHIyS3hCM0FKX3Q1ejFMa1BZcU1JOVpkWjZDRTlTOGVSZnJMUGw4NW1DM1hqN0VObVlpZmw5OXhLN0p4NEo4?oc=5
2024-03-01,META,Meta,Reddit IPO: Can A New Social Media Stock Stand Out In Meta's World? - Investor's Business Daily,"EN
Sign in
Before you continue to Google
We use cookies and data to
Deliver and maintain Google services
Track outages and protect against spam, fraud, and abuse
Measure audience engagement and site statistics to understand how our services are used and enhance the quality of those services
If you choose to “Accept all,” we will also use cookies and data to
Develop and improve new services
Deliver and measure the effectiveness of ads
Show personalized content, depending on your settings
Show personalized ads, depending on your settings
If you choose to “Reject all,” we will not use cookies for these additional purposes.
Non-personalized content is influenced by things like the content you’re currently viewing, activity in your active Search session, and your location. Non-personalized ads are influenced by the content you’re currently viewing and your general location. Personalized content and ads can also include more relevant results, recommendations, and tailored ads based on past activity from this browser, like previous Google searches. We also use cookies and data to tailor the experience to be age-appropriate, if relevant.
Select “More options” to see additional information, including details about managing your privacy settings. You can also visit g.co/privacytools at any time.
Reject all
Accept all
More options
Privacy Policy
Terms of Service",https://news.google.com/rss/articles/CBMihAFBVV95cUxQZTQxS0dIX3dGaE1EbVBpb3ZvSFJwVGR5T2phRnlUbXg5SzZCS0hUbFlPQ3N4U25CUTJKZTAyd1NhRjZtMk1lQW1MWU53cmlYaWVkeUNhTGpIaUUyRWVPTHh5djZaa0lXR3ZBcXpRV3Ayb1BSbk5BUHljaEU5bWtpeEJGUEY?oc=5
2024-04-30,META,Meta,"After Earnings, Is Meta Stock a Buy, a Sell, or Fairly Valued? - Morningstar","EN
Sign in
Before you continue to Google
We use cookies and data to
Deliver and maintain Google services
Track outages and protect against spam, fraud, and abuse
Measure audience engagement and site statistics to understand how our services are used and enhance the quality of those services
If you choose to “Accept all,” we will also use cookies and data to
Develop and improve new services
Deliver and measure the effectiveness of ads
Show personalized content, depending on your settings
Show personalized ads, depending on your settings
If you choose to “Reject all,” we will not use cookies for these additional purposes.
Non-personalized content is influenced by things like the content you’re currently viewing, activity in your active Search session, and your location. Non-personalized ads are influenced by the content you’re currently viewing and your general location. Personalized content and ads can also include more relevant results, recommendations, and tailored ads based on past activity from this browser, like previous Google searches. We also use cookies and data to tailor the experience to be age-appropriate, if relevant.
Select “More options” to see additional information, including details about managing your privacy settings. You can also visit g.co/privacytools at any time.
Reject all
Accept all
More options
Privacy Policy
Terms of Service",https://news.google.com/rss/articles/CBMilgFBVV95cUxPcHpha1lZV005dnJlVktpZGtsY3FqVWtjazc2Q3pZdXg0THk1S1ZaVmwwUTB1U2RqRm9LWmJKcFFMMDQwVE50MUVpTW44UURaOWpRTWw5OWdhWkdsSXpBcVRWdTRpeG1NYjQ4VDV5Sm9zWGFzTGdHWW9NOE52ZmhFbURfekFfeEFwVFpoa0NtNkVjVE1mYUE?oc=5
2024-04-24,META,Meta,Meta stock plunges 15% as company plans to invest heavliy in artificial intelligence - NBC News,"EN
Sign in
Before you continue to Google
We use cookies and data to
Deliver and maintain Google services
Track outages and protect against spam, fraud, and abuse
Measure audience engagement and site statistics to understand how our services are used and enhance the quality of those services
If you choose to “Accept all,” we will also use cookies and data to
Develop and improve new services
Deliver and measure the effectiveness of ads
Show personalized content, depending on your settings
Show personalized ads, depending on your settings
If you choose to “Reject all,” we will not use cookies for these additional purposes.
Non-personalized content is influenced by things like the content you’re currently viewing, activity in your active Search session, and your location. Non-personalized ads are influenced by the content you’re currently viewing and your general location. Personalized content and ads can also include more relevant results, recommendations, and tailored ads based on past activity from this browser, like previous Google searches. We also use cookies and data to tailor the experience to be age-appropriate, if relevant.
Select “More options” to see additional information, including details about managing your privacy settings. You can also visit g.co/privacytools at any time.
Reject all
Accept all
More options
Privacy Policy
Terms of Service",https://news.google.com/rss/articles/CBMivAFBVV95cUxQOVA0ay1XV1lVTXd6ZjVHQ3JoeXZHX3lIR3NteXV0MHhjc1dObjlwODZoZWlyWXU4X053UUx5ajh5bUVqU1l5ZmdHWUctTzQ5UXRjSTd4N0JlUGxJb3dnTUVqZmlzS0VsQ3VMMEVZWXdDUjJ2LVlBUFB5UGIwOXFRWTU5VEpyUFhxMzNzSzMzalRaQ3c1bmZkMl96YWVqTjlTcnQ1cEhJUHBneU9FZFhWbGlaQm9qb3ZaakpWVNIBVkFVX3lxTE9lNm1jdUZjRzQzcDBvRm02Um95al93UG5IOUZFU2x2T3FQUXVZTkxDcjNnZDBZczdTbS1QdjBHMFhZTkRkbjczWS16cUxuZngxb0hCVk5B?oc=5
2024-04-25,META,Meta,Meta’s stock plunges 15% on ‘aggressive’ AI spending plans - CNN,"EN
Sign in
Before you continue to Google
We use cookies and data to
Deliver and maintain Google services
Track outages and protect against spam, fraud, and abuse
Measure audience engagement and site statistics to understand how our services are used and enhance the quality of those services
If you choose to “Accept all,” we will also use cookies and data to
Develop and improve new services
Deliver and measure the effectiveness of ads
Show personalized content, depending on your settings
Show personalized ads, depending on your settings
If you choose to “Reject all,” we will not use cookies for these additional purposes.
Non-personalized content is influenced by things like the content you’re currently viewing, activity in your active Search session, and your location. Non-personalized ads are influenced by the content you’re currently viewing and your general location. Personalized content and ads can also include more relevant results, recommendations, and tailored ads based on past activity from this browser, like previous Google searches. We also use cookies and data to tailor the experience to be age-appropriate, if relevant.
Select “More options” to see additional information, including details about managing your privacy settings. You can also visit g.co/privacytools at any time.
Reject all
Accept all
More options
Privacy Policy
Terms of Service",https://news.google.com/rss/articles/CBMiigFBVV95cUxNSU1KVUxEdHoyd2JDN2pURktSeEUxbDMxd3hRc1NDbXBnQks5d3Y1M0ZzcUNEOTMyZ1VhaHRfQTJfRmVtd1RCdXpock12djBWVHI5UDF1YTVuOERHZGpZTU9rMEF0cnQyRUw3TmVQVWJZZlpoTjhDTUMyWW54Z2hNT0tBUzlGZ2phd1HSAYABQVVfeXFMUF8wZ29lb0o0eGlHdjZpV1dfamxwWEowRXMtekc4NWZLWDBkaHhURVQ0bjVTRlcwMmx0WkFpYmxSeDl3R0IxcWVfZjZJMTdJQ1pZNGI1cDBveTB6TDJodE54NU1NbHV3bjcwYkFKUGZZSnVJeVRXN0JDWFRRQlAya0U?oc=5
2024-04-25,META,Meta,Meta tumbles 10% on weak revenue forecast and Zuckerberg's comments on spending - CNBC,"EN
Sign in
Before you continue to Google
We use cookies and data to
Deliver and maintain Google services
Track outages and protect against spam, fraud, and abuse
Measure audience engagement and site statistics to understand how our services are used and enhance the quality of those services
If you choose to “Accept all,” we will also use cookies and data to
Develop and improve new services
Deliver and measure the effectiveness of ads
Show personalized content, depending on your settings
Show personalized ads, depending on your settings
If you choose to “Reject all,” we will not use cookies for these additional purposes.
Non-personalized content is influenced by things like the content you’re currently viewing, activity in your active Search session, and your location. Non-personalized ads are influenced by the content you’re currently viewing and your general location. Personalized content and ads can also include more relevant results, recommendations, and tailored ads based on past activity from this browser, like previous Google searches. We also use cookies and data to tailor the experience to be age-appropriate, if relevant.
Select “More options” to see additional information, including details about managing your privacy settings. You can also visit g.co/privacytools at any time.
Reject all
Accept all
More options
Privacy Policy
Terms of Service",https://news.google.com/rss/articles/CBMikAFBVV95cUxOSmN5U2M5ZXBtcklmNWctazJMSXNtZ0JxUi1XR3Q0YWFEa0M0U2dZZFRHY3JTNkowb0NhdTZDU3FlUG8yb2MtRERwM2Q4dTkxTlBzQ0d5aTYyT1FKb1VrVGIxX0s2WnNLTGVDMmREemZhZnBZdWFRMUNqVFVDTkVLMzJ3VFpsN3hzbTdJOTZDRjbSAZYBQVVfeXFMT0pDZ3BQSDd3RWJ2ZmMxQXB0RHllNXA3bzllbTNDeHRzUTJLYWRwcEFld1ZjU1lWNXY2YXhCbEdDampselBWZnRIUFZxZTVZa2p0blNLYjloSlcxUHprT012NDFDZUJ3eWlKOHY1OHRCUkhIUnFKczgtZ2sydlBPckpON2pvQlN3cUNncUhLejVsLVJIdm1B?oc=5
2024-04-24,META,Meta,Why Meta Stock Is Plummetting After Earnings Beat Expectations - Barron's,"EN
Sign in
Before you continue to Google
We use cookies and data to
Deliver and maintain Google services
Track outages and protect against spam, fraud, and abuse
Measure audience engagement and site statistics to understand how our services are used and enhance the quality of those services
If you choose to “Accept all,” we will also use cookies and data to
Develop and improve new services
Deliver and measure the effectiveness of ads
Show personalized content, depending on your settings
Show personalized ads, depending on your settings
If you choose to “Reject all,” we will not use cookies for these additional purposes.
Non-personalized content is influenced by things like the content you’re currently viewing, activity in your active Search session, and your location. Non-personalized ads are influenced by the content you’re currently viewing and your general location. Personalized content and ads can also include more relevant results, recommendations, and tailored ads based on past activity from this browser, like previous Google searches. We also use cookies and data to tailor the experience to be age-appropriate, if relevant.
Select “More options” to see additional information, including details about managing your privacy settings. You can also visit g.co/privacytools at any time.
Reject all
Accept all
More options
Privacy Policy
Terms of Service",https://news.google.com/rss/articles/CBMijwFBVV95cUxQVG91Q2FiZ285allMVmMzZGpiUWhHRDRjd0tiWDlIUmZPaVN2TkRKc21yVmkzT3hNaTUybEZyZi1wQXJYMU5DNmpfYlhIdlp3c0xBbUJIS21WdFRCaGFadFJzTmF5QS1xOGdNRGtDZm9DR191dmJJYm8tQ080cVI3bTVnbXFHaHdfV2RNQk9pRQ?oc=5
2024-04-24,META,Meta,Meta Stock Plunges On Weak Guidance Despite Earnings Beat - Investopedia,"EN
Sign in
Before you continue to Google
We use cookies and data to
Deliver and maintain Google services
Track outages and protect against spam, fraud, and abuse
Measure audience engagement and site statistics to understand how our services are used and enhance the quality of those services
If you choose to “Accept all,” we will also use cookies and data to
Develop and improve new services
Deliver and measure the effectiveness of ads
Show personalized content, depending on your settings
Show personalized ads, depending on your settings
If you choose to “Reject all,” we will not use cookies for these additional purposes.
Non-personalized content is influenced by things like the content you’re currently viewing, activity in your active Search session, and your location. Non-personalized ads are influenced by the content you’re currently viewing and your general location. Personalized content and ads can also include more relevant results, recommendations, and tailored ads based on past activity from this browser, like previous Google searches. We also use cookies and data to tailor the experience to be age-appropriate, if relevant.
Select “More options” to see additional information, including details about managing your privacy settings. You can also visit g.co/privacytools at any time.
Reject all
Accept all
More options
Privacy Policy
Terms of Service",https://news.google.com/rss/articles/CBMibkFVX3lxTFBKaDVQT3BrQzNoWTBhQms5YS10a1BLbUVYQmQ5Q2ZsLTNtaWF2dC16Vm5KWllCT1BTZGxCVjhfYTEtaVZPdF9kbmJQN0oxYVdUYjdqcDlfazBfWDhrbVpBczBqUG5mRzFvN0dpX1NB?oc=5
2024-04-25,META,Meta,"Meta shares sink on higher AI spending, light revenue forecast - Reuters","EN
Sign in
Before you continue to Google
We use cookies and data to
Deliver and maintain Google services
Track outages and protect against spam, fraud, and abuse
Measure audience engagement and site statistics to understand how our services are used and enhance the quality of those services
If you choose to “Accept all,” we will also use cookies and data to
Develop and improve new services
Deliver and measure the effectiveness of ads
Show personalized content, depending on your settings
Show personalized ads, depending on your settings
If you choose to “Reject all,” we will not use cookies for these additional purposes.
Non-personalized content is influenced by things like the content you’re currently viewing, activity in your active Search session, and your location. Non-personalized ads are influenced by the content you’re currently viewing and your general location. Personalized content and ads can also include more relevant results, recommendations, and tailored ads based on past activity from this browser, like previous Google searches. We also use cookies and data to tailor the experience to be age-appropriate, if relevant.
Select “More options” to see additional information, including details about managing your privacy settings. You can also visit g.co/privacytools at any time.
Reject all
Accept all
More options
Privacy Policy
Terms of Service",https://news.google.com/rss/articles/CBMipwFBVV95cUxPdE9zeE1XUzVyUjl1Q0NxRjdhakowUWxPeEdsVU5PQjRITzRKdUFwMjJuYUtkYUhva1pYNWd5QndsZzNBOGp6M3dpOTVfQ3h3OG5qOE5KS0lvb3NZQ2VMR0VjMjVZcGxFRV8yS05MRVFTWWIyZU5KVncyTlE5X3dyd29JbmE0a0RmNDhvN1lDWEJCSTBfY2JoQWRjbzVCRHNQTlZPbW40RQ?oc=5
2024-04-25,META,Meta,Meta Stock Slides as AI Spending Ramps Up: What To Know - Kiplinger,"EN
Sign in
Before you continue to Google
We use cookies and data to
Deliver and maintain Google services
Track outages and protect against spam, fraud, and abuse
Measure audience engagement and site statistics to understand how our services are used and enhance the quality of those services
If you choose to “Accept all,” we will also use cookies and data to
Develop and improve new services
Deliver and measure the effectiveness of ads
Show personalized content, depending on your settings
Show personalized ads, depending on your settings
If you choose to “Reject all,” we will not use cookies for these additional purposes.
Non-personalized content is influenced by things like the content you’re currently viewing, activity in your active Search session, and your location. Non-personalized ads are influenced by the content you’re currently viewing and your general location. Personalized content and ads can also include more relevant results, recommendations, and tailored ads based on past activity from this browser, like previous Google searches. We also use cookies and data to tailor the experience to be age-appropriate, if relevant.
Select “More options” to see additional information, including details about managing your privacy settings. You can also visit g.co/privacytools at any time.
Reject all
Accept all
More options
Privacy Policy
Terms of Service",https://news.google.com/rss/articles/CBMingFBVV95cUxNcTF0d09CejcwY1k0RWlFSHMydHM4THpMcEs4WVE2MGswTVFiU1RpMHU4YjJmUU1tZVZiMjFNNjRGWkp0MTRza25lQl9iVlk3TGlrNGV6eHhQTUU2SVkySDRhNEN5RFlORzVNdERhbkhsZWxYdFFObTZOSmNjRjNXV2JNczVQY0szRnJaSGRzNGRtNnprYTh5Q2F3QVU5dw?oc=5
2024-04-25,META,Meta,Meta stock slides after second quarter outlook disappoints - Yahoo Finance,"EN
Sign in
Before you continue to Google
We use cookies and data to
Deliver and maintain Google services
Track outages and protect against spam, fraud, and abuse
Measure audience engagement and site statistics to understand how our services are used and enhance the quality of those services
If you choose to “Accept all,” we will also use cookies and data to
Develop and improve new services
Deliver and measure the effectiveness of ads
Show personalized content, depending on your settings
Show personalized ads, depending on your settings
If you choose to “Reject all,” we will not use cookies for these additional purposes.
Non-personalized content is influenced by things like the content you’re currently viewing, activity in your active Search session, and your location. Non-personalized ads are influenced by the content you’re currently viewing and your general location. Personalized content and ads can also include more relevant results, recommendations, and tailored ads based on past activity from this browser, like previous Google searches. We also use cookies and data to tailor the experience to be age-appropriate, if relevant.
Select “More options” to see additional information, including details about managing your privacy settings. You can also visit g.co/privacytools at any time.
Reject all
Accept all
More options
Privacy Policy
Terms of Service",https://news.google.com/rss/articles/CBMib0FVX3lxTE9WQTNnLUxVREtqVUFPMGRCTWp6YjdZU2NnTUc4OGNRUEtLR1FqTkNraTlvQWFtam15QVRfcDl2cUVtdWNWNy1oMjRxR1dSdnk4cHppeEJubVpocjlDcEZyVnh0azVQOGhvVHRfcmtXdw?oc=5
2024-04-25,META,Meta,Wall Street’s Patience for a Costly A.I. Arms Race Is Waning (Published 2024) - The New York Times,"EN
Sign in
Before you continue to Google
We use cookies and data to
Deliver and maintain Google services
Track outages and protect against spam, fraud, and abuse
Measure audience engagement and site statistics to understand how our services are used and enhance the quality of those services
If you choose to “Accept all,” we will also use cookies and data to
Develop and improve new services
Deliver and measure the effectiveness of ads
Show personalized content, depending on your settings
Show personalized ads, depending on your settings
If you choose to “Reject all,” we will not use cookies for these additional purposes.
Non-personalized content is influenced by things like the content you’re currently viewing, activity in your active Search session, and your location. Non-personalized ads are influenced by the content you’re currently viewing and your general location. Personalized content and ads can also include more relevant results, recommendations, and tailored ads based on past activity from this browser, like previous Google searches. We also use cookies and data to tailor the experience to be age-appropriate, if relevant.
Select “More options” to see additional information, including details about managing your privacy settings. You can also visit g.co/privacytools at any time.
Reject all
Accept all
More options
Privacy Policy
Terms of Service",https://news.google.com/rss/articles/CBMimwFBVV95cUxPOGFNa2tUVUlmdFNyRkt0LTFKM0hiRnpLbEE1Z1ZvdUViTVdwc3JPeXpoZ2NZczhZTXFXVWh4QUxqTG1xN2tTNHRvZnhRcjQycmNHclQzaFVOZkU2U250X0F3RjhaMU5obGNvcFdlVFU3X2U4VjY3VTBobndmbkJsR2x4am53ZWN5RGtFd2otZDQtWWkzTlFUeFIwZw?oc=5
2024-04-22,META,Meta,Magnificent Meta Stock Holds Strong Amid Expectations For Bullish Quarter - Investor's Business Daily,"EN
Sign in
Before you continue to Google
We use cookies and data to
Deliver and maintain Google services
Track outages and protect against spam, fraud, and abuse
Measure audience engagement and site statistics to understand how our services are used and enhance the quality of those services
If you choose to “Accept all,” we will also use cookies and data to
Develop and improve new services
Deliver and measure the effectiveness of ads
Show personalized content, depending on your settings
Show personalized ads, depending on your settings
If you choose to “Reject all,” we will not use cookies for these additional purposes.
Non-personalized content is influenced by things like the content you’re currently viewing, activity in your active Search session, and your location. Non-personalized ads are influenced by the content you’re currently viewing and your general location. Personalized content and ads can also include more relevant results, recommendations, and tailored ads based on past activity from this browser, like previous Google searches. We also use cookies and data to tailor the experience to be age-appropriate, if relevant.
Select “More options” to see additional information, including details about managing your privacy settings. You can also visit g.co/privacytools at any time.
Reject all
Accept all
More options
Privacy Policy
Terms of Service",https://news.google.com/rss/articles/CBMiowFBVV95cUxQNjFuUTNuSEJ6dC0yTHQ0M2ZHZG95WE8yamZka3dPYkFLN2ttVzBDSVlxT2UwV0xiWENpU0lLeFFnRkFCaWpTdTRHNVJWMG1kdFZUTGY1SVE2OW8xaFlLaVlNSWFqXzU2YXBtLUJWX0lPUW1nZ29Deno5OXFrQVp3X2s0UGNTTUU2NkdJMzlVN1dYTW1JdnVKbER1cW9OVXBueGdV?oc=5
2024-04-24,META,Meta,"Stock Market News, April 24, 2024: Nasdaq Closes Higher; Meta Stock Tumbles After Earnings - WSJ","EN
Sign in
Before you continue to Google
We use cookies and data to
Deliver and maintain Google services
Track outages and protect against spam, fraud, and abuse
Measure audience engagement and site statistics to understand how our services are used and enhance the quality of those services
If you choose to “Accept all,” we will also use cookies and data to
Develop and improve new services
Deliver and measure the effectiveness of ads
Show personalized content, depending on your settings
Show personalized ads, depending on your settings
If you choose to “Reject all,” we will not use cookies for these additional purposes.
Non-personalized content is influenced by things like the content you’re currently viewing, activity in your active Search session, and your location. Non-personalized ads are influenced by the content you’re currently viewing and your general location. Personalized content and ads can also include more relevant results, recommendations, and tailored ads based on past activity from this browser, like previous Google searches. We also use cookies and data to tailor the experience to be age-appropriate, if relevant.
Select “More options” to see additional information, including details about managing your privacy settings. You can also visit g.co/privacytools at any time.
Reject all
Accept all
More options
Privacy Policy
Terms of Service",https://news.google.com/rss/articles/CBMie0FVX3lxTE50d25IcDl1Q2x3N2pFSlBsMzJObmI5c0RYOXNxLWhrNWJpSDJUWDdiaXZ5U2tYQXZaSHh0ek9jVTZ0ajNOb0lMajRBYWpqVGRBMnZMR0RzTHFTZlVOcm9VcFZBVThjX2FoRVJxX29ncXNmdVBwMXA1LTRENA?oc=5
2024-04-11,META,Meta,Analyst updates stock price target for Facebook parent Meta - TheStreet,"EN
Sign in
Before you continue to Google
We use cookies and data to
Deliver and maintain Google services
Track outages and protect against spam, fraud, and abuse
Measure audience engagement and site statistics to understand how our services are used and enhance the quality of those services
If you choose to “Accept all,” we will also use cookies and data to
Develop and improve new services
Deliver and measure the effectiveness of ads
Show personalized content, depending on your settings
Show personalized ads, depending on your settings
If you choose to “Reject all,” we will not use cookies for these additional purposes.
Non-personalized content is influenced by things like the content you’re currently viewing, activity in your active Search session, and your location. Non-personalized ads are influenced by the content you’re currently viewing and your general location. Personalized content and ads can also include more relevant results, recommendations, and tailored ads based on past activity from this browser, like previous Google searches. We also use cookies and data to tailor the experience to be age-appropriate, if relevant.
Select “More options” to see additional information, including details about managing your privacy settings. You can also visit g.co/privacytools at any time.
Reject all
Accept all
More options
Privacy Policy
Terms of Service",https://news.google.com/rss/articles/CBMimwFBVV95cUxPOE1JVVhnTDVYME4xODBnczlnclJHcjliX2E0U2dJRHpETWx0b0hyakVOVlVXTmhUUk1neEpyNzdKSnBvNl9ZbmJtMm5sNG05QWRVQW1kLTVCYTZtdDg0XzZ2Z05ZaVc0XzRFbU51RmdFRzJscE5KTTNpeTY0R3ViWllFaURXeVRYeWVnYWRNSF9zdFFmMlJiNWM4dw?oc=5
2024-04-24,META,Meta,Meta earnings: Stock decline could wipe out about $200 billion in market cap - MarketWatch,"EN
Sign in
Before you continue to Google
We use cookies and data to
Deliver and maintain Google services
Track outages and protect against spam, fraud, and abuse
Measure audience engagement and site statistics to understand how our services are used and enhance the quality of those services
If you choose to “Accept all,” we will also use cookies and data to
Develop and improve new services
Deliver and measure the effectiveness of ads
Show personalized content, depending on your settings
Show personalized ads, depending on your settings
If you choose to “Reject all,” we will not use cookies for these additional purposes.
Non-personalized content is influenced by things like the content you’re currently viewing, activity in your active Search session, and your location. Non-personalized ads are influenced by the content you’re currently viewing and your general location. Personalized content and ads can also include more relevant results, recommendations, and tailored ads based on past activity from this browser, like previous Google searches. We also use cookies and data to tailor the experience to be age-appropriate, if relevant.
Select “More options” to see additional information, including details about managing your privacy settings. You can also visit g.co/privacytools at any time.
Reject all
Accept all
More options
Privacy Policy
Terms of Service",https://news.google.com/rss/articles/CBMimAFBVV95cUxPdGJtMzZWZWpxY2h1MHFiUGk0cXZsNm9HZm83ZnYza0VwWm9lOGtQUUlPM2ZnVHppcHdaUG5FN0VRdFJaRFpQR0dhYVA2ZU9ES2ZyZnRsSV9hQ1VGa2FkLW5HU0RlNVhYdlB2ZnhtM1N0dlpSQlROZEkyQ3ZqSWl3WldPZTM2R21Yd0hWdDdKNVo3TmZaemZqeg?oc=5
2024-04-24,META,Meta,Does the TikTok Ban Make Meta Stock a Buy? - The Motley Fool,"EN
Sign in
Before you continue to Google
We use cookies and data to
Deliver and maintain Google services
Track outages and protect against spam, fraud, and abuse
Measure audience engagement and site statistics to understand how our services are used and enhance the quality of those services
If you choose to “Accept all,” we will also use cookies and data to
Develop and improve new services
Deliver and measure the effectiveness of ads
Show personalized content, depending on your settings
Show personalized ads, depending on your settings
If you choose to “Reject all,” we will not use cookies for these additional purposes.
Non-personalized content is influenced by things like the content you’re currently viewing, activity in your active Search session, and your location. Non-personalized ads are influenced by the content you’re currently viewing and your general location. Personalized content and ads can also include more relevant results, recommendations, and tailored ads based on past activity from this browser, like previous Google searches. We also use cookies and data to tailor the experience to be age-appropriate, if relevant.
Select “More options” to see additional information, including details about managing your privacy settings. You can also visit g.co/privacytools at any time.
Reject all
Accept all
More options
Privacy Policy
Terms of Service",https://news.google.com/rss/articles/CBMijAFBVV95cUxNRENTZ3NPa3hhdUs0SGlOR1FlOEdpUEhTLURZWTRDUmVuWHpmRHNsZEU3RGw4eGpyU0N0a1Nuc01TNEFRSHZfM21SSHpTWGtEQkJwMWNNcmlSMnc4blVDQ1R4bUlfb1F1THZzVng3LTFmMFhaTXhNS2JrMW1WWlZBNmEyZ04yc1UwcUx0ZA?oc=5
2024-04-25,META,Meta,"Facebook Parent Meta Stock Had Its Worst Day in Years, Drop Shaved Billions Off Market Cap - Barron's","EN
Sign in
Before you continue to Google
We use cookies and data to
Deliver and maintain Google services
Track outages and protect against spam, fraud, and abuse
Measure audience engagement and site statistics to understand how our services are used and enhance the quality of those services
If you choose to “Accept all,” we will also use cookies and data to
Develop and improve new services
Deliver and measure the effectiveness of ads
Show personalized content, depending on your settings
Show personalized ads, depending on your settings
If you choose to “Reject all,” we will not use cookies for these additional purposes.
Non-personalized content is influenced by things like the content you’re currently viewing, activity in your active Search session, and your location. Non-personalized ads are influenced by the content you’re currently viewing and your general location. Personalized content and ads can also include more relevant results, recommendations, and tailored ads based on past activity from this browser, like previous Google searches. We also use cookies and data to tailor the experience to be age-appropriate, if relevant.
Select “More options” to see additional information, including details about managing your privacy settings. You can also visit g.co/privacytools at any time.
Reject all
Accept all
More options
Privacy Policy
Terms of Service",https://news.google.com/rss/articles/CBMikAFBVV95cUxNT3pWN3FYa2liOEhzTmwwb2RKS1dCUS1pbm11ZFZTdkp3MGlIczVwUllCM3JLWk51dXEzWkJ6OTJIbkhQREdObnVnMjNEbXB0OFJ1Zy1STDUweHE5WjhzdFhXYXZ2VGo1ZDh3cC1rRFJJNDZJUGlfOEx5R2c5OG5HcUtKTU05dHU5NEdXWUMtZ0k?oc=5
2024-04-29,META,Meta,Meta Stock Falls Amid Reports of Layoffs and an EU Probe - Investopedia,"EN
Sign in
Before you continue to Google
We use cookies and data to
Deliver and maintain Google services
Track outages and protect against spam, fraud, and abuse
Measure audience engagement and site statistics to understand how our services are used and enhance the quality of those services
If you choose to “Accept all,” we will also use cookies and data to
Develop and improve new services
Deliver and measure the effectiveness of ads
Show personalized content, depending on your settings
Show personalized ads, depending on your settings
If you choose to “Reject all,” we will not use cookies for these additional purposes.
Non-personalized content is influenced by things like the content you’re currently viewing, activity in your active Search session, and your location. Non-personalized ads are influenced by the content you’re currently viewing and your general location. Personalized content and ads can also include more relevant results, recommendations, and tailored ads based on past activity from this browser, like previous Google searches. We also use cookies and data to tailor the experience to be age-appropriate, if relevant.
Select “More options” to see additional information, including details about managing your privacy settings. You can also visit g.co/privacytools at any time.
Reject all
Accept all
More options
Privacy Policy
Terms of Service",https://news.google.com/rss/articles/CBMimAFBVV95cUxNQ09kWklvT3pENng1a1ZENTVpVTNNMmxZbm1vMnBmWUsxNG1BNU1Xa2JFTURQZ1pBLXJYQlEzNTBvUHRZb1J5elBQRlVOcnJqVnpPdW9weDl3ZnJ6TllFSTdabmdwR3Fvb0JBaE54ZTIyU0pjZ3hKRlYta3B3cmc2NS05MVpvT2JpLVFHMnZjdU1kN1AxcUgtag?oc=5
2024-04-25,META,Meta,Meta sparks tech selloff as AI splurge spooks Wall Street - Reuters,"EN
Sign in
Before you continue to Google
We use cookies and data to
Deliver and maintain Google services
Track outages and protect against spam, fraud, and abuse
Measure audience engagement and site statistics to understand how our services are used and enhance the quality of those services
If you choose to “Accept all,” we will also use cookies and data to
Develop and improve new services
Deliver and measure the effectiveness of ads
Show personalized content, depending on your settings
Show personalized ads, depending on your settings
If you choose to “Reject all,” we will not use cookies for these additional purposes.
Non-personalized content is influenced by things like the content you’re currently viewing, activity in your active Search session, and your location. Non-personalized ads are influenced by the content you’re currently viewing and your general location. Personalized content and ads can also include more relevant results, recommendations, and tailored ads based on past activity from this browser, like previous Google searches. We also use cookies and data to tailor the experience to be age-appropriate, if relevant.
Select “More options” to see additional information, including details about managing your privacy settings. You can also visit g.co/privacytools at any time.
Reject all
Accept all
More options
Privacy Policy
Terms of Service",https://news.google.com/rss/articles/CBMiswFBVV95cUxPOVl6Vm9ITG82ancycmRUS0hESkZPVW9mU3ZZTTlET1lKSUxnVmlZTFY4Ui1oWnBNMnU5UHpvYnBzNjBkeTNud2F5c284M2RHaW1KWTlJZTN3N1MyUVFxWWtnRjBZSXF6dUVvUGpsQllDU0Z6V1ZKRF9SdHB6c2pwWlVqVTNqdi1iMVdWQ2d1ZVQ2QWY5WkhOUDZGcUJJRVEycjdOUF9Dc3p2MXNia2FqVWpUZw?oc=5
2024-04-05,META,Meta,Meta Stock Rises On Price-Target Hike; Amazon Price Target Also Boosted By Analyst - Investor's Business Daily,"EN
Sign in
Before you continue to Google
We use cookies and data to
Deliver and maintain Google services
Track outages and protect against spam, fraud, and abuse
Measure audience engagement and site statistics to understand how our services are used and enhance the quality of those services
If you choose to “Accept all,” we will also use cookies and data to
Develop and improve new services
Deliver and measure the effectiveness of ads
Show personalized content, depending on your settings
Show personalized ads, depending on your settings
If you choose to “Reject all,” we will not use cookies for these additional purposes.
Non-personalized content is influenced by things like the content you’re currently viewing, activity in your active Search session, and your location. Non-personalized ads are influenced by the content you’re currently viewing and your general location. Personalized content and ads can also include more relevant results, recommendations, and tailored ads based on past activity from this browser, like previous Google searches. We also use cookies and data to tailor the experience to be age-appropriate, if relevant.
Select “More options” to see additional information, including details about managing your privacy settings. You can also visit g.co/privacytools at any time.
Reject all
Accept all
More options
Privacy Policy
Terms of Service",https://news.google.com/rss/articles/CBMimwFBVV95cUxOdWg4bFdZekdHMHFPNUJob1VfX0E3MzdmQXVYUGhQVTlIVm9renRNLWI3dVhRTXpyVXBzWmplTUtEaWxFekt4dUdvVVhWQ0hKUU95MkxPUUozQ1NrZk1vbmhfcmJRWmhpbEhieU5CaTVCeHJacktYZFZYdUJwQ296ZDE2MWdWNXFvZWd2eWhRN1ZEa0tPU1Q0QXFhWQ?oc=5
2024-04-19,META,Meta,Why Meta Platforms Stock Flopped on Friday - Yahoo Finance,"EN
Sign in
Before you continue to Google
We use cookies and data to
Deliver and maintain Google services
Track outages and protect against spam, fraud, and abuse
Measure audience engagement and site statistics to understand how our services are used and enhance the quality of those services
If you choose to “Accept all,” we will also use cookies and data to
Develop and improve new services
Deliver and measure the effectiveness of ads
Show personalized content, depending on your settings
Show personalized ads, depending on your settings
If you choose to “Reject all,” we will not use cookies for these additional purposes.
Non-personalized content is influenced by things like the content you’re currently viewing, activity in your active Search session, and your location. Non-personalized ads are influenced by the content you’re currently viewing and your general location. Personalized content and ads can also include more relevant results, recommendations, and tailored ads based on past activity from this browser, like previous Google searches. We also use cookies and data to tailor the experience to be age-appropriate, if relevant.
Select “More options” to see additional information, including details about managing your privacy settings. You can also visit g.co/privacytools at any time.
Reject all
Accept all
More options
Privacy Policy
Terms of Service",https://news.google.com/rss/articles/CBMihAFBVV95cUxQTmhYVjhyV3VyR09Sb1NNb0F6VElBbkFCaHpJLVl6eHE3TzFwWXpLUFBvLWZOR2MyZmVYOWZkaEhSVDRUcjdyRUNMc0s1UDNyOUJmZmFGQWFtb003Um1GX0x4Ukh4Z01wNU83VjQzRmhqSURtWU5FUUYweEZGcWZWT0hSbEg?oc=5
2024-04-30,META,Meta,"After Earnings, Is Meta Stock a Buy, a Sell, or Fairly Valued? - Morningstar","EN
Sign in
Before you continue to Google
We use cookies and data to
Deliver and maintain Google services
Track outages and protect against spam, fraud, and abuse
Measure audience engagement and site statistics to understand how our services are used and enhance the quality of those services
If you choose to “Accept all,” we will also use cookies and data to
Develop and improve new services
Deliver and measure the effectiveness of ads
Show personalized content, depending on your settings
Show personalized ads, depending on your settings
If you choose to “Reject all,” we will not use cookies for these additional purposes.
Non-personalized content is influenced by things like the content you’re currently viewing, activity in your active Search session, and your location. Non-personalized ads are influenced by the content you’re currently viewing and your general location. Personalized content and ads can also include more relevant results, recommendations, and tailored ads based on past activity from this browser, like previous Google searches. We also use cookies and data to tailor the experience to be age-appropriate, if relevant.
Select “More options” to see additional information, including details about managing your privacy settings. You can also visit g.co/privacytools at any time.
Reject all
Accept all
More options
Privacy Policy
Terms of Service",https://news.google.com/rss/articles/CBMilgFBVV95cUxPcHpha1lZV005dnJlVktpZGtsY3FqVWtjazc2Q3pZdXg0THk1S1ZaVmwwUTB1U2RqRm9LWmJKcFFMMDQwVE50MUVpTW44UURaOWpRTWw5OWdhWkdsSXpBcVRWdTRpeG1NYjQ4VDV5Sm9zWGFzTGdHWW9NOE52ZmhFbURfekFfeEFwVFpoa0NtNkVjVE1mYUE?oc=5
2024-05-03,META,Meta,Meta Stock is Tanking. Here's Why I Still Think It's a Buy. - The Motley Fool,"EN
Sign in
Before you continue to Google
We use cookies and data to
Deliver and maintain Google services
Track outages and protect against spam, fraud, and abuse
Measure audience engagement and site statistics to understand how our services are used and enhance the quality of those services
If you choose to “Accept all,” we will also use cookies and data to
Develop and improve new services
Deliver and measure the effectiveness of ads
Show personalized content, depending on your settings
Show personalized ads, depending on your settings
If you choose to “Reject all,” we will not use cookies for these additional purposes.
Non-personalized content is influenced by things like the content you’re currently viewing, activity in your active Search session, and your location. Non-personalized ads are influenced by the content you’re currently viewing and your general location. Personalized content and ads can also include more relevant results, recommendations, and tailored ads based on past activity from this browser, like previous Google searches. We also use cookies and data to tailor the experience to be age-appropriate, if relevant.
Select “More options” to see additional information, including details about managing your privacy settings. You can also visit g.co/privacytools at any time.
Reject all
Accept all
More options
Privacy Policy
Terms of Service",https://news.google.com/rss/articles/CBMilwFBVV95cUxQY21iUEhuT0Jqc1lSbXdqbmYzbjFnNkpiV2NzMVY2VkJTRFFLYllDNlV3M1JlZkpCSnV1X3NDaXBtNUJwNGN2by1CN2VPMnhNVy1NOXdSeEVVbDJPUm1XMjNxZDZnOUJPZE9qZUF2SEZnX3BuWTd5Q1BKeVBkbGs3V0JyeGZmWTMta3Q2RHpNUExMNVVfdUNj?oc=5
2024-05-05,META,Meta,5 Reasons to Love Meta Platforms Stock - Nasdaq,"EN
Sign in
Before you continue to Google
We use cookies and data to
Deliver and maintain Google services
Track outages and protect against spam, fraud, and abuse
Measure audience engagement and site statistics to understand how our services are used and enhance the quality of those services
If you choose to “Accept all,” we will also use cookies and data to
Develop and improve new services
Deliver and measure the effectiveness of ads
Show personalized content, depending on your settings
Show personalized ads, depending on your settings
If you choose to “Reject all,” we will not use cookies for these additional purposes.
Non-personalized content is influenced by things like the content you’re currently viewing, activity in your active Search session, and your location. Non-personalized ads are influenced by the content you’re currently viewing and your general location. Personalized content and ads can also include more relevant results, recommendations, and tailored ads based on past activity from this browser, like previous Google searches. We also use cookies and data to tailor the experience to be age-appropriate, if relevant.
Select “More options” to see additional information, including details about managing your privacy settings. You can also visit g.co/privacytools at any time.
Reject all
Accept all
More options
Privacy Policy
Terms of Service",https://news.google.com/rss/articles/CBMiekFVX3lxTFA4RWdKanBXZGY5bkQ4Y3hxMjhNc0RYT0dMWEZ6SVEtQ3poYTljeDdRX25FYk0td3BQcF9Bc0dNSlFTY3lIWEEwc2padDMwb2NSMm1zdlUyNEZ5c1FDemp0Mi1LZWtwSl96ZHQxR290YlYyUDFkQks4NlhB?oc=5
2024-05-30,META,Meta,3 Politicians Who Own Meta Platforms Stock as TikTok Ban Passes - markets.businessinsider.com,"EN
Sign in
Before you continue to Google
We use cookies and data to
Deliver and maintain Google services
Track outages and protect against spam, fraud, and abuse
Measure audience engagement and site statistics to understand how our services are used and enhance the quality of those services
If you choose to “Accept all,” we will also use cookies and data to
Develop and improve new services
Deliver and measure the effectiveness of ads
Show personalized content, depending on your settings
Show personalized ads, depending on your settings
If you choose to “Reject all,” we will not use cookies for these additional purposes.
Non-personalized content is influenced by things like the content you’re currently viewing, activity in your active Search session, and your location. Non-personalized ads are influenced by the content you’re currently viewing and your general location. Personalized content and ads can also include more relevant results, recommendations, and tailored ads based on past activity from this browser, like previous Google searches. We also use cookies and data to tailor the experience to be age-appropriate, if relevant.
Select “More options” to see additional information, including details about managing your privacy settings. You can also visit g.co/privacytools at any time.
Reject all
Accept all
More options
Privacy Policy
Terms of Service",https://news.google.com/rss/articles/CBMivwFBVV95cUxNVmJNOEMwVUJSdkJvSFZzOWRKWmJNc01ldHJNb2VCbWNkb3FPanh1REZlV3V5NE5kaThPZjFMZlIxMTk0aUZlMWVUYlhwVkh4UE5vTVduNDIza3l4VlJxMWJ5YmNHMnNZM3ZuVzVpZGlmY1Nfa2tkLTVOMzZoOWRfajNlYzAtQzVnVVlIanowUHRIQ0hlQXBPaWNJOHBZeGdVXzhtZTJyMXYwM0t1RUZBR2lGN2IxWmg4UW95Qmx0SQ?oc=5
2024-05-02,META,Meta,AMZN vs. META: Which Magnificent Seven Stock Is Better? - Yahoo Finance,"EN
Sign in
Before you continue to Google
We use cookies and data to
Deliver and maintain Google services
Track outages and protect against spam, fraud, and abuse
Measure audience engagement and site statistics to understand how our services are used and enhance the quality of those services
If you choose to “Accept all,” we will also use cookies and data to
Develop and improve new services
Deliver and measure the effectiveness of ads
Show personalized content, depending on your settings
Show personalized ads, depending on your settings
If you choose to “Reject all,” we will not use cookies for these additional purposes.
Non-personalized content is influenced by things like the content you’re currently viewing, activity in your active Search session, and your location. Non-personalized ads are influenced by the content you’re currently viewing and your general location. Personalized content and ads can also include more relevant results, recommendations, and tailored ads based on past activity from this browser, like previous Google searches. We also use cookies and data to tailor the experience to be age-appropriate, if relevant.
Select “More options” to see additional information, including details about managing your privacy settings. You can also visit g.co/privacytools at any time.
Reject all
Accept all
More options
Privacy Policy
Terms of Service",https://news.google.com/rss/articles/CBMiggFBVV95cUxOVkZnNzJmTjlMMkVIVzB3ZEpmREUwR25TMk04RGhRaE5EbTJnenBoeTFlYVhwdEwwVm52eGRPU21BZmFjenlMTnFuQzRfaFhLOVd1RVRpRVRiTGJvRTJrR0M1VG93TFN4eXdnNzhuNVhRN3NoSGdTQVJlMnN0cDM5U2d3?oc=5
2024-05-13,META,Meta,Meta Stock Price Prediction - Forbes,"EN
Sign in
Before you continue to Google
We use cookies and data to
Deliver and maintain Google services
Track outages and protect against spam, fraud, and abuse
Measure audience engagement and site statistics to understand how our services are used and enhance the quality of those services
If you choose to “Accept all,” we will also use cookies and data to
Develop and improve new services
Deliver and measure the effectiveness of ads
Show personalized content, depending on your settings
Show personalized ads, depending on your settings
If you choose to “Reject all,” we will not use cookies for these additional purposes.
Non-personalized content is influenced by things like the content you’re currently viewing, activity in your active Search session, and your location. Non-personalized ads are influenced by the content you’re currently viewing and your general location. Personalized content and ads can also include more relevant results, recommendations, and tailored ads based on past activity from this browser, like previous Google searches. We also use cookies and data to tailor the experience to be age-appropriate, if relevant.
Select “More options” to see additional information, including details about managing your privacy settings. You can also visit g.co/privacytools at any time.
Reject all
Accept all
More options
Privacy Policy
Terms of Service",https://news.google.com/rss/articles/CBMifEFVX3lxTE4wZ25tcG94MnBjdEJqVGdQb3d5S3hIM1haTFM5MWVkX0V2eUFsbEM0YzMtUlhnaXpDZmlOUWJOYWdtNUlPaUJDNFllNHZ0cTZJU2hqQ0xCVHQzcWJWOG1NXzhNZUFsaFRfR2RoSkpBQzNPT2lRcTRRZGxKcTE?oc=5
2024-05-17,META,Meta,Here's Why Meta Will Likely Announce a Stock Split in 2024 - 24/7 Wall St.,"EN
Sign in
Before you continue to Google
We use cookies and data to
Deliver and maintain Google services
Track outages and protect against spam, fraud, and abuse
Measure audience engagement and site statistics to understand how our services are used and enhance the quality of those services
If you choose to “Accept all,” we will also use cookies and data to
Develop and improve new services
Deliver and measure the effectiveness of ads
Show personalized content, depending on your settings
Show personalized ads, depending on your settings
If you choose to “Reject all,” we will not use cookies for these additional purposes.
Non-personalized content is influenced by things like the content you’re currently viewing, activity in your active Search session, and your location. Non-personalized ads are influenced by the content you’re currently viewing and your general location. Personalized content and ads can also include more relevant results, recommendations, and tailored ads based on past activity from this browser, like previous Google searches. We also use cookies and data to tailor the experience to be age-appropriate, if relevant.
Select “More options” to see additional information, including details about managing your privacy settings. You can also visit g.co/privacytools at any time.
Reject all
Accept all
More options
Privacy Policy
Terms of Service",https://news.google.com/rss/articles/CBMiowFBVV95cUxNMWhXUVhCLXdVaUN0NDFUNURuUk5oMmhNOTFsQW1wXzBCM3VoSWlQaUJhUjQ3UDJ2REFGQkVIMUVYOHotWFJSNGVZT3BSN0c0dGZVbXU2UWNOdFB3Smo3YnBSV2lpNUphTzhZZVFzMWNfeVZEbVNKZUZhajFlUml2Uzk1eUJ4WVAzVXpmVFJRalU5emVjRUFETDVZUDRpN0NFd2pv?oc=5
2024-05-09,META,Meta,"Google, Microsoft And Meta Take Three Approaches In The Generative AI Battle. Which Is Best? - Investor's Business Daily","EN
Sign in
Before you continue to Google
We use cookies and data to
Deliver and maintain Google services
Track outages and protect against spam, fraud, and abuse
Measure audience engagement and site statistics to understand how our services are used and enhance the quality of those services
If you choose to “Accept all,” we will also use cookies and data to
Develop and improve new services
Deliver and measure the effectiveness of ads
Show personalized content, depending on your settings
Show personalized ads, depending on your settings
If you choose to “Reject all,” we will not use cookies for these additional purposes.
Non-personalized content is influenced by things like the content you’re currently viewing, activity in your active Search session, and your location. Non-personalized ads are influenced by the content you’re currently viewing and your general location. Personalized content and ads can also include more relevant results, recommendations, and tailored ads based on past activity from this browser, like previous Google searches. We also use cookies and data to tailor the experience to be age-appropriate, if relevant.
Select “More options” to see additional information, including details about managing your privacy settings. You can also visit g.co/privacytools at any time.
Reject all
Accept all
More options
Privacy Policy
Terms of Service",https://news.google.com/rss/articles/CBMiigFBVV95cUxQRUNtNm5XRWNFMnhLeXk1S2NqM2RlTUVQWXBfZ0llS1FCLWllUEJQZ21aQXd2ZE9ZMHdobzlBT2QwY0UteGNBMlplbWdtSHBPWkYyZkJOdVM5Tkl1aUtVanNzRjlUWGl3T19jWjFQM0ozZFdSeUV0aHcwbjRzRjU1SlRBMnBmVzVzdUE?oc=5
2024-05-02,META,Meta,Meta Platforms: Buy The Overreaction - Seeking Alpha,"EN
Sign in
Before you continue to Google
We use cookies and data to
Deliver and maintain Google services
Track outages and protect against spam, fraud, and abuse
Measure audience engagement and site statistics to understand how our services are used and enhance the quality of those services
If you choose to “Accept all,” we will also use cookies and data to
Develop and improve new services
Deliver and measure the effectiveness of ads
Show personalized content, depending on your settings
Show personalized ads, depending on your settings
If you choose to “Reject all,” we will not use cookies for these additional purposes.
Non-personalized content is influenced by things like the content you’re currently viewing, activity in your active Search session, and your location. Non-personalized ads are influenced by the content you’re currently viewing and your general location. Personalized content and ads can also include more relevant results, recommendations, and tailored ads based on past activity from this browser, like previous Google searches. We also use cookies and data to tailor the experience to be age-appropriate, if relevant.
Select “More options” to see additional information, including details about managing your privacy settings. You can also visit g.co/privacytools at any time.
Reject all
Accept all
More options
Privacy Policy
Terms of Service",https://news.google.com/rss/articles/CBMiggFBVV95cUxPTjJ5NGU2WjlsUTFHTG9CZkNWM2J2ajk3NTV0eFVjQVNqQWdvRnVHeENvLWtqanFGRFE3M3NReXNWb1hiLWZ6ZG54WHJtT2tCZE80ZTdWRm5xMnJObWhlOGcxTHBGaU9vczdMQ0FNT1JZWGV2TlVTX2gwbXhRMjQwWmtB?oc=5
2024-05-09,META,Meta,Buybacks Are Back: Corporate America Is on a Spending Spree - WSJ,"EN
Sign in
Before you continue to Google
We use cookies and data to
Deliver and maintain Google services
Track outages and protect against spam, fraud, and abuse
Measure audience engagement and site statistics to understand how our services are used and enhance the quality of those services
If you choose to “Accept all,” we will also use cookies and data to
Develop and improve new services
Deliver and measure the effectiveness of ads
Show personalized content, depending on your settings
Show personalized ads, depending on your settings
If you choose to “Reject all,” we will not use cookies for these additional purposes.
Non-personalized content is influenced by things like the content you’re currently viewing, activity in your active Search session, and your location. Non-personalized ads are influenced by the content you’re currently viewing and your general location. Personalized content and ads can also include more relevant results, recommendations, and tailored ads based on past activity from this browser, like previous Google searches. We also use cookies and data to tailor the experience to be age-appropriate, if relevant.
Select “More options” to see additional information, including details about managing your privacy settings. You can also visit g.co/privacytools at any time.
Reject all
Accept all
More options
Privacy Policy
Terms of Service",https://news.google.com/rss/articles/CBMidEFVX3lxTE01eGZXSzlJa0hqeUYxaE9BdU9YaTRzMUJ6ci1mT2R1RnViQjBxNG92bFJMNTBMQ0RTaW1QMEJRTlhYTzhOYTQ1bzlBRy1aam1aUnZTeDA3Q0d6LVJ6WlVHVDhUWm1hWTlmZFI3U05OZGVla1o1?oc=5
2024-05-02,META,Meta,Meta Platforms Gets a Rare Sell Rating. AI Is Expensive. - Barron's,"EN
Sign in
Before you continue to Google
We use cookies and data to
Deliver and maintain Google services
Track outages and protect against spam, fraud, and abuse
Measure audience engagement and site statistics to understand how our services are used and enhance the quality of those services
If you choose to “Accept all,” we will also use cookies and data to
Develop and improve new services
Deliver and measure the effectiveness of ads
Show personalized content, depending on your settings
Show personalized ads, depending on your settings
If you choose to “Reject all,” we will not use cookies for these additional purposes.
Non-personalized content is influenced by things like the content you’re currently viewing, activity in your active Search session, and your location. Non-personalized ads are influenced by the content you’re currently viewing and your general location. Personalized content and ads can also include more relevant results, recommendations, and tailored ads based on past activity from this browser, like previous Google searches. We also use cookies and data to tailor the experience to be age-appropriate, if relevant.
Select “More options” to see additional information, including details about managing your privacy settings. You can also visit g.co/privacytools at any time.
Reject all
Accept all
More options
Privacy Policy
Terms of Service",https://news.google.com/rss/articles/CBMiekFVX3lxTFBmTmtpeHFKWm11LV9zM2JqYndkbnJ1aHZxOG9kNFlrWmxVMzBvQzR2U0xMODFFSXlCeUcwOWpkeVMzS2wxYVlWelFjdW5WTkh2OXFKWVhPVU5wZUwzRDBrNnh2dlFYRXItTXNqS0U5QU5raExNd29pOTBR?oc=5
2024-05-09,META,Meta,"Bezos, Zuckerberg Lead Magnificent Seven Insider Stock Sales - Bloomberg.com","EN
Sign in
Before you continue to Google
We use cookies and data to
Deliver and maintain Google services
Track outages and protect against spam, fraud, and abuse
Measure audience engagement and site statistics to understand how our services are used and enhance the quality of those services
If you choose to “Accept all,” we will also use cookies and data to
Develop and improve new services
Deliver and measure the effectiveness of ads
Show personalized content, depending on your settings
Show personalized ads, depending on your settings
If you choose to “Reject all,” we will not use cookies for these additional purposes.
Non-personalized content is influenced by things like the content you’re currently viewing, activity in your active Search session, and your location. Non-personalized ads are influenced by the content you’re currently viewing and your general location. Personalized content and ads can also include more relevant results, recommendations, and tailored ads based on past activity from this browser, like previous Google searches. We also use cookies and data to tailor the experience to be age-appropriate, if relevant.
Select “More options” to see additional information, including details about managing your privacy settings. You can also visit g.co/privacytools at any time.
Reject all
Accept all
More options
Privacy Policy
Terms of Service",https://news.google.com/rss/articles/CBMixwFBVV95cUxOVFlvZUF6TS1ESks0bDU0MjZZS1ZtbFJtRVNGUmYxRHRhMnB4cy05YTd4NVhxeEt4ZEZSM3dhUHVtQkdFUzhfR1RoUjNCdEp2dlZCY21HQ0NfVGJscGx5SjBMQ1FfSGc3NnpJVS1Fc2dKNF95UGdQd0ZqN1FSZFB6YUVDN3oxOEVubWVFbTZXQWg1VU9RYk1CZXVBY1JIN3A4U0R4WWd6MTNBVnpFQzVnWXpxYnFramNBMHVvMGFTN3V4M1BWdGVB?oc=5
2024-04-30,META,Meta,Assessing Claims About Michael McCaul’s Investments - Yahoo Finance,"EN
Sign in
Before you continue to Google
We use cookies and data to
Deliver and maintain Google services
Track outages and protect against spam, fraud, and abuse
Measure audience engagement and site statistics to understand how our services are used and enhance the quality of those services
If you choose to “Accept all,” we will also use cookies and data to
Develop and improve new services
Deliver and measure the effectiveness of ads
Show personalized content, depending on your settings
Show personalized ads, depending on your settings
If you choose to “Reject all,” we will not use cookies for these additional purposes.
Non-personalized content is influenced by things like the content you’re currently viewing, activity in your active Search session, and your location. Non-personalized ads are influenced by the content you’re currently viewing and your general location. Personalized content and ads can also include more relevant results, recommendations, and tailored ads based on past activity from this browser, like previous Google searches. We also use cookies and data to tailor the experience to be age-appropriate, if relevant.
Select “More options” to see additional information, including details about managing your privacy settings. You can also visit g.co/privacytools at any time.
Reject all
Accept all
More options
Privacy Policy
Terms of Service",https://news.google.com/rss/articles/CBMikwFBVV95cUxNTjVxVzVsSFk0ZjRndm84YmlfYXN2VEIyQVNSTGVmYlFoZjk4MEh2TDZhS2t1UEluRzRYZm9Wd0JjSmR3OC1CV0pwR3pNODJVamRTTkZWbHdlVDdnT0VOOE4tandBOWs4NkpWM2Ewa282cUVLVDlxNGZWZThNNDZ2NS0yN1otRUw4Sl9SRGQ0Nlh3bm8?oc=5
2024-04-30,META,Meta,Will Meta Platforms Be Worth More Than Alphabet by 2025? - The Motley Fool,"EN
Sign in
Before you continue to Google
We use cookies and data to
Deliver and maintain Google services
Track outages and protect against spam, fraud, and abuse
Measure audience engagement and site statistics to understand how our services are used and enhance the quality of those services
If you choose to “Accept all,” we will also use cookies and data to
Develop and improve new services
Deliver and measure the effectiveness of ads
Show personalized content, depending on your settings
Show personalized ads, depending on your settings
If you choose to “Reject all,” we will not use cookies for these additional purposes.
Non-personalized content is influenced by things like the content you’re currently viewing, activity in your active Search session, and your location. Non-personalized ads are influenced by the content you’re currently viewing and your general location. Personalized content and ads can also include more relevant results, recommendations, and tailored ads based on past activity from this browser, like previous Google searches. We also use cookies and data to tailor the experience to be age-appropriate, if relevant.
Select “More options” to see additional information, including details about managing your privacy settings. You can also visit g.co/privacytools at any time.
Reject all
Accept all
More options
Privacy Policy
Terms of Service",https://news.google.com/rss/articles/CBMimAFBVV95cUxPZndPbkpKTVphYkw0QzBFSTVKTW1xRHJweG9KMUFjV2YzYmstYkw0ZmZuZ2kxWWdQS2diaFpUTThnNTFKdDJDMDFRZjI5eVNiUWlFelFGTmJhZ1ZwMXRvazMzWWR2bkxrWmNLczVHck9IeXlYYWpPaUUySDFLbWZKQWRSMFlqaUtyOE5aMkcwTHp6OFhxbDdhSw?oc=5
2024-05-12,META,Meta,Meta's Advantage Over Google And Amazon - Seeking Alpha,"EN
Sign in
Before you continue to Google
We use cookies and data to
Deliver and maintain Google services
Track outages and protect against spam, fraud, and abuse
Measure audience engagement and site statistics to understand how our services are used and enhance the quality of those services
If you choose to “Accept all,” we will also use cookies and data to
Develop and improve new services
Deliver and measure the effectiveness of ads
Show personalized content, depending on your settings
Show personalized ads, depending on your settings
If you choose to “Reject all,” we will not use cookies for these additional purposes.
Non-personalized content is influenced by things like the content you’re currently viewing, activity in your active Search session, and your location. Non-personalized ads are influenced by the content you’re currently viewing and your general location. Personalized content and ads can also include more relevant results, recommendations, and tailored ads based on past activity from this browser, like previous Google searches. We also use cookies and data to tailor the experience to be age-appropriate, if relevant.
Select “More options” to see additional information, including details about managing your privacy settings. You can also visit g.co/privacytools at any time.
Reject all
Accept all
More options
Privacy Policy
Terms of Service",https://news.google.com/rss/articles/CBMihAFBVV95cUxOcUhBWEkyYVJIU21IWDVacGlDUGtxMjZDUy1rMFJIT0NHQkplSndnTTkyRmFFZlBfcWY5SklxRVhNSGpnM1FtVXFNcDRENWphQi1XRnlEdmRQUFI3MjBOZDFRUmFyelViZmptUENjc0lZNi1lQ2oyNnY1ZmVvNmRqTTRLeWU?oc=5
2024-05-17,META,Meta,Don’t Fret a Market Crash: 3 Recession-Resistant Stocks to Buy Before the Storm - Nasdaq,"EN
Sign in
Before you continue to Google
We use cookies and data to
Deliver and maintain Google services
Track outages and protect against spam, fraud, and abuse
Measure audience engagement and site statistics to understand how our services are used and enhance the quality of those services
If you choose to “Accept all,” we will also use cookies and data to
Develop and improve new services
Deliver and measure the effectiveness of ads
Show personalized content, depending on your settings
Show personalized ads, depending on your settings
If you choose to “Reject all,” we will not use cookies for these additional purposes.
Non-personalized content is influenced by things like the content you’re currently viewing, activity in your active Search session, and your location. Non-personalized ads are influenced by the content you’re currently viewing and your general location. Personalized content and ads can also include more relevant results, recommendations, and tailored ads based on past activity from this browser, like previous Google searches. We also use cookies and data to tailor the experience to be age-appropriate, if relevant.
Select “More options” to see additional information, including details about managing your privacy settings. You can also visit g.co/privacytools at any time.
Reject all
Accept all
More options
Privacy Policy
Terms of Service",https://news.google.com/rss/articles/CBMirwFBVV95cUxOWWdCd3V2N0VfXzJnVTJLa01GZndEVzhPMjRqekU2VWdxZVo3TE1rMzhySEZZVWRzdVJ5T0pRVmFqSGhvWlNXNDU4anYzanEwTmlLMFJWc09oZnhiNTJVSjFydkk4RXpOUlV1aW5tX05SdmNjbjI5Z3FybkY5N1plZFppQ1M0d1pka215aFp0eWR6bWJwbWZYNkxOdmVQMF8tVTRBZ0d5XzhvdjNpZ18w?oc=5
2024-05-17,META,Meta,Where Will Meta Platforms Be in 5 Years? - The Motley Fool,"EN
Sign in
Before you continue to Google
We use cookies and data to
Deliver and maintain Google services
Track outages and protect against spam, fraud, and abuse
Measure audience engagement and site statistics to understand how our services are used and enhance the quality of those services
If you choose to “Accept all,” we will also use cookies and data to
Develop and improve new services
Deliver and measure the effectiveness of ads
Show personalized content, depending on your settings
Show personalized ads, depending on your settings
If you choose to “Reject all,” we will not use cookies for these additional purposes.
Non-personalized content is influenced by things like the content you’re currently viewing, activity in your active Search session, and your location. Non-personalized ads are influenced by the content you’re currently viewing and your general location. Personalized content and ads can also include more relevant results, recommendations, and tailored ads based on past activity from this browser, like previous Google searches. We also use cookies and data to tailor the experience to be age-appropriate, if relevant.
Select “More options” to see additional information, including details about managing your privacy settings. You can also visit g.co/privacytools at any time.
Reject all
Accept all
More options
Privacy Policy
Terms of Service",https://news.google.com/rss/articles/CBMiigFBVV95cUxPYWt5M0xFMXVUR29OeDR5aFhxTUhyWTZtSDQ1dXE5MFZ0V0ZFUF93VWo2bzdGWkQzTE5ZcGRLdUNqWDRVTi1UaGpodmtaMHNqeXFaUzBfcDlNUWoxZGJqTmpqODhMaE54VXlpOXNfYzVRc1RaZENUWU9Wd0FkZERvSUY3OWoybHdMeUE?oc=5
2024-05-16,META,Meta,Meta history: Beyond the Ticker - Yahoo Finance,"EN
Sign in
Before you continue to Google
We use cookies and data to
Deliver and maintain Google services
Track outages and protect against spam, fraud, and abuse
Measure audience engagement and site statistics to understand how our services are used and enhance the quality of those services
If you choose to “Accept all,” we will also use cookies and data to
Develop and improve new services
Deliver and measure the effectiveness of ads
Show personalized content, depending on your settings
Show personalized ads, depending on your settings
If you choose to “Reject all,” we will not use cookies for these additional purposes.
Non-personalized content is influenced by things like the content you’re currently viewing, activity in your active Search session, and your location. Non-personalized ads are influenced by the content you’re currently viewing and your general location. Personalized content and ads can also include more relevant results, recommendations, and tailored ads based on past activity from this browser, like previous Google searches. We also use cookies and data to tailor the experience to be age-appropriate, if relevant.
Select “More options” to see additional information, including details about managing your privacy settings. You can also visit g.co/privacytools at any time.
Reject all
Accept all
More options
Privacy Policy
Terms of Service",https://news.google.com/rss/articles/CBMifkFVX3lxTE95TUo5aDRsTXpwcFZZRWg1UWVyU3NyZFpCbDdQeE9BWEE3dWV0WFhsRnU3WDB4dzV2eHRhZHB2M2plUXY5cWdpQ1dmTUJWRjY0UllWUEZUQTNGT3AzNC1RSTRGZjBCbXEzMmZBY3M5d3J4M0tBRnpWa1RBaGI5dw?oc=5
2024-05-18,META,Meta,"Meta Platforms Spent $6.7 Billion on Artificial Intelligence (AI) Data Centers Last Quarter, but It Spent Twice as Much on This 1 Thing - The Motley Fool","EN
Sign in
Before you continue to Google
We use cookies and data to
Deliver and maintain Google services
Track outages and protect against spam, fraud, and abuse
Measure audience engagement and site statistics to understand how our services are used and enhance the quality of those services
If you choose to “Accept all,” we will also use cookies and data to
Develop and improve new services
Deliver and measure the effectiveness of ads
Show personalized content, depending on your settings
Show personalized ads, depending on your settings
If you choose to “Reject all,” we will not use cookies for these additional purposes.
Non-personalized content is influenced by things like the content you’re currently viewing, activity in your active Search session, and your location. Non-personalized ads are influenced by the content you’re currently viewing and your general location. Personalized content and ads can also include more relevant results, recommendations, and tailored ads based on past activity from this browser, like previous Google searches. We also use cookies and data to tailor the experience to be age-appropriate, if relevant.
Select “More options” to see additional information, including details about managing your privacy settings. You can also visit g.co/privacytools at any time.
Reject all
Accept all
More options
Privacy Policy
Terms of Service",https://news.google.com/rss/articles/CBMimAFBVV95cUxNRi0xTE5OSmdXZHNRdWphQ2tOZ09WbjZpbXNqS2o5bG8tNmVITDQyQkRTMmctR0o0dUpXOGZZY2dEMFU0ZTV2dE84RVpSTEctQTNkS0xHcFVZMHQ0UXFYLTJCQjdrOGs2WjJ6ZFJPZ1UwY3ZqZmE5U3pFaVM1ZXd0SWFjMFdSU3VSVy14aTFSOHNQMXEzMkJheQ?oc=5
2024-05-14,META,Meta,Mag 7 stocks including Apple and Amazon still holding strong - Yahoo,"EN
Sign in
Before you continue to Google
We use cookies and data to
Deliver and maintain Google services
Track outages and protect against spam, fraud, and abuse
Measure audience engagement and site statistics to understand how our services are used and enhance the quality of those services
If you choose to “Accept all,” we will also use cookies and data to
Develop and improve new services
Deliver and measure the effectiveness of ads
Show personalized content, depending on your settings
Show personalized ads, depending on your settings
If you choose to “Reject all,” we will not use cookies for these additional purposes.
Non-personalized content is influenced by things like the content you’re currently viewing, activity in your active Search session, and your location. Non-personalized ads are influenced by the content you’re currently viewing and your general location. Personalized content and ads can also include more relevant results, recommendations, and tailored ads based on past activity from this browser, like previous Google searches. We also use cookies and data to tailor the experience to be age-appropriate, if relevant.
Select “More options” to see additional information, including details about managing your privacy settings. You can also visit g.co/privacytools at any time.
Reject all
Accept all
More options
Privacy Policy
Terms of Service",https://news.google.com/rss/articles/CBMimAFBVV95cUxOeGhUZHZPRVR4M2lCTFBxcENxcXVlZVhldnVMZG1lMDFsb1dZam96SEYzaEwzWE04NXhzdFZNbng0ZzBsVG5FTHBtZTcwV1hVR0k3WW9uQUE4ck5Vbkdsa2lsTWs2Wjk0ekRVUHRBTUl1TTFOWmljcFZ1c0ZldFNHMlFHQmU4RFB1VXdRTmJJcnlkVlNwTEZFUQ?oc=5
2024-06-24,META,Meta,IBD Stock Of The Day Meta Eyes Buy Point After Report Of AI Talks With Apple - Investor's Business Daily,"EN
Sign in
Before you continue to Google
We use cookies and data to
Deliver and maintain Google services
Track outages and protect against spam, fraud, and abuse
Measure audience engagement and site statistics to understand how our services are used and enhance the quality of those services
If you choose to “Accept all,” we will also use cookies and data to
Develop and improve new services
Deliver and measure the effectiveness of ads
Show personalized content, depending on your settings
Show personalized ads, depending on your settings
If you choose to “Reject all,” we will not use cookies for these additional purposes.
Non-personalized content is influenced by things like the content you’re currently viewing, activity in your active Search session, and your location. Non-personalized ads are influenced by the content you’re currently viewing and your general location. Personalized content and ads can also include more relevant results, recommendations, and tailored ads based on past activity from this browser, like previous Google searches. We also use cookies and data to tailor the experience to be age-appropriate, if relevant.
Select “More options” to see additional information, including details about managing your privacy settings. You can also visit g.co/privacytools at any time.
Reject all
Accept all
More options
Privacy Policy
Terms of Service",https://news.google.com/rss/articles/CBMimgFBVV95cUxPYlNXeklWT3hTYjI0MDlPRDEybmRGRkszQzF1NjRyN0NYU0FqUjRiMHRWRjlncm5Kc3pET25DU3Y5WGhtWHRXNFZzbHRJSnctN0s2MW5aZ044UTVUTnFnVWZOcTlwaTlCNGduY2FBYWMyQ2o2c3BYVk1Tc2JPRzlwUlFFOFNkYnl0MThBektKZWRKbzlqN0JnOGRR?oc=5
2024-06-21,META,Meta,Invesco’s Kevin Holt on 3 Things to Avoid—and Why He Likes Meta - Barron's,"EN
Sign in
Before you continue to Google
We use cookies and data to
Deliver and maintain Google services
Track outages and protect against spam, fraud, and abuse
Measure audience engagement and site statistics to understand how our services are used and enhance the quality of those services
If you choose to “Accept all,” we will also use cookies and data to
Develop and improve new services
Deliver and measure the effectiveness of ads
Show personalized content, depending on your settings
Show personalized ads, depending on your settings
If you choose to “Reject all,” we will not use cookies for these additional purposes.
Non-personalized content is influenced by things like the content you’re currently viewing, activity in your active Search session, and your location. Non-personalized ads are influenced by the content you’re currently viewing and your general location. Personalized content and ads can also include more relevant results, recommendations, and tailored ads based on past activity from this browser, like previous Google searches. We also use cookies and data to tailor the experience to be age-appropriate, if relevant.
Select “More options” to see additional information, including details about managing your privacy settings. You can also visit g.co/privacytools at any time.
Reject all
Accept all
More options
Privacy Policy
Terms of Service",https://news.google.com/rss/articles/CBMilgFBVV95cUxNVlFkUjZpSWc0Q1dJc095bjdRWTJWeDJMUXpuRm5YZERPakVMbFBodVR6ZTBHR0w2azBINkRtSElZNE5kMWZYdDcyMThDT2JyYjVDUjFXY3Ixd3MzYWxGME1kWEVJUHp0T1FrV2pKbnlqdTl3SE53dXhib0ZpMUZGUWloYzk5VnJEUHo0SzNoSWlMLVZPZnc?oc=5
2024-06-18,META,Meta,Meta vs. Alphabet Stock: Which Is a Better Investment? - Yahoo Finance,"EN
Sign in
Before you continue to Google
We use cookies and data to
Deliver and maintain Google services
Track outages and protect against spam, fraud, and abuse
Measure audience engagement and site statistics to understand how our services are used and enhance the quality of those services
If you choose to “Accept all,” we will also use cookies and data to
Develop and improve new services
Deliver and measure the effectiveness of ads
Show personalized content, depending on your settings
Show personalized ads, depending on your settings
If you choose to “Reject all,” we will not use cookies for these additional purposes.
Non-personalized content is influenced by things like the content you’re currently viewing, activity in your active Search session, and your location. Non-personalized ads are influenced by the content you’re currently viewing and your general location. Personalized content and ads can also include more relevant results, recommendations, and tailored ads based on past activity from this browser, like previous Google searches. We also use cookies and data to tailor the experience to be age-appropriate, if relevant.
Select “More options” to see additional information, including details about managing your privacy settings. You can also visit g.co/privacytools at any time.
Reject all
Accept all
More options
Privacy Policy
Terms of Service",https://news.google.com/rss/articles/CBMigAFBVV95cUxPWTNjQ3FndWNOalJJVEk4d2c4bnN2OUJDTXlHM2NNcFlkZmp2TWQ3Y2hRUVhKU2JsMlBHbXBKVzFfLVVTc2R5MDVKY01wOERKRmxQazlNYW5GNDZLcWlBNVMzdW9hRFpmUlVLLXBWRHh3cGVCQVRKajRPckVSSllESg?oc=5
2024-05-30,META,Meta,3 Politicians Who Own Meta Platforms Stock as TikTok Ban Passes - markets.businessinsider.com,"EN
Sign in
Before you continue to Google
We use cookies and data to
Deliver and maintain Google services
Track outages and protect against spam, fraud, and abuse
Measure audience engagement and site statistics to understand how our services are used and enhance the quality of those services
If you choose to “Accept all,” we will also use cookies and data to
Develop and improve new services
Deliver and measure the effectiveness of ads
Show personalized content, depending on your settings
Show personalized ads, depending on your settings
If you choose to “Reject all,” we will not use cookies for these additional purposes.
Non-personalized content is influenced by things like the content you’re currently viewing, activity in your active Search session, and your location. Non-personalized ads are influenced by the content you’re currently viewing and your general location. Personalized content and ads can also include more relevant results, recommendations, and tailored ads based on past activity from this browser, like previous Google searches. We also use cookies and data to tailor the experience to be age-appropriate, if relevant.
Select “More options” to see additional information, including details about managing your privacy settings. You can also visit g.co/privacytools at any time.
Reject all
Accept all
More options
Privacy Policy
Terms of Service",https://news.google.com/rss/articles/CBMivwFBVV95cUxNVmJNOEMwVUJSdkJvSFZzOWRKWmJNc01ldHJNb2VCbWNkb3FPanh1REZlV3V5NE5kaThPZjFMZlIxMTk0aUZlMWVUYlhwVkh4UE5vTVduNDIza3l4VlJxMWJ5YmNHMnNZM3ZuVzVpZGlmY1Nfa2tkLTVOMzZoOWRfajNlYzAtQzVnVVlIanowUHRIQ0hlQXBPaWNJOHBZeGdVXzhtZTJyMXYwM0t1RUZBR2lGN2IxWmg4UW95Qmx0SQ?oc=5
2024-06-28,META,Meta,3 Reasons I Would Stay Far Away From Meta Platforms Stock - The Motley Fool,"EN
Sign in
Before you continue to Google
We use cookies and data to
Deliver and maintain Google services
Track outages and protect against spam, fraud, and abuse
Measure audience engagement and site statistics to understand how our services are used and enhance the quality of those services
If you choose to “Accept all,” we will also use cookies and data to
Develop and improve new services
Deliver and measure the effectiveness of ads
Show personalized content, depending on your settings
Show personalized ads, depending on your settings
If you choose to “Reject all,” we will not use cookies for these additional purposes.
Non-personalized content is influenced by things like the content you’re currently viewing, activity in your active Search session, and your location. Non-personalized ads are influenced by the content you’re currently viewing and your general location. Personalized content and ads can also include more relevant results, recommendations, and tailored ads based on past activity from this browser, like previous Google searches. We also use cookies and data to tailor the experience to be age-appropriate, if relevant.
Select “More options” to see additional information, including details about managing your privacy settings. You can also visit g.co/privacytools at any time.
Reject all
Accept all
More options
Privacy Policy
Terms of Service",https://news.google.com/rss/articles/CBMilAFBVV95cUxNTjN0Z0I0QUR2cXN4ZFdabkZHcFp3YlVaeUFnVFNQTy12Vm45V1FJaDkxRzhQQ09HdEUwZ250ODJmTkx4MHIweU5IQ1drQXVfUjI3VHJWUTd6ZTNQY19DRzNHdThaTWNTZ2ZfS2lHLXlXVmNxVno0ZDZ1enBpdEZObDFycm5MWWRJLTdCM3NpWVpNVGZC?oc=5
2024-06-11,META,Meta,Meta’s 450% Surge Offers Potential for Next Big Tech Stock Split - Bloomberg.com,"EN
Sign in
Before you continue to Google
We use cookies and data to
Deliver and maintain Google services
Track outages and protect against spam, fraud, and abuse
Measure audience engagement and site statistics to understand how our services are used and enhance the quality of those services
If you choose to “Accept all,” we will also use cookies and data to
Develop and improve new services
Deliver and measure the effectiveness of ads
Show personalized content, depending on your settings
Show personalized ads, depending on your settings
If you choose to “Reject all,” we will not use cookies for these additional purposes.
Non-personalized content is influenced by things like the content you’re currently viewing, activity in your active Search session, and your location. Non-personalized ads are influenced by the content you’re currently viewing and your general location. Personalized content and ads can also include more relevant results, recommendations, and tailored ads based on past activity from this browser, like previous Google searches. We also use cookies and data to tailor the experience to be age-appropriate, if relevant.
Select “More options” to see additional information, including details about managing your privacy settings. You can also visit g.co/privacytools at any time.
Reject all
Accept all
More options
Privacy Policy
Terms of Service",https://news.google.com/rss/articles/CBMitAFBVV95cUxQeWVMb21iOWQxcndXRFV5Y2NpZjNQam9GVzA5NjAwcUJWNmYwMXVqVTMtenA0MThuZjZFeEU4Q196Ui1NRDRmNUtvYV80S3kzclFJeE1kZ3l2S1Ayc2dqZDE4WUExV0NiNndhYWZDVkNNZnVPMjRfdC1pS2dGVnZFd3RjTUdPTDVVQXp4WlRmUXVvOVUtYm1jRklXQnNabEZSM2hwM00xbTl5d21MTDUyclFKT1Q?oc=5
2024-06-12,META,Meta,Meta now has a dividend. Could it be next to split its stock? Here's what Jim Cramer thinks - CNBC,"EN
Sign in
Before you continue to Google
We use cookies and data to
Deliver and maintain Google services
Track outages and protect against spam, fraud, and abuse
Measure audience engagement and site statistics to understand how our services are used and enhance the quality of those services
If you choose to “Accept all,” we will also use cookies and data to
Develop and improve new services
Deliver and measure the effectiveness of ads
Show personalized content, depending on your settings
Show personalized ads, depending on your settings
If you choose to “Reject all,” we will not use cookies for these additional purposes.
Non-personalized content is influenced by things like the content you’re currently viewing, activity in your active Search session, and your location. Non-personalized ads are influenced by the content you’re currently viewing and your general location. Personalized content and ads can also include more relevant results, recommendations, and tailored ads based on past activity from this browser, like previous Google searches. We also use cookies and data to tailor the experience to be age-appropriate, if relevant.
Select “More options” to see additional information, including details about managing your privacy settings. You can also visit g.co/privacytools at any time.
Reject all
Accept all
More options
Privacy Policy
Terms of Service",https://news.google.com/rss/articles/CBMinwFBVV95cUxQVDNfaWsxU3lmdTA2Q1lWcjA0dTM2M1BtOWszMVl1Zk80VGRKYWN4Vmp2X3hIamNFV1ByWkNiRHJ0QlpvdVRHZktvNFFRZWlraVdDNnprOUt3YjhsZG1fVlR4dEhGSzJEYTVCeGpKVzVUWTFvb29QcFR1STA3RDJFdFdleU1fd3R6Y0p5OEFlN3FkNGJtOTdfeGE2Qkg1a2M?oc=5
2024-06-21,META,Meta,How A Short But Bullish Chart Pattern Extended Meta's Run - Investor's Business Daily,"EN
Sign in
Before you continue to Google
We use cookies and data to
Deliver and maintain Google services
Track outages and protect against spam, fraud, and abuse
Measure audience engagement and site statistics to understand how our services are used and enhance the quality of those services
If you choose to “Accept all,” we will also use cookies and data to
Develop and improve new services
Deliver and measure the effectiveness of ads
Show personalized content, depending on your settings
Show personalized ads, depending on your settings
If you choose to “Reject all,” we will not use cookies for these additional purposes.
Non-personalized content is influenced by things like the content you’re currently viewing, activity in your active Search session, and your location. Non-personalized ads are influenced by the content you’re currently viewing and your general location. Personalized content and ads can also include more relevant results, recommendations, and tailored ads based on past activity from this browser, like previous Google searches. We also use cookies and data to tailor the experience to be age-appropriate, if relevant.
Select “More options” to see additional information, including details about managing your privacy settings. You can also visit g.co/privacytools at any time.
Reject all
Accept all
More options
Privacy Policy
Terms of Service",https://news.google.com/rss/articles/CBMigAFBVV95cUxOY1AtZWtYYm0zV1d6dlF2OHphenk3NzlEX2Y2Z0RjemFIVTl6OU5mMm9HeDFUdkhlOXUzS0tWVVZlbnBWMjBCRTdHbzlDelRManZfSi01NXVVQ09MYzdfRy1wS1c4blZZZTJONzAyeHlqM3BuMm5LSlhRMU1PSnpjOQ?oc=5
2024-06-03,META,Meta,Meta Platforms Could Be Next To Split Its Stock - Barron's,"EN
Sign in
Before you continue to Google
We use cookies and data to
Deliver and maintain Google services
Track outages and protect against spam, fraud, and abuse
Measure audience engagement and site statistics to understand how our services are used and enhance the quality of those services
If you choose to “Accept all,” we will also use cookies and data to
Develop and improve new services
Deliver and measure the effectiveness of ads
Show personalized content, depending on your settings
Show personalized ads, depending on your settings
If you choose to “Reject all,” we will not use cookies for these additional purposes.
Non-personalized content is influenced by things like the content you’re currently viewing, activity in your active Search session, and your location. Non-personalized ads are influenced by the content you’re currently viewing and your general location. Personalized content and ads can also include more relevant results, recommendations, and tailored ads based on past activity from this browser, like previous Google searches. We also use cookies and data to tailor the experience to be age-appropriate, if relevant.
Select “More options” to see additional information, including details about managing your privacy settings. You can also visit g.co/privacytools at any time.
Reject all
Accept all
More options
Privacy Policy
Terms of Service",https://news.google.com/rss/articles/CBMid0FVX3lxTE40OE84Q3RiYUVBbW5GSkZIcE9WT09TQWwxQXdYTW1qalRZOU5PckhaenlmMXZpcF93YTZZaDQ0M2FTaWstbnE0d21Tck5sNXRCQ2t4S29FQl92MW95MHhSXy13dXRJaTE3eV9ScWtIaGEydG1mVXBN?oc=5
2024-06-17,META,Meta,Here’s Why RGA Investment Advisors Sold Some of its Holdings in Meta Platforms (META) - Yahoo Finance,"EN
Sign in
Before you continue to Google
We use cookies and data to
Deliver and maintain Google services
Track outages and protect against spam, fraud, and abuse
Measure audience engagement and site statistics to understand how our services are used and enhance the quality of those services
If you choose to “Accept all,” we will also use cookies and data to
Develop and improve new services
Deliver and measure the effectiveness of ads
Show personalized content, depending on your settings
Show personalized ads, depending on your settings
If you choose to “Reject all,” we will not use cookies for these additional purposes.
Non-personalized content is influenced by things like the content you’re currently viewing, activity in your active Search session, and your location. Non-personalized ads are influenced by the content you’re currently viewing and your general location. Personalized content and ads can also include more relevant results, recommendations, and tailored ads based on past activity from this browser, like previous Google searches. We also use cookies and data to tailor the experience to be age-appropriate, if relevant.
Select “More options” to see additional information, including details about managing your privacy settings. You can also visit g.co/privacytools at any time.
Reject all
Accept all
More options
Privacy Policy
Terms of Service",https://news.google.com/rss/articles/CBMihAFBVV95cUxOM3BJV0tSRVV0ZkdpOUtHeUg1c1d6bVJQVnBydG54WGdjbHhTY0FFNlg0VnBodkh4RndhOWN3VkdxdHl1WldDTFRpRzN0YkpVblV6T2U5c0p4NG1PanRXRm1Dc1c4LUZmb3A1MUpwMDRaeUtQZDRhdnhtVUFxQk03STNkWmM?oc=5
2024-06-02,META,Meta,Better Artificial Intelligence (AI) Stock: Meta Platforms vs. Microsoft - The Motley Fool,"EN
Sign in
Before you continue to Google
We use cookies and data to
Deliver and maintain Google services
Track outages and protect against spam, fraud, and abuse
Measure audience engagement and site statistics to understand how our services are used and enhance the quality of those services
If you choose to “Accept all,” we will also use cookies and data to
Develop and improve new services
Deliver and measure the effectiveness of ads
Show personalized content, depending on your settings
Show personalized ads, depending on your settings
If you choose to “Reject all,” we will not use cookies for these additional purposes.
Non-personalized content is influenced by things like the content you’re currently viewing, activity in your active Search session, and your location. Non-personalized ads are influenced by the content you’re currently viewing and your general location. Personalized content and ads can also include more relevant results, recommendations, and tailored ads based on past activity from this browser, like previous Google searches. We also use cookies and data to tailor the experience to be age-appropriate, if relevant.
Select “More options” to see additional information, including details about managing your privacy settings. You can also visit g.co/privacytools at any time.
Reject all
Accept all
More options
Privacy Policy
Terms of Service",https://news.google.com/rss/articles/CBMimAFBVV95cUxPRXNFT3JlaTd4eVhkZ2s4TjhvWTg0cUpkU3JaQi1UQUd1LWlJTUg1MlE3NzFmMG5ZRFllZHQxdzhKVjlfQ2J3a0lLaDF3RjhXMF9ra3lYZmdkMGpuNTV2STE4dDJEU3R0dVNRMmliZm9zaG9mOFhQNEFkVEt6UnNKbFJIUzVWd3EydGNhMS0wV0lzMGJxa1pBQQ?oc=5
2024-06-20,META,Meta,Meta Price-Target Hikes Put The Facebook Parent At 600 And Beyond - Investor's Business Daily,"EN
Sign in
Before you continue to Google
We use cookies and data to
Deliver and maintain Google services
Track outages and protect against spam, fraud, and abuse
Measure audience engagement and site statistics to understand how our services are used and enhance the quality of those services
If you choose to “Accept all,” we will also use cookies and data to
Develop and improve new services
Deliver and measure the effectiveness of ads
Show personalized content, depending on your settings
Show personalized ads, depending on your settings
If you choose to “Reject all,” we will not use cookies for these additional purposes.
Non-personalized content is influenced by things like the content you’re currently viewing, activity in your active Search session, and your location. Non-personalized ads are influenced by the content you’re currently viewing and your general location. Personalized content and ads can also include more relevant results, recommendations, and tailored ads based on past activity from this browser, like previous Google searches. We also use cookies and data to tailor the experience to be age-appropriate, if relevant.
Select “More options” to see additional information, including details about managing your privacy settings. You can also visit g.co/privacytools at any time.
Reject all
Accept all
More options
Privacy Policy
Terms of Service",https://news.google.com/rss/articles/CBMihwFBVV95cUxQdWRIQk1wSGlkWXR1d0JhMlZ5SEgxamp4TlZxb2tjTTd0ZzZ4OE9pNHdiNzBHRFkySHk5NkEyTlAwR1F6cC1Ycm45ejRYZ3Zlczlld0ZqQldQSUNqenNZVm5uaDdtZDNNclVDRE1GdFRnZndpc1hKRjlYZTI1NUxqaDVOWEZHdFE?oc=5
2024-06-18,META,Meta,"AI-Driven Growth, Strategic Investments Propel Meta Platforms' Potential - Yahoo Finance","EN
Sign in
Before you continue to Google
We use cookies and data to
Deliver and maintain Google services
Track outages and protect against spam, fraud, and abuse
Measure audience engagement and site statistics to understand how our services are used and enhance the quality of those services
If you choose to “Accept all,” we will also use cookies and data to
Develop and improve new services
Deliver and measure the effectiveness of ads
Show personalized content, depending on your settings
Show personalized ads, depending on your settings
If you choose to “Reject all,” we will not use cookies for these additional purposes.
Non-personalized content is influenced by things like the content you’re currently viewing, activity in your active Search session, and your location. Non-personalized ads are influenced by the content you’re currently viewing and your general location. Personalized content and ads can also include more relevant results, recommendations, and tailored ads based on past activity from this browser, like previous Google searches. We also use cookies and data to tailor the experience to be age-appropriate, if relevant.
Select “More options” to see additional information, including details about managing your privacy settings. You can also visit g.co/privacytools at any time.
Reject all
Accept all
More options
Privacy Policy
Terms of Service",https://news.google.com/rss/articles/CBMijAFBVV95cUxOaXlNVkFBMWViaHBHbzVrTnZIdkk2VWJKU0k5SmFTb08wbXZ5QTcxVFNFTjROQ0tha1pqRHlIeVR4cE5JSm1PellISXBHUXpsOEtuUTA2ZTRJa0hYS1FsbkdZb3BKQklTMHQ3U0htODJrN3lva2FJaFc2SEl6ZVI4ZVZhNEkwNDVEbnBidQ?oc=5
2024-06-20,META,Meta,Meta Stock Rises On Launch Of Newest AI Model; Zuckerberg Targets 'World's Leading AI' - Investor's Business Daily,"EN
Sign in
Before you continue to Google
We use cookies and data to
Deliver and maintain Google services
Track outages and protect against spam, fraud, and abuse
Measure audience engagement and site statistics to understand how our services are used and enhance the quality of those services
If you choose to “Accept all,” we will also use cookies and data to
Develop and improve new services
Deliver and measure the effectiveness of ads
Show personalized content, depending on your settings
Show personalized ads, depending on your settings
If you choose to “Reject all,” we will not use cookies for these additional purposes.
Non-personalized content is influenced by things like the content you’re currently viewing, activity in your active Search session, and your location. Non-personalized ads are influenced by the content you’re currently viewing and your general location. Personalized content and ads can also include more relevant results, recommendations, and tailored ads based on past activity from this browser, like previous Google searches. We also use cookies and data to tailor the experience to be age-appropriate, if relevant.
Select “More options” to see additional information, including details about managing your privacy settings. You can also visit g.co/privacytools at any time.
Reject all
Accept all
More options
Privacy Policy
Terms of Service",https://news.google.com/rss/articles/CBMihgFBVV95cUxNcGRTcjNkcDJjLU5pQnlVWFBEVnc1eEMwbHdhT3hMSEdsYkdRbTV6cklXb0puak1TRmc3eXI3Mk85Y29GOGR2Wk5tQ3ZBMGIteUR5UUloZWpoeE9ORUlMR0RBYkY0Z0FRWjdlWFlRSmJ0VFlnZEp2MFVGUGE2bWhIV3NtTlRkdw?oc=5
2024-06-07,META,Meta,IBD Stock Of The Day Meta Rolls Out New AI Tools For Businesses - Investor's Business Daily,"EN
Sign in
Before you continue to Google
We use cookies and data to
Deliver and maintain Google services
Track outages and protect against spam, fraud, and abuse
Measure audience engagement and site statistics to understand how our services are used and enhance the quality of those services
If you choose to “Accept all,” we will also use cookies and data to
Develop and improve new services
Deliver and measure the effectiveness of ads
Show personalized content, depending on your settings
Show personalized ads, depending on your settings
If you choose to “Reject all,” we will not use cookies for these additional purposes.
Non-personalized content is influenced by things like the content you’re currently viewing, activity in your active Search session, and your location. Non-personalized ads are influenced by the content you’re currently viewing and your general location. Personalized content and ads can also include more relevant results, recommendations, and tailored ads based on past activity from this browser, like previous Google searches. We also use cookies and data to tailor the experience to be age-appropriate, if relevant.
Select “More options” to see additional information, including details about managing your privacy settings. You can also visit g.co/privacytools at any time.
Reject all
Accept all
More options
Privacy Policy
Terms of Service",https://news.google.com/rss/articles/CBMivAFBVV95cUxOVFhaQXlZMl9QS29mb21KczR6Yk1SUHk5QTlHaVA1MnVnUkNBbFZidTdkbUl2dm5GSDdHZlJxMHJPdFlqYzJPVEVHSFgxRklib2U5TFl6eEREWm04UVMydWNQcXpzSGlFcFNEVG9tSkVjZlZtbEd4dTRSSTJQZS1DeEpFdkVuVU5EQVB6Yno4N0hNUV9mWUJGWnRMQkY4Snp1dzNXeXpYWmZ3YTE2V0tPTUNOa0dISnRQQ1BTaQ?oc=5
2024-06-20,META,Meta,"Meta's Revenue Boost From Temu Looks Durable, Analyst Says - Investor's Business Daily","EN
Sign in
Before you continue to Google
We use cookies and data to
Deliver and maintain Google services
Track outages and protect against spam, fraud, and abuse
Measure audience engagement and site statistics to understand how our services are used and enhance the quality of those services
If you choose to “Accept all,” we will also use cookies and data to
Develop and improve new services
Deliver and measure the effectiveness of ads
Show personalized content, depending on your settings
Show personalized ads, depending on your settings
If you choose to “Reject all,” we will not use cookies for these additional purposes.
Non-personalized content is influenced by things like the content you’re currently viewing, activity in your active Search session, and your location. Non-personalized ads are influenced by the content you’re currently viewing and your general location. Personalized content and ads can also include more relevant results, recommendations, and tailored ads based on past activity from this browser, like previous Google searches. We also use cookies and data to tailor the experience to be age-appropriate, if relevant.
Select “More options” to see additional information, including details about managing your privacy settings. You can also visit g.co/privacytools at any time.
Reject all
Accept all
More options
Privacy Policy
Terms of Service",https://news.google.com/rss/articles/CBMiowFBVV95cUxQelFOSTEwakhpdl8tU0tUX1kyR0VSeGpSVmxPQWhOU3pGQ2dCMkg4aEYtR19KTEhlVUtHUmQ0S3hMemkwYTVvVnNQSUZXc2dURnFyamJFSE0tZmZKVzJxNldaMHhOdWE3SERiRGtsRFhNYjdaT2RGaXhkWGpscHFYX25uWHhsSGM4WlY0OWRqMl9oNWx6OW5Mb21NR3lsaXlrWmVZ?oc=5
2024-06-20,META,Meta,"Battle For Gen Z: Facebook Takes On Snap, Pinterest, TikTok - Investor's Business Daily","EN
Sign in
Before you continue to Google
We use cookies and data to
Deliver and maintain Google services
Track outages and protect against spam, fraud, and abuse
Measure audience engagement and site statistics to understand how our services are used and enhance the quality of those services
If you choose to “Accept all,” we will also use cookies and data to
Develop and improve new services
Deliver and measure the effectiveness of ads
Show personalized content, depending on your settings
Show personalized ads, depending on your settings
If you choose to “Reject all,” we will not use cookies for these additional purposes.
Non-personalized content is influenced by things like the content you’re currently viewing, activity in your active Search session, and your location. Non-personalized ads are influenced by the content you’re currently viewing and your general location. Personalized content and ads can also include more relevant results, recommendations, and tailored ads based on past activity from this browser, like previous Google searches. We also use cookies and data to tailor the experience to be age-appropriate, if relevant.
Select “More options” to see additional information, including details about managing your privacy settings. You can also visit g.co/privacytools at any time.
Reject all
Accept all
More options
Privacy Policy
Terms of Service",https://news.google.com/rss/articles/CBMimwFBVV95cUxQRVJDX1RSTUNwQ1lrdHo4Y0d6NEFYSWE5c2twUlc0UENoamJyZnc4cDZsZTlXVm9COGVodk1kc24wcTI1MXNNb1gwSTRpV05seVFmcXRmUW9PMThyOUxyR09ZSWNtdDV0N2M2T0dsOGVBbFRTRDJ6VVlVWUhnaE5UWnhSd2g2OGxuRWxDZlZIZlNXQ2dTMVcxN0RSTQ?oc=5
2024-06-29,META,Meta,"Meta, JPMorgan Lead Five Stocks Near Buy Points - Investor's Business Daily","EN
Sign in
Before you continue to Google
We use cookies and data to
Deliver and maintain Google services
Track outages and protect against spam, fraud, and abuse
Measure audience engagement and site statistics to understand how our services are used and enhance the quality of those services
If you choose to “Accept all,” we will also use cookies and data to
Develop and improve new services
Deliver and measure the effectiveness of ads
Show personalized content, depending on your settings
Show personalized ads, depending on your settings
If you choose to “Reject all,” we will not use cookies for these additional purposes.
Non-personalized content is influenced by things like the content you’re currently viewing, activity in your active Search session, and your location. Non-personalized ads are influenced by the content you’re currently viewing and your general location. Personalized content and ads can also include more relevant results, recommendations, and tailored ads based on past activity from this browser, like previous Google searches. We also use cookies and data to tailor the experience to be age-appropriate, if relevant.
Select “More options” to see additional information, including details about managing your privacy settings. You can also visit g.co/privacytools at any time.
Reject all
Accept all
More options
Privacy Policy
Terms of Service",https://news.google.com/rss/articles/CBMid0FVX3lxTFBKZDZDVlN6M0J3aml3bFppQWcwRU4zQjlXNElqWFJkcDR4ZENIQUlRRVBLZ2lwX3gwSGVwN1RYYTh2YnpmZHIyR09aWEEyLVNzVTA0cV9nM0dCR0ctaWdCQWJWRHM0eHhnODVGQ2d5UXdEN3ozMzA4?oc=5
2024-06-28,META,Meta,Futures Rise Ahead Of Key Inflation Data - Investor's Business Daily,"EN
Sign in
Before you continue to Google
We use cookies and data to
Deliver and maintain Google services
Track outages and protect against spam, fraud, and abuse
Measure audience engagement and site statistics to understand how our services are used and enhance the quality of those services
If you choose to “Accept all,” we will also use cookies and data to
Develop and improve new services
Deliver and measure the effectiveness of ads
Show personalized content, depending on your settings
Show personalized ads, depending on your settings
If you choose to “Reject all,” we will not use cookies for these additional purposes.
Non-personalized content is influenced by things like the content you’re currently viewing, activity in your active Search session, and your location. Non-personalized ads are influenced by the content you’re currently viewing and your general location. Personalized content and ads can also include more relevant results, recommendations, and tailored ads based on past activity from this browser, like previous Google searches. We also use cookies and data to tailor the experience to be age-appropriate, if relevant.
Select “More options” to see additional information, including details about managing your privacy settings. You can also visit g.co/privacytools at any time.
Reject all
Accept all
More options
Privacy Policy
Terms of Service",https://news.google.com/rss/articles/CBMinAFBVV95cUxQVWtrcWJaR1d2d3RCb1BkZVZsN0VvWlEwRXZ1NWxzN3BvLVc1bmRodEgyMVotSjNqenlnZXNJYXY0cURXQlAtMW41OW1pWkk5aXdlU1hsN2RWVjBmY0FUQV9BS054RkgwWkRjRF9BMHBnc214UFliQlh5RjVPb1djbjFicXczaGVwTzkxeUxIV29XeUlfTHIwU0FNcTI?oc=5
2024-06-24,META,Meta,Apple and Meta in Focus After Reportedly Discussing Generative AI Partnership - Investopedia,"EN
Sign in
Before you continue to Google
We use cookies and data to
Deliver and maintain Google services
Track outages and protect against spam, fraud, and abuse
Measure audience engagement and site statistics to understand how our services are used and enhance the quality of those services
If you choose to “Accept all,” we will also use cookies and data to
Develop and improve new services
Deliver and measure the effectiveness of ads
Show personalized content, depending on your settings
Show personalized ads, depending on your settings
If you choose to “Reject all,” we will not use cookies for these additional purposes.
Non-personalized content is influenced by things like the content you’re currently viewing, activity in your active Search session, and your location. Non-personalized ads are influenced by the content you’re currently viewing and your general location. Personalized content and ads can also include more relevant results, recommendations, and tailored ads based on past activity from this browser, like previous Google searches. We also use cookies and data to tailor the experience to be age-appropriate, if relevant.
Select “More options” to see additional information, including details about managing your privacy settings. You can also visit g.co/privacytools at any time.
Reject all
Accept all
More options
Privacy Policy
Terms of Service",https://news.google.com/rss/articles/CBMitAFBVV95cUxOMkNYc1FMRVk4SUd1SjV1TkZ3MGhrQU9mMlZoQkNCbGpSbktRTm80aVlXek1aU3lKNHJrbVJGTm5QYkZ4ZmZnLUNGTnQwdWtGYXBnMHh4UnRFbk9tc25RNlQzang1Y2t4TUVnVVZuOGlzSUt2SHRYeVVzNzQyR1BPT2haTkVvck1PdjhQRzhjNDNQSmhISDhnRjd0T3pGaUFUb1ZWWU9OejdYTEl1LW40T0pRTlk?oc=5
2024-07-12,META,Meta,Meta Stock Falls For Second Day. What's Behind Recent Slide? - Investor's Business Daily,"EN
Sign in
Before you continue to Google
We use cookies and data to
Deliver and maintain Google services
Track outages and protect against spam, fraud, and abuse
Measure audience engagement and site statistics to understand how our services are used and enhance the quality of those services
If you choose to “Accept all,” we will also use cookies and data to
Develop and improve new services
Deliver and measure the effectiveness of ads
Show personalized content, depending on your settings
Show personalized ads, depending on your settings
If you choose to “Reject all,” we will not use cookies for these additional purposes.
Non-personalized content is influenced by things like the content you’re currently viewing, activity in your active Search session, and your location. Non-personalized ads are influenced by the content you’re currently viewing and your general location. Personalized content and ads can also include more relevant results, recommendations, and tailored ads based on past activity from this browser, like previous Google searches. We also use cookies and data to tailor the experience to be age-appropriate, if relevant.
Select “More options” to see additional information, including details about managing your privacy settings. You can also visit g.co/privacytools at any time.
Reject all
Accept all
More options
Privacy Policy
Terms of Service",https://news.google.com/rss/articles/CBMifEFVX3lxTE84Mi0tN0ROUTZTekJNeGoxZnQ0YVhEcWo5YzF3UlBXRnJEcjFqNXk1dDVKVmhDdlFtaU9nRFRLOEhJUm0wX0xGSHdwT0o2YkYtUzNnMVl0UGRMWWl0T3l6YTFVWGhBUkZkR3V2UVN1dnlKa3B3UklPNjRwQUg?oc=5
2024-07-25,META,Meta,"Going into Earnings, is Meta a Buy, a Sell, or a Hold? - Morningstar","EN
Sign in
Before you continue to Google
We use cookies and data to
Deliver and maintain Google services
Track outages and protect against spam, fraud, and abuse
Measure audience engagement and site statistics to understand how our services are used and enhance the quality of those services
If you choose to “Accept all,” we will also use cookies and data to
Develop and improve new services
Deliver and measure the effectiveness of ads
Show personalized content, depending on your settings
Show personalized ads, depending on your settings
If you choose to “Reject all,” we will not use cookies for these additional purposes.
Non-personalized content is influenced by things like the content you’re currently viewing, activity in your active Search session, and your location. Non-personalized ads are influenced by the content you’re currently viewing and your general location. Personalized content and ads can also include more relevant results, recommendations, and tailored ads based on past activity from this browser, like previous Google searches. We also use cookies and data to tailor the experience to be age-appropriate, if relevant.
Select “More options” to see additional information, including details about managing your privacy settings. You can also visit g.co/privacytools at any time.
Reject all
Accept all
More options
Privacy Policy
Terms of Service",https://news.google.com/rss/articles/CBMiogFBVV95cUxOcUFhSlJjeTNDWEhTbHdyMjBMSDQ5VHNRcmNPTXVxa2ZYT1NrRHhjZWRsdE92QjVCNGxqUmhvMFJQTjc1QUJzc0ZyUUVYLWh0akNFeER6THkybXNwS2RGcWdyWC1BSHhkSmZucUtobTdtdGY0LVdxMHlGYURfZnpVdXg1elJfQ2VLNWhrYnlZLVRqc3JxRTRMbWJuYnNOQWdycVE?oc=5
2024-07-08,META,Meta,Watch These Meta Platforms Price Levels After Stock's Record Close - Investopedia,"EN
Sign in
Before you continue to Google
We use cookies and data to
Deliver and maintain Google services
Track outages and protect against spam, fraud, and abuse
Measure audience engagement and site statistics to understand how our services are used and enhance the quality of those services
If you choose to “Accept all,” we will also use cookies and data to
Develop and improve new services
Deliver and measure the effectiveness of ads
Show personalized content, depending on your settings
Show personalized ads, depending on your settings
If you choose to “Reject all,” we will not use cookies for these additional purposes.
Non-personalized content is influenced by things like the content you’re currently viewing, activity in your active Search session, and your location. Non-personalized ads are influenced by the content you’re currently viewing and your general location. Personalized content and ads can also include more relevant results, recommendations, and tailored ads based on past activity from this browser, like previous Google searches. We also use cookies and data to tailor the experience to be age-appropriate, if relevant.
Select “More options” to see additional information, including details about managing your privacy settings. You can also visit g.co/privacytools at any time.
Reject all
Accept all
More options
Privacy Policy
Terms of Service",https://news.google.com/rss/articles/CBMimgFBVV95cUxOVXk4WkNOdmNsVzNpcF82ZS01VlktMGZrZFBpLWk2OGhIUEF0cHloRnNoeTU4VDV6LW9nTXpTVlpDOVBla04xd19nSWlwMWhxQXJtLXFKTk1qLURrcG03aHh3R1JSVXZwWURtQ3NKNS0tQ2tIN19ueDYzNy04emR6Q201aHpYRGtqVDQzTklMaS1pTW05TTU1R2p3?oc=5
2024-07-04,META,Meta,Meta Platforms (META) Soared on Strong Results - Yahoo Finance,"EN
Sign in
Before you continue to Google
We use cookies and data to
Deliver and maintain Google services
Track outages and protect against spam, fraud, and abuse
Measure audience engagement and site statistics to understand how our services are used and enhance the quality of those services
If you choose to “Accept all,” we will also use cookies and data to
Develop and improve new services
Deliver and measure the effectiveness of ads
Show personalized content, depending on your settings
Show personalized ads, depending on your settings
If you choose to “Reject all,” we will not use cookies for these additional purposes.
Non-personalized content is influenced by things like the content you’re currently viewing, activity in your active Search session, and your location. Non-personalized ads are influenced by the content you’re currently viewing and your general location. Personalized content and ads can also include more relevant results, recommendations, and tailored ads based on past activity from this browser, like previous Google searches. We also use cookies and data to tailor the experience to be age-appropriate, if relevant.
Select “More options” to see additional information, including details about managing your privacy settings. You can also visit g.co/privacytools at any time.
Reject all
Accept all
More options
Privacy Policy
Terms of Service",https://news.google.com/rss/articles/CBMihgFBVV95cUxNaDREZ0wxNGNBNlctNHlibGZZWk9mSlhUdk9KWklWTmM0RmhJUnZ3T2lLc2NRMThsR09hU0hHQ1pWZ0V0NjRFU1ZobmVpMS0xR2taWmdNUEdXdVRVVVpXalN0ZW5zSVI0U09yRkVNMHJkcVIzNE1vallrSHlKTmFmMEVmRkYzZw?oc=5
2024-07-17,META,Meta,Meta's Stock Below $500 Is A Gift (NASDAQ:META) - Seeking Alpha,"EN
Sign in
Before you continue to Google
We use cookies and data to
Deliver and maintain Google services
Track outages and protect against spam, fraud, and abuse
Measure audience engagement and site statistics to understand how our services are used and enhance the quality of those services
If you choose to “Accept all,” we will also use cookies and data to
Develop and improve new services
Deliver and measure the effectiveness of ads
Show personalized content, depending on your settings
Show personalized ads, depending on your settings
If you choose to “Reject all,” we will not use cookies for these additional purposes.
Non-personalized content is influenced by things like the content you’re currently viewing, activity in your active Search session, and your location. Non-personalized ads are influenced by the content you’re currently viewing and your general location. Personalized content and ads can also include more relevant results, recommendations, and tailored ads based on past activity from this browser, like previous Google searches. We also use cookies and data to tailor the experience to be age-appropriate, if relevant.
Select “More options” to see additional information, including details about managing your privacy settings. You can also visit g.co/privacytools at any time.
Reject all
Accept all
More options
Privacy Policy
Terms of Service",https://news.google.com/rss/articles/CBMifEFVX3lxTE12TkxmeC0wR254ZmRoVGVRRkhmN2hnY0N4cE9YV0cxakdjbW90XzV6RUdybktzbzRxX0xMWkhneTk1azZxSW1iczBob2d6WC1Yd0UwV1lBM09TVHNBa2tvVG5zRmZaWlBESmJFRHJfYmZQWjZLMTNZQlhSV3k?oc=5
2024-07-10,META,Meta,"Meta’s Share Price Passed $500: Here's How It Surges Past $1,000 - 24/7 Wall St.","EN
Sign in
Before you continue to Google
We use cookies and data to
Deliver and maintain Google services
Track outages and protect against spam, fraud, and abuse
Measure audience engagement and site statistics to understand how our services are used and enhance the quality of those services
If you choose to “Accept all,” we will also use cookies and data to
Develop and improve new services
Deliver and measure the effectiveness of ads
Show personalized content, depending on your settings
Show personalized ads, depending on your settings
If you choose to “Reject all,” we will not use cookies for these additional purposes.
Non-personalized content is influenced by things like the content you’re currently viewing, activity in your active Search session, and your location. Non-personalized ads are influenced by the content you’re currently viewing and your general location. Personalized content and ads can also include more relevant results, recommendations, and tailored ads based on past activity from this browser, like previous Google searches. We also use cookies and data to tailor the experience to be age-appropriate, if relevant.
Select “More options” to see additional information, including details about managing your privacy settings. You can also visit g.co/privacytools at any time.
Reject all
Accept all
More options
Privacy Policy
Terms of Service",https://news.google.com/rss/articles/CBMiqAFBVV95cUxONEp2Y2RCbDFtaTZkZHBENWJiQThyRjZFdE83SmpyYnB5VVgwQ05kWW5LbTRwZm9CNDN2ZjdRUG16dnVZaUxMdUVvNnFTTmlWTzA1YjlndERoTERaME1OdnV5aUktaW8wdEJ2SXhhc2JrVnN3WkdicXJvVHR3S2VLY2s1VG1OaVplS1Rxb0pqVGxxUWpsdl85TVNwaEN2WmVvcHYxeTg2U1E?oc=5
2024-07-29,META,Meta,"Meta Platforms Stock Is Up Twice As Much As S&P500, What To Expect From Q2 Results? - Forbes","EN
Sign in
Before you continue to Google
We use cookies and data to
Deliver and maintain Google services
Track outages and protect against spam, fraud, and abuse
Measure audience engagement and site statistics to understand how our services are used and enhance the quality of those services
If you choose to “Accept all,” we will also use cookies and data to
Develop and improve new services
Deliver and measure the effectiveness of ads
Show personalized content, depending on your settings
Show personalized ads, depending on your settings
If you choose to “Reject all,” we will not use cookies for these additional purposes.
Non-personalized content is influenced by things like the content you’re currently viewing, activity in your active Search session, and your location. Non-personalized ads are influenced by the content you’re currently viewing and your general location. Personalized content and ads can also include more relevant results, recommendations, and tailored ads based on past activity from this browser, like previous Google searches. We also use cookies and data to tailor the experience to be age-appropriate, if relevant.
Select “More options” to see additional information, including details about managing your privacy settings. You can also visit g.co/privacytools at any time.
Reject all
Accept all
More options
Privacy Policy
Terms of Service",https://news.google.com/rss/articles/CBMi1gFBVV95cUxNX3RSdkhCR3JybjN4a0RLMmtuR0p6QmdvMWR4MnA4dm5WbXJ0cTBDamFBZUE2VnRjd2ktbjdULUNqMTJicFp1Y0NEMnozdFY2Wk1PSWk1UnlOWnRScnNjM3JJTHltay1wZ1c2OUp1VlRmX0dNMUkyTW4tTjE2UEhNbEZSVGttWmhfcWViVXZlRHpjXzdJeUQ4QkplbE9YaFdqMmgtMlZySUd1MTNyWlJkRXUyUTVTUXJYWldOQndqblc5TXBXM1c1bXgtenZnSEsyZjJRUFB3?oc=5
2024-07-04,META,Meta,Where Will Meta Platforms Be in 5 Years? - The Motley Fool,"EN
Sign in
Before you continue to Google
We use cookies and data to
Deliver and maintain Google services
Track outages and protect against spam, fraud, and abuse
Measure audience engagement and site statistics to understand how our services are used and enhance the quality of those services
If you choose to “Accept all,” we will also use cookies and data to
Develop and improve new services
Deliver and measure the effectiveness of ads
Show personalized content, depending on your settings
Show personalized ads, depending on your settings
If you choose to “Reject all,” we will not use cookies for these additional purposes.
Non-personalized content is influenced by things like the content you’re currently viewing, activity in your active Search session, and your location. Non-personalized ads are influenced by the content you’re currently viewing and your general location. Personalized content and ads can also include more relevant results, recommendations, and tailored ads based on past activity from this browser, like previous Google searches. We also use cookies and data to tailor the experience to be age-appropriate, if relevant.
Select “More options” to see additional information, including details about managing your privacy settings. You can also visit g.co/privacytools at any time.
Reject all
Accept all
More options
Privacy Policy
Terms of Service",https://news.google.com/rss/articles/CBMiigFBVV95cUxNUkFmOTUzUm1YQ3g5Ym41N1N1LW9WZmlwWmExVGtfdlF0UjdiOXZ3bmR5Ul9mWF8wYW5VUnhnb01nMllCd3o5YVRNWHZMWm1NY3REMWdPa25UY0J0Y2JZaERmY0NmXzFMaHNVVXdKMXhLMUFad1dCSUZ1bHZKdF9DeEFiX1ZCTW96dlE?oc=5
2024-07-23,META,Meta,Meta Gets Price Target Boosts As Facebook Parent Grapples With Mag 7 'Fatigue' - Investor's Business Daily,"EN
Sign in
Before you continue to Google
We use cookies and data to
Deliver and maintain Google services
Track outages and protect against spam, fraud, and abuse
Measure audience engagement and site statistics to understand how our services are used and enhance the quality of those services
If you choose to “Accept all,” we will also use cookies and data to
Develop and improve new services
Deliver and measure the effectiveness of ads
Show personalized content, depending on your settings
Show personalized ads, depending on your settings
If you choose to “Reject all,” we will not use cookies for these additional purposes.
Non-personalized content is influenced by things like the content you’re currently viewing, activity in your active Search session, and your location. Non-personalized ads are influenced by the content you’re currently viewing and your general location. Personalized content and ads can also include more relevant results, recommendations, and tailored ads based on past activity from this browser, like previous Google searches. We also use cookies and data to tailor the experience to be age-appropriate, if relevant.
Select “More options” to see additional information, including details about managing your privacy settings. You can also visit g.co/privacytools at any time.
Reject all
Accept all
More options
Privacy Policy
Terms of Service",https://news.google.com/rss/articles/CBMijwFBVV95cUxQbF9rZERPTXM2UU5yN1lJcW5IVjdla0ZpNm1yaWVNeUk3R3Z6ZkFib3lBRm1HVVA0S2NOejVCb1dqeUdtWEpjcmJjNktOTHFMY0F6U0wzTlJvZjVQb0R1bzIzZzVadUlSS0tMRjVUU2p0S3Y1SVR5MDFSZDZvblh3dWVuMXQ3RWxfUXF5UFNXSQ?oc=5
2024-07-05,META,Meta,S&P 500 Gains and Losses Today: Meta Soars as Investors Hit 'Like' on AI Progress - Investopedia,"EN
Sign in
Before you continue to Google
We use cookies and data to
Deliver and maintain Google services
Track outages and protect against spam, fraud, and abuse
Measure audience engagement and site statistics to understand how our services are used and enhance the quality of those services
If you choose to “Accept all,” we will also use cookies and data to
Develop and improve new services
Deliver and measure the effectiveness of ads
Show personalized content, depending on your settings
Show personalized ads, depending on your settings
If you choose to “Reject all,” we will not use cookies for these additional purposes.
Non-personalized content is influenced by things like the content you’re currently viewing, activity in your active Search session, and your location. Non-personalized ads are influenced by the content you’re currently viewing and your general location. Personalized content and ads can also include more relevant results, recommendations, and tailored ads based on past activity from this browser, like previous Google searches. We also use cookies and data to tailor the experience to be age-appropriate, if relevant.
Select “More options” to see additional information, including details about managing your privacy settings. You can also visit g.co/privacytools at any time.
Reject all
Accept all
More options
Privacy Policy
Terms of Service",https://news.google.com/rss/articles/CBMioAFBVV95cUxQR28zSkFVX1NHS2tMRW12MTA4V0NXMEE4MzQtbnR3ZjI4S2o0M2V2M2tKcExqa2REcUlMaS1OcVhYY1RXemFKRW1xQ2U2Ym9sbEEtWkRlbnAxT2hWel9NSkdrVmNnZVFjRlotaG82alZ6SS03NE95bWl6ZzdhbkpDMmNVejFYYTctdHlOOFBYQmNiQ1o5cTBsaGEzVC1GVFhH?oc=5
2024-07-12,META,Meta,Billionaires Are Selling Shares of This Well-Known Stock - Yahoo Finance,"EN
Sign in
Before you continue to Google
We use cookies and data to
Deliver and maintain Google services
Track outages and protect against spam, fraud, and abuse
Measure audience engagement and site statistics to understand how our services are used and enhance the quality of those services
If you choose to “Accept all,” we will also use cookies and data to
Develop and improve new services
Deliver and measure the effectiveness of ads
Show personalized content, depending on your settings
Show personalized ads, depending on your settings
If you choose to “Reject all,” we will not use cookies for these additional purposes.
Non-personalized content is influenced by things like the content you’re currently viewing, activity in your active Search session, and your location. Non-personalized ads are influenced by the content you’re currently viewing and your general location. Personalized content and ads can also include more relevant results, recommendations, and tailored ads based on past activity from this browser, like previous Google searches. We also use cookies and data to tailor the experience to be age-appropriate, if relevant.
Select “More options” to see additional information, including details about managing your privacy settings. You can also visit g.co/privacytools at any time.
Reject all
Accept all
More options
Privacy Policy
Terms of Service",https://news.google.com/rss/articles/CBMijAFBVV95cUxNZnlOT1AzX0U5bHZaSEFlZ1hINjY3VDhaWUNlTjdOVWxjX3ZfM3N5UGhaY2JLb01kT2dxQU1pdlNwZldjYTF6R2xoMk50SUJTNlQ1N01icW5VSDNMS3o1TkVVM0VoTHh2N0dFSFQ5SkFXeEVvcUF3SlgtVFl6d0t5b0t1eWZIZm90YTIxLQ?oc=5
2024-07-21,META,Meta,Meta Platforms' Q2: What To Expect And What To Watch (NASDAQ:META) - Seeking Alpha,"EN
Sign in
Before you continue to Google
We use cookies and data to
Deliver and maintain Google services
Track outages and protect against spam, fraud, and abuse
Measure audience engagement and site statistics to understand how our services are used and enhance the quality of those services
If you choose to “Accept all,” we will also use cookies and data to
Develop and improve new services
Deliver and measure the effectiveness of ads
Show personalized content, depending on your settings
Show personalized ads, depending on your settings
If you choose to “Reject all,” we will not use cookies for these additional purposes.
Non-personalized content is influenced by things like the content you’re currently viewing, activity in your active Search session, and your location. Non-personalized ads are influenced by the content you’re currently viewing and your general location. Personalized content and ads can also include more relevant results, recommendations, and tailored ads based on past activity from this browser, like previous Google searches. We also use cookies and data to tailor the experience to be age-appropriate, if relevant.
Select “More options” to see additional information, including details about managing your privacy settings. You can also visit g.co/privacytools at any time.
Reject all
Accept all
More options
Privacy Policy
Terms of Service",https://news.google.com/rss/articles/CBMilgFBVV95cUxQOUZCaVZGcE5FNk9VbGpOdDc1eFV2YUlnUVhyVzN3UGxkank2SmpQZUsySTJ4TXNIcjl2MTRfakNkWGhqUDJZZkFwNm10eTBYMU00TkN6UUFtTnpnOGlENU5JU09sX0pKMURVV3hQOFY1NEJYb3prYjNMNTVsandnd0YwVzFrclA4SlJieW83Um50ZlZNbUE?oc=5
2024-07-10,META,Meta,Analysts Hike Price Targets On Meta As AI-Focus Seen Driving Revenue Growth - Investor's Business Daily,"EN
Sign in
Before you continue to Google
We use cookies and data to
Deliver and maintain Google services
Track outages and protect against spam, fraud, and abuse
Measure audience engagement and site statistics to understand how our services are used and enhance the quality of those services
If you choose to “Accept all,” we will also use cookies and data to
Develop and improve new services
Deliver and measure the effectiveness of ads
Show personalized content, depending on your settings
Show personalized ads, depending on your settings
If you choose to “Reject all,” we will not use cookies for these additional purposes.
Non-personalized content is influenced by things like the content you’re currently viewing, activity in your active Search session, and your location. Non-personalized ads are influenced by the content you’re currently viewing and your general location. Personalized content and ads can also include more relevant results, recommendations, and tailored ads based on past activity from this browser, like previous Google searches. We also use cookies and data to tailor the experience to be age-appropriate, if relevant.
Select “More options” to see additional information, including details about managing your privacy settings. You can also visit g.co/privacytools at any time.
Reject all
Accept all
More options
Privacy Policy
Terms of Service",https://news.google.com/rss/articles/CBMigwFBVV95cUxPQUhYdEtPb0RJR0M5dEdiLWVHNFZLRkRJM1JISVI4aG5FZzJzVjQ1MUM5eEt5LUNRZFY2NTFOTFBIeXREZldMOElKdVJpM3pmZkRETWgtdWV2Zlk1OFdsNmFMdjI0YzZ2NjlkNjFrRFZLS3VHZGVDaVhRbDZrYWJlbXA3NA?oc=5
2024-07-01,META,Meta,Meta Accused Of Breaking Europe Union's Tech Competition Rules - Investor's Business Daily,"EN
Sign in
Before you continue to Google
We use cookies and data to
Deliver and maintain Google services
Track outages and protect against spam, fraud, and abuse
Measure audience engagement and site statistics to understand how our services are used and enhance the quality of those services
If you choose to “Accept all,” we will also use cookies and data to
Develop and improve new services
Deliver and measure the effectiveness of ads
Show personalized content, depending on your settings
Show personalized ads, depending on your settings
If you choose to “Reject all,” we will not use cookies for these additional purposes.
Non-personalized content is influenced by things like the content you’re currently viewing, activity in your active Search session, and your location. Non-personalized ads are influenced by the content you’re currently viewing and your general location. Personalized content and ads can also include more relevant results, recommendations, and tailored ads based on past activity from this browser, like previous Google searches. We also use cookies and data to tailor the experience to be age-appropriate, if relevant.
Select “More options” to see additional information, including details about managing your privacy settings. You can also visit g.co/privacytools at any time.
Reject all
Accept all
More options
Privacy Policy
Terms of Service",https://news.google.com/rss/articles/CBMimwFBVV95cUxNY1N3Qk5EWGdYRm5jdGFzTEdleFJhOXZEb2w3Rno1VkdrUmpVYlVKM2hUT0U3NExEMWoxdEZVVXVDeDBTN0NJY3JIMlVzWGhHemxhYlF4XzcwZzk1VnROQTB0SGtyWEZrMlprNTVxN3I4ZU15ZFhSdDNvSmdKU25vYjMyYllNeUtlRDZKbmhnc0Fha0p5MkNQbGpoMA?oc=5
2024-07-29,META,Meta,"Meta's Earnings Report Puts AI Costs, Ad Strength In Focus - Investor's Business Daily","EN
Sign in
Before you continue to Google
We use cookies and data to
Deliver and maintain Google services
Track outages and protect against spam, fraud, and abuse
Measure audience engagement and site statistics to understand how our services are used and enhance the quality of those services
If you choose to “Accept all,” we will also use cookies and data to
Develop and improve new services
Deliver and measure the effectiveness of ads
Show personalized content, depending on your settings
Show personalized ads, depending on your settings
If you choose to “Reject all,” we will not use cookies for these additional purposes.
Non-personalized content is influenced by things like the content you’re currently viewing, activity in your active Search session, and your location. Non-personalized ads are influenced by the content you’re currently viewing and your general location. Personalized content and ads can also include more relevant results, recommendations, and tailored ads based on past activity from this browser, like previous Google searches. We also use cookies and data to tailor the experience to be age-appropriate, if relevant.
Select “More options” to see additional information, including details about managing your privacy settings. You can also visit g.co/privacytools at any time.
Reject all
Accept all
More options
Privacy Policy
Terms of Service",https://news.google.com/rss/articles/CBMikwFBVV95cUxNLUloR3czXzh0eHhsWlJtemRtRmFMVXpJeTdpU1VzdTZxWEZiVURXQlJ3YXY4bVVSTkY4LTVYZVNVbHFMLS1MNkF4cnlETmtIb1ZRRUhOTnhxNWp3T2lFS1FvRWgxaDloRTVtUmdsRjBnRGJlNzVBLTl5eTlIeFN0T1BSNWtPZWZpNGFFcmlwY3RYTHM?oc=5
2024-07-03,META,Meta,"Meta Has Edge Over Google In AI Battle, Analyst Says - Investor's Business Daily","EN
Sign in
Before you continue to Google
We use cookies and data to
Deliver and maintain Google services
Track outages and protect against spam, fraud, and abuse
Measure audience engagement and site statistics to understand how our services are used and enhance the quality of those services
If you choose to “Accept all,” we will also use cookies and data to
Develop and improve new services
Deliver and measure the effectiveness of ads
Show personalized content, depending on your settings
Show personalized ads, depending on your settings
If you choose to “Reject all,” we will not use cookies for these additional purposes.
Non-personalized content is influenced by things like the content you’re currently viewing, activity in your active Search session, and your location. Non-personalized ads are influenced by the content you’re currently viewing and your general location. Personalized content and ads can also include more relevant results, recommendations, and tailored ads based on past activity from this browser, like previous Google searches. We also use cookies and data to tailor the experience to be age-appropriate, if relevant.
Select “More options” to see additional information, including details about managing your privacy settings. You can also visit g.co/privacytools at any time.
Reject all
Accept all
More options
Privacy Policy
Terms of Service",https://news.google.com/rss/articles/CBMihwFBVV95cUxQYW0xdEZvZGM3M05SSldiaTltNElfd2dMUTFhc1JuN0VHMDN3X1BIRlkxZGtjVWlhTGM3aXRvOWs2aURQU1dYaGN6Z2FraEM4VERNUmxQdk1NQjNrSV82bDBfVXhRNlhiQU8zbFh6UXBOVVRNenFQemZGUjRNTlNLbDNfXzcxamc?oc=5
2024-07-25,META,Meta,"These Signs Show Which Stocks Are Having A Hidden Rally, Says Mark Minervini - Investor's Business Daily","EN
Sign in
Before you continue to Google
We use cookies and data to
Deliver and maintain Google services
Track outages and protect against spam, fraud, and abuse
Measure audience engagement and site statistics to understand how our services are used and enhance the quality of those services
If you choose to “Accept all,” we will also use cookies and data to
Develop and improve new services
Deliver and measure the effectiveness of ads
Show personalized content, depending on your settings
Show personalized ads, depending on your settings
If you choose to “Reject all,” we will not use cookies for these additional purposes.
Non-personalized content is influenced by things like the content you’re currently viewing, activity in your active Search session, and your location. Non-personalized ads are influenced by the content you’re currently viewing and your general location. Personalized content and ads can also include more relevant results, recommendations, and tailored ads based on past activity from this browser, like previous Google searches. We also use cookies and data to tailor the experience to be age-appropriate, if relevant.
Select “More options” to see additional information, including details about managing your privacy settings. You can also visit g.co/privacytools at any time.
Reject all
Accept all
More options
Privacy Policy
Terms of Service",https://news.google.com/rss/articles/CBMiqwFBVV95cUxOd3VVVmpwejIwUVRqdUpsNk5kUks4LVNBd20wcG81SzNZYUxQSVVfSHBMdWdLZlR5VURjUWEtczBkRWpoUkxyUWM5WnJmOUZvTUk4WE5hWVRGV2pWT1dUbDU1UDl0a2htVzJtQjRYRGdUVVNETXlZSU9qWHFIM0xLQWQ5SExqSDQzRVpsemc4emJxaEhwVktVRktfRUNTdGNpTk9mWGluaG92UU0?oc=5
2024-06-29,META,Meta,"Meta, JPMorgan Lead Five Stocks Near Buy Points - Investor's Business Daily","EN
Sign in
Before you continue to Google
We use cookies and data to
Deliver and maintain Google services
Track outages and protect against spam, fraud, and abuse
Measure audience engagement and site statistics to understand how our services are used and enhance the quality of those services
If you choose to “Accept all,” we will also use cookies and data to
Develop and improve new services
Deliver and measure the effectiveness of ads
Show personalized content, depending on your settings
Show personalized ads, depending on your settings
If you choose to “Reject all,” we will not use cookies for these additional purposes.
Non-personalized content is influenced by things like the content you’re currently viewing, activity in your active Search session, and your location. Non-personalized ads are influenced by the content you’re currently viewing and your general location. Personalized content and ads can also include more relevant results, recommendations, and tailored ads based on past activity from this browser, like previous Google searches. We also use cookies and data to tailor the experience to be age-appropriate, if relevant.
Select “More options” to see additional information, including details about managing your privacy settings. You can also visit g.co/privacytools at any time.
Reject all
Accept all
More options
Privacy Policy
Terms of Service",https://news.google.com/rss/articles/CBMid0FVX3lxTFBKZDZDVlN6M0J3aml3bFppQWcwRU4zQjlXNElqWFJkcDR4ZENIQUlRRVBLZ2lwX3gwSGVwN1RYYTh2YnpmZHIyR09aWEEyLVNzVTA0cV9nM0dCR0ctaWdCQWJWRHM0eHhnODVGQ2d5UXdEN3ozMzA4?oc=5
2024-07-01,META,Meta,"Banking Giant, Mag 7 Stock Eye New Buy Points - Investor's Business Daily","EN
Sign in
Before you continue to Google
We use cookies and data to
Deliver and maintain Google services
Track outages and protect against spam, fraud, and abuse
Measure audience engagement and site statistics to understand how our services are used and enhance the quality of those services
If you choose to “Accept all,” we will also use cookies and data to
Develop and improve new services
Deliver and measure the effectiveness of ads
Show personalized content, depending on your settings
Show personalized ads, depending on your settings
If you choose to “Reject all,” we will not use cookies for these additional purposes.
Non-personalized content is influenced by things like the content you’re currently viewing, activity in your active Search session, and your location. Non-personalized ads are influenced by the content you’re currently viewing and your general location. Personalized content and ads can also include more relevant results, recommendations, and tailored ads based on past activity from this browser, like previous Google searches. We also use cookies and data to tailor the experience to be age-appropriate, if relevant.
Select “More options” to see additional information, including details about managing your privacy settings. You can also visit g.co/privacytools at any time.
Reject all
Accept all
More options
Privacy Policy
Terms of Service",https://news.google.com/rss/articles/CBMingFBVV95cUxOY3NWMmJybUVlNllpUGllWk84WnNOYlRfSl85elVYTjl4djdUT3Bua0NpREhiVmFmQ3UwVUw1WTQwSTktTmpmUUh0V0MyejVFUGNfVXo4NllVdlp2UDFMYnk2OGhNN2NlRjRUaHoyRWdPb1RJNmJGVDR5UkRaUXRlaktWbVJydFotaEowZ2dsQ0VyVVc2SzcwRnBwbENfZw?oc=5
2024-07-08,META,Meta,Facebook Parent Meta Platforms Among 4 Hot Stocks At All-Time Highs: Look For The Best Stocks On These IBD Lists - Investor's Business Daily,"EN
Sign in
Before you continue to Google
We use cookies and data to
Deliver and maintain Google services
Track outages and protect against spam, fraud, and abuse
Measure audience engagement and site statistics to understand how our services are used and enhance the quality of those services
If you choose to “Accept all,” we will also use cookies and data to
Develop and improve new services
Deliver and measure the effectiveness of ads
Show personalized content, depending on your settings
Show personalized ads, depending on your settings
If you choose to “Reject all,” we will not use cookies for these additional purposes.
Non-personalized content is influenced by things like the content you’re currently viewing, activity in your active Search session, and your location. Non-personalized ads are influenced by the content you’re currently viewing and your general location. Personalized content and ads can also include more relevant results, recommendations, and tailored ads based on past activity from this browser, like previous Google searches. We also use cookies and data to tailor the experience to be age-appropriate, if relevant.
Select “More options” to see additional information, including details about managing your privacy settings. You can also visit g.co/privacytools at any time.
Reject all
Accept all
More options
Privacy Policy
Terms of Service",https://news.google.com/rss/articles/CBMi2wFBVV95cUxPZXdBZU9SemlsbnUzWDR3bUk5azVmRFhLTEFRa0pPUnVMTWlUZ0FrOFlxOHZYYkJfT0VJTFNpUmpUbXNkUlZYdWtCVW1YRXJrU3FPTVdINEdvQ0Q5amE1Yko4S2tQRVNuRnBJdkRtQjZfQTFuVGk3bk1hcTg4T052MndQcWc4MUk2a3F2RUlGU3BEaTRKUG5vU3BNMzBHcGVZYTR6cXZFS0ZpQnBQQ1B6V29nZEVUR2U4RklncFNTeklHSzJkTWJ6akl5VmxGbDlVWkVqQUVGUVBoV2s?oc=5
2024-08-06,META,Meta,"After Earnings, Is Meta Stock a Buy, a Sell, or Fairly Valued? - Morningstar","EN
Sign in
Before you continue to Google
We use cookies and data to
Deliver and maintain Google services
Track outages and protect against spam, fraud, and abuse
Measure audience engagement and site statistics to understand how our services are used and enhance the quality of those services
If you choose to “Accept all,” we will also use cookies and data to
Develop and improve new services
Deliver and measure the effectiveness of ads
Show personalized content, depending on your settings
Show personalized ads, depending on your settings
If you choose to “Reject all,” we will not use cookies for these additional purposes.
Non-personalized content is influenced by things like the content you’re currently viewing, activity in your active Search session, and your location. Non-personalized ads are influenced by the content you’re currently viewing and your general location. Personalized content and ads can also include more relevant results, recommendations, and tailored ads based on past activity from this browser, like previous Google searches. We also use cookies and data to tailor the experience to be age-appropriate, if relevant.
Select “More options” to see additional information, including details about managing your privacy settings. You can also visit g.co/privacytools at any time.
Reject all
Accept all
More options
Privacy Policy
Terms of Service",https://news.google.com/rss/articles/CBMilgFBVV95cUxQZFBmdlB0cFdTRGdxUUNwN05CQkRJZ2JBU0RFQXVYMnhTNEN4dDJoMmc2ZzBWLWV3czJqOGlFd0NYQmZ5bTlxaENrRllIYmhGRXZhT2hBeVBwNk9HSGgyMExqbUNHdHdFNHFoYlBUc2VRRmtKLTdVSHlhU1VNVUNzYlVNQ29mT2llZWM0N1A2N29ZY0VTNFE?oc=5
2024-08-05,META,Meta,Meta Stock Slumps As Market Sell-Off Hits Q2 Earnings Gains - Investor's Business Daily,"EN
Sign in
Before you continue to Google
We use cookies and data to
Deliver and maintain Google services
Track outages and protect against spam, fraud, and abuse
Measure audience engagement and site statistics to understand how our services are used and enhance the quality of those services
If you choose to “Accept all,” we will also use cookies and data to
Develop and improve new services
Deliver and measure the effectiveness of ads
Show personalized content, depending on your settings
Show personalized ads, depending on your settings
If you choose to “Reject all,” we will not use cookies for these additional purposes.
Non-personalized content is influenced by things like the content you’re currently viewing, activity in your active Search session, and your location. Non-personalized ads are influenced by the content you’re currently viewing and your general location. Personalized content and ads can also include more relevant results, recommendations, and tailored ads based on past activity from this browser, like previous Google searches. We also use cookies and data to tailor the experience to be age-appropriate, if relevant.
Select “More options” to see additional information, including details about managing your privacy settings. You can also visit g.co/privacytools at any time.
Reject all
Accept all
More options
Privacy Policy
Terms of Service",https://news.google.com/rss/articles/CBMiiAFBVV95cUxNWUFRUVlnZjRTbGNBTkhFb0x5dHM2YXlVY2FWZTVnZl9NMGRpYy1aeUVSWlItRlBQV3ktTUZvWVctQWxGSGlEWGxHakRJcnpGSnE4a3JCYTdqazF3Z1phOXVHOWdjV1p6QUZTQUhLbFdxQS0wbUNEVFV5RkItTTNhUTgxZjlNeF9J?oc=5
2024-08-05,META,Meta,Here's the Key Reason Meta Platforms Stock Has Soared 464% Since 2022 -- Hint: It's Not Artificial Intelligence (AI) - Yahoo Finance,"EN
Sign in
Before you continue to Google
We use cookies and data to
Deliver and maintain Google services
Track outages and protect against spam, fraud, and abuse
Measure audience engagement and site statistics to understand how our services are used and enhance the quality of those services
If you choose to “Accept all,” we will also use cookies and data to
Develop and improve new services
Deliver and measure the effectiveness of ads
Show personalized content, depending on your settings
Show personalized ads, depending on your settings
If you choose to “Reject all,” we will not use cookies for these additional purposes.
Non-personalized content is influenced by things like the content you’re currently viewing, activity in your active Search session, and your location. Non-personalized ads are influenced by the content you’re currently viewing and your general location. Personalized content and ads can also include more relevant results, recommendations, and tailored ads based on past activity from this browser, like previous Google searches. We also use cookies and data to tailor the experience to be age-appropriate, if relevant.
Select “More options” to see additional information, including details about managing your privacy settings. You can also visit g.co/privacytools at any time.
Reject all
Accept all
More options
Privacy Policy
Terms of Service",https://news.google.com/rss/articles/CBMigwFBVV95cUxQZTVhdGdJNUNWQjFRR1o1OXdxaUhLNGJjY0xxeUtIdnNmNGFaREVvVGpyd2ZtVVM4YmNLN1dyV3VfRk9scmRrYUViZWdURWFpZVcwQTJMODk3Y3lhYWxxQUJncTd6SWxVYXY4OTJYMERxRjdNSkZkOV9kaDQ5VEVsdFpXbw?oc=5
2024-08-07,META,Meta,How to Buy Meta Stock [With $5 or Less] - FinanceBuzz,"EN
Sign in
Before you continue to Google
We use cookies and data to
Deliver and maintain Google services
Track outages and protect against spam, fraud, and abuse
Measure audience engagement and site statistics to understand how our services are used and enhance the quality of those services
If you choose to “Accept all,” we will also use cookies and data to
Develop and improve new services
Deliver and measure the effectiveness of ads
Show personalized content, depending on your settings
Show personalized ads, depending on your settings
If you choose to “Reject all,” we will not use cookies for these additional purposes.
Non-personalized content is influenced by things like the content you’re currently viewing, activity in your active Search session, and your location. Non-personalized ads are influenced by the content you’re currently viewing and your general location. Personalized content and ads can also include more relevant results, recommendations, and tailored ads based on past activity from this browser, like previous Google searches. We also use cookies and data to tailor the experience to be age-appropriate, if relevant.
Select “More options” to see additional information, including details about managing your privacy settings. You can also visit g.co/privacytools at any time.
Reject all
Accept all
More options
Privacy Policy
Terms of Service",https://news.google.com/rss/articles/CBMiXkFVX3lxTE1zX3BuODl6QTFpZllJdHFBX1FDdng0RTFfakFDbzdVTk8tRk9CeDRTX0tKSEt6NENzZUJjZEkzVnhkelFnVFFnbm15bEVkSGR2RnNQWDhwNW1zQ3VWSnc?oc=5
2024-08-01,META,Meta,Meta Stock Rises on Strong Earnings and an Improving Outlook - Barron's,"EN
Sign in
Before you continue to Google
We use cookies and data to
Deliver and maintain Google services
Track outages and protect against spam, fraud, and abuse
Measure audience engagement and site statistics to understand how our services are used and enhance the quality of those services
If you choose to “Accept all,” we will also use cookies and data to
Develop and improve new services
Deliver and measure the effectiveness of ads
Show personalized content, depending on your settings
Show personalized ads, depending on your settings
If you choose to “Reject all,” we will not use cookies for these additional purposes.
Non-personalized content is influenced by things like the content you’re currently viewing, activity in your active Search session, and your location. Non-personalized ads are influenced by the content you’re currently viewing and your general location. Personalized content and ads can also include more relevant results, recommendations, and tailored ads based on past activity from this browser, like previous Google searches. We also use cookies and data to tailor the experience to be age-appropriate, if relevant.
Select “More options” to see additional information, including details about managing your privacy settings. You can also visit g.co/privacytools at any time.
Reject all
Accept all
More options
Privacy Policy
Terms of Service",https://news.google.com/rss/articles/CBMinAFBVV95cUxNSDFVRElBQzU4SWxZVGdKelBGaVgzbnZVdlVCNUxEY3BtWThHQW1fQVNkdDFoczUwUFRIQnpYejZweWxzWUd5MFRMd0NGLVBhbjQ1UUlHTFEtdmZJS3kxM0VhZ3FSd3hyQUc5eWZFeGxxVy1NUTZ0VGlGSnJUWFJOQl8zU19qRHhMemhNcFhOTE16YlVNN0tEVFQ0TFA?oc=5
2024-08-04,META,Meta,Analysts adjust Meta stock price target after earnings - TheStreet,"EN
Sign in
Before you continue to Google
We use cookies and data to
Deliver and maintain Google services
Track outages and protect against spam, fraud, and abuse
Measure audience engagement and site statistics to understand how our services are used and enhance the quality of those services
If you choose to “Accept all,” we will also use cookies and data to
Develop and improve new services
Deliver and measure the effectiveness of ads
Show personalized content, depending on your settings
Show personalized ads, depending on your settings
If you choose to “Reject all,” we will not use cookies for these additional purposes.
Non-personalized content is influenced by things like the content you’re currently viewing, activity in your active Search session, and your location. Non-personalized ads are influenced by the content you’re currently viewing and your general location. Personalized content and ads can also include more relevant results, recommendations, and tailored ads based on past activity from this browser, like previous Google searches. We also use cookies and data to tailor the experience to be age-appropriate, if relevant.
Select “More options” to see additional information, including details about managing your privacy settings. You can also visit g.co/privacytools at any time.
Reject all
Accept all
More options
Privacy Policy
Terms of Service",https://news.google.com/rss/articles/CBMingFBVV95cUxQVFhpMktKU1A5OS1OWkVnWFhpYl9ncjBjLVFBNC02blk2NDZ1Y0wzYkZUQTY4NXp0V2dlM2k4bVpDbFBpdTJma1RmV040eF9ILXF5Nm15UmI1ZV9vZV9rNlhSWkZMUnFDenFucjNmZ3MyZFpCU3NWZUMwakZHVzQ0VWdGbE1CNExtZVNBUW4wNmxRUUlfMmVyNm1aRU1Tdw?oc=5
2024-08-01,META,Meta,Meta's Early AI Strength Leads Bullish Analysts to Lift Stock Price Targets - Investopedia,"EN
Sign in
Before you continue to Google
We use cookies and data to
Deliver and maintain Google services
Track outages and protect against spam, fraud, and abuse
Measure audience engagement and site statistics to understand how our services are used and enhance the quality of those services
If you choose to “Accept all,” we will also use cookies and data to
Develop and improve new services
Deliver and measure the effectiveness of ads
Show personalized content, depending on your settings
Show personalized ads, depending on your settings
If you choose to “Reject all,” we will not use cookies for these additional purposes.
Non-personalized content is influenced by things like the content you’re currently viewing, activity in your active Search session, and your location. Non-personalized ads are influenced by the content you’re currently viewing and your general location. Personalized content and ads can also include more relevant results, recommendations, and tailored ads based on past activity from this browser, like previous Google searches. We also use cookies and data to tailor the experience to be age-appropriate, if relevant.
Select “More options” to see additional information, including details about managing your privacy settings. You can also visit g.co/privacytools at any time.
Reject all
Accept all
More options
Privacy Policy
Terms of Service",https://news.google.com/rss/articles/CBMingFBVV95cUxQOGxfdWgxWVhfSUNkWnVkSnh2VzRsZWM2TjV5OExUSGU0akxGM0hYNklEdnhjaDh2S0NmQWFpRTVRU3FhamZYeVc1aWtCU2FxSUJseU5qZTM4MU1LbTVwWDdKVm52SVNkNDhZMXlhMDZLV1lJTjI2VU96TmVWS2EzWDhNaEJDQXNSUnBrUTI1R2hhNVIzT2Y5eFhvVDl5UQ?oc=5
2024-08-01,META,Meta,Meta shares surge after tech giant reports $13.5bn profit - Al Jazeera,"EN
Sign in
Before you continue to Google
We use cookies and data to
Deliver and maintain Google services
Track outages and protect against spam, fraud, and abuse
Measure audience engagement and site statistics to understand how our services are used and enhance the quality of those services
If you choose to “Accept all,” we will also use cookies and data to
Develop and improve new services
Deliver and measure the effectiveness of ads
Show personalized content, depending on your settings
Show personalized ads, depending on your settings
If you choose to “Reject all,” we will not use cookies for these additional purposes.
Non-personalized content is influenced by things like the content you’re currently viewing, activity in your active Search session, and your location. Non-personalized ads are influenced by the content you’re currently viewing and your general location. Personalized content and ads can also include more relevant results, recommendations, and tailored ads based on past activity from this browser, like previous Google searches. We also use cookies and data to tailor the experience to be age-appropriate, if relevant.
Select “More options” to see additional information, including details about managing your privacy settings. You can also visit g.co/privacytools at any time.
Reject all
Accept all
More options
Privacy Policy
Terms of Service",https://news.google.com/rss/articles/CBMioAFBVV95cUxPNlhtTURpejZFU1l4MjlRLTVWZThGLW1wc3MzQng0UDN5c2JFVS1tbmF5RXNwbnZ5S0pQMWdwXzlrMURJT0xpUUg3VmVFbzVWMlpENkJVYWYzM19Ec2Fqd09wUVBuUzBDMWRBR2ZlalFmZ0VCbFgtZUwyLWJpRnlMMzR0N0ZlQW1zdlNIZjdleDdETWZoREh5cnpmQTlxdUwt0gGmAUFVX3lxTE85U05ZWHd1SkhhblduUUxhYzJVMjNOdVlvT1pyQjNvQmNxd0plMG5qbFNEaXUwNGdRbkZ0LVlhNU9oUVlpTkM1MmJmajY1U1ZQMnl5QnJiMUpYSkdBa1VtdnQyY1JVakJqeDlpU3NQRk1sOUZpRnJYaXlhVWhIVDFOa05pbWJKM1B0SGZDTWJMSHNaaWYta1J6emdVd0trTm51d3R6NlE?oc=5
2024-08-01,META,Meta,Meta Stock Price Gains on AI-Fuelled Earnings - Morningstar,"EN
Sign in
Before you continue to Google
We use cookies and data to
Deliver and maintain Google services
Track outages and protect against spam, fraud, and abuse
Measure audience engagement and site statistics to understand how our services are used and enhance the quality of those services
If you choose to “Accept all,” we will also use cookies and data to
Develop and improve new services
Deliver and measure the effectiveness of ads
Show personalized content, depending on your settings
Show personalized ads, depending on your settings
If you choose to “Reject all,” we will not use cookies for these additional purposes.
Non-personalized content is influenced by things like the content you’re currently viewing, activity in your active Search session, and your location. Non-personalized ads are influenced by the content you’re currently viewing and your general location. Personalized content and ads can also include more relevant results, recommendations, and tailored ads based on past activity from this browser, like previous Google searches. We also use cookies and data to tailor the experience to be age-appropriate, if relevant.
Select “More options” to see additional information, including details about managing your privacy settings. You can also visit g.co/privacytools at any time.
Reject all
Accept all
More options
Privacy Policy
Terms of Service",https://news.google.com/rss/articles/CBMilwFBVV95cUxQeVJ3aTkxREJjZzNJLVppVlVmQ21xczRFamNkbTJnNXRFUTBYYVlHUWZLWUU5d0FrTUczc0ZVQ0MyU0VUN0twaDFMckVBYldIM1NnLTNIbEtiVTVybXdoYkpGZW5PVkdqNzBhaUJOZFcySFAyMkE1bmllY2VzS2VWZlRJRU56eG04RFhlcGp1YzU0dzZHdU9r?oc=5
2024-08-04,META,Meta,Meta Stock Skyrockets on Stellar Q2 Results and Strong Outlook - Trackinsight,"EN
Sign in
Before you continue to Google
We use cookies and data to
Deliver and maintain Google services
Track outages and protect against spam, fraud, and abuse
Measure audience engagement and site statistics to understand how our services are used and enhance the quality of those services
If you choose to “Accept all,” we will also use cookies and data to
Develop and improve new services
Deliver and measure the effectiveness of ads
Show personalized content, depending on your settings
Show personalized ads, depending on your settings
If you choose to “Reject all,” we will not use cookies for these additional purposes.
Non-personalized content is influenced by things like the content you’re currently viewing, activity in your active Search session, and your location. Non-personalized ads are influenced by the content you’re currently viewing and your general location. Personalized content and ads can also include more relevant results, recommendations, and tailored ads based on past activity from this browser, like previous Google searches. We also use cookies and data to tailor the experience to be age-appropriate, if relevant.
Select “More options” to see additional information, including details about managing your privacy settings. You can also visit g.co/privacytools at any time.
Reject all
Accept all
More options
Privacy Policy
Terms of Service",https://news.google.com/rss/articles/CBMimwFBVV95cUxQOHdSeTk0a3I0WkVLeUJNRlNQajByWVlPdFdHdjdsTk5OblZUMUlPS1Nwd1BfYUI1VG15SF96dXR4M1VmcGcxTlZRWE5oYUlyQkt4eDk0cUJsNDV2SG43LVRMSkljTTkzWEZFMVhMZlFkVXNKQnBrbi12bWJsX0Z0Q3ZKQzBOSzcyOFpPbDhtcENuQjBMQmQzZTkxdw?oc=5
2024-08-09,META,Meta,Meta Platforms Shines. Is the Stock Still a Buy? - The Motley Fool,"EN
Sign in
Before you continue to Google
We use cookies and data to
Deliver and maintain Google services
Track outages and protect against spam, fraud, and abuse
Measure audience engagement and site statistics to understand how our services are used and enhance the quality of those services
If you choose to “Accept all,” we will also use cookies and data to
Develop and improve new services
Deliver and measure the effectiveness of ads
Show personalized content, depending on your settings
Show personalized ads, depending on your settings
If you choose to “Reject all,” we will not use cookies for these additional purposes.
Non-personalized content is influenced by things like the content you’re currently viewing, activity in your active Search session, and your location. Non-personalized ads are influenced by the content you’re currently viewing and your general location. Personalized content and ads can also include more relevant results, recommendations, and tailored ads based on past activity from this browser, like previous Google searches. We also use cookies and data to tailor the experience to be age-appropriate, if relevant.
Select “More options” to see additional information, including details about managing your privacy settings. You can also visit g.co/privacytools at any time.
Reject all
Accept all
More options
Privacy Policy
Terms of Service",https://news.google.com/rss/articles/CBMikwFBVV95cUxNc0k2UzVlZjkyUWZxeGtHUlNwUHFpNlB2Z1g2Sk5HT0ZWXzJmTEZRb1E4WVJPUGIyVXI1RXdpS0tSSERReXhGelR5SndER3VzeXBFTWZ0ek5EbzkwdUlsN3ROdXlTTkVmVE9xcjNiblFILVB4dmdMejVVc0c4SmRJY0FIZHlPdzRrX3dKUncwODZUVXc?oc=5
2024-08-26,META,Meta,Meta Stock Leads 5 Names Near Buy Points As Market Bounces - Investor's Business Daily,"EN
Sign in
Before you continue to Google
We use cookies and data to
Deliver and maintain Google services
Track outages and protect against spam, fraud, and abuse
Measure audience engagement and site statistics to understand how our services are used and enhance the quality of those services
If you choose to “Accept all,” we will also use cookies and data to
Develop and improve new services
Deliver and measure the effectiveness of ads
Show personalized content, depending on your settings
Show personalized ads, depending on your settings
If you choose to “Reject all,” we will not use cookies for these additional purposes.
Non-personalized content is influenced by things like the content you’re currently viewing, activity in your active Search session, and your location. Non-personalized ads are influenced by the content you’re currently viewing and your general location. Personalized content and ads can also include more relevant results, recommendations, and tailored ads based on past activity from this browser, like previous Google searches. We also use cookies and data to tailor the experience to be age-appropriate, if relevant.
Select “More options” to see additional information, including details about managing your privacy settings. You can also visit g.co/privacytools at any time.
Reject all
Accept all
More options
Privacy Policy
Terms of Service",https://news.google.com/rss/articles/CBMiakFVX3lxTE4wdk1RSVhpLS0tTE4xOHVubmh2UWV2QUI4bXRzaF90cExLY1laTW9LanZfemR1M3p1YlZHVlh5bXh5V0F5aWowaUQzZDdESTVFbjl5TTNod1BxX2N0b1BPOTg1UjlCNFctOUE?oc=5
2024-07-31,META,Meta,Watch These Meta Price Levels as Stock Pops on Earnings Beat as AI Spending Pays Off - Investopedia,"EN
Sign in
Before you continue to Google
We use cookies and data to
Deliver and maintain Google services
Track outages and protect against spam, fraud, and abuse
Measure audience engagement and site statistics to understand how our services are used and enhance the quality of those services
If you choose to “Accept all,” we will also use cookies and data to
Develop and improve new services
Deliver and measure the effectiveness of ads
Show personalized content, depending on your settings
Show personalized ads, depending on your settings
If you choose to “Reject all,” we will not use cookies for these additional purposes.
Non-personalized content is influenced by things like the content you’re currently viewing, activity in your active Search session, and your location. Non-personalized ads are influenced by the content you’re currently viewing and your general location. Personalized content and ads can also include more relevant results, recommendations, and tailored ads based on past activity from this browser, like previous Google searches. We also use cookies and data to tailor the experience to be age-appropriate, if relevant.
Select “More options” to see additional information, including details about managing your privacy settings. You can also visit g.co/privacytools at any time.
Reject all
Accept all
More options
Privacy Policy
Terms of Service",https://news.google.com/rss/articles/CBMimAFBVV95cUxPYzlpZW5fRUVuTjNEX2JMRXVyVkd2Y3FfYTJ0V01uOGVyS2ZRUnN2Zi0wcmN3c0loOERHYk5FOVZoTDhDNW9FdnZNbGNrUFZqdFlTc3NyYkYyWGZ2dzFrQ0h6QUltQnJLb3pWSnkwVGV6S0V2QjBueV9XRkJVczhYNW5iS3dtSTh4d04tWm0xZldnNzBUTTJQMw?oc=5
2024-08-12,META,Meta,Why Meta Platforms Stock (NASDAQ:META) Outperformed Big Tech This Earnings Season - Yahoo Finance,"EN
Sign in
Before you continue to Google
We use cookies and data to
Deliver and maintain Google services
Track outages and protect against spam, fraud, and abuse
Measure audience engagement and site statistics to understand how our services are used and enhance the quality of those services
If you choose to “Accept all,” we will also use cookies and data to
Develop and improve new services
Deliver and measure the effectiveness of ads
Show personalized content, depending on your settings
Show personalized ads, depending on your settings
If you choose to “Reject all,” we will not use cookies for these additional purposes.
Non-personalized content is influenced by things like the content you’re currently viewing, activity in your active Search session, and your location. Non-personalized ads are influenced by the content you’re currently viewing and your general location. Personalized content and ads can also include more relevant results, recommendations, and tailored ads based on past activity from this browser, like previous Google searches. We also use cookies and data to tailor the experience to be age-appropriate, if relevant.
Select “More options” to see additional information, including details about managing your privacy settings. You can also visit g.co/privacytools at any time.
Reject all
Accept all
More options
Privacy Policy
Terms of Service",https://news.google.com/rss/articles/CBMigwFBVV95cUxPZ2JFdVBrU3FqeVgxNDVWa2RmMFJ3bUVkOThUU3NxN2w4Wnk3d1lVQVUteWhhMVZDb1VDOWc1Z2RmanhoVkNXak1qMzVkQ2Nfb1VGSk8zbjJ6dWRHd3BlTS1YUS1pWXFDS0E5R1pXdlllT2ItZmRZRlZfM1BMQ1dUa1FaZw?oc=5
2024-08-01,META,Meta,Meta Stock Jumps As Facebook Parent Unpacks AI Strategy - Investor's Business Daily,"EN
Sign in
Before you continue to Google
We use cookies and data to
Deliver and maintain Google services
Track outages and protect against spam, fraud, and abuse
Measure audience engagement and site statistics to understand how our services are used and enhance the quality of those services
If you choose to “Accept all,” we will also use cookies and data to
Develop and improve new services
Deliver and measure the effectiveness of ads
Show personalized content, depending on your settings
Show personalized ads, depending on your settings
If you choose to “Reject all,” we will not use cookies for these additional purposes.
Non-personalized content is influenced by things like the content you’re currently viewing, activity in your active Search session, and your location. Non-personalized ads are influenced by the content you’re currently viewing and your general location. Personalized content and ads can also include more relevant results, recommendations, and tailored ads based on past activity from this browser, like previous Google searches. We also use cookies and data to tailor the experience to be age-appropriate, if relevant.
Select “More options” to see additional information, including details about managing your privacy settings. You can also visit g.co/privacytools at any time.
Reject all
Accept all
More options
Privacy Policy
Terms of Service",https://news.google.com/rss/articles/CBMijAFBVV95cUxQeFZIZEZuUnNKTENTRV82UTJvdExRUXR4SHJPVVpKZHk2OFYyT01mdjNHelBXelpVa1hKT0N0c0xBUW1YR2RqQk81bW1meHN5SEpyZnBwSGR6OTFvOC1hb1lpSVZZXzRLNVNjTkZDeENUblhkbkFCTzBscWEtVFlQcUJLNU9NMmU1NmpIUw?oc=5
2024-08-01,META,Meta,"Top Stock Movers Now: Moderna, Western Digital, Meta Platforms, and More - Investopedia","EN
Sign in
Before you continue to Google
We use cookies and data to
Deliver and maintain Google services
Track outages and protect against spam, fraud, and abuse
Measure audience engagement and site statistics to understand how our services are used and enhance the quality of those services
If you choose to “Accept all,” we will also use cookies and data to
Develop and improve new services
Deliver and measure the effectiveness of ads
Show personalized content, depending on your settings
Show personalized ads, depending on your settings
If you choose to “Reject all,” we will not use cookies for these additional purposes.
Non-personalized content is influenced by things like the content you’re currently viewing, activity in your active Search session, and your location. Non-personalized ads are influenced by the content you’re currently viewing and your general location. Personalized content and ads can also include more relevant results, recommendations, and tailored ads based on past activity from this browser, like previous Google searches. We also use cookies and data to tailor the experience to be age-appropriate, if relevant.
Select “More options” to see additional information, including details about managing your privacy settings. You can also visit g.co/privacytools at any time.
Reject all
Accept all
More options
Privacy Policy
Terms of Service",https://news.google.com/rss/articles/CBMiqAFBVV95cUxOSWRrVmxXOWtlR1JZS2V2X2laVE1ZeXQzZzJWZ0N4YVlVOWVBaVhNR2twV0Z5cWpLRUVUMEhKZUwtZDFnS0YzSFVwZ2JuWjRnSGpROUtUaGdvZnl2Q0hsdHYyNGNfVHVGMjdxSU9fZ0hjbWktY0FNX0s3czVoNkt4azc3SzJ3YWktN0FUeWE1MU04ZklUT0syRjl0MkU4YVRCVWxRbk9xTDY?oc=5
2024-08-20,META,Meta,Why Meta Stock Stands Out Among Magnificent Seven - Investor's Business Daily,"EN
Sign in
Before you continue to Google
We use cookies and data to
Deliver and maintain Google services
Track outages and protect against spam, fraud, and abuse
Measure audience engagement and site statistics to understand how our services are used and enhance the quality of those services
If you choose to “Accept all,” we will also use cookies and data to
Develop and improve new services
Deliver and measure the effectiveness of ads
Show personalized content, depending on your settings
Show personalized ads, depending on your settings
If you choose to “Reject all,” we will not use cookies for these additional purposes.
Non-personalized content is influenced by things like the content you’re currently viewing, activity in your active Search session, and your location. Non-personalized ads are influenced by the content you’re currently viewing and your general location. Personalized content and ads can also include more relevant results, recommendations, and tailored ads based on past activity from this browser, like previous Google searches. We also use cookies and data to tailor the experience to be age-appropriate, if relevant.
Select “More options” to see additional information, including details about managing your privacy settings. You can also visit g.co/privacytools at any time.
Reject all
Accept all
More options
Privacy Policy
Terms of Service",https://news.google.com/rss/articles/CBMiggFBVV95cUxPNWpQcjAwcERoaW4zSVJNZEtVZHBLdHFpWDMtUmNLSWhiT0FfYWVNeWRBcGdrc3dEYTFPNkhjLTFkWW9Yb3dmVDNGczZKSUZENDB1N3JCM1lfT2RRa2tVN1ctbHd6YnZKTUM1b0Q4OVpRb3doM1g2dm1jWEg1Wk40ZVFn?oc=5
2024-08-23,META,Meta,Mag 7 Stock Teases Breakout Ahead Of Pivotal Nvidia Earnings - Investor's Business Daily,"EN
Sign in
Before you continue to Google
We use cookies and data to
Deliver and maintain Google services
Track outages and protect against spam, fraud, and abuse
Measure audience engagement and site statistics to understand how our services are used and enhance the quality of those services
If you choose to “Accept all,” we will also use cookies and data to
Develop and improve new services
Deliver and measure the effectiveness of ads
Show personalized content, depending on your settings
Show personalized ads, depending on your settings
If you choose to “Reject all,” we will not use cookies for these additional purposes.
Non-personalized content is influenced by things like the content you’re currently viewing, activity in your active Search session, and your location. Non-personalized ads are influenced by the content you’re currently viewing and your general location. Personalized content and ads can also include more relevant results, recommendations, and tailored ads based on past activity from this browser, like previous Google searches. We also use cookies and data to tailor the experience to be age-appropriate, if relevant.
Select “More options” to see additional information, including details about managing your privacy settings. You can also visit g.co/privacytools at any time.
Reject all
Accept all
More options
Privacy Policy
Terms of Service",https://news.google.com/rss/articles/CBMiqAFBVV95cUxPY1hZblVYcEdkWWEzRnlzV1NNZThmRzF0MlVEU0wwQW9Va1Y1Skd1TFZQYkg3Tmt2ejFwTS05cU1KWldkV0l5NkZobVB2YmRqQ292ZEpBeFVEQ25NU0t5cl9veDlPS1ZnMWVyc2JaRjlhVnhWMjJ4QjFKWXhubW5pVWNqeFBmQkw2eTV1SmNuSFFwWGM0WmYyaTdzV1loVk1NNFNWT3lRM1Y?oc=5
2024-07-29,META,Meta,"Meta's Earnings Report Puts AI Costs, Ad Strength In Focus - Investor's Business Daily","EN
Sign in
Before you continue to Google
We use cookies and data to
Deliver and maintain Google services
Track outages and protect against spam, fraud, and abuse
Measure audience engagement and site statistics to understand how our services are used and enhance the quality of those services
If you choose to “Accept all,” we will also use cookies and data to
Develop and improve new services
Deliver and measure the effectiveness of ads
Show personalized content, depending on your settings
Show personalized ads, depending on your settings
If you choose to “Reject all,” we will not use cookies for these additional purposes.
Non-personalized content is influenced by things like the content you’re currently viewing, activity in your active Search session, and your location. Non-personalized ads are influenced by the content you’re currently viewing and your general location. Personalized content and ads can also include more relevant results, recommendations, and tailored ads based on past activity from this browser, like previous Google searches. We also use cookies and data to tailor the experience to be age-appropriate, if relevant.
Select “More options” to see additional information, including details about managing your privacy settings. You can also visit g.co/privacytools at any time.
Reject all
Accept all
More options
Privacy Policy
Terms of Service",https://news.google.com/rss/articles/CBMikwFBVV95cUxNLUloR3czXzh0eHhsWlJtemRtRmFMVXpJeTdpU1VzdTZxWEZiVURXQlJ3YXY4bVVSTkY4LTVYZVNVbHFMLS1MNkF4cnlETmtIb1ZRRUhOTnhxNWp3T2lFS1FvRWgxaDloRTVtUmdsRjBnRGJlNzVBLTl5eTlIeFN0T1BSNWtPZWZpNGFFcmlwY3RYTHM?oc=5
2024-08-12,META,Meta,Meta Leads 5 Stocks Near Buy Points As Earnings Growth Gets AI Assist - Investor's Business Daily,"EN
Sign in
Before you continue to Google
We use cookies and data to
Deliver and maintain Google services
Track outages and protect against spam, fraud, and abuse
Measure audience engagement and site statistics to understand how our services are used and enhance the quality of those services
If you choose to “Accept all,” we will also use cookies and data to
Develop and improve new services
Deliver and measure the effectiveness of ads
Show personalized content, depending on your settings
Show personalized ads, depending on your settings
If you choose to “Reject all,” we will not use cookies for these additional purposes.
Non-personalized content is influenced by things like the content you’re currently viewing, activity in your active Search session, and your location. Non-personalized ads are influenced by the content you’re currently viewing and your general location. Personalized content and ads can also include more relevant results, recommendations, and tailored ads based on past activity from this browser, like previous Google searches. We also use cookies and data to tailor the experience to be age-appropriate, if relevant.
Select “More options” to see additional information, including details about managing your privacy settings. You can also visit g.co/privacytools at any time.
Reject all
Accept all
More options
Privacy Policy
Terms of Service",https://news.google.com/rss/articles/CBMieEFVX3lxTE9wd1AwQnAzT2FXanpvbG5RYmJQcEd2N2ZKdk9kTEdqMmpSbEVydDl0R1VTR2RLYmpsYl9BYUhVUlhyX3lqeXVJVWtPNlRLdGRJOGVmT2oyZFVnUlVkSEdldk5wOUg3cFhibkVhS25VYjd1VXhzcXdTNw?oc=5
2024-09-20,META,Meta,Raising Fair Value for Meta Stock on AI and Ad Leadership - Morningstar,"EN
Sign in
Before you continue to Google
We use cookies and data to
Deliver and maintain Google services
Track outages and protect against spam, fraud, and abuse
Measure audience engagement and site statistics to understand how our services are used and enhance the quality of those services
If you choose to “Accept all,” we will also use cookies and data to
Develop and improve new services
Deliver and measure the effectiveness of ads
Show personalized content, depending on your settings
Show personalized ads, depending on your settings
If you choose to “Reject all,” we will not use cookies for these additional purposes.
Non-personalized content is influenced by things like the content you’re currently viewing, activity in your active Search session, and your location. Non-personalized ads are influenced by the content you’re currently viewing and your general location. Personalized content and ads can also include more relevant results, recommendations, and tailored ads based on past activity from this browser, like previous Google searches. We also use cookies and data to tailor the experience to be age-appropriate, if relevant.
Select “More options” to see additional information, including details about managing your privacy settings. You can also visit g.co/privacytools at any time.
Reject all
Accept all
More options
Privacy Policy
Terms of Service",https://news.google.com/rss/articles/CBMiqwFBVV95cUxQVWhYZGFTNHdUVFZwaWxJdHktcVdQblc0TVhpdWJTc1JJLWo0ZDg3dThuTDlhdko4SVdUUzlLTEVqeGM4M204NWRieFZ0bnBCYVNad3Nia2c3Mk80R1pEaDlyZndxeVhuUUdfWkdQOExwS0Z5ZXhTOUgwOVVxWFh2SWczR0ZGRTc1QXpON1R4M1o0bDlTd1JGejVSV1FVTzdUMGF0TkY3TTBTQW8?oc=5
2024-09-26,META,Meta,Meta stock hits all-time high as Wall Street bets on AI vision - Yahoo Finance,"EN
Sign in
Before you continue to Google
We use cookies and data to
Deliver and maintain Google services
Track outages and protect against spam, fraud, and abuse
Measure audience engagement and site statistics to understand how our services are used and enhance the quality of those services
If you choose to “Accept all,” we will also use cookies and data to
Develop and improve new services
Deliver and measure the effectiveness of ads
Show personalized content, depending on your settings
Show personalized ads, depending on your settings
If you choose to “Reject all,” we will not use cookies for these additional purposes.
Non-personalized content is influenced by things like the content you’re currently viewing, activity in your active Search session, and your location. Non-personalized ads are influenced by the content you’re currently viewing and your general location. Personalized content and ads can also include more relevant results, recommendations, and tailored ads based on past activity from this browser, like previous Google searches. We also use cookies and data to tailor the experience to be age-appropriate, if relevant.
Select “More options” to see additional information, including details about managing your privacy settings. You can also visit g.co/privacytools at any time.
Reject all
Accept all
More options
Privacy Policy
Terms of Service",https://news.google.com/rss/articles/CBMirAFBVV95cUxNbWtELVJWNmsyWGsxM2hpUzdELWdDbUhkLUNWaGFVQkFRNDE5TE9lMWV4SnJ1ZUQ4Sk9DUnVObWhaZ0l2N3JjWUhXTWlGc3RiTzNUSjZQZWNfeXJRS19sSzNTOC1WZUlQbXlMcnc1SnFDVUFoNk9Ld1pxbGJtSzZ6VlJWamRMNkZ5YVJPMkU0WmtHLWdsSURsbUtWTWNIRzlSbzFQTnkzX3l3cmk5?oc=5
2024-09-20,META,Meta,"Meta Stock, Two Others Break Out To New Highs - Investor's Business Daily","EN
Sign in
Before you continue to Google
We use cookies and data to
Deliver and maintain Google services
Track outages and protect against spam, fraud, and abuse
Measure audience engagement and site statistics to understand how our services are used and enhance the quality of those services
If you choose to “Accept all,” we will also use cookies and data to
Develop and improve new services
Deliver and measure the effectiveness of ads
Show personalized content, depending on your settings
Show personalized ads, depending on your settings
If you choose to “Reject all,” we will not use cookies for these additional purposes.
Non-personalized content is influenced by things like the content you’re currently viewing, activity in your active Search session, and your location. Non-personalized ads are influenced by the content you’re currently viewing and your general location. Personalized content and ads can also include more relevant results, recommendations, and tailored ads based on past activity from this browser, like previous Google searches. We also use cookies and data to tailor the experience to be age-appropriate, if relevant.
Select “More options” to see additional information, including details about managing your privacy settings. You can also visit g.co/privacytools at any time.
Reject all
Accept all
More options
Privacy Policy
Terms of Service",https://news.google.com/rss/articles/CBMilAFBVV95cUxQQ3BLU1NGdVBvU2IwVXg0T3BPZmpETlRlRWlBU0FhYW5sZ0gwZ2FnemlUY3pIZm1Ya1hZYmo5RFVyYy1PTkNHZjNRNTFkNUlBNlZnSlFYNEhkRDl5bWdfelBNQmNSX0dLcDdvUkNzdXFtTjV6X29mRWI1YmxVVDQyUU1yWWtHSXB0WmhHdHNPZTNXYWVx?oc=5
2024-09-25,META,Meta,Watch These Meta Platforms Price Levels as Stock Sets Record High - Investopedia,"EN
Sign in
Before you continue to Google
We use cookies and data to
Deliver and maintain Google services
Track outages and protect against spam, fraud, and abuse
Measure audience engagement and site statistics to understand how our services are used and enhance the quality of those services
If you choose to “Accept all,” we will also use cookies and data to
Develop and improve new services
Deliver and measure the effectiveness of ads
Show personalized content, depending on your settings
Show personalized ads, depending on your settings
If you choose to “Reject all,” we will not use cookies for these additional purposes.
Non-personalized content is influenced by things like the content you’re currently viewing, activity in your active Search session, and your location. Non-personalized ads are influenced by the content you’re currently viewing and your general location. Personalized content and ads can also include more relevant results, recommendations, and tailored ads based on past activity from this browser, like previous Google searches. We also use cookies and data to tailor the experience to be age-appropriate, if relevant.
Select “More options” to see additional information, including details about managing your privacy settings. You can also visit g.co/privacytools at any time.
Reject all
Accept all
More options
Privacy Policy
Terms of Service",https://news.google.com/rss/articles/CBMioAFBVV95cUxQZGdnbjA5UENPRDJCWlNGb3JCU3A1Vmt3dHJ4MFhIazNsU0RLWW9BZC16c1pqRnlJV255bElLOFIweDdiUjU0WlVMRllOTWc5bjVvUThCTnBQWG9KUEZSNTRBYjZTWTFhVTBrTW9FeDczU0ZYN1o4WkJvbF9KNlFOWC1qaEFaY0Q4UVRrVm52dU9fcy1qcUtXcEl1U0RvTTBO?oc=5
2024-09-23,META,Meta,Analyst revisits Meta stock price target as Facebook parent ramps AI spend - TheStreet,"EN
Sign in
Before you continue to Google
We use cookies and data to
Deliver and maintain Google services
Track outages and protect against spam, fraud, and abuse
Measure audience engagement and site statistics to understand how our services are used and enhance the quality of those services
If you choose to “Accept all,” we will also use cookies and data to
Develop and improve new services
Deliver and measure the effectiveness of ads
Show personalized content, depending on your settings
Show personalized ads, depending on your settings
If you choose to “Reject all,” we will not use cookies for these additional purposes.
Non-personalized content is influenced by things like the content you’re currently viewing, activity in your active Search session, and your location. Non-personalized ads are influenced by the content you’re currently viewing and your general location. Personalized content and ads can also include more relevant results, recommendations, and tailored ads based on past activity from this browser, like previous Google searches. We also use cookies and data to tailor the experience to be age-appropriate, if relevant.
Select “More options” to see additional information, including details about managing your privacy settings. You can also visit g.co/privacytools at any time.
Reject all
Accept all
More options
Privacy Policy
Terms of Service",https://news.google.com/rss/articles/CBMiuAFBVV95cUxOdUd2am5FNjExTENrQTM0Y1N6azJxcVh2YUh5TDFUaDFyRWR5Ti1ta2FCWkhIeldCampRVUhxTUJONThqdnROaFhWZGZEcnRpRkJFLXYtakxkTEZoUDBPcVIyUzZSS1ZCaTFLZjdWRlBPbVBraEpYMFQwdi03ck1PMUVnYW84LXU1WEhlbXVMdE1aTW1NV0VwZHFBQXVZNG1aRE9nWmRUZVlobll1ZVhmX2c5X3ZIaFUy?oc=5
2024-09-11,META,Meta,Meta Platforms (NASDAQ:META) Stock Is Running Low on Momentum but I’m Still Bullish - Nasdaq,"EN
Sign in
Before you continue to Google
We use cookies and data to
Deliver and maintain Google services
Track outages and protect against spam, fraud, and abuse
Measure audience engagement and site statistics to understand how our services are used and enhance the quality of those services
If you choose to “Accept all,” we will also use cookies and data to
Develop and improve new services
Deliver and measure the effectiveness of ads
Show personalized content, depending on your settings
Show personalized ads, depending on your settings
If you choose to “Reject all,” we will not use cookies for these additional purposes.
Non-personalized content is influenced by things like the content you’re currently viewing, activity in your active Search session, and your location. Non-personalized ads are influenced by the content you’re currently viewing and your general location. Personalized content and ads can also include more relevant results, recommendations, and tailored ads based on past activity from this browser, like previous Google searches. We also use cookies and data to tailor the experience to be age-appropriate, if relevant.
Select “More options” to see additional information, including details about managing your privacy settings. You can also visit g.co/privacytools at any time.
Reject all
Accept all
More options
Privacy Policy
Terms of Service",https://news.google.com/rss/articles/CBMipAFBVV95cUxOZUZhSHdXX0lQZEdxOUVzLVdfMnpJMmVQanN0NE1ibTIzeGlYYzBHcTdFem9wOW4zVmY2bFFYUU9hNzVoT0ZsMlBocUY0QmtNb2RMblVHS2lZU1E0aTZCaGl6QjFnM3NIVlAxcDNvN0tVQzdxdnlVQVk3RlBoNHBpU3ptZDEwTmFWU3hFZUJuUVZQWllnLVRKMm5MR25aa3lvZlRHQg?oc=5
2024-09-25,META,Meta,Time to Buy META Stock as it Near All-Time Highs? - TradingView,"EN
Sign in
Before you continue to Google
We use cookies and data to
Deliver and maintain Google services
Track outages and protect against spam, fraud, and abuse
Measure audience engagement and site statistics to understand how our services are used and enhance the quality of those services
If you choose to “Accept all,” we will also use cookies and data to
Develop and improve new services
Deliver and measure the effectiveness of ads
Show personalized content, depending on your settings
Show personalized ads, depending on your settings
If you choose to “Reject all,” we will not use cookies for these additional purposes.
Non-personalized content is influenced by things like the content you’re currently viewing, activity in your active Search session, and your location. Non-personalized ads are influenced by the content you’re currently viewing and your general location. Personalized content and ads can also include more relevant results, recommendations, and tailored ads based on past activity from this browser, like previous Google searches. We also use cookies and data to tailor the experience to be age-appropriate, if relevant.
Select “More options” to see additional information, including details about managing your privacy settings. You can also visit g.co/privacytools at any time.
Reject all
Accept all
More options
Privacy Policy
Terms of Service",https://news.google.com/rss/articles/CBMipwFBVV95cUxOVTZiakNQbUxRSzZWc0JKdU4xX2pwMkptYXVuYXBhM1RxYk8wOU5UMTFnMm5sQno1aXJBSzhsQWFMWGV4emhidHVNYlNaU0p0U201VTh6enBwcFlmX1FfNHRqZ3haUkdhMGFKVElJeFBlZjRHNWdjaU5KRHg5dngxenB6SENod0VTcEtkRFRkdGpxU2xoVWJzOWNpY1RoYlZIT2pBOVNjNA?oc=5
2024-09-18,META,Meta,Is It Too Late to Buy Meta Platforms Stock? - The Motley Fool,"EN
Sign in
Before you continue to Google
We use cookies and data to
Deliver and maintain Google services
Track outages and protect against spam, fraud, and abuse
Measure audience engagement and site statistics to understand how our services are used and enhance the quality of those services
If you choose to “Accept all,” we will also use cookies and data to
Develop and improve new services
Deliver and measure the effectiveness of ads
Show personalized content, depending on your settings
Show personalized ads, depending on your settings
If you choose to “Reject all,” we will not use cookies for these additional purposes.
Non-personalized content is influenced by things like the content you’re currently viewing, activity in your active Search session, and your location. Non-personalized ads are influenced by the content you’re currently viewing and your general location. Personalized content and ads can also include more relevant results, recommendations, and tailored ads based on past activity from this browser, like previous Google searches. We also use cookies and data to tailor the experience to be age-appropriate, if relevant.
Select “More options” to see additional information, including details about managing your privacy settings. You can also visit g.co/privacytools at any time.
Reject all
Accept all
More options
Privacy Policy
Terms of Service",https://news.google.com/rss/articles/CBMijgFBVV95cUxOSWl5dWMtTWhHakdTTkNoTDhEeHkzdHA5SVVyaUUzSktDYkZpeXpoTERNSmpHeXZQbkVsMXZnMUJrMGRaYUo0enVNeDgtQTNwN1M5aFQxZThZdkhuVHl2elBEUGJEWl9KV0twTi1YUmhOUVVvU2JNMlN6dGM2NHhhcUV1VDY1VkFzME0yQ3ZR?oc=5
2024-09-10,META,Meta,"Meta is one of the cheapest big tech stocks, and that earns it a new ‘buy’ call - MarketWatch","EN
Sign in
Before you continue to Google
We use cookies and data to
Deliver and maintain Google services
Track outages and protect against spam, fraud, and abuse
Measure audience engagement and site statistics to understand how our services are used and enhance the quality of those services
If you choose to “Accept all,” we will also use cookies and data to
Develop and improve new services
Deliver and measure the effectiveness of ads
Show personalized content, depending on your settings
Show personalized ads, depending on your settings
If you choose to “Reject all,” we will not use cookies for these additional purposes.
Non-personalized content is influenced by things like the content you’re currently viewing, activity in your active Search session, and your location. Non-personalized ads are influenced by the content you’re currently viewing and your general location. Personalized content and ads can also include more relevant results, recommendations, and tailored ads based on past activity from this browser, like previous Google searches. We also use cookies and data to tailor the experience to be age-appropriate, if relevant.
Select “More options” to see additional information, including details about managing your privacy settings. You can also visit g.co/privacytools at any time.
Reject all
Accept all
More options
Privacy Policy
Terms of Service",https://news.google.com/rss/articles/CBMiuwFBVV95cUxQYWRhN1I2OS1sa0hhSTVkNjJ6LXE1Nk1yVGs2REpUYldhYmR2UWJGcXplTnlDdEh3MEV6aEUyMXBwZkExaG5NdUE1VDV4NU5tVG82STBab3RPSXZkMW4zYkkwSWJqeHN2ZkFMY3hyUXpoRXNENWhZaGFQa0NjcVdwNndISTRJSDRWaFlfclhzMGFHMnJyYnNJMHk1QkdkdzV0WHBELWpDclVtekg3SEtxY01iMmRNVVF3a3dn?oc=5
2024-09-20,META,Meta,"Meta, IBD Stock Of The Day, In A Buy Zone Even As Mag 7 Stocks Stall - Investor's Business Daily","EN
Sign in
Before you continue to Google
We use cookies and data to
Deliver and maintain Google services
Track outages and protect against spam, fraud, and abuse
Measure audience engagement and site statistics to understand how our services are used and enhance the quality of those services
If you choose to “Accept all,” we will also use cookies and data to
Develop and improve new services
Deliver and measure the effectiveness of ads
Show personalized content, depending on your settings
Show personalized ads, depending on your settings
If you choose to “Reject all,” we will not use cookies for these additional purposes.
Non-personalized content is influenced by things like the content you’re currently viewing, activity in your active Search session, and your location. Non-personalized ads are influenced by the content you’re currently viewing and your general location. Personalized content and ads can also include more relevant results, recommendations, and tailored ads based on past activity from this browser, like previous Google searches. We also use cookies and data to tailor the experience to be age-appropriate, if relevant.
Select “More options” to see additional information, including details about managing your privacy settings. You can also visit g.co/privacytools at any time.
Reject all
Accept all
More options
Privacy Policy
Terms of Service",https://news.google.com/rss/articles/CBMinAFBVV95cUxON2FqTHFMNldvdHZKNnFZYzlaWFVNS0xPMWlMWUZwTEN4dDNVYnFfbmdQQjFzSTRicDRkMC0yQ0V0ZjJmX25sU0hPbElHeXFhOHRyUEFmY1RpVlpQWnhVUVJjWTJGVHRGMHAzMUg3RFVGUERtM1dkUTRJRTZKTldTR2pOYnhJZmtYcGtHUlJRT01BRGJfUmhIdWNDNVY?oc=5
2024-09-13,META,Meta,META vs. GOOGL: Which Magnificent Seven Stock Is Better? - Nasdaq,"EN
Sign in
Before you continue to Google
We use cookies and data to
Deliver and maintain Google services
Track outages and protect against spam, fraud, and abuse
Measure audience engagement and site statistics to understand how our services are used and enhance the quality of those services
If you choose to “Accept all,” we will also use cookies and data to
Develop and improve new services
Deliver and measure the effectiveness of ads
Show personalized content, depending on your settings
Show personalized ads, depending on your settings
If you choose to “Reject all,” we will not use cookies for these additional purposes.
Non-personalized content is influenced by things like the content you’re currently viewing, activity in your active Search session, and your location. Non-personalized ads are influenced by the content you’re currently viewing and your general location. Personalized content and ads can also include more relevant results, recommendations, and tailored ads based on past activity from this browser, like previous Google searches. We also use cookies and data to tailor the experience to be age-appropriate, if relevant.
Select “More options” to see additional information, including details about managing your privacy settings. You can also visit g.co/privacytools at any time.
Reject all
Accept all
More options
Privacy Policy
Terms of Service",https://news.google.com/rss/articles/CBMiigFBVV95cUxQR1UtZS0xa01tY1hDQ01tVF9Va2lBa3h0TXNaNmlTdzgtZXBtV19La1cyUi16N3JfZVgyYktpd2dNUUJDbi0tU2JsWXRJR0w1M1VoN3hRbmhmZnFMX0E5SHJaVVF6MWkzVjNERXFIeXZRSU51dTZIMlpSV1NWdGNzR01ieVk4QXFXWnc?oc=5
2024-09-26,META,Meta,"Meta Tests Top Of Buy Range With Analysts Bullish On AI, Metaverse Products - Investor's Business Daily","EN
Sign in
Before you continue to Google
We use cookies and data to
Deliver and maintain Google services
Track outages and protect against spam, fraud, and abuse
Measure audience engagement and site statistics to understand how our services are used and enhance the quality of those services
If you choose to “Accept all,” we will also use cookies and data to
Develop and improve new services
Deliver and measure the effectiveness of ads
Show personalized content, depending on your settings
Show personalized ads, depending on your settings
If you choose to “Reject all,” we will not use cookies for these additional purposes.
Non-personalized content is influenced by things like the content you’re currently viewing, activity in your active Search session, and your location. Non-personalized ads are influenced by the content you’re currently viewing and your general location. Personalized content and ads can also include more relevant results, recommendations, and tailored ads based on past activity from this browser, like previous Google searches. We also use cookies and data to tailor the experience to be age-appropriate, if relevant.
Select “More options” to see additional information, including details about managing your privacy settings. You can also visit g.co/privacytools at any time.
Reject all
Accept all
More options
Privacy Policy
Terms of Service",https://news.google.com/rss/articles/CBMiigFBVV95cUxNa3kwY0JibTEySHBNWnA1UjY4Q1ktbWNFdVZmcnY2VnhabVpnSktObHEyRExhN2NpSFl4X21tMzVfWjJuY3dPdHVWRXU5dnVtdEtfa0dIbFI0X2NqQ2EtcFZYVV95V0NJRTdxVkk1dUdFUVNBVG5tWjZxQVBCWVh5S1ljMzZJZzNwQ1E?oc=5
2024-09-23,META,Meta,"While Nvidia Clings To Support, This Mag 7 Stock Still In Buy Range - Investor's Business Daily","EN
Sign in
Before you continue to Google
We use cookies and data to
Deliver and maintain Google services
Track outages and protect against spam, fraud, and abuse
Measure audience engagement and site statistics to understand how our services are used and enhance the quality of those services
If you choose to “Accept all,” we will also use cookies and data to
Develop and improve new services
Deliver and measure the effectiveness of ads
Show personalized content, depending on your settings
Show personalized ads, depending on your settings
If you choose to “Reject all,” we will not use cookies for these additional purposes.
Non-personalized content is influenced by things like the content you’re currently viewing, activity in your active Search session, and your location. Non-personalized ads are influenced by the content you’re currently viewing and your general location. Personalized content and ads can also include more relevant results, recommendations, and tailored ads based on past activity from this browser, like previous Google searches. We also use cookies and data to tailor the experience to be age-appropriate, if relevant.
Select “More options” to see additional information, including details about managing your privacy settings. You can also visit g.co/privacytools at any time.
Reject all
Accept all
More options
Privacy Policy
Terms of Service",https://news.google.com/rss/articles/CBMiwgFBVV95cUxNQnJRODNuVlVocm5RaVF0NWVJR19nQlpvWnVsUm9pUm00N0FjMWpIbDRXRm54OEt4TnZSVkJLZlk0QllKYUZMZThUaWQ2NHNra01MTUZUN3h2a1o5MGM0OElmTVZfSC1TUkdZSm1sM1ZHTG95YlY2MUZlejhlbEZkV0ctOHpNR2tXQzBZQ3hjeVk4cmVremZXUmhxa0hqMl9BRGZsblg4MThISFhIM3JhWW8yX1E4MVp3dUZHNW5NVzBBQQ?oc=5
2024-09-05,META,Meta,Meta Recovers From Recent Sell-Off With Buy Point In Sight - Investor's Business Daily,"EN
Sign in
Before you continue to Google
We use cookies and data to
Deliver and maintain Google services
Track outages and protect against spam, fraud, and abuse
Measure audience engagement and site statistics to understand how our services are used and enhance the quality of those services
If you choose to “Accept all,” we will also use cookies and data to
Develop and improve new services
Deliver and measure the effectiveness of ads
Show personalized content, depending on your settings
Show personalized ads, depending on your settings
If you choose to “Reject all,” we will not use cookies for these additional purposes.
Non-personalized content is influenced by things like the content you’re currently viewing, activity in your active Search session, and your location. Non-personalized ads are influenced by the content you’re currently viewing and your general location. Personalized content and ads can also include more relevant results, recommendations, and tailored ads based on past activity from this browser, like previous Google searches. We also use cookies and data to tailor the experience to be age-appropriate, if relevant.
Select “More options” to see additional information, including details about managing your privacy settings. You can also visit g.co/privacytools at any time.
Reject all
Accept all
More options
Privacy Policy
Terms of Service",https://news.google.com/rss/articles/CBMic0FVX3lxTE1ydVVhZHM2WGppeUhPcVdiOHhWUThCTVdncjJ2eE9sZzdabkc4YnZJdkxEb2NUZkVGRUgtRnZsZnViV2RmRFloQllLWkZoLVpsN0ZQNWc3Y01QdWhWNHozZmlRdFpZWlo3TktIX05VSjFMaVE?oc=5
2024-09-17,META,Meta,Meta Extends Ray-Ban Partnership; Zuckerberg Says Glasses 'Next Major Tech Platform' - Investor's Business Daily,"EN
Sign in
Before you continue to Google
We use cookies and data to
Deliver and maintain Google services
Track outages and protect against spam, fraud, and abuse
Measure audience engagement and site statistics to understand how our services are used and enhance the quality of those services
If you choose to “Accept all,” we will also use cookies and data to
Develop and improve new services
Deliver and measure the effectiveness of ads
Show personalized content, depending on your settings
Show personalized ads, depending on your settings
If you choose to “Reject all,” we will not use cookies for these additional purposes.
Non-personalized content is influenced by things like the content you’re currently viewing, activity in your active Search session, and your location. Non-personalized ads are influenced by the content you’re currently viewing and your general location. Personalized content and ads can also include more relevant results, recommendations, and tailored ads based on past activity from this browser, like previous Google searches. We also use cookies and data to tailor the experience to be age-appropriate, if relevant.
Select “More options” to see additional information, including details about managing your privacy settings. You can also visit g.co/privacytools at any time.
Reject all
Accept all
More options
Privacy Policy
Terms of Service",https://news.google.com/rss/articles/CBMijwFBVV95cUxNM2ZzSHJKYlRYZC1ueThoaDVJVmNOWjU1NHRvSXJIUnprX3dFRGQzMjVxdk1pQkNLdkpvX05VM2ZPUDQwRmc1THRRbFpxRGo5Z3dEYnQ5ZnV6b3NxTkRIV053dFlpRUNySElCRHN5TFBjQ3hRZXJqejNjSWpxanlNTkR0T0FpdjRQVU9mVHhtWQ?oc=5
2024-09-24,META,Meta,"Meta Connect Conference To Put Dual AI, Virtual Reality Push In Focus - Investor's Business Daily","EN
Sign in
Before you continue to Google
We use cookies and data to
Deliver and maintain Google services
Track outages and protect against spam, fraud, and abuse
Measure audience engagement and site statistics to understand how our services are used and enhance the quality of those services
If you choose to “Accept all,” we will also use cookies and data to
Develop and improve new services
Deliver and measure the effectiveness of ads
Show personalized content, depending on your settings
Show personalized ads, depending on your settings
If you choose to “Reject all,” we will not use cookies for these additional purposes.
Non-personalized content is influenced by things like the content you’re currently viewing, activity in your active Search session, and your location. Non-personalized ads are influenced by the content you’re currently viewing and your general location. Personalized content and ads can also include more relevant results, recommendations, and tailored ads based on past activity from this browser, like previous Google searches. We also use cookies and data to tailor the experience to be age-appropriate, if relevant.
Select “More options” to see additional information, including details about managing your privacy settings. You can also visit g.co/privacytools at any time.
Reject all
Accept all
More options
Privacy Policy
Terms of Service",https://news.google.com/rss/articles/CBMikwFBVV95cUxOd3kya2JVb3V0UFEzeV9rdGtVdmhyRVhtRm52M2pBX21adFo2NGg0YTFWOTQwNWpQdUNWY2xqbkFIdjA4ZWVoWmVvTGR4Slo5VmN5Y3hNVWZqTDdRbWNrdk4zaWNYYmFVdnNBY21OQl84ZUlGZ0xrTncyajVtNVZRblpyNF8tMDBTWWtxZndKR3gxNlE?oc=5
2024-09-16,META,Meta,"Meta, Nvidia Chipmaker Lead 5 Stocks Flashing Buy Signals As Market Revs Higher - Investor's Business Daily","EN
Sign in
Before you continue to Google
We use cookies and data to
Deliver and maintain Google services
Track outages and protect against spam, fraud, and abuse
Measure audience engagement and site statistics to understand how our services are used and enhance the quality of those services
If you choose to “Accept all,” we will also use cookies and data to
Develop and improve new services
Deliver and measure the effectiveness of ads
Show personalized content, depending on your settings
Show personalized ads, depending on your settings
If you choose to “Reject all,” we will not use cookies for these additional purposes.
Non-personalized content is influenced by things like the content you’re currently viewing, activity in your active Search session, and your location. Non-personalized ads are influenced by the content you’re currently viewing and your general location. Personalized content and ads can also include more relevant results, recommendations, and tailored ads based on past activity from this browser, like previous Google searches. We also use cookies and data to tailor the experience to be age-appropriate, if relevant.
Select “More options” to see additional information, including details about managing your privacy settings. You can also visit g.co/privacytools at any time.
Reject all
Accept all
More options
Privacy Policy
Terms of Service",https://news.google.com/rss/articles/CBMifEFVX3lxTE0zWTF2QkpEVFVNeUF2SERuM19GNzZPUWdUTVkwMVJkdXd6UWgxa1hkbXZqZjhLNDlxTHRXWThzUTh6U2M1amNhMlM5OEx2RkdDVDh4VFhSZElHWU9wYVV6aktfSC14YUdiMllJQjZoT2dGWHFEY1I3Ul9VcFc?oc=5
2024-08-31,META,Meta,"S&P 500 Giants Meta, Eli Lilly Lead 5 Stocks Near Buy Points - Investor's Business Daily","EN
Sign in
Before you continue to Google
We use cookies and data to
Deliver and maintain Google services
Track outages and protect against spam, fraud, and abuse
Measure audience engagement and site statistics to understand how our services are used and enhance the quality of those services
If you choose to “Accept all,” we will also use cookies and data to
Develop and improve new services
Deliver and measure the effectiveness of ads
Show personalized content, depending on your settings
Show personalized ads, depending on your settings
If you choose to “Reject all,” we will not use cookies for these additional purposes.
Non-personalized content is influenced by things like the content you’re currently viewing, activity in your active Search session, and your location. Non-personalized ads are influenced by the content you’re currently viewing and your general location. Personalized content and ads can also include more relevant results, recommendations, and tailored ads based on past activity from this browser, like previous Google searches. We also use cookies and data to tailor the experience to be age-appropriate, if relevant.
Select “More options” to see additional information, including details about managing your privacy settings. You can also visit g.co/privacytools at any time.
Reject all
Accept all
More options
Privacy Policy
Terms of Service",https://news.google.com/rss/articles/CBMiiwFBVV95cUxQa1N5TVgwM2VHa3I3LVM5WWE1OGJwSlcyM3dRTmxRVjdBSDBEc01ReWVyaU00dkJRV0Z0QU5GUERsdFQ3R3hRajFQeWR1RTJMaDY2LVJmOXBOeHNxUHVrMjI2bmRWZHdPU0xGMFVjTHdrNEpZTk9jMHFGb2VRZ2xWZVFqVXV0d1FIRWgw?oc=5
2024-09-25,META,Meta,"Meta Connect: CEO Touts AI Chatbot Growth, Launches New Headset - Investor's Business Daily","EN
Sign in
Before you continue to Google
We use cookies and data to
Deliver and maintain Google services
Track outages and protect against spam, fraud, and abuse
Measure audience engagement and site statistics to understand how our services are used and enhance the quality of those services
If you choose to “Accept all,” we will also use cookies and data to
Develop and improve new services
Deliver and measure the effectiveness of ads
Show personalized content, depending on your settings
Show personalized ads, depending on your settings
If you choose to “Reject all,” we will not use cookies for these additional purposes.
Non-personalized content is influenced by things like the content you’re currently viewing, activity in your active Search session, and your location. Non-personalized ads are influenced by the content you’re currently viewing and your general location. Personalized content and ads can also include more relevant results, recommendations, and tailored ads based on past activity from this browser, like previous Google searches. We also use cookies and data to tailor the experience to be age-appropriate, if relevant.
Select “More options” to see additional information, including details about managing your privacy settings. You can also visit g.co/privacytools at any time.
Reject all
Accept all
More options
Privacy Policy
Terms of Service",https://news.google.com/rss/articles/CBMijAFBVV95cUxOSmpJaUNoYzViYTM2WmpsbVJHdFlGVF8wYlhHX1ZiRU9LNVpfUDBnU29DWGU0QTFBTUw4akZOLWttQWVlLXNEandVNXlVbkNlT1diZDl6QUc0ajlEVFZaLTctS3kyRkJTV0czM1BZZkpsdGJ1VHdhZ2FYMC1GLVo1Y2lSZFk2bUt6Y3ZpVA?oc=5
2024-09-16,META,Meta,"Analysts Raise Profit Estimates For Nvidia Chipmaker, Meta And Others - Investor's Business Daily","EN
Sign in
Before you continue to Google
We use cookies and data to
Deliver and maintain Google services
Track outages and protect against spam, fraud, and abuse
Measure audience engagement and site statistics to understand how our services are used and enhance the quality of those services
If you choose to “Accept all,” we will also use cookies and data to
Develop and improve new services
Deliver and measure the effectiveness of ads
Show personalized content, depending on your settings
Show personalized ads, depending on your settings
If you choose to “Reject all,” we will not use cookies for these additional purposes.
Non-personalized content is influenced by things like the content you’re currently viewing, activity in your active Search session, and your location. Non-personalized ads are influenced by the content you’re currently viewing and your general location. Personalized content and ads can also include more relevant results, recommendations, and tailored ads based on past activity from this browser, like previous Google searches. We also use cookies and data to tailor the experience to be age-appropriate, if relevant.
Select “More options” to see additional information, including details about managing your privacy settings. You can also visit g.co/privacytools at any time.
Reject all
Accept all
More options
Privacy Policy
Terms of Service",https://news.google.com/rss/articles/CBMimgFBVV95cUxNenNCYWQyeWYxMmlCUEhaUGYzTzVTZWJhb0RNLU5JVmtYNTNtV0oxQVhOajhDQ0s0N0g3MFZySk9oRDlBRjdDOTBSeFJqczBsZGNKLU9lNmJBdU16c0hBYXd6eGctWWdLUmJSVF9zYWl0T1k0WWZjZWRfZThiSzhyekhXdnI3SEJhZDNCcFpqcHFEVVJoSDBqYV9n?oc=5
2024-10-15,META,Meta,This Option Spread Takes Advantage Of Volatility Skew In Meta - Investor's Business Daily,"EN
Sign in
Before you continue to Google
We use cookies and data to
Deliver and maintain Google services
Track outages and protect against spam, fraud, and abuse
Measure audience engagement and site statistics to understand how our services are used and enhance the quality of those services
If you choose to “Accept all,” we will also use cookies and data to
Develop and improve new services
Deliver and measure the effectiveness of ads
Show personalized content, depending on your settings
Show personalized ads, depending on your settings
If you choose to “Reject all,” we will not use cookies for these additional purposes.
Non-personalized content is influenced by things like the content you’re currently viewing, activity in your active Search session, and your location. Non-personalized ads are influenced by the content you’re currently viewing and your general location. Personalized content and ads can also include more relevant results, recommendations, and tailored ads based on past activity from this browser, like previous Google searches. We also use cookies and data to tailor the experience to be age-appropriate, if relevant.
Select “More options” to see additional information, including details about managing your privacy settings. You can also visit g.co/privacytools at any time.
Reject all
Accept all
More options
Privacy Policy
Terms of Service",https://news.google.com/rss/articles/CBMimgFBVV95cUxNM3dVd3pnYW5Ja3NKRWMxc2s4ZklGT1VzLTluUHVJdjJhOUYyRGVLRDZ5Y3pDaUtxY25Nb1AyN3ByVGV4UzE4X1AzQjJFVlZ4SGFCWXg0OG1MeVVIZ3YwU3UxdVN4SWJMTTl0cGUtX0FfRDVaYXl5dGh5QnpjRWRTWGR6c3VZTDJiVFFYNzlodm9GQi11XzFBakR3?oc=5
2024-10-24,META,Meta,"Going Into Earnings, Is Meta Stock a Buy, a Sell, or Fairly Valued? - Morningstar","EN
Sign in
Before you continue to Google
We use cookies and data to
Deliver and maintain Google services
Track outages and protect against spam, fraud, and abuse
Measure audience engagement and site statistics to understand how our services are used and enhance the quality of those services
If you choose to “Accept all,” we will also use cookies and data to
Develop and improve new services
Deliver and measure the effectiveness of ads
Show personalized content, depending on your settings
Show personalized ads, depending on your settings
If you choose to “Reject all,” we will not use cookies for these additional purposes.
Non-personalized content is influenced by things like the content you’re currently viewing, activity in your active Search session, and your location. Non-personalized ads are influenced by the content you’re currently viewing and your general location. Personalized content and ads can also include more relevant results, recommendations, and tailored ads based on past activity from this browser, like previous Google searches. We also use cookies and data to tailor the experience to be age-appropriate, if relevant.
Select “More options” to see additional information, including details about managing your privacy settings. You can also visit g.co/privacytools at any time.
Reject all
Accept all
More options
Privacy Policy
Terms of Service",https://news.google.com/rss/articles/CBMinAFBVV95cUxPbVltUmstaWZLZWlYWFdRZlZjdVN4YWI0VjZnY20ybDBCbVBfbTFOQ3JUVndRVTB0SFpmYlVXMEo2cUtZOGsyeElHczZUOTRJdkZraFJQVVd5ODl5NHpWNWtTYnJtc3RCanh3aTZia3h4SlFoSHJzWXVwWng1cVhEME55RHpMdkwwNjhtdmY1bEpHcVZaMk14cFd1enE?oc=5
2024-10-22,META,Meta,"If You Invested $10,000 In Meta Platforms Stock 10 Years Ago, How Much Would You Have Now? - Yahoo Finance","EN
Sign in
Before you continue to Google
We use cookies and data to
Deliver and maintain Google services
Track outages and protect against spam, fraud, and abuse
Measure audience engagement and site statistics to understand how our services are used and enhance the quality of those services
If you choose to “Accept all,” we will also use cookies and data to
Develop and improve new services
Deliver and measure the effectiveness of ads
Show personalized content, depending on your settings
Show personalized ads, depending on your settings
If you choose to “Reject all,” we will not use cookies for these additional purposes.
Non-personalized content is influenced by things like the content you’re currently viewing, activity in your active Search session, and your location. Non-personalized ads are influenced by the content you’re currently viewing and your general location. Personalized content and ads can also include more relevant results, recommendations, and tailored ads based on past activity from this browser, like previous Google searches. We also use cookies and data to tailor the experience to be age-appropriate, if relevant.
Select “More options” to see additional information, including details about managing your privacy settings. You can also visit g.co/privacytools at any time.
Reject all
Accept all
More options
Privacy Policy
Terms of Service",https://news.google.com/rss/articles/CBMiggFBVV95cUxOc2lZZFo0WXhMNXV2ZUFWdzZEb3lyU3V1Z0p4dHd0RVFrM01nRTB1X0ZYQ1hnOF90VEIwMWN2cXZQX214NmxvTTJDY1lSSU84NE1NaXpteEdKQVdsM2s5eFVBWmtQejBaZ09SWFNpY2JZeHQwckllTnNORTVvYXBTdFRR?oc=5
2024-10-09,META,Meta,Analysts update Meta stock price target with Q3 earnings in focus - TheStreet,"EN
Sign in
Before you continue to Google
We use cookies and data to
Deliver and maintain Google services
Track outages and protect against spam, fraud, and abuse
Measure audience engagement and site statistics to understand how our services are used and enhance the quality of those services
If you choose to “Accept all,” we will also use cookies and data to
Develop and improve new services
Deliver and measure the effectiveness of ads
Show personalized content, depending on your settings
Show personalized ads, depending on your settings
If you choose to “Reject all,” we will not use cookies for these additional purposes.
Non-personalized content is influenced by things like the content you’re currently viewing, activity in your active Search session, and your location. Non-personalized ads are influenced by the content you’re currently viewing and your general location. Personalized content and ads can also include more relevant results, recommendations, and tailored ads based on past activity from this browser, like previous Google searches. We also use cookies and data to tailor the experience to be age-appropriate, if relevant.
Select “More options” to see additional information, including details about managing your privacy settings. You can also visit g.co/privacytools at any time.
Reject all
Accept all
More options
Privacy Policy
Terms of Service",https://news.google.com/rss/articles/CBMirAFBVV95cUxPc2E5SDNmUG82SWQ2QkNwM0JKdms0eHByX1V5cGVKeHFGQUt6cVBPQWF0QmZsMklSWTVnZjhsQUZuaDdodUh2NTVJUDVqekhsV3JBQ3N2QlhzcnBUTWltUEpPWmZqVnFpZHgtWkMtUHBJRE9QVkUzcWdQalkzYVF4ZzlWM182NlRiOWFGUmlVOXdrb2NfOFc0R3NsOEdUc25fbHZsNV9UVHhmdVBS?oc=5
2024-10-11,META,Meta,Meta Stock Keeps Climbing. This Analyst Says Not to Buy Just Yet. - Barron's,"EN
Sign in
Before you continue to Google
We use cookies and data to
Deliver and maintain Google services
Track outages and protect against spam, fraud, and abuse
Measure audience engagement and site statistics to understand how our services are used and enhance the quality of those services
If you choose to “Accept all,” we will also use cookies and data to
Develop and improve new services
Deliver and measure the effectiveness of ads
Show personalized content, depending on your settings
Show personalized ads, depending on your settings
If you choose to “Reject all,” we will not use cookies for these additional purposes.
Non-personalized content is influenced by things like the content you’re currently viewing, activity in your active Search session, and your location. Non-personalized ads are influenced by the content you’re currently viewing and your general location. Personalized content and ads can also include more relevant results, recommendations, and tailored ads based on past activity from this browser, like previous Google searches. We also use cookies and data to tailor the experience to be age-appropriate, if relevant.
Select “More options” to see additional information, including details about managing your privacy settings. You can also visit g.co/privacytools at any time.
Reject all
Accept all
More options
Privacy Policy
Terms of Service",https://news.google.com/rss/articles/CBMickFVX3lxTE9PcURMbExDTlAxa0lXbnhLejdBOUFXdG9YYXRGRFU3N2tQeGpZQkU3REMzSzV1NU1Tcm5zcDdGekVnaDNZWnFCc0lsMXhPSnZnRXZYYWw3TFFYX3Mtd1J2M1Vwb1QwWlZrdGQ2Sm9NTmsxQQ?oc=5
2024-10-04,META,Meta,Watch These Meta Platforms Price Levels as AI Optimism Boosts Stock to Record High - Investopedia,"EN
Sign in
Before you continue to Google
We use cookies and data to
Deliver and maintain Google services
Track outages and protect against spam, fraud, and abuse
Measure audience engagement and site statistics to understand how our services are used and enhance the quality of those services
If you choose to “Accept all,” we will also use cookies and data to
Develop and improve new services
Deliver and measure the effectiveness of ads
Show personalized content, depending on your settings
Show personalized ads, depending on your settings
If you choose to “Reject all,” we will not use cookies for these additional purposes.
Non-personalized content is influenced by things like the content you’re currently viewing, activity in your active Search session, and your location. Non-personalized ads are influenced by the content you’re currently viewing and your general location. Personalized content and ads can also include more relevant results, recommendations, and tailored ads based on past activity from this browser, like previous Google searches. We also use cookies and data to tailor the experience to be age-appropriate, if relevant.
Select “More options” to see additional information, including details about managing your privacy settings. You can also visit g.co/privacytools at any time.
Reject all
Accept all
More options
Privacy Policy
Terms of Service",https://news.google.com/rss/articles/CBMivwFBVV95cUxQSVdtdlR1TGxNS2hwSzJYWTh3RTFfSy0wVTZYbHk3ZTU3N0czaEoyQTQ1ZlFaaWpsU0RxOVNEMEJXLWN1OUJXSnRHOFpJbTJGTVZCNWdWVG52ckZ5QlBJbGJtVjQtVFNaUHR0MkhIVnFNS28teHIwdXg0LWEyN2tYMC1OS3JvV0ZmdThkX3JxX0xKRmhlOFZXQ3JObzZhdXFKeVJIRFVsdHB6dnNEUDVOTTVwaEdqb09VMVlVWHg3bw?oc=5
2024-10-19,META,Meta,Every Meta Platforms Stock Investor Should Watch This Key Number on Oct. 30 - The Motley Fool,"EN
Sign in
Before you continue to Google
We use cookies and data to
Deliver and maintain Google services
Track outages and protect against spam, fraud, and abuse
Measure audience engagement and site statistics to understand how our services are used and enhance the quality of those services
If you choose to “Accept all,” we will also use cookies and data to
Develop and improve new services
Deliver and measure the effectiveness of ads
Show personalized content, depending on your settings
Show personalized ads, depending on your settings
If you choose to “Reject all,” we will not use cookies for these additional purposes.
Non-personalized content is influenced by things like the content you’re currently viewing, activity in your active Search session, and your location. Non-personalized ads are influenced by the content you’re currently viewing and your general location. Personalized content and ads can also include more relevant results, recommendations, and tailored ads based on past activity from this browser, like previous Google searches. We also use cookies and data to tailor the experience to be age-appropriate, if relevant.
Select “More options” to see additional information, including details about managing your privacy settings. You can also visit g.co/privacytools at any time.
Reject all
Accept all
More options
Privacy Policy
Terms of Service",https://news.google.com/rss/articles/CBMimAFBVV95cUxOM0ZBM2pfY0V0dm42NkNFVXBfckN0eVlrckkzb01jU0ZIVFNiVGNzVXJKMHZIeTU0OXdhUWFGMmZsaWdmMlNuREt5Q3BIaFFhMjhHcWU0ZndicHlheG9lMlJmd240WlExSXlDM1QzTW5BTHZjZUJGaXhmMWdyU1VPcGNNa2xOOEVHZGJPUHVkZnktVmlZOVlmUg?oc=5
2024-10-02,META,Meta,Meta Stock Q4 Forecast: Can META Keep Rising As AI Leader Nvidia Loses Steam? - Barchart.com,"EN
Sign in
Before you continue to Google
We use cookies and data to
Deliver and maintain Google services
Track outages and protect against spam, fraud, and abuse
Measure audience engagement and site statistics to understand how our services are used and enhance the quality of those services
If you choose to “Accept all,” we will also use cookies and data to
Develop and improve new services
Deliver and measure the effectiveness of ads
Show personalized content, depending on your settings
Show personalized ads, depending on your settings
If you choose to “Reject all,” we will not use cookies for these additional purposes.
Non-personalized content is influenced by things like the content you’re currently viewing, activity in your active Search session, and your location. Non-personalized ads are influenced by the content you’re currently viewing and your general location. Personalized content and ads can also include more relevant results, recommendations, and tailored ads based on past activity from this browser, like previous Google searches. We also use cookies and data to tailor the experience to be age-appropriate, if relevant.
Select “More options” to see additional information, including details about managing your privacy settings. You can also visit g.co/privacytools at any time.
Reject all
Accept all
More options
Privacy Policy
Terms of Service",https://news.google.com/rss/articles/CBMivAFBVV95cUxQWkNTOFFHc3FaSGxjR212VHpPWVAyWFVRRTlPREE2MnJqeUZOSEZZVllQUENjMGttVEhLUWhNTVZ5RVFtaHhsMHdSVXVzeTRJbEs2TWdpWjlOVGhPeEhoZjl1cF91SUVQMFo4b25KTzFYRy0yUkstZ0tIOTlhSXBsemg5aS1hcDh2c0JrR1djck5ucV91US1JNHp4ZlNTNnFJeHhPOUp1djF5UlMxY1JwY3VLOVdKb081ejBYaQ?oc=5
2024-10-14,META,Meta,Why Analysts Boosted Targets For Meta Stock - Investor's Business Daily,"EN
Sign in
Before you continue to Google
We use cookies and data to
Deliver and maintain Google services
Track outages and protect against spam, fraud, and abuse
Measure audience engagement and site statistics to understand how our services are used and enhance the quality of those services
If you choose to “Accept all,” we will also use cookies and data to
Develop and improve new services
Deliver and measure the effectiveness of ads
Show personalized content, depending on your settings
Show personalized ads, depending on your settings
If you choose to “Reject all,” we will not use cookies for these additional purposes.
Non-personalized content is influenced by things like the content you’re currently viewing, activity in your active Search session, and your location. Non-personalized ads are influenced by the content you’re currently viewing and your general location. Personalized content and ads can also include more relevant results, recommendations, and tailored ads based on past activity from this browser, like previous Google searches. We also use cookies and data to tailor the experience to be age-appropriate, if relevant.
Select “More options” to see additional information, including details about managing your privacy settings. You can also visit g.co/privacytools at any time.
Reject all
Accept all
More options
Privacy Policy
Terms of Service",https://news.google.com/rss/articles/CBMijAFBVV95cUxQX0NLdklmVndxd2Q4bzUtaW1nRHQzdW43b0w0V3R3Q0VQMnkzSmZEYVhSVWtqaElONE1Ra0VnR1FDSHhDRHI5NzVTVk1waV9IMXBQZmdfUC1OcERuNFhDLS0xSmwxcDNOdXhUbTJiOVI4TkI3Sng1dEFiVm9taC1lNWJ5RGxTTmM3Q3ZFNg?oc=5
2024-10-08,META,Meta,Meta Stock Returns Pale Next To Peter Thiel's Secretive Data Company Even As Mark Zuckerberg Company's AI Advancements Generate Excitement - Yahoo Finance,"EN
Sign in
Before you continue to Google
We use cookies and data to
Deliver and maintain Google services
Track outages and protect against spam, fraud, and abuse
Measure audience engagement and site statistics to understand how our services are used and enhance the quality of those services
If you choose to “Accept all,” we will also use cookies and data to
Develop and improve new services
Deliver and measure the effectiveness of ads
Show personalized content, depending on your settings
Show personalized ads, depending on your settings
If you choose to “Reject all,” we will not use cookies for these additional purposes.
Non-personalized content is influenced by things like the content you’re currently viewing, activity in your active Search session, and your location. Non-personalized ads are influenced by the content you’re currently viewing and your general location. Personalized content and ads can also include more relevant results, recommendations, and tailored ads based on past activity from this browser, like previous Google searches. We also use cookies and data to tailor the experience to be age-appropriate, if relevant.
Select “More options” to see additional information, including details about managing your privacy settings. You can also visit g.co/privacytools at any time.
Reject all
Accept all
More options
Privacy Policy
Terms of Service",https://news.google.com/rss/articles/CBMif0FVX3lxTE5sSGZoa0NqMEhZSXBkeWJNR25FdmFrTlAzMXk5eEQ2ZmszTExOQVlKOUw0MUl6LW0xY3NBZ3NOc0p0dlJTYmFHYjdGQkE4YTlqby0ybVpOREZVWnJlUlNMQTIwT3hwdktwVzl0UDZxNU1NZE83ZXJFdjA1eVBObk0?oc=5
2024-10-09,META,Meta,Meta Stock Gets a Price Target Increase. Here’s Why. - Barron's,"EN
Sign in
Before you continue to Google
We use cookies and data to
Deliver and maintain Google services
Track outages and protect against spam, fraud, and abuse
Measure audience engagement and site statistics to understand how our services are used and enhance the quality of those services
If you choose to “Accept all,” we will also use cookies and data to
Develop and improve new services
Deliver and measure the effectiveness of ads
Show personalized content, depending on your settings
Show personalized ads, depending on your settings
If you choose to “Reject all,” we will not use cookies for these additional purposes.
Non-personalized content is influenced by things like the content you’re currently viewing, activity in your active Search session, and your location. Non-personalized ads are influenced by the content you’re currently viewing and your general location. Personalized content and ads can also include more relevant results, recommendations, and tailored ads based on past activity from this browser, like previous Google searches. We also use cookies and data to tailor the experience to be age-appropriate, if relevant.
Select “More options” to see additional information, including details about managing your privacy settings. You can also visit g.co/privacytools at any time.
Reject all
Accept all
More options
Privacy Policy
Terms of Service",https://news.google.com/rss/articles/CBMic0FVX3lxTE9OQUZjVGNsZXZMNzdydHhQWF9vT1k0UlR5NXBBQmktbi1heGFwc0drcHRDdUVqTnJ1YlBYUTZGU0xuYXp1NFFlbkU1b3Q3ZUt6QWpWcV9icXB3aVdraHZYclhmamMwMkdzNWFrOEN3X284ZE0?oc=5
2024-10-09,META,Meta,Stock-Split Watch: Is Meta Platforms Next? - The Motley Fool,"EN
Sign in
Before you continue to Google
We use cookies and data to
Deliver and maintain Google services
Track outages and protect against spam, fraud, and abuse
Measure audience engagement and site statistics to understand how our services are used and enhance the quality of those services
If you choose to “Accept all,” we will also use cookies and data to
Develop and improve new services
Deliver and measure the effectiveness of ads
Show personalized content, depending on your settings
Show personalized ads, depending on your settings
If you choose to “Reject all,” we will not use cookies for these additional purposes.
Non-personalized content is influenced by things like the content you’re currently viewing, activity in your active Search session, and your location. Non-personalized ads are influenced by the content you’re currently viewing and your general location. Personalized content and ads can also include more relevant results, recommendations, and tailored ads based on past activity from this browser, like previous Google searches. We also use cookies and data to tailor the experience to be age-appropriate, if relevant.
Select “More options” to see additional information, including details about managing your privacy settings. You can also visit g.co/privacytools at any time.
Reject all
Accept all
More options
Privacy Policy
Terms of Service",https://news.google.com/rss/articles/CBMiiwFBVV95cUxPVU9QTFRYTmtIWmVkY01iMXdQcllQZXl5X3NkMDRwRFV4dHFvUWhzRUV5TUN1cXVIcmRLaU9vUG1KVXNzeWFlOFRFY1hFTDNaSnBGcnRiMWRlSmY2clF0RHlXeHp5Nms5QTRoZFhDSHZXWEh5WmFlWDM5aTBMbWdQQlJMc241Z2J1RWtZ?oc=5
2024-10-08,META,Meta,This Bear Call Spread Is Flexible. It Can Profit Even Without A Drop. - Investor's Business Daily,"EN
Sign in
Before you continue to Google
We use cookies and data to
Deliver and maintain Google services
Track outages and protect against spam, fraud, and abuse
Measure audience engagement and site statistics to understand how our services are used and enhance the quality of those services
If you choose to “Accept all,” we will also use cookies and data to
Develop and improve new services
Deliver and measure the effectiveness of ads
Show personalized content, depending on your settings
Show personalized ads, depending on your settings
If you choose to “Reject all,” we will not use cookies for these additional purposes.
Non-personalized content is influenced by things like the content you’re currently viewing, activity in your active Search session, and your location. Non-personalized ads are influenced by the content you’re currently viewing and your general location. Personalized content and ads can also include more relevant results, recommendations, and tailored ads based on past activity from this browser, like previous Google searches. We also use cookies and data to tailor the experience to be age-appropriate, if relevant.
Select “More options” to see additional information, including details about managing your privacy settings. You can also visit g.co/privacytools at any time.
Reject all
Accept all
More options
Privacy Policy
Terms of Service",https://news.google.com/rss/articles/CBMilAFBVV95cUxQckFFQXd1QXFLcy1LXzJCVnFtOTU0emJ5Ti1jX05VUFE5TWtldnNVUnoteVJvMlNfZERRSnVqaWtadnpxUjBad1ZMQ19oZWNUR3EtTmtULWZKZkxlLUR2ZEpEU3FsMWN4RzNUMUZkN0lBQlczeGRpaFpjaUpzaks1ZEFrWkJYU2lkTGljLU9zQUdxN1Vf?oc=5
2024-10-27,META,Meta,"1 Stock to Buy, 1 Stock to Sell This Week: Meta Platforms, Intel - Yahoo Finance","EN
Sign in
Before you continue to Google
We use cookies and data to
Deliver and maintain Google services
Track outages and protect against spam, fraud, and abuse
Measure audience engagement and site statistics to understand how our services are used and enhance the quality of those services
If you choose to “Accept all,” we will also use cookies and data to
Develop and improve new services
Deliver and measure the effectiveness of ads
Show personalized content, depending on your settings
Show personalized ads, depending on your settings
If you choose to “Reject all,” we will not use cookies for these additional purposes.
Non-personalized content is influenced by things like the content you’re currently viewing, activity in your active Search session, and your location. Non-personalized ads are influenced by the content you’re currently viewing and your general location. Personalized content and ads can also include more relevant results, recommendations, and tailored ads based on past activity from this browser, like previous Google searches. We also use cookies and data to tailor the experience to be age-appropriate, if relevant.
Select “More options” to see additional information, including details about managing your privacy settings. You can also visit g.co/privacytools at any time.
Reject all
Accept all
More options
Privacy Policy
Terms of Service",https://news.google.com/rss/articles/CBMic0FVX3lxTFBKVjdqOHNJbW0ySDdfMXFTUERvcTRYdW1ZV2ptZFNqdEdpYUVhVGdQZWhSelZCVDk0b1ZsNUNZWEtlM1ZvdlJtRmlKcE1maTYzTGg0emtObWdaU2l4QTc5TUktME9pck5mWnRjZjJjZUlDNjg?oc=5
2024-10-12,META,Meta,Prediction: Meta Platforms Will Be Worth More Than Alphabet and Amazon by 2026 - The Motley Fool,"EN
Sign in
Before you continue to Google
We use cookies and data to
Deliver and maintain Google services
Track outages and protect against spam, fraud, and abuse
Measure audience engagement and site statistics to understand how our services are used and enhance the quality of those services
If you choose to “Accept all,” we will also use cookies and data to
Develop and improve new services
Deliver and measure the effectiveness of ads
Show personalized content, depending on your settings
Show personalized ads, depending on your settings
If you choose to “Reject all,” we will not use cookies for these additional purposes.
Non-personalized content is influenced by things like the content you’re currently viewing, activity in your active Search session, and your location. Non-personalized ads are influenced by the content you’re currently viewing and your general location. Personalized content and ads can also include more relevant results, recommendations, and tailored ads based on past activity from this browser, like previous Google searches. We also use cookies and data to tailor the experience to be age-appropriate, if relevant.
Select “More options” to see additional information, including details about managing your privacy settings. You can also visit g.co/privacytools at any time.
Reject all
Accept all
More options
Privacy Policy
Terms of Service",https://news.google.com/rss/articles/CBMijwFBVV95cUxQOEFJa3VBb3RhbU5GQVBpTUpHbV9NQVZ0eDByXzRsMlh5TnI0VWJ2eEpIQkp1M2RsWFkxTlZhQkFGRzJKSmFpbVFuYkNIbC1sZzAybTQ2bFI5ZG4xV1FtX1ZfOTl0aHdvRHp3SVdSSGNDeG9acENDdmZEbXIyRmVEcENidGtvS0ZJN3VYTWZfOA?oc=5
2024-10-04,META,Meta,Meta Stock Shows Why The Buy Zone Is Considered The Sweet Spot - Investor's Business Daily,"EN
Sign in
Before you continue to Google
We use cookies and data to
Deliver and maintain Google services
Track outages and protect against spam, fraud, and abuse
Measure audience engagement and site statistics to understand how our services are used and enhance the quality of those services
If you choose to “Accept all,” we will also use cookies and data to
Develop and improve new services
Deliver and measure the effectiveness of ads
Show personalized content, depending on your settings
Show personalized ads, depending on your settings
If you choose to “Reject all,” we will not use cookies for these additional purposes.
Non-personalized content is influenced by things like the content you’re currently viewing, activity in your active Search session, and your location. Non-personalized ads are influenced by the content you’re currently viewing and your general location. Personalized content and ads can also include more relevant results, recommendations, and tailored ads based on past activity from this browser, like previous Google searches. We also use cookies and data to tailor the experience to be age-appropriate, if relevant.
Select “More options” to see additional information, including details about managing your privacy settings. You can also visit g.co/privacytools at any time.
Reject all
Accept all
More options
Privacy Policy
Terms of Service",https://news.google.com/rss/articles/CBMikAFBVV95cUxQVTIyVXNsTk9qTG84ajk4OU9obnFZMlZMcVdmWURUSVB5NWRwenk4Sk00bjBYU3ZleEFtUGY4ZWQ1bUxvc3RrSFB4dm9YVGFZZ0MxSVBsdzRiY0dYd09CRFJVNlQ2ZmtjUkRsanJFQ2gyV1ptZnZmaFZER1RNVExGeElfQ3lSa0RFVWl6SWkxVW8?oc=5
2024-10-18,META,Meta,Is Meta Platforms Inc (META) A Good Stock to Buy Right Now? - Yahoo Finance,"EN
Sign in
Before you continue to Google
We use cookies and data to
Deliver and maintain Google services
Track outages and protect against spam, fraud, and abuse
Measure audience engagement and site statistics to understand how our services are used and enhance the quality of those services
If you choose to “Accept all,” we will also use cookies and data to
Develop and improve new services
Deliver and measure the effectiveness of ads
Show personalized content, depending on your settings
Show personalized ads, depending on your settings
If you choose to “Reject all,” we will not use cookies for these additional purposes.
Non-personalized content is influenced by things like the content you’re currently viewing, activity in your active Search session, and your location. Non-personalized ads are influenced by the content you’re currently viewing and your general location. Personalized content and ads can also include more relevant results, recommendations, and tailored ads based on past activity from this browser, like previous Google searches. We also use cookies and data to tailor the experience to be age-appropriate, if relevant.
Select “More options” to see additional information, including details about managing your privacy settings. You can also visit g.co/privacytools at any time.
Reject all
Accept all
More options
Privacy Policy
Terms of Service",https://news.google.com/rss/articles/CBMif0FVX3lxTFBkQ1gzOW53WWtJVGNTb2Q3Njh2bFpLbHJLSjl0dlpVRHZ6NFpLTjRoQkUyX0lYa1BBMGRjVERtdTRzYnhOZXc0U01hWXNxZmRueUhZQUd6dEgtT1lTaWliN2pNcXR3UWdYMWpQNnZrR1N6WnN1UzJyWW9FclR1VkU?oc=5
2024-10-18,META,Meta,Zuckerberg Bets Big On AI Smart Glasses. But Can Meta Outfox Apple And Google? - Investor's Business Daily,"EN
Sign in
Before you continue to Google
We use cookies and data to
Deliver and maintain Google services
Track outages and protect against spam, fraud, and abuse
Measure audience engagement and site statistics to understand how our services are used and enhance the quality of those services
If you choose to “Accept all,” we will also use cookies and data to
Develop and improve new services
Deliver and measure the effectiveness of ads
Show personalized content, depending on your settings
Show personalized ads, depending on your settings
If you choose to “Reject all,” we will not use cookies for these additional purposes.
Non-personalized content is influenced by things like the content you’re currently viewing, activity in your active Search session, and your location. Non-personalized ads are influenced by the content you’re currently viewing and your general location. Personalized content and ads can also include more relevant results, recommendations, and tailored ads based on past activity from this browser, like previous Google searches. We also use cookies and data to tailor the experience to be age-appropriate, if relevant.
Select “More options” to see additional information, including details about managing your privacy settings. You can also visit g.co/privacytools at any time.
Reject all
Accept all
More options
Privacy Policy
Terms of Service",https://news.google.com/rss/articles/CBMimAFBVV95cUxNZmdWWk1JWkVXSVc3cVctSE9QQ2JEeVZRZ3Roa2RVN0IwaWxJZzZsMFFsQVA5TWdTRE4zQm1EMUIzeXhsRDVUQTV4MjlSNHRnX09ZRXhyLW8xZ05WUjlfVThRcWJGRWNQdE16NGUxT3hLWTFHbUpxc2p1T1ZKSHk4RFNzNWVCZ0FKaTF3T0N6R3M1Qllxcm5uaA?oc=5
2024-10-04,META,Meta,"Nvidia Still Missing, But One Mag 7 Makes This Elite Screen - Investor's Business Daily","EN
Sign in
Before you continue to Google
We use cookies and data to
Deliver and maintain Google services
Track outages and protect against spam, fraud, and abuse
Measure audience engagement and site statistics to understand how our services are used and enhance the quality of those services
If you choose to “Accept all,” we will also use cookies and data to
Develop and improve new services
Deliver and measure the effectiveness of ads
Show personalized content, depending on your settings
Show personalized ads, depending on your settings
If you choose to “Reject all,” we will not use cookies for these additional purposes.
Non-personalized content is influenced by things like the content you’re currently viewing, activity in your active Search session, and your location. Non-personalized ads are influenced by the content you’re currently viewing and your general location. Personalized content and ads can also include more relevant results, recommendations, and tailored ads based on past activity from this browser, like previous Google searches. We also use cookies and data to tailor the experience to be age-appropriate, if relevant.
Select “More options” to see additional information, including details about managing your privacy settings. You can also visit g.co/privacytools at any time.
Reject all
Accept all
More options
Privacy Policy
Terms of Service",https://news.google.com/rss/articles/CBMizAFBVV95cUxPQ2hCb1B0eG9ib0I2amliZ0ZMZW1QZWUxMG0ybEZNNTVKRDlZVUZHN1lUVFI1dmdCMXRGZ3E0VVdsbnB3N2xoSU9yTGFzMFBKb0dOVEQxV3FYdDhUQ2VMSW5BRXoybDhSQ3VDUkNoUFFUeFRkYWZwenVhNzVBTmltYkZxWTBZdWxwSFY1aGZaQ3loT19hMUk5RlNCUzBuQU5jZzZMRS02WnJqbENpb01uTjFSQUlpWXM4QmowTzBYNkF6MnFFYmJKb250ekc?oc=5
2024-10-07,META,Meta,Meta Stock Nabs Price-Target Hike. Analyst Sees 4 'Vectors' To Monetize AI. - Investor's Business Daily,"EN
Sign in
Before you continue to Google
We use cookies and data to
Deliver and maintain Google services
Track outages and protect against spam, fraud, and abuse
Measure audience engagement and site statistics to understand how our services are used and enhance the quality of those services
If you choose to “Accept all,” we will also use cookies and data to
Develop and improve new services
Deliver and measure the effectiveness of ads
Show personalized content, depending on your settings
Show personalized ads, depending on your settings
If you choose to “Reject all,” we will not use cookies for these additional purposes.
Non-personalized content is influenced by things like the content you’re currently viewing, activity in your active Search session, and your location. Non-personalized ads are influenced by the content you’re currently viewing and your general location. Personalized content and ads can also include more relevant results, recommendations, and tailored ads based on past activity from this browser, like previous Google searches. We also use cookies and data to tailor the experience to be age-appropriate, if relevant.
Select “More options” to see additional information, including details about managing your privacy settings. You can also visit g.co/privacytools at any time.
Reject all
Accept all
More options
Privacy Policy
Terms of Service",https://news.google.com/rss/articles/CBMipgFBVV95cUxNS3A2RHdBSkFQYW5NdGVFTGYwYjNoeVByZzkzOGp3STFpUkFtQ2dVMFNBQW5JTUdtMklqdFhoekhFM0N3dXRsSUo3SlA5SW5VTVZHM0hINkluWm9rSEdjdVBYdWd3d3BXdjB2dXgyUk5CLWQ4ZFhPb0M5QVl5a3kxZW1fYU5GX2RCMTlRcFpQcDl3LVB0SVR3NFdJM2IyMGVobWhoZzh3?oc=5
2024-10-31,META,Meta,Meta Stock Falls Despite Strong Quarter. Why Zuckerberg Is Keeping Up The AI Spending Spree. - Investor's Business Daily,"EN
Sign in
Before you continue to Google
We use cookies and data to
Deliver and maintain Google services
Track outages and protect against spam, fraud, and abuse
Measure audience engagement and site statistics to understand how our services are used and enhance the quality of those services
If you choose to “Accept all,” we will also use cookies and data to
Develop and improve new services
Deliver and measure the effectiveness of ads
Show personalized content, depending on your settings
Show personalized ads, depending on your settings
If you choose to “Reject all,” we will not use cookies for these additional purposes.
Non-personalized content is influenced by things like the content you’re currently viewing, activity in your active Search session, and your location. Non-personalized ads are influenced by the content you’re currently viewing and your general location. Personalized content and ads can also include more relevant results, recommendations, and tailored ads based on past activity from this browser, like previous Google searches. We also use cookies and data to tailor the experience to be age-appropriate, if relevant.
Select “More options” to see additional information, including details about managing your privacy settings. You can also visit g.co/privacytools at any time.
Reject all
Accept all
More options
Privacy Policy
Terms of Service",https://news.google.com/rss/articles/CBMingFBVV95cUxPNVh5anJZUjhmeWtqS0w4VHEtb0tocWJJZVB4Rmo0dzVzN1RZNXhNYXdGbzFKYmo3dDJIYVpCUVAxcnlhbzhlTDAyN0hkMXQzaXhPSEFQM0p0aDVCN0ZDc0VOV19xT3VCS2FZdThDSEY2ZDFMZ3dKd05QY3ladXhSVVFKd1pGR3BvQVFlX2d2ckVmTkhoaHFIdUVKQ2g4dw?oc=5
2024-11-05,META,Meta,"After Earnings, Is Meta Stock a Buy, a Sell, or Fairly Valued? - Morningstar","EN
Sign in
Before you continue to Google
We use cookies and data to
Deliver and maintain Google services
Track outages and protect against spam, fraud, and abuse
Measure audience engagement and site statistics to understand how our services are used and enhance the quality of those services
If you choose to “Accept all,” we will also use cookies and data to
Develop and improve new services
Deliver and measure the effectiveness of ads
Show personalized content, depending on your settings
Show personalized ads, depending on your settings
If you choose to “Reject all,” we will not use cookies for these additional purposes.
Non-personalized content is influenced by things like the content you’re currently viewing, activity in your active Search session, and your location. Non-personalized ads are influenced by the content you’re currently viewing and your general location. Personalized content and ads can also include more relevant results, recommendations, and tailored ads based on past activity from this browser, like previous Google searches. We also use cookies and data to tailor the experience to be age-appropriate, if relevant.
Select “More options” to see additional information, including details about managing your privacy settings. You can also visit g.co/privacytools at any time.
Reject all
Accept all
More options
Privacy Policy
Terms of Service",https://news.google.com/rss/articles/CBMilAFBVV95cUxQQnNiTDFFdXJ0TVBBdlRISmtHZXdHTjJvdjBic0FhWVZXd3pYR05McFZ4cC1xZ3RxblVZZ1NlMW9vQ3R0MGZzcWtaalF6Q0dEck5jNjRpTHVNc0VEaDRPQVNUOV9UUGV6X01nd3dnb3FXTjdjOUJaNnhtVk1MLXZhVVNaTS1GVVJoUzh2UE9mYmlBWGZN?oc=5
2024-10-29,META,Meta,Meta’s stock is up 500% in two years. Is it still a ‘set-it-and-forget-it’ play? - MarketWatch,"EN
Sign in
Before you continue to Google
We use cookies and data to
Deliver and maintain Google services
Track outages and protect against spam, fraud, and abuse
Measure audience engagement and site statistics to understand how our services are used and enhance the quality of those services
If you choose to “Accept all,” we will also use cookies and data to
Develop and improve new services
Deliver and measure the effectiveness of ads
Show personalized content, depending on your settings
Show personalized ads, depending on your settings
If you choose to “Reject all,” we will not use cookies for these additional purposes.
Non-personalized content is influenced by things like the content you’re currently viewing, activity in your active Search session, and your location. Non-personalized ads are influenced by the content you’re currently viewing and your general location. Personalized content and ads can also include more relevant results, recommendations, and tailored ads based on past activity from this browser, like previous Google searches. We also use cookies and data to tailor the experience to be age-appropriate, if relevant.
Select “More options” to see additional information, including details about managing your privacy settings. You can also visit g.co/privacytools at any time.
Reject all
Accept all
More options
Privacy Policy
Terms of Service",https://news.google.com/rss/articles/CBMiuAFBVV95cUxOQzJjLUlmb2wwVHU4QklKckt0emtmRjFTcjhYbE40dS10dmkzbXpTR3laN0lIRFlhMmN2OXo1Yk80Nk1wU1NQR1VCeTdLZ3ZYajYteDdFU1MwczJ3dUZPazhlanRLbEppMF82aXU5QV9zZV9PX1VNNDJLYk01d21HWmpYS3hmVDZVbGVTNUJDdFRtc0FraHNfczdiVi00Z1c3NndHLUEwVUZSNGhRc2l2QWVlVG1LdVBs?oc=5
2024-10-30,META,Meta,Here's Why Meta Stock Is Down Despite Big Earnings Beat - Forbes,"EN
Sign in
Before you continue to Google
We use cookies and data to
Deliver and maintain Google services
Track outages and protect against spam, fraud, and abuse
Measure audience engagement and site statistics to understand how our services are used and enhance the quality of those services
If you choose to “Accept all,” we will also use cookies and data to
Develop and improve new services
Deliver and measure the effectiveness of ads
Show personalized content, depending on your settings
Show personalized ads, depending on your settings
If you choose to “Reject all,” we will not use cookies for these additional purposes.
Non-personalized content is influenced by things like the content you’re currently viewing, activity in your active Search session, and your location. Non-personalized ads are influenced by the content you’re currently viewing and your general location. Personalized content and ads can also include more relevant results, recommendations, and tailored ads based on past activity from this browser, like previous Google searches. We also use cookies and data to tailor the experience to be age-appropriate, if relevant.
Select “More options” to see additional information, including details about managing your privacy settings. You can also visit g.co/privacytools at any time.
Reject all
Accept all
More options
Privacy Policy
Terms of Service",https://news.google.com/rss/articles/CBMilwFBVV95cUxQSTZyTzMtcjlNNzd4MG9FZEdtYzJnV3Z3V0NVdE5WTnM3NjgwVmwwUzNfcDk1ZUhGZG1BcUdzR1I0ejNsakl3SUk5SnBuNGNGaG90LTVfXzJsOFFNLTNINWVaWnduNDVVOFJNY05zSG9BNkhOYjZuM24xcHhoLWVYMWJBVkk5NC1JRVZWYzBXdnczN29aU0xR?oc=5
2024-10-30,META,Meta,Meta’s stock heads south on slow user growth and ongoing infrastructure investments - SiliconANGLE,"EN
Sign in
Before you continue to Google
We use cookies and data to
Deliver and maintain Google services
Track outages and protect against spam, fraud, and abuse
Measure audience engagement and site statistics to understand how our services are used and enhance the quality of those services
If you choose to “Accept all,” we will also use cookies and data to
Develop and improve new services
Deliver and measure the effectiveness of ads
Show personalized content, depending on your settings
Show personalized ads, depending on your settings
If you choose to “Reject all,” we will not use cookies for these additional purposes.
Non-personalized content is influenced by things like the content you’re currently viewing, activity in your active Search session, and your location. Non-personalized ads are influenced by the content you’re currently viewing and your general location. Personalized content and ads can also include more relevant results, recommendations, and tailored ads based on past activity from this browser, like previous Google searches. We also use cookies and data to tailor the experience to be age-appropriate, if relevant.
Select “More options” to see additional information, including details about managing your privacy settings. You can also visit g.co/privacytools at any time.
Reject all
Accept all
More options
Privacy Policy
Terms of Service",https://news.google.com/rss/articles/CBMisgFBVV95cUxQdEwtSWo2amRJZGxZWWVhMEM5WkQtVy1QVnBBeElQUWZRVTYwTUdGM0RrWC1XTzAydWlvd0RnTFpibEdBUk5kWjlSLXhYYmszNHcwVkQ2MXR5NVVudm1QZVVKSzVjeWhRWDhsMjE4YlpLOWJuanBVZmpkaDcxb1lqcWw3TjRVb0JmM2xZZXVjSGQ0QlAyS2g2eWRCMldoOGtsTmxfeVlVZ1BfaE96dVpobzV3?oc=5
2024-11-10,META,Meta,Is Meta Platforms (META) the Best Stock to Buy and Hold for 5 Years? - Yahoo Finance,"EN
Sign in
Before you continue to Google
We use cookies and data to
Deliver and maintain Google services
Track outages and protect against spam, fraud, and abuse
Measure audience engagement and site statistics to understand how our services are used and enhance the quality of those services
If you choose to “Accept all,” we will also use cookies and data to
Develop and improve new services
Deliver and measure the effectiveness of ads
Show personalized content, depending on your settings
Show personalized ads, depending on your settings
If you choose to “Reject all,” we will not use cookies for these additional purposes.
Non-personalized content is influenced by things like the content you’re currently viewing, activity in your active Search session, and your location. Non-personalized ads are influenced by the content you’re currently viewing and your general location. Personalized content and ads can also include more relevant results, recommendations, and tailored ads based on past activity from this browser, like previous Google searches. We also use cookies and data to tailor the experience to be age-appropriate, if relevant.
Select “More options” to see additional information, including details about managing your privacy settings. You can also visit g.co/privacytools at any time.
Reject all
Accept all
More options
Privacy Policy
Terms of Service",https://news.google.com/rss/articles/CBMiggFBVV95cUxNSzlwTklJTE5vT216dHIzeFg2OVVQMmdsUzVOa0FrYmVoOFBKUFI4YnlXZUh1aS1sS2RDeWZ6S3F0My0yOWh1OS1xM0xMLW5EeVR3REp0c2liNVEyNGE2ZEpHX29aTlBnN0ZkSEtPQkhTdWQ5cTZfdW42SmhqYnpYNHpR?oc=5
2024-10-30,META,Meta,What Wall Street Thinks of Meta Platforms Stock Ahead of Earnings - Investopedia,"EN
Sign in
Before you continue to Google
We use cookies and data to
Deliver and maintain Google services
Track outages and protect against spam, fraud, and abuse
Measure audience engagement and site statistics to understand how our services are used and enhance the quality of those services
If you choose to “Accept all,” we will also use cookies and data to
Develop and improve new services
Deliver and measure the effectiveness of ads
Show personalized content, depending on your settings
Show personalized ads, depending on your settings
If you choose to “Reject all,” we will not use cookies for these additional purposes.
Non-personalized content is influenced by things like the content you’re currently viewing, activity in your active Search session, and your location. Non-personalized ads are influenced by the content you’re currently viewing and your general location. Personalized content and ads can also include more relevant results, recommendations, and tailored ads based on past activity from this browser, like previous Google searches. We also use cookies and data to tailor the experience to be age-appropriate, if relevant.
Select “More options” to see additional information, including details about managing your privacy settings. You can also visit g.co/privacytools at any time.
Reject all
Accept all
More options
Privacy Policy
Terms of Service",https://news.google.com/rss/articles/CBMiqAFBVV95cUxOa0trbGlKSVI5Y3kwNEpXcklHS0N3TU9aOXJTVFZ4cU1aeldQb0dHeURZQ0lVaXRPRnotdVRpU1JyVlFDNWU3a0Z5UVczM0RkRGhpVFp6Rm1CZ1pad0t3bkhkLUQ5RXctXzRjTTFVZkdEaGVkbV9Vd1ZiTjlPa2lDSDdWN2ZzbGVHN0lOMlR0M2NkYU9NNmRlVGo4OUx5Q1pvUjZFLXM5RlQ?oc=5
2024-10-31,META,Meta,Meta Stock Slips as Facebook Parent Ramps Up AI Spending - Kiplinger,"EN
Sign in
Before you continue to Google
We use cookies and data to
Deliver and maintain Google services
Track outages and protect against spam, fraud, and abuse
Measure audience engagement and site statistics to understand how our services are used and enhance the quality of those services
If you choose to “Accept all,” we will also use cookies and data to
Develop and improve new services
Deliver and measure the effectiveness of ads
Show personalized content, depending on your settings
Show personalized ads, depending on your settings
If you choose to “Reject all,” we will not use cookies for these additional purposes.
Non-personalized content is influenced by things like the content you’re currently viewing, activity in your active Search session, and your location. Non-personalized ads are influenced by the content you’re currently viewing and your general location. Personalized content and ads can also include more relevant results, recommendations, and tailored ads based on past activity from this browser, like previous Google searches. We also use cookies and data to tailor the experience to be age-appropriate, if relevant.
Select “More options” to see additional information, including details about managing your privacy settings. You can also visit g.co/privacytools at any time.
Reject all
Accept all
More options
Privacy Policy
Terms of Service",https://news.google.com/rss/articles/CBMioAFBVV95cUxNOW1xSlRUcFItTktGejBmQ0FMcFlCM3JrNF9nQmxuZEctRWhrWG9fYkNMWnE4R0NEM1BUZUVLRW8wZWlEcU1PdmcwbFJQWVpUYUtVMFpoQjhzSE9EYjFoZzlfaXFieHJfN0tqckVtQ3g4a0RLcjJNX2hnM2NraU5UZHdlZFZSVEo0SnJtYWtUbnFnYnd0Yl9lRFFkcU5JVGdx?oc=5
2024-10-31,META,Meta,Analysts reset Meta stock price target after earnings - TheStreet,"EN
Sign in
Before you continue to Google
We use cookies and data to
Deliver and maintain Google services
Track outages and protect against spam, fraud, and abuse
Measure audience engagement and site statistics to understand how our services are used and enhance the quality of those services
If you choose to “Accept all,” we will also use cookies and data to
Develop and improve new services
Deliver and measure the effectiveness of ads
Show personalized content, depending on your settings
Show personalized ads, depending on your settings
If you choose to “Reject all,” we will not use cookies for these additional purposes.
Non-personalized content is influenced by things like the content you’re currently viewing, activity in your active Search session, and your location. Non-personalized ads are influenced by the content you’re currently viewing and your general location. Personalized content and ads can also include more relevant results, recommendations, and tailored ads based on past activity from this browser, like previous Google searches. We also use cookies and data to tailor the experience to be age-appropriate, if relevant.
Select “More options” to see additional information, including details about managing your privacy settings. You can also visit g.co/privacytools at any time.
Reject all
Accept all
More options
Privacy Policy
Terms of Service",https://news.google.com/rss/articles/CBMinAFBVV95cUxOc3RDOS02THN5MVBsUGtmWlM3QW14dHhySGcwZ3lRUDVOU1ZMZUNkV1A3aVFDZWJVNmk0YTdQTWx2NXh1NEZkTGpWbUktQ2FCblo3eERvajNPREg0VWpiX0JVbk9mVGFmWWVITGFjZk1qanFJNi1WQXFyQ2plY3djSXJsSzBYUmE4TnM2ZWRWZC1FYWdvTGw1aEp6SzA?oc=5
2024-10-31,META,Meta,Meta Stock Falls Further After Facebook Parent’s Earnings Beat. Spending Is an Issue. - Barron's,"EN
Sign in
Before you continue to Google
We use cookies and data to
Deliver and maintain Google services
Track outages and protect against spam, fraud, and abuse
Measure audience engagement and site statistics to understand how our services are used and enhance the quality of those services
If you choose to “Accept all,” we will also use cookies and data to
Develop and improve new services
Deliver and measure the effectiveness of ads
Show personalized content, depending on your settings
Show personalized ads, depending on your settings
If you choose to “Reject all,” we will not use cookies for these additional purposes.
Non-personalized content is influenced by things like the content you’re currently viewing, activity in your active Search session, and your location. Non-personalized ads are influenced by the content you’re currently viewing and your general location. Personalized content and ads can also include more relevant results, recommendations, and tailored ads based on past activity from this browser, like previous Google searches. We also use cookies and data to tailor the experience to be age-appropriate, if relevant.
Select “More options” to see additional information, including details about managing your privacy settings. You can also visit g.co/privacytools at any time.
Reject all
Accept all
More options
Privacy Policy
Terms of Service",https://news.google.com/rss/articles/CBMiggFBVV95cUxPZGpxT1N5WVZ6dE1xSUJXeW42T0hVY3FSeVZJNkdRWUF6cWllSVViSEZmb3VkQ0p0eVRpVzk4NEtVbDZ6dkZXNC1BcmRGN1VXalhHbXZzaWhBeWppclM4MWJXTXZVS1ZaaXpfeWV0MzZCTTBBeWplZUxBOGtTS2gwSmRn?oc=5
2024-11-06,META,Meta,Meta Stock Falls As Facebook Parent Left Out Of Trump Stock Rally - Investor's Business Daily,"EN
Sign in
Before you continue to Google
We use cookies and data to
Deliver and maintain Google services
Track outages and protect against spam, fraud, and abuse
Measure audience engagement and site statistics to understand how our services are used and enhance the quality of those services
If you choose to “Accept all,” we will also use cookies and data to
Develop and improve new services
Deliver and measure the effectiveness of ads
Show personalized content, depending on your settings
Show personalized ads, depending on your settings
If you choose to “Reject all,” we will not use cookies for these additional purposes.
Non-personalized content is influenced by things like the content you’re currently viewing, activity in your active Search session, and your location. Non-personalized ads are influenced by the content you’re currently viewing and your general location. Personalized content and ads can also include more relevant results, recommendations, and tailored ads based on past activity from this browser, like previous Google searches. We also use cookies and data to tailor the experience to be age-appropriate, if relevant.
Select “More options” to see additional information, including details about managing your privacy settings. You can also visit g.co/privacytools at any time.
Reject all
Accept all
More options
Privacy Policy
Terms of Service",https://news.google.com/rss/articles/CBMilAFBVV95cUxOdk50akRySUJsSnJ2WTRTU2Jsa19DSFkzVm5lYlFBZFFwQWEzWV9LSWZXZDVqQXo0WXd2d1lGQndfVkRWdDlUX0lpTWNmWFRMYkl4OFZtSzdWSjAxNkVmc2pFcWQ2dUV2Q0FRQ1g3WE5ZdDlHZkZYRzFiY0JtQU1UTTVWdy1tYzFIZjR0NVppMWtUV1JB?oc=5
2024-10-30,META,Meta,Meta earnings: Stock falls as company shares more on spending plans - MarketWatch,"EN
Sign in
Before you continue to Google
We use cookies and data to
Deliver and maintain Google services
Track outages and protect against spam, fraud, and abuse
Measure audience engagement and site statistics to understand how our services are used and enhance the quality of those services
If you choose to “Accept all,” we will also use cookies and data to
Develop and improve new services
Deliver and measure the effectiveness of ads
Show personalized content, depending on your settings
Show personalized ads, depending on your settings
If you choose to “Reject all,” we will not use cookies for these additional purposes.
Non-personalized content is influenced by things like the content you’re currently viewing, activity in your active Search session, and your location. Non-personalized ads are influenced by the content you’re currently viewing and your general location. Personalized content and ads can also include more relevant results, recommendations, and tailored ads based on past activity from this browser, like previous Google searches. We also use cookies and data to tailor the experience to be age-appropriate, if relevant.
Select “More options” to see additional information, including details about managing your privacy settings. You can also visit g.co/privacytools at any time.
Reject all
Accept all
More options
Privacy Policy
Terms of Service",https://news.google.com/rss/articles/CBMingFBVV95cUxOV29YcXZQX1lKQjRqM0wtQXBRTkFMQ0owWFJQUWIxbnFvbDEybkJwcUNNZEd0U3ZVLXRybEcxWUEyQjFrUDU1UHRhMFotb1c1SW42SXplQjJCUVFudUNKdFZmS0RQZ3NrT0RiYUVBQzYxbzFmUGZ0OFpjZjlEeEdPR0dwZWhhTlY2MGgzUXZfMEhSLUJ5ay0xVk92RTB2dw?oc=5
2024-10-30,META,Meta,How To Earn $500 A Month From Meta Stock Ahead Of Quarterly Earnings (NASDAQ:META) - Yahoo Finance,"EN
Sign in
Before you continue to Google
We use cookies and data to
Deliver and maintain Google services
Track outages and protect against spam, fraud, and abuse
Measure audience engagement and site statistics to understand how our services are used and enhance the quality of those services
If you choose to “Accept all,” we will also use cookies and data to
Develop and improve new services
Deliver and measure the effectiveness of ads
Show personalized content, depending on your settings
Show personalized ads, depending on your settings
If you choose to “Reject all,” we will not use cookies for these additional purposes.
Non-personalized content is influenced by things like the content you’re currently viewing, activity in your active Search session, and your location. Non-personalized ads are influenced by the content you’re currently viewing and your general location. Personalized content and ads can also include more relevant results, recommendations, and tailored ads based on past activity from this browser, like previous Google searches. We also use cookies and data to tailor the experience to be age-appropriate, if relevant.
Select “More options” to see additional information, including details about managing your privacy settings. You can also visit g.co/privacytools at any time.
Reject all
Accept all
More options
Privacy Policy
Terms of Service",https://news.google.com/rss/articles/CBMie0FVX3lxTFBvRUpTY2FzX2NhQ0NQa0JEdFR1LVpib0l4LTh1b2FIUmYxazFkTzVYbENoR0M4MkRJQjh1UU55YWNOTEtqQzNWMkVrX284R0Z1YlA2UlR6NG9CMHM1RG1yenNFWkk3QjhZdEV6RmpRSWJ2cnhob1p6dFE5RQ?oc=5
2024-11-05,META,Meta,Should You Pick META Stock At $560? - Forbes,"EN
Sign in
Before you continue to Google
We use cookies and data to
Deliver and maintain Google services
Track outages and protect against spam, fraud, and abuse
Measure audience engagement and site statistics to understand how our services are used and enhance the quality of those services
If you choose to “Accept all,” we will also use cookies and data to
Develop and improve new services
Deliver and measure the effectiveness of ads
Show personalized content, depending on your settings
Show personalized ads, depending on your settings
If you choose to “Reject all,” we will not use cookies for these additional purposes.
Non-personalized content is influenced by things like the content you’re currently viewing, activity in your active Search session, and your location. Non-personalized ads are influenced by the content you’re currently viewing and your general location. Personalized content and ads can also include more relevant results, recommendations, and tailored ads based on past activity from this browser, like previous Google searches. We also use cookies and data to tailor the experience to be age-appropriate, if relevant.
Select “More options” to see additional information, including details about managing your privacy settings. You can also visit g.co/privacytools at any time.
Reject all
Accept all
More options
Privacy Policy
Terms of Service",https://news.google.com/rss/articles/CBMilwFBVV95cUxNWkhlTHp2Y3AxTjUxRjMtem9SdGQxM28xNjNkM3dOcDBlT043M0xjZDgtUVJORUVLNWNRWTl6d0xod01HQmhvWndVRFc1Nk9sb193TjBCUzJneDJhbDJaU05zS3ZUWnlUWGJRc1JWUjFHTUxlQzBDTURGTmtHNm5hbG9tMDFtb2V0MmlfeUFIeUE2a09qMjJz?oc=5
2024-10-31,META,Meta,5 Things to Know Before the Stock Market Opens - Investopedia,"EN
Sign in
Before you continue to Google
We use cookies and data to
Deliver and maintain Google services
Track outages and protect against spam, fraud, and abuse
Measure audience engagement and site statistics to understand how our services are used and enhance the quality of those services
If you choose to “Accept all,” we will also use cookies and data to
Develop and improve new services
Deliver and measure the effectiveness of ads
Show personalized content, depending on your settings
Show personalized ads, depending on your settings
If you choose to “Reject all,” we will not use cookies for these additional purposes.
Non-personalized content is influenced by things like the content you’re currently viewing, activity in your active Search session, and your location. Non-personalized ads are influenced by the content you’re currently viewing and your general location. Personalized content and ads can also include more relevant results, recommendations, and tailored ads based on past activity from this browser, like previous Google searches. We also use cookies and data to tailor the experience to be age-appropriate, if relevant.
Select “More options” to see additional information, including details about managing your privacy settings. You can also visit g.co/privacytools at any time.
Reject all
Accept all
More options
Privacy Policy
Terms of Service",https://news.google.com/rss/articles/CBMioAFBVV95cUxNelZkVEJXZGtNREh2OVYtcWY4dGxDZ2kwaUlLOG1HMkV5OF9yV2VaY2hwMzVlSmJFdkFNdG5fakhZQUJOd0tsRFhNcXhCWkRPZTk3cm40NUdIVWFfSjV4OEpsbncyN1lERU5mRTQ4X3hEVUI5cl9vRlgyd1g2M3MzZU91Qk8ycmlGRXhqdjFQeFA2a2Vha2F3YW9YcExMVHVT?oc=5
2024-10-31,META,Meta,"Mark Zuckerberg to Sell Up to $1.3 Billion of Stock in Meta, Facebook’s Parent - Barron's","EN
Sign in
Before you continue to Google
We use cookies and data to
Deliver and maintain Google services
Track outages and protect against spam, fraud, and abuse
Measure audience engagement and site statistics to understand how our services are used and enhance the quality of those services
If you choose to “Accept all,” we will also use cookies and data to
Develop and improve new services
Deliver and measure the effectiveness of ads
Show personalized content, depending on your settings
Show personalized ads, depending on your settings
If you choose to “Reject all,” we will not use cookies for these additional purposes.
Non-personalized content is influenced by things like the content you’re currently viewing, activity in your active Search session, and your location. Non-personalized ads are influenced by the content you’re currently viewing and your general location. Personalized content and ads can also include more relevant results, recommendations, and tailored ads based on past activity from this browser, like previous Google searches. We also use cookies and data to tailor the experience to be age-appropriate, if relevant.
Select “More options” to see additional information, including details about managing your privacy settings. You can also visit g.co/privacytools at any time.
Reject all
Accept all
More options
Privacy Policy
Terms of Service",https://news.google.com/rss/articles/CBMif0FVX3lxTE4zNmxXTm5tYUZDMW1MNV9GN0xYcVZXVkd4cmlodVNLSl8zU1ZyZERJOG9KQXhzT0RJQ0RpMGhETGtCRDVKZXJyS3poMllIMzBTRFEtRVZHZE9xYVlkMVBXWWxCSm1mSmo4cXRVTHlGZmlQNnBQcUJ4OWRmcjRLUUk?oc=5
2024-10-30,META,Meta,"Meta Stock Rising Ahead Of Q3 Earnings. Investors Watching AI Spending, Ad Strength. - Investor's Business Daily","EN
Sign in
Before you continue to Google
We use cookies and data to
Deliver and maintain Google services
Track outages and protect against spam, fraud, and abuse
Measure audience engagement and site statistics to understand how our services are used and enhance the quality of those services
If you choose to “Accept all,” we will also use cookies and data to
Develop and improve new services
Deliver and measure the effectiveness of ads
Show personalized content, depending on your settings
Show personalized ads, depending on your settings
If you choose to “Reject all,” we will not use cookies for these additional purposes.
Non-personalized content is influenced by things like the content you’re currently viewing, activity in your active Search session, and your location. Non-personalized ads are influenced by the content you’re currently viewing and your general location. Personalized content and ads can also include more relevant results, recommendations, and tailored ads based on past activity from this browser, like previous Google searches. We also use cookies and data to tailor the experience to be age-appropriate, if relevant.
Select “More options” to see additional information, including details about managing your privacy settings. You can also visit g.co/privacytools at any time.
Reject all
Accept all
More options
Privacy Policy
Terms of Service",https://news.google.com/rss/articles/CBMiiAFBVV95cUxPdV9qd0VDYWlOQ0hzVVJpaHhkNUhsZEpqdXViN0I3Y1NGOUZ2OUFRN20zNktPOFRGckFRSEM4d1NxMUlPd0ZtcHRTaWdGTWtXWEtmYkFocmlXb1FkVDAzVWNLYVg0QkhVMEcydzdkOHIxQkdhd3JDS3RfVS1iamlTMVRsQkZtR29G?oc=5
2024-10-30,META,Meta,"Stock market today: Nasdaq, S&P 500 tip lower ahead of Meta, Microsoft earnings - Yahoo Finance","EN
Sign in
Before you continue to Google
We use cookies and data to
Deliver and maintain Google services
Track outages and protect against spam, fraud, and abuse
Measure audience engagement and site statistics to understand how our services are used and enhance the quality of those services
If you choose to “Accept all,” we will also use cookies and data to
Develop and improve new services
Deliver and measure the effectiveness of ads
Show personalized content, depending on your settings
Show personalized ads, depending on your settings
If you choose to “Reject all,” we will not use cookies for these additional purposes.
Non-personalized content is influenced by things like the content you’re currently viewing, activity in your active Search session, and your location. Non-personalized ads are influenced by the content you’re currently viewing and your general location. Personalized content and ads can also include more relevant results, recommendations, and tailored ads based on past activity from this browser, like previous Google searches. We also use cookies and data to tailor the experience to be age-appropriate, if relevant.
Select “More options” to see additional information, including details about managing your privacy settings. You can also visit g.co/privacytools at any time.
Reject all
Accept all
More options
Privacy Policy
Terms of Service",https://news.google.com/rss/articles/CBMixAFBVV95cUxQZV9nV0FNWG5YeFRGMUZpNnJ2U2xwRDNpUGdVTXNLOHRTSE1oU2pHcHhOVnZDUjJLaVZsWEhIdHlONUdyZnE5YkJ6TFptclVaN0t1d2pQcE9fRE1DczFNVEhWOWpPRHcwdE9FVkdwSllfcEduczVtYmRsSGI0V2FHUTZ4SVR2Z2ZuSllmYXZuNno5MFcycF9JQUhKTVh2VkFsMVNndGFqemVWWjlsWTBFN25SUTAwWlhuamhmaGVJSTJRdTM1?oc=5
2024-11-11,META,Meta,IBD Stock Of The Day: Meta Forms New Base Amid AI Spending Debate - Investor's Business Daily,"EN
Sign in
Before you continue to Google
We use cookies and data to
Deliver and maintain Google services
Track outages and protect against spam, fraud, and abuse
Measure audience engagement and site statistics to understand how our services are used and enhance the quality of those services
If you choose to “Accept all,” we will also use cookies and data to
Develop and improve new services
Deliver and measure the effectiveness of ads
Show personalized content, depending on your settings
Show personalized ads, depending on your settings
If you choose to “Reject all,” we will not use cookies for these additional purposes.
Non-personalized content is influenced by things like the content you’re currently viewing, activity in your active Search session, and your location. Non-personalized ads are influenced by the content you’re currently viewing and your general location. Personalized content and ads can also include more relevant results, recommendations, and tailored ads based on past activity from this browser, like previous Google searches. We also use cookies and data to tailor the experience to be age-appropriate, if relevant.
Select “More options” to see additional information, including details about managing your privacy settings. You can also visit g.co/privacytools at any time.
Reject all
Accept all
More options
Privacy Policy
Terms of Service",https://news.google.com/rss/articles/CBMirgFBVV95cUxOQW5fRWJhU0NKMnlSSk9lRDJ4MTQ2U1I2MzJCUHdfcUFnblZscUk0V3ZYaFpRdzlyNzBYTTJoZlFJZ2dkYVlLcWZpajlRVXFQalNQTW4yU1hIOVpESkI1aFd5MkY2YU9Bak1CVkxySFhGZ3hyMlpXZ3VWQzFoZ1FkQ0JiXzBuTU9Tajhpb1JERjhWWUUtanRvVmFPZGtPSDRTOTRHRUUzWkd0UXdGZ2c?oc=5
2024-11-04,META,Meta,"AI Stocks Meta, Oracle Lead Five Names Near Buy Points - Investor's Business Daily","EN
Sign in
Before you continue to Google
We use cookies and data to
Deliver and maintain Google services
Track outages and protect against spam, fraud, and abuse
Measure audience engagement and site statistics to understand how our services are used and enhance the quality of those services
If you choose to “Accept all,” we will also use cookies and data to
Develop and improve new services
Deliver and measure the effectiveness of ads
Show personalized content, depending on your settings
Show personalized ads, depending on your settings
If you choose to “Reject all,” we will not use cookies for these additional purposes.
Non-personalized content is influenced by things like the content you’re currently viewing, activity in your active Search session, and your location. Non-personalized ads are influenced by the content you’re currently viewing and your general location. Personalized content and ads can also include more relevant results, recommendations, and tailored ads based on past activity from this browser, like previous Google searches. We also use cookies and data to tailor the experience to be age-appropriate, if relevant.
Select “More options” to see additional information, including details about managing your privacy settings. You can also visit g.co/privacytools at any time.
Reject all
Accept all
More options
Privacy Policy
Terms of Service",https://news.google.com/rss/articles/CBMijgFBVV95cUxQY2VaalZpcG5OaS1IQ196Si1PaHhGOVhOdzkzT1FVZi0zanRmMFpsZGVodlN0WjQwbF83NXZLWFozODBCT1BzLUNjUGpMb0I0d0NqVkpaN08wbTZ4WFZRTEpvVV9JQmp0OHRBX0ZQdFVVbzBGNVhnMnRHM1NINEV1d09WUzY0aHotQmRabFVR?oc=5
2024-12-04,META,Meta,Meta Stock Hovers Near All-Time High. Why Facebook Parent Is A Cyber Monday Winner. - Investor's Business Daily,"EN
Sign in
Before you continue to Google
We use cookies and data to
Deliver and maintain Google services
Track outages and protect against spam, fraud, and abuse
Measure audience engagement and site statistics to understand how our services are used and enhance the quality of those services
If you choose to “Accept all,” we will also use cookies and data to
Develop and improve new services
Deliver and measure the effectiveness of ads
Show personalized content, depending on your settings
Show personalized ads, depending on your settings
If you choose to “Reject all,” we will not use cookies for these additional purposes.
Non-personalized content is influenced by things like the content you’re currently viewing, activity in your active Search session, and your location. Non-personalized ads are influenced by the content you’re currently viewing and your general location. Personalized content and ads can also include more relevant results, recommendations, and tailored ads based on past activity from this browser, like previous Google searches. We also use cookies and data to tailor the experience to be age-appropriate, if relevant.
Select “More options” to see additional information, including details about managing your privacy settings. You can also visit g.co/privacytools at any time.
Reject all
Accept all
More options
Privacy Policy
Terms of Service",https://news.google.com/rss/articles/CBMipgFBVV95cUxNMnN6Y2t0Tm5BelJGYXhvMW9VTjVHYkhJNFpfdklGeklYMFQ3VW5zZkRfQTlBQlhiYllDOFpqTWREeHd2VVdsODFfbWZ1Vy1rejhEcTdBNVlkS0VjN19EV0ZWQ3ZtdUdqVF9FREl0WWxFZzM3SHBSMnU3bzZyM3c2V1ZXYnN6cDl4aTFlRTZ2ZFhxRkJ3NkVLNzhMTUNYMnBWc04yUXFB?oc=5
2024-11-27,META,Meta,Meta's Stock Drops 1.5% After Insider's Sale of Shares - Yahoo Finance,"EN
Sign in
Before you continue to Google
We use cookies and data to
Deliver and maintain Google services
Track outages and protect against spam, fraud, and abuse
Measure audience engagement and site statistics to understand how our services are used and enhance the quality of those services
If you choose to “Accept all,” we will also use cookies and data to
Develop and improve new services
Deliver and measure the effectiveness of ads
Show personalized content, depending on your settings
Show personalized ads, depending on your settings
If you choose to “Reject all,” we will not use cookies for these additional purposes.
Non-personalized content is influenced by things like the content you’re currently viewing, activity in your active Search session, and your location. Non-personalized ads are influenced by the content you’re currently viewing and your general location. Personalized content and ads can also include more relevant results, recommendations, and tailored ads based on past activity from this browser, like previous Google searches. We also use cookies and data to tailor the experience to be age-appropriate, if relevant.
Select “More options” to see additional information, including details about managing your privacy settings. You can also visit g.co/privacytools at any time.
Reject all
Accept all
More options
Privacy Policy
Terms of Service",https://news.google.com/rss/articles/CBMidkFVX3lxTE5laWN3d1lRYm91ZjBYMk1VWGVoalJPSmpMNFpSVkMxX054YkJ4Q2ZQTUstb3hTdVByeTI3QlI0dHVDRkFseXdYcHlBVHVHREprM1ZHNE95cjE3YVgtWDFrVldsYXFORE94cV9YTTZoSFg5T1ZyYmc?oc=5
2024-12-10,META,Meta,What’s Behind The 80% Rise In META Stock? - Forbes,"EN
Sign in
Before you continue to Google
We use cookies and data to
Deliver and maintain Google services
Track outages and protect against spam, fraud, and abuse
Measure audience engagement and site statistics to understand how our services are used and enhance the quality of those services
If you choose to “Accept all,” we will also use cookies and data to
Develop and improve new services
Deliver and measure the effectiveness of ads
Show personalized content, depending on your settings
Show personalized ads, depending on your settings
If you choose to “Reject all,” we will not use cookies for these additional purposes.
Non-personalized content is influenced by things like the content you’re currently viewing, activity in your active Search session, and your location. Non-personalized ads are influenced by the content you’re currently viewing and your general location. Personalized content and ads can also include more relevant results, recommendations, and tailored ads based on past activity from this browser, like previous Google searches. We also use cookies and data to tailor the experience to be age-appropriate, if relevant.
Select “More options” to see additional information, including details about managing your privacy settings. You can also visit g.co/privacytools at any time.
Reject all
Accept all
More options
Privacy Policy
Terms of Service",https://news.google.com/rss/articles/CBMingFBVV95cUxOeW5SdmVjMnhPQTZ5TUV6QlRnNFBiN1kycXRRUGs3RWFENm5SNXhZYTUyYVhtbU1ZSWhJeDJrVXlYYmUzbmN2YkFsdWlPQVhKVVpBLUJObElWWFJYeXpQcHdxRktuS1pPR2NNVDlfZTQwN2prVnFvejFXNEUtNC1OSDhiRlZnZW1HMGFuVUExckpXZVQ0Sng4Q1F3dXZBUQ?oc=5
2024-12-03,META,Meta,"Up 68% in 2024, Is It Too Late to Buy Meta Platforms (NASDAQ:META) Stock? - Nasdaq","EN
Sign in
Before you continue to Google
We use cookies and data to
Deliver and maintain Google services
Track outages and protect against spam, fraud, and abuse
Measure audience engagement and site statistics to understand how our services are used and enhance the quality of those services
If you choose to “Accept all,” we will also use cookies and data to
Develop and improve new services
Deliver and measure the effectiveness of ads
Show personalized content, depending on your settings
Show personalized ads, depending on your settings
If you choose to “Reject all,” we will not use cookies for these additional purposes.
Non-personalized content is influenced by things like the content you’re currently viewing, activity in your active Search session, and your location. Non-personalized ads are influenced by the content you’re currently viewing and your general location. Personalized content and ads can also include more relevant results, recommendations, and tailored ads based on past activity from this browser, like previous Google searches. We also use cookies and data to tailor the experience to be age-appropriate, if relevant.
Select “More options” to see additional information, including details about managing your privacy settings. You can also visit g.co/privacytools at any time.
Reject all
Accept all
More options
Privacy Policy
Terms of Service",https://news.google.com/rss/articles/CBMikgFBVV95cUxPbVh5TE9EbzZpYk1MVFIwa1RjNTVWejd6MV9iT2R0UFVYaGJyUnFmMnB5aDZWbGsyeXUwaGRTN1hWdi11NFdEcXJVa2pOZVFUYVFlR1VJQzhXYUg2ZHJzc3hqdFFOYms1T2tkYk41VWZ1RjJBX0lvSS1VMXUwRGFzZ3U3UC1McXRyamduUUpCdndUUQ?oc=5
2024-12-13,META,Meta,Mark Zuckerberg has sold a whopping $2 billion in Meta stock this year - Fortune,"EN
Sign in
Before you continue to Google
We use cookies and data to
Deliver and maintain Google services
Track outages and protect against spam, fraud, and abuse
Measure audience engagement and site statistics to understand how our services are used and enhance the quality of those services
If you choose to “Accept all,” we will also use cookies and data to
Develop and improve new services
Deliver and measure the effectiveness of ads
Show personalized content, depending on your settings
Show personalized ads, depending on your settings
If you choose to “Reject all,” we will not use cookies for these additional purposes.
Non-personalized content is influenced by things like the content you’re currently viewing, activity in your active Search session, and your location. Non-personalized ads are influenced by the content you’re currently viewing and your general location. Personalized content and ads can also include more relevant results, recommendations, and tailored ads based on past activity from this browser, like previous Google searches. We also use cookies and data to tailor the experience to be age-appropriate, if relevant.
Select “More options” to see additional information, including details about managing your privacy settings. You can also visit g.co/privacytools at any time.
Reject all
Accept all
More options
Privacy Policy
Terms of Service",https://news.google.com/rss/articles/CBMijgFBVV95cUxPMlQtazFpdmpNc0VWbUEyckMtTzdVRk5Bam5zSGprZXc0ZnZ6dzVpZkcyb056dU1OLTMwZXliV29HQWRnM19MSG1ncVl5VHlmZTNEejU0a0o0SzY4eFRJa0xrYmNGOTFmOU9ldUl1YTRqRjRmTllFMXJVUU92eWp5WVBnUFB3RjdIQTRlaDNn?oc=5
2024-12-06,META,Meta,"Meta shares rise on potential TikTok ban in U.S., closing at record alongside Amazon - CNBC","EN
Sign in
Before you continue to Google
We use cookies and data to
Deliver and maintain Google services
Track outages and protect against spam, fraud, and abuse
Measure audience engagement and site statistics to understand how our services are used and enhance the quality of those services
If you choose to “Accept all,” we will also use cookies and data to
Develop and improve new services
Deliver and measure the effectiveness of ads
Show personalized content, depending on your settings
Show personalized ads, depending on your settings
If you choose to “Reject all,” we will not use cookies for these additional purposes.
Non-personalized content is influenced by things like the content you’re currently viewing, activity in your active Search session, and your location. Non-personalized ads are influenced by the content you’re currently viewing and your general location. Personalized content and ads can also include more relevant results, recommendations, and tailored ads based on past activity from this browser, like previous Google searches. We also use cookies and data to tailor the experience to be age-appropriate, if relevant.
Select “More options” to see additional information, including details about managing your privacy settings. You can also visit g.co/privacytools at any time.
Reject all
Accept all
More options
Privacy Policy
Terms of Service",https://news.google.com/rss/articles/CBMiowFBVV95cUxNamJNS1NuS1BPbkp5bkFhNnI4VGFDb01iaFVzdHpkaHI2UzdfSWlrNm9Sb09CeGJTdV9MV3h3RHYwZnZiRGJ2aWgxblNWNXRJUXJ0djgtRzZnZ1BvRWRhUWlFcEZPNXIzdEo4UUpDc2o0c2NDRElkUXdMUTVnRlZEbHJacjB1VmIwY2dmMXdVSkZSYU14QjFhVWdJZFdZZXgyaWY40gGoAUFVX3lxTE9GMnpPSEFoZlpLM2U5S3ZzSzZ2djRGVDZWSnQtNmpfMXNUeDRmRVNZZkpMQmgyU3lCeXRRY2Q2M3VrYUxSZEdFdzBRdFYyYldzajJUUzNVVnpLQTQwVjhOdmNmYlc5cUoya2JzZDFxdjZLenowczFfVzZtUHF3SDY4Ulc5eVBpNmZLQkpaeTA5UHZndUprc3hQd1R6UkNXNkxxV09ubUJndA?oc=5
2024-12-18,META,Meta,Analysts reboot Meta stock price targets for 2025 - TheStreet,"EN
Sign in
Before you continue to Google
We use cookies and data to
Deliver and maintain Google services
Track outages and protect against spam, fraud, and abuse
Measure audience engagement and site statistics to understand how our services are used and enhance the quality of those services
If you choose to “Accept all,” we will also use cookies and data to
Develop and improve new services
Deliver and measure the effectiveness of ads
Show personalized content, depending on your settings
Show personalized ads, depending on your settings
If you choose to “Reject all,” we will not use cookies for these additional purposes.
Non-personalized content is influenced by things like the content you’re currently viewing, activity in your active Search session, and your location. Non-personalized ads are influenced by the content you’re currently viewing and your general location. Personalized content and ads can also include more relevant results, recommendations, and tailored ads based on past activity from this browser, like previous Google searches. We also use cookies and data to tailor the experience to be age-appropriate, if relevant.
Select “More options” to see additional information, including details about managing your privacy settings. You can also visit g.co/privacytools at any time.
Reject all
Accept all
More options
Privacy Policy
Terms of Service",https://news.google.com/rss/articles/CBMiiwFBVV95cUxNNGpWZHdMZ2ExeTN3M3E4RmxzQ3JNX0UzVEVWb25pS01qT1ZHYWhmQk5ndVRjWVNVRTNKc0VjNVQtc19Zbm16LWpzVUkyRVdDVGJPWG4tZXRfTHB5Y0s2bjhQbG9kWVlVWXZPeS0zR0dmUTZ1VkRxajctNnRSdlg3QnZGaFU1STJobnNv?oc=5
2024-12-06,META,Meta,Meta shares hit record high after US appeals court upholds TikTok ban - USA Today,"EN
Sign in
Before you continue to Google
We use cookies and data to
Deliver and maintain Google services
Track outages and protect against spam, fraud, and abuse
Measure audience engagement and site statistics to understand how our services are used and enhance the quality of those services
If you choose to “Accept all,” we will also use cookies and data to
Develop and improve new services
Deliver and measure the effectiveness of ads
Show personalized content, depending on your settings
Show personalized ads, depending on your settings
If you choose to “Reject all,” we will not use cookies for these additional purposes.
Non-personalized content is influenced by things like the content you’re currently viewing, activity in your active Search session, and your location. Non-personalized ads are influenced by the content you’re currently viewing and your general location. Personalized content and ads can also include more relevant results, recommendations, and tailored ads based on past activity from this browser, like previous Google searches. We also use cookies and data to tailor the experience to be age-appropriate, if relevant.
Select “More options” to see additional information, including details about managing your privacy settings. You can also visit g.co/privacytools at any time.
Reject all
Accept all
More options
Privacy Policy
Terms of Service",https://news.google.com/rss/articles/CBMikwFBVV95cUxQdGJWWWVHbHlXcFBGWVF1cFRPY0thX0NtbUN5R2RKTUkwWFVPM1cwcnlRSlFqTUlJU0hhaEpTeTBkWHM5eGVEWktaaHR5SEdGV1R6TFloT0hEMWVfaUw1SFd4akQ5Y1c3NlJSdTZHQ1BTZjBEbjVGeG9ha2ttczVFWnFRRDNNMXdLZmNuVE5DckJJd2M?oc=5
2024-11-27,META,Meta,Will Meta Platforms Be Worth More Than Alphabet by 2025? - The Motley Fool,"EN
Sign in
Before you continue to Google
We use cookies and data to
Deliver and maintain Google services
Track outages and protect against spam, fraud, and abuse
Measure audience engagement and site statistics to understand how our services are used and enhance the quality of those services
If you choose to “Accept all,” we will also use cookies and data to
Develop and improve new services
Deliver and measure the effectiveness of ads
Show personalized content, depending on your settings
Show personalized ads, depending on your settings
If you choose to “Reject all,” we will not use cookies for these additional purposes.
Non-personalized content is influenced by things like the content you’re currently viewing, activity in your active Search session, and your location. Non-personalized ads are influenced by the content you’re currently viewing and your general location. Personalized content and ads can also include more relevant results, recommendations, and tailored ads based on past activity from this browser, like previous Google searches. We also use cookies and data to tailor the experience to be age-appropriate, if relevant.
Select “More options” to see additional information, including details about managing your privacy settings. You can also visit g.co/privacytools at any time.
Reject all
Accept all
More options
Privacy Policy
Terms of Service",https://news.google.com/rss/articles/CBMimAFBVV95cUxPbU40bEdyc0RvYlFNTlI4cEdsaXVER1ZhNTNPRjJPMjNyUUdQOHlBOFRxMjhKclZHSzY4ZWswZWhmTndNM3l5VFdnNEVjQ2tQTk9idkdFRVY5X1JLTlU4WV9aaHNRVVZOU0dxcml3cXdYblg4YTR5V2FKeVVGdXBUYy1DOU1uLTU5aTNTbHl2c0NTME4zMjdyZg?oc=5
2024-12-04,META,Meta,Meta Stock Flashing Bull Signal Amid Record Highs - Schaeffer's Investment Research,"EN
Sign in
Before you continue to Google
We use cookies and data to
Deliver and maintain Google services
Track outages and protect against spam, fraud, and abuse
Measure audience engagement and site statistics to understand how our services are used and enhance the quality of those services
If you choose to “Accept all,” we will also use cookies and data to
Develop and improve new services
Deliver and measure the effectiveness of ads
Show personalized content, depending on your settings
Show personalized ads, depending on your settings
If you choose to “Reject all,” we will not use cookies for these additional purposes.
Non-personalized content is influenced by things like the content you’re currently viewing, activity in your active Search session, and your location. Non-personalized ads are influenced by the content you’re currently viewing and your general location. Personalized content and ads can also include more relevant results, recommendations, and tailored ads based on past activity from this browser, like previous Google searches. We also use cookies and data to tailor the experience to be age-appropriate, if relevant.
Select “More options” to see additional information, including details about managing your privacy settings. You can also visit g.co/privacytools at any time.
Reject all
Accept all
More options
Privacy Policy
Terms of Service",https://news.google.com/rss/articles/CBMisgFBVV95cUxNaE15czZqYXZUTlJMN2k3eWhNU29fUFlHSnVCUjBZN3RwaGl5V29YUnlnbkNkdlc2MGtmMUFZbFh4cXE2cHpJd29ibkdxa1JmNUZ2R09uMWhFLVZxZHc3LVFrQ0d2ZkNTd1dONF9Na1V3OEZkNVpjRjlRbGVfWkZHc2VUX1VnWVNvUXVTdmlhTC1uWmlXVFdBYWNjdHYxYV95cHN2eWVDZDJTRzlHdnlzc3lR?oc=5
2024-12-17,META,Meta,Meta Price Target Hiked To 700. 'Social King That Keeps Reinventing Itself.' - Investor's Business Daily,"EN
Sign in
Before you continue to Google
We use cookies and data to
Deliver and maintain Google services
Track outages and protect against spam, fraud, and abuse
Measure audience engagement and site statistics to understand how our services are used and enhance the quality of those services
If you choose to “Accept all,” we will also use cookies and data to
Develop and improve new services
Deliver and measure the effectiveness of ads
Show personalized content, depending on your settings
Show personalized ads, depending on your settings
If you choose to “Reject all,” we will not use cookies for these additional purposes.
Non-personalized content is influenced by things like the content you’re currently viewing, activity in your active Search session, and your location. Non-personalized ads are influenced by the content you’re currently viewing and your general location. Personalized content and ads can also include more relevant results, recommendations, and tailored ads based on past activity from this browser, like previous Google searches. We also use cookies and data to tailor the experience to be age-appropriate, if relevant.
Select “More options” to see additional information, including details about managing your privacy settings. You can also visit g.co/privacytools at any time.
Reject all
Accept all
More options
Privacy Policy
Terms of Service",https://news.google.com/rss/articles/CBMipgFBVV95cUxPVXkxNERMVEUxNmN4cVI4Y1hyNThkeUJabTlkMXdydzRvS3JjWGtkZVRhc1FjY0djZXFMVEVkUjZORmZBdERvN2plTG5BenBtdDhwT20tNXBnbnVEdmtaOGxpTE1lNHlNeDVjOXlkUHVnZFZ0bGZFNTdDQm1qdzh0YXQycTl2RnZwMW1PakpOZkVILVBTU3VKY210TnptMV9TaEh4Mm5n?oc=5
2024-12-03,META,Meta,"Meta Hits Buy Point And New High, Leaving Stock Poised To Extend 73% Run - Investor's Business Daily","EN
Sign in
Before you continue to Google
We use cookies and data to
Deliver and maintain Google services
Track outages and protect against spam, fraud, and abuse
Measure audience engagement and site statistics to understand how our services are used and enhance the quality of those services
If you choose to “Accept all,” we will also use cookies and data to
Develop and improve new services
Deliver and measure the effectiveness of ads
Show personalized content, depending on your settings
Show personalized ads, depending on your settings
If you choose to “Reject all,” we will not use cookies for these additional purposes.
Non-personalized content is influenced by things like the content you’re currently viewing, activity in your active Search session, and your location. Non-personalized ads are influenced by the content you’re currently viewing and your general location. Personalized content and ads can also include more relevant results, recommendations, and tailored ads based on past activity from this browser, like previous Google searches. We also use cookies and data to tailor the experience to be age-appropriate, if relevant.
Select “More options” to see additional information, including details about managing your privacy settings. You can also visit g.co/privacytools at any time.
Reject all
Accept all
More options
Privacy Policy
Terms of Service",https://news.google.com/rss/articles/CBMie0FVX3lxTFBFQ042Z2hpYWdESm5LMGlIWWN1NWd5U21ZaWpjQ0NzR3ZldjBxSlIxX19LeHV2R1hNa1IwRFVPbzBmRkRobmczS0VtUWN4WV9qUDllRnRDbDdJNHRnbDE4TlRySUk2OWNYTFAyZGNDaG96U25ZcDBKeG1OVQ?oc=5
2024-12-11,META,Meta,"Meta Stock Soars as Analysts Upgrade Price Targets, Fueled by AI Growth - Yahoo Finance","EN
Sign in
Before you continue to Google
We use cookies and data to
Deliver and maintain Google services
Track outages and protect against spam, fraud, and abuse
Measure audience engagement and site statistics to understand how our services are used and enhance the quality of those services
If you choose to “Accept all,” we will also use cookies and data to
Develop and improve new services
Deliver and measure the effectiveness of ads
Show personalized content, depending on your settings
Show personalized ads, depending on your settings
If you choose to “Reject all,” we will not use cookies for these additional purposes.
Non-personalized content is influenced by things like the content you’re currently viewing, activity in your active Search session, and your location. Non-personalized ads are influenced by the content you’re currently viewing and your general location. Personalized content and ads can also include more relevant results, recommendations, and tailored ads based on past activity from this browser, like previous Google searches. We also use cookies and data to tailor the experience to be age-appropriate, if relevant.
Select “More options” to see additional information, including details about managing your privacy settings. You can also visit g.co/privacytools at any time.
Reject all
Accept all
More options
Privacy Policy
Terms of Service",https://news.google.com/rss/articles/CBMihgFBVV95cUxOWjBLd213U3c2Mk9zUG9aVTcxem5NbWtpcHJvemtRR3lBaXQxTFRyc3RiMWlHRU5jUHhIMDQ1aTRoLThOT1N1SnVzVEN4SE15VlV1SjgzVV9KWjNTUGpUWFYxVGw0a3NRNGVyUzZjckZtMzg1ZG5zTWU0SHNPY0ZObVNtNnFwQQ?oc=5
2024-12-12,META,Meta,"Meta And YouTube Would Be 'Largest Beneficiaries' Of Pending TikTok Ban, Analyst Says - Investor's Business Daily","EN
Sign in
Before you continue to Google
We use cookies and data to
Deliver and maintain Google services
Track outages and protect against spam, fraud, and abuse
Measure audience engagement and site statistics to understand how our services are used and enhance the quality of those services
If you choose to “Accept all,” we will also use cookies and data to
Develop and improve new services
Deliver and measure the effectiveness of ads
Show personalized content, depending on your settings
Show personalized ads, depending on your settings
If you choose to “Reject all,” we will not use cookies for these additional purposes.
Non-personalized content is influenced by things like the content you’re currently viewing, activity in your active Search session, and your location. Non-personalized ads are influenced by the content you’re currently viewing and your general location. Personalized content and ads can also include more relevant results, recommendations, and tailored ads based on past activity from this browser, like previous Google searches. We also use cookies and data to tailor the experience to be age-appropriate, if relevant.
Select “More options” to see additional information, including details about managing your privacy settings. You can also visit g.co/privacytools at any time.
Reject all
Accept all
More options
Privacy Policy
Terms of Service",https://news.google.com/rss/articles/CBMimAFBVV95cUxOTDJ2WnRTN3l4VXJRaDhUakotQy1NUWZtcnVkdlZMTDE0V0NuZlljMV9aMmwyLTRVd241NDNVSEJxYkNJdXNBcTNiSTB3Snk3QzByOGE0Z2J1X3NtSDRrOXFPR0hjWHFTbEFHcGpndHlsWlpuWW1nWG9RY0J6Q3VoSk9WRDhGRGtkNklwX2RsM18yaVZTTmREdA?oc=5
2024-12-06,META,Meta,"Meta, Snap Stocks Gain After TikTok Ban Upheld By Federal Appeals Court - Investor's Business Daily","EN
Sign in
Before you continue to Google
We use cookies and data to
Deliver and maintain Google services
Track outages and protect against spam, fraud, and abuse
Measure audience engagement and site statistics to understand how our services are used and enhance the quality of those services
If you choose to “Accept all,” we will also use cookies and data to
Develop and improve new services
Deliver and measure the effectiveness of ads
Show personalized content, depending on your settings
Show personalized ads, depending on your settings
If you choose to “Reject all,” we will not use cookies for these additional purposes.
Non-personalized content is influenced by things like the content you’re currently viewing, activity in your active Search session, and your location. Non-personalized ads are influenced by the content you’re currently viewing and your general location. Personalized content and ads can also include more relevant results, recommendations, and tailored ads based on past activity from this browser, like previous Google searches. We also use cookies and data to tailor the experience to be age-appropriate, if relevant.
Select “More options” to see additional information, including details about managing your privacy settings. You can also visit g.co/privacytools at any time.
Reject all
Accept all
More options
Privacy Policy
Terms of Service",https://news.google.com/rss/articles/CBMikgFBVV95cUxPNExmNDF3aDZ1VE9zZ2NvWXFXam9oTjZlQ1k3NlpzdUhDOWRlbUxZb0drQ3N4bmw2SG96XzlUMjU5NFFJY1BNUk5nZmJEcXpTQkZ4RHN3c2Y2ZlAxRnViX1NLbHluNHpSR01ibFNPSWlWd3g2R09tWHZ0NmN2MmM2RUpLejZVZTVFYmktX2hUa1RKdw?oc=5
2024-12-06,META,Meta,"Meta's AI Chatbot Nears 600 Million Monthly Users, Zuckerberg Says - Investor's Business Daily","EN
Sign in
Before you continue to Google
We use cookies and data to
Deliver and maintain Google services
Track outages and protect against spam, fraud, and abuse
Measure audience engagement and site statistics to understand how our services are used and enhance the quality of those services
If you choose to “Accept all,” we will also use cookies and data to
Develop and improve new services
Deliver and measure the effectiveness of ads
Show personalized content, depending on your settings
Show personalized ads, depending on your settings
If you choose to “Reject all,” we will not use cookies for these additional purposes.
Non-personalized content is influenced by things like the content you’re currently viewing, activity in your active Search session, and your location. Non-personalized ads are influenced by the content you’re currently viewing and your general location. Personalized content and ads can also include more relevant results, recommendations, and tailored ads based on past activity from this browser, like previous Google searches. We also use cookies and data to tailor the experience to be age-appropriate, if relevant.
Select “More options” to see additional information, including details about managing your privacy settings. You can also visit g.co/privacytools at any time.
Reject all
Accept all
More options
Privacy Policy
Terms of Service",https://news.google.com/rss/articles/CBMijAFBVV95cUxOMG1Da0RCREpsWWZvRndzUTYzRjE4WThQM0NFcUNoYndUU3ljUFhXdWZrUXdtUjJYLUpOeUVDekNKMzBpeFFkNDAzZy1kLXc1ZVVEOFVwekJHUTFQRGxDaHRmNkstcWczYWZxYlE1ZDNXaHNMT2RFeFVFdTZJOFdSQ0hjdnlCdUZkWmR3Vw?oc=5
2024-12-09,META,Meta,"Sorry, Nvidia. Top Funds Place Their Bets On This Mag 7 Stock. - Investor's Business Daily","EN
Sign in
Before you continue to Google
We use cookies and data to
Deliver and maintain Google services
Track outages and protect against spam, fraud, and abuse
Measure audience engagement and site statistics to understand how our services are used and enhance the quality of those services
If you choose to “Accept all,” we will also use cookies and data to
Develop and improve new services
Deliver and measure the effectiveness of ads
Show personalized content, depending on your settings
Show personalized ads, depending on your settings
If you choose to “Reject all,” we will not use cookies for these additional purposes.
Non-personalized content is influenced by things like the content you’re currently viewing, activity in your active Search session, and your location. Non-personalized ads are influenced by the content you’re currently viewing and your general location. Personalized content and ads can also include more relevant results, recommendations, and tailored ads based on past activity from this browser, like previous Google searches. We also use cookies and data to tailor the experience to be age-appropriate, if relevant.
Select “More options” to see additional information, including details about managing your privacy settings. You can also visit g.co/privacytools at any time.
Reject all
Accept all
More options
Privacy Policy
Terms of Service",https://news.google.com/rss/articles/CBMiwwFBVV95cUxQT2x3cXo3V3RmWW12bzZST094d3JuOWUwLWU4YXR0c2gtSS1wbzZTT1NuVHB3YzJ6WU1DcXprX3pPX0VNQk9ELXg3bFVseUVZaHNyVVhPWXVZQjVOMW5rVUNfTGttT1QyLWFhQmN4R2dPOFRkWk4xVmhxLWl5Z0lSQmVRX2llckdXT2pNZ1Vnb0R4V1B0RkJvVFEyTGYxZFJMdlRUbTllSHBwZ3BlOEN6Z0pXOFk1cWtPQUc3OVpBMEZHZzg?oc=5
2024-11-29,META,Meta,Meta Platforms Retakes Key Level After Pullback From Record Highs - Investor's Business Daily,"EN
Sign in
Before you continue to Google
We use cookies and data to
Deliver and maintain Google services
Track outages and protect against spam, fraud, and abuse
Measure audience engagement and site statistics to understand how our services are used and enhance the quality of those services
If you choose to “Accept all,” we will also use cookies and data to
Develop and improve new services
Deliver and measure the effectiveness of ads
Show personalized content, depending on your settings
Show personalized ads, depending on your settings
If you choose to “Reject all,” we will not use cookies for these additional purposes.
Non-personalized content is influenced by things like the content you’re currently viewing, activity in your active Search session, and your location. Non-personalized ads are influenced by the content you’re currently viewing and your general location. Personalized content and ads can also include more relevant results, recommendations, and tailored ads based on past activity from this browser, like previous Google searches. We also use cookies and data to tailor the experience to be age-appropriate, if relevant.
Select “More options” to see additional information, including details about managing your privacy settings. You can also visit g.co/privacytools at any time.
Reject all
Accept all
More options
Privacy Policy
Terms of Service",https://news.google.com/rss/articles/CBMipgFBVV95cUxNS0lNeVZtRDQtekVObjh3akRZa3V2dEFUUElLZjVHLUxrbzREZGxjOElVejhSUFV1aTlSa0p6V0NBVFpUUGFLNDVwLUo1RDJTcmppR2UzLWVKWGY1RzNBYVZYVUNUemFGejI2bUUxQlYzZGIzYXZrT3dmdWVobXkwR0ozSWxadVFJanVPMm9DTVJTbE5WSm83RE42RzVPMFdfb21pdkNR?oc=5
2024-12-23,META,Meta,Meta Reportedly Planning Displays For Ray-Ban Glasses Amid Push To Expand 'AI-Native' Devices - Investor's Business Daily,"EN
Sign in
Before you continue to Google
We use cookies and data to
Deliver and maintain Google services
Track outages and protect against spam, fraud, and abuse
Measure audience engagement and site statistics to understand how our services are used and enhance the quality of those services
If you choose to “Accept all,” we will also use cookies and data to
Develop and improve new services
Deliver and measure the effectiveness of ads
Show personalized content, depending on your settings
Show personalized ads, depending on your settings
If you choose to “Reject all,” we will not use cookies for these additional purposes.
Non-personalized content is influenced by things like the content you’re currently viewing, activity in your active Search session, and your location. Non-personalized ads are influenced by the content you’re currently viewing and your general location. Personalized content and ads can also include more relevant results, recommendations, and tailored ads based on past activity from this browser, like previous Google searches. We also use cookies and data to tailor the experience to be age-appropriate, if relevant.
Select “More options” to see additional information, including details about managing your privacy settings. You can also visit g.co/privacytools at any time.
Reject all
Accept all
More options
Privacy Policy
Terms of Service",https://news.google.com/rss/articles/CBMimwFBVV95cUxNVTg5ZmJxOEE2Rm1ZdlAxbHdVdFpYRFhjbzRDdVpyUnhQZXpkdzRzd1NzS3BVWGE1dW02eUZZYjF5NWVHVDc4dXpRblFUeWt6UVZfWEVVTzUwVE1ObnVGREUxd3hzcUc5aXpzbjVFa0pvNTJ2QWkzOU1paEg1QTFpejVQODR6WHd5TEVqbXctalc1RExKNzlEdDBHOA?oc=5
2024-12-15,META,Meta,How to Make a 1.5% Yield on META Stock in the Next Month - TradingView,"EN
Sign in
Before you continue to Google
We use cookies and data to
Deliver and maintain Google services
Track outages and protect against spam, fraud, and abuse
Measure audience engagement and site statistics to understand how our services are used and enhance the quality of those services
If you choose to “Accept all,” we will also use cookies and data to
Develop and improve new services
Deliver and measure the effectiveness of ads
Show personalized content, depending on your settings
Show personalized ads, depending on your settings
If you choose to “Reject all,” we will not use cookies for these additional purposes.
Non-personalized content is influenced by things like the content you’re currently viewing, activity in your active Search session, and your location. Non-personalized ads are influenced by the content you’re currently viewing and your general location. Personalized content and ads can also include more relevant results, recommendations, and tailored ads based on past activity from this browser, like previous Google searches. We also use cookies and data to tailor the experience to be age-appropriate, if relevant.
Select “More options” to see additional information, including details about managing your privacy settings. You can also visit g.co/privacytools at any time.
Reject all
Accept all
More options
Privacy Policy
Terms of Service",https://news.google.com/rss/articles/CBMitAFBVV95cUxNNlZkcEJQZmFDc1lCYmhsZmE1OGRwT1FXSmRRSGpVZF9wUlNhd2k1QzFwZzQtbm5hVWIyS2s4SlZJcGhWbTV4b2VYNXYtY3BJa1hPN3ZYVkJ5QnlNSnVyZXJWU3ZJU1B5YlNJNDVrZXpUb1p4OV9NZENqYXZLb21OeTVJQ3VTRmIyXzJwRl9USzgzNXdQOXJ1NVRCNF8xRVJjOGFuQ2Qyc09jOXB1bjFFblZDZC0?oc=5
2025-01-23,META,Meta,"Going Into Earnings, Is Meta Stock a Buy, a Sell, or Fairly Valued? - Morningstar","EN
Sign in
Before you continue to Google
We use cookies and data to
Deliver and maintain Google services
Track outages and protect against spam, fraud, and abuse
Measure audience engagement and site statistics to understand how our services are used and enhance the quality of those services
If you choose to “Accept all,” we will also use cookies and data to
Develop and improve new services
Deliver and measure the effectiveness of ads
Show personalized content, depending on your settings
Show personalized ads, depending on your settings
If you choose to “Reject all,” we will not use cookies for these additional purposes.
Non-personalized content is influenced by things like the content you’re currently viewing, activity in your active Search session, and your location. Non-personalized ads are influenced by the content you’re currently viewing and your general location. Personalized content and ads can also include more relevant results, recommendations, and tailored ads based on past activity from this browser, like previous Google searches. We also use cookies and data to tailor the experience to be age-appropriate, if relevant.
Select “More options” to see additional information, including details about managing your privacy settings. You can also visit g.co/privacytools at any time.
Reject all
Accept all
More options
Privacy Policy
Terms of Service",https://news.google.com/rss/articles/CBMinAFBVV95cUxOVTdjaDBEODJoMlAwMXdiZUxjUnlsZGlMcklMbnFjN3R5Q1ZCdmZkbkxfdUJiRDlMcVZ0Nk5iRTlhVHZ3alVkUnhoRy1IU1BlUlpWQ3RQM0lnRnRSSk1rRWdNVXk1RlJzRzd4aXlFNlRGdlBVRUk3ZjBuUkJhVXZUcjZzdTJEZDlNLWt5N19rdWp5YWNxT2szVkh3Y3Q?oc=5
2025-01-06,META,Meta,Meta Gets Price Target Hike. Analyst Says Facebook Parent Could Be Best Consumer AI Play. - Investor's Business Daily,"EN
Sign in
Before you continue to Google
We use cookies and data to
Deliver and maintain Google services
Track outages and protect against spam, fraud, and abuse
Measure audience engagement and site statistics to understand how our services are used and enhance the quality of those services
If you choose to “Accept all,” we will also use cookies and data to
Develop and improve new services
Deliver and measure the effectiveness of ads
Show personalized content, depending on your settings
Show personalized ads, depending on your settings
If you choose to “Reject all,” we will not use cookies for these additional purposes.
Non-personalized content is influenced by things like the content you’re currently viewing, activity in your active Search session, and your location. Non-personalized ads are influenced by the content you’re currently viewing and your general location. Personalized content and ads can also include more relevant results, recommendations, and tailored ads based on past activity from this browser, like previous Google searches. We also use cookies and data to tailor the experience to be age-appropriate, if relevant.
Select “More options” to see additional information, including details about managing your privacy settings. You can also visit g.co/privacytools at any time.
Reject all
Accept all
More options
Privacy Policy
Terms of Service",https://news.google.com/rss/articles/CBMinAFBVV95cUxNenRnYmIwVEFlVUpodjBIT09IR1lvVE5rbVN4SDRJLUVNdWxBRzdnVkxuaVpBQjRJQzhhelFhV2l1RTU3cWJoY3kwVTNtRjdlMGEzVGlPSmZpU2Zhek5WU3NVR2ZfaVBaU0ZPczNUZ3FlNjl1OFc0SDM3WHdvVVl4b3owaXpOejNJR3ctdllyUy10TjY5aFZwdTZYZGg?oc=5
2025-01-13,META,Meta,"Facebook, Instagram Parent Meta Stock Falls. Why Analysts Are Being ‘More Cautious.’ - Barron's","EN
Sign in
Before you continue to Google
We use cookies and data to
Deliver and maintain Google services
Track outages and protect against spam, fraud, and abuse
Measure audience engagement and site statistics to understand how our services are used and enhance the quality of those services
If you choose to “Accept all,” we will also use cookies and data to
Develop and improve new services
Deliver and measure the effectiveness of ads
Show personalized content, depending on your settings
Show personalized ads, depending on your settings
If you choose to “Reject all,” we will not use cookies for these additional purposes.
Non-personalized content is influenced by things like the content you’re currently viewing, activity in your active Search session, and your location. Non-personalized ads are influenced by the content you’re currently viewing and your general location. Personalized content and ads can also include more relevant results, recommendations, and tailored ads based on past activity from this browser, like previous Google searches. We also use cookies and data to tailor the experience to be age-appropriate, if relevant.
Select “More options” to see additional information, including details about managing your privacy settings. You can also visit g.co/privacytools at any time.
Reject all
Accept all
More options
Privacy Policy
Terms of Service",https://news.google.com/rss/articles/CBMigwFBVV95cUxOUG92dFBXYkhYU0ZkV1dyb1VwUVJDSGpoVmd2dDFxSUZzY3BZdmEwNW1va2JsdVZ1NkF3dXM5blRkazJReEZWckFMek1wWHpJRHVEQXh0STlwYkJSVXE4cHdlUWRUU2JyQ09tclpoQUpucnFXek5oTU9vc3A1NE9QNkJydw?oc=5
2025-01-14,META,Meta,Meta Stock Falls Amid Layoff News - WSJ,"EN
Sign in
Before you continue to Google
We use cookies and data to
Deliver and maintain Google services
Track outages and protect against spam, fraud, and abuse
Measure audience engagement and site statistics to understand how our services are used and enhance the quality of those services
If you choose to “Accept all,” we will also use cookies and data to
Develop and improve new services
Deliver and measure the effectiveness of ads
Show personalized content, depending on your settings
Show personalized ads, depending on your settings
If you choose to “Reject all,” we will not use cookies for these additional purposes.
Non-personalized content is influenced by things like the content you’re currently viewing, activity in your active Search session, and your location. Non-personalized ads are influenced by the content you’re currently viewing and your general location. Personalized content and ads can also include more relevant results, recommendations, and tailored ads based on past activity from this browser, like previous Google searches. We also use cookies and data to tailor the experience to be age-appropriate, if relevant.
Select “More options” to see additional information, including details about managing your privacy settings. You can also visit g.co/privacytools at any time.
Reject all
Accept all
More options
Privacy Policy
Terms of Service",https://news.google.com/rss/articles/CBMi3AFBVV95cUxPWVdYd3NyVk1iQV9QTzRvTmFNWkphUlA2c05CcmVmdHlzZGMxYXFqc0xWLW9CTGpKMVNaSGxDSW4wYlJYOHBKYVNXNGtRYmVDQU9oaWtqRmtPZWk0Uk41dXdET1poQ3dEZEhkM3ZTWU1vV2Z1OWkza3djbmdwbVR2QzI2VHZmVl9FemMyWUMwNnFibWlxZ3VPRXV6UEtteXBHSmVKVVN3X3JKMDR1YWd2WXhoZVpWTktyNWs3SGVhaTM1SGR0MlRXdllxQlFydldtUl9TemxFVWl6Qnpq?oc=5
2025-01-15,META,Meta,"Insider Sale: COB and CEO of $META (META) Sells 2,417 Shares - Nasdaq","EN
Sign in
Before you continue to Google
We use cookies and data to
Deliver and maintain Google services
Track outages and protect against spam, fraud, and abuse
Measure audience engagement and site statistics to understand how our services are used and enhance the quality of those services
If you choose to “Accept all,” we will also use cookies and data to
Develop and improve new services
Deliver and measure the effectiveness of ads
Show personalized content, depending on your settings
Show personalized ads, depending on your settings
If you choose to “Reject all,” we will not use cookies for these additional purposes.
Non-personalized content is influenced by things like the content you’re currently viewing, activity in your active Search session, and your location. Non-personalized ads are influenced by the content you’re currently viewing and your general location. Personalized content and ads can also include more relevant results, recommendations, and tailored ads based on past activity from this browser, like previous Google searches. We also use cookies and data to tailor the experience to be age-appropriate, if relevant.
Select “More options” to see additional information, including details about managing your privacy settings. You can also visit g.co/privacytools at any time.
Reject all
Accept all
More options
Privacy Policy
Terms of Service",https://news.google.com/rss/articles/CBMijAFBVV95cUxOSU40UUZQR0t3MnM4UmdPWWg4b1dUNFVjNHdqcHc0X0MxWng1OXhvazdmVlpiVE5xQTh1cHNWRDZIalN4Mmd4QjJ1LV9ITWlqTE9CV2p6WW5DdExraDE2bmxSZjktcTRhaXF0Z0YtWW1CbndIeFZpSkZ4dEstV3QzMjhXV2hkb2RodlpzZw?oc=5
2025-01-24,META,Meta,Analyst revisits Meta stock price target as Zuckerberg drops bombshell - TheStreet,"EN
Sign in
Before you continue to Google
We use cookies and data to
Deliver and maintain Google services
Track outages and protect against spam, fraud, and abuse
Measure audience engagement and site statistics to understand how our services are used and enhance the quality of those services
If you choose to “Accept all,” we will also use cookies and data to
Develop and improve new services
Deliver and measure the effectiveness of ads
Show personalized content, depending on your settings
Show personalized ads, depending on your settings
If you choose to “Reject all,” we will not use cookies for these additional purposes.
Non-personalized content is influenced by things like the content you’re currently viewing, activity in your active Search session, and your location. Non-personalized ads are influenced by the content you’re currently viewing and your general location. Personalized content and ads can also include more relevant results, recommendations, and tailored ads based on past activity from this browser, like previous Google searches. We also use cookies and data to tailor the experience to be age-appropriate, if relevant.
Select “More options” to see additional information, including details about managing your privacy settings. You can also visit g.co/privacytools at any time.
Reject all
Accept all
More options
Privacy Policy
Terms of Service",https://news.google.com/rss/articles/CBMiswFBVV95cUxOTTY0cGg3SjMxYUx5WW9pZ3RaM3BEWlVoUlBLVkVjN2V2NXpPZzBjazdLV2l3SndEUFhqS0U0NGRfbS1pX0wyQXV1VUNuakQzdUZ6MFJURnRmX0w0MEt0NUxORWR5dVhWSGJiUS03bExQcEUyQ19uTHlvMzZLbWRjY2tpRDQxem9RTTgtTjRvYW1IYlhPUUhnSlBISEwya1ZZS0M1bGZGSERrU0NTZmZ5RVF0UQ?oc=5
2025-01-15,META,Meta,Why Meta Platforms Stock Was Climbing Today - The Motley Fool,"EN
Sign in
Before you continue to Google
We use cookies and data to
Deliver and maintain Google services
Track outages and protect against spam, fraud, and abuse
Measure audience engagement and site statistics to understand how our services are used and enhance the quality of those services
If you choose to “Accept all,” we will also use cookies and data to
Develop and improve new services
Deliver and measure the effectiveness of ads
Show personalized content, depending on your settings
Show personalized ads, depending on your settings
If you choose to “Reject all,” we will not use cookies for these additional purposes.
Non-personalized content is influenced by things like the content you’re currently viewing, activity in your active Search session, and your location. Non-personalized ads are influenced by the content you’re currently viewing and your general location. Personalized content and ads can also include more relevant results, recommendations, and tailored ads based on past activity from this browser, like previous Google searches. We also use cookies and data to tailor the experience to be age-appropriate, if relevant.
Select “More options” to see additional information, including details about managing your privacy settings. You can also visit g.co/privacytools at any time.
Reject all
Accept all
More options
Privacy Policy
Terms of Service",https://news.google.com/rss/articles/CBMijwFBVV95cUxQbmxQVmFjbkRWYklWXzBJMmRpS3RVQU83XzBTWVRJNFlIWlVHYi1mS3cybnhuWDRTWkVBS0d6d2w5WkpaNkQybXI5ci1HRktYcHYtTy1FVWhJSDdIbkNmRU1TX0ltQXN5QXZHTDh4QV9nWTJmMnM3NjRNWHdTaGRQck9hNW5fRE1pU0ViZ1RHWQ?oc=5
2025-01-09,META,Meta,Amazon and Meta: Wolfe Chooses the Best Internet Stocks to Buy - Yahoo Finance,"EN
Sign in
Before you continue to Google
We use cookies and data to
Deliver and maintain Google services
Track outages and protect against spam, fraud, and abuse
Measure audience engagement and site statistics to understand how our services are used and enhance the quality of those services
If you choose to “Accept all,” we will also use cookies and data to
Develop and improve new services
Deliver and measure the effectiveness of ads
Show personalized content, depending on your settings
Show personalized ads, depending on your settings
If you choose to “Reject all,” we will not use cookies for these additional purposes.
Non-personalized content is influenced by things like the content you’re currently viewing, activity in your active Search session, and your location. Non-personalized ads are influenced by the content you’re currently viewing and your general location. Personalized content and ads can also include more relevant results, recommendations, and tailored ads based on past activity from this browser, like previous Google searches. We also use cookies and data to tailor the experience to be age-appropriate, if relevant.
Select “More options” to see additional information, including details about managing your privacy settings. You can also visit g.co/privacytools at any time.
Reject all
Accept all
More options
Privacy Policy
Terms of Service",https://news.google.com/rss/articles/CBMiggFBVV95cUxOR1lGYWpKd0V0eTNvOF9Wd2ZBcmIyQzVyTmhNY2RBY2lVU0I5MGRYWGNkMjRUbEdqYW52d3dxc19iT1hkLVlDWmEzcjB1N3ZoMUk4eXZGMkRnTHF6SEFpSGpQRHVPV1FNXzNuVXVCdU5JcW9oYktMMHdyYXNsbkwzV2ZR?oc=5
2025-01-04,META,Meta,"Meta Stock, Energy Plays Lead Five Leaders Rebounding Bullishly - Investor's Business Daily","EN
Sign in
Before you continue to Google
We use cookies and data to
Deliver and maintain Google services
Track outages and protect against spam, fraud, and abuse
Measure audience engagement and site statistics to understand how our services are used and enhance the quality of those services
If you choose to “Accept all,” we will also use cookies and data to
Develop and improve new services
Deliver and measure the effectiveness of ads
Show personalized content, depending on your settings
Show personalized ads, depending on your settings
If you choose to “Reject all,” we will not use cookies for these additional purposes.
Non-personalized content is influenced by things like the content you’re currently viewing, activity in your active Search session, and your location. Non-personalized ads are influenced by the content you’re currently viewing and your general location. Personalized content and ads can also include more relevant results, recommendations, and tailored ads based on past activity from this browser, like previous Google searches. We also use cookies and data to tailor the experience to be age-appropriate, if relevant.
Select “More options” to see additional information, including details about managing your privacy settings. You can also visit g.co/privacytools at any time.
Reject all
Accept all
More options
Privacy Policy
Terms of Service",https://news.google.com/rss/articles/CBMiigFBVV95cUxOSVBRSHFfS2JVLTJOTXd3VVdES3lUYmhreGZ2bW1jRU81eFFCTkFESWVTS0xuektVa0VmQW5lQktVdlMxU3NSdXhBYnFBakRlcUYtUVkzRy1DcElyTm5kNjdjV2dtREZPZG9EakhmVnEyX1BrN1Q1SnRzeGx6VGJ4d0hiaUhIYVRYd1E?oc=5
2025-01-22,META,Meta,Meta: Uncertainty Around TikTok’s Future in the US Should Benefit Ad Sales - Morningstar,"EN
Sign in
Before you continue to Google
We use cookies and data to
Deliver and maintain Google services
Track outages and protect against spam, fraud, and abuse
Measure audience engagement and site statistics to understand how our services are used and enhance the quality of those services
If you choose to “Accept all,” we will also use cookies and data to
Develop and improve new services
Deliver and measure the effectiveness of ads
Show personalized content, depending on your settings
Show personalized ads, depending on your settings
If you choose to “Reject all,” we will not use cookies for these additional purposes.
Non-personalized content is influenced by things like the content you’re currently viewing, activity in your active Search session, and your location. Non-personalized ads are influenced by the content you’re currently viewing and your general location. Personalized content and ads can also include more relevant results, recommendations, and tailored ads based on past activity from this browser, like previous Google searches. We also use cookies and data to tailor the experience to be age-appropriate, if relevant.
Select “More options” to see additional information, including details about managing your privacy settings. You can also visit g.co/privacytools at any time.
Reject all
Accept all
More options
Privacy Policy
Terms of Service",https://news.google.com/rss/articles/CBMiogFBVV95cUxOamdjaF9UbTZYR3lvX0VWbjBxQU8zdTdwZ0VhZ1RrMHZUbFhRYTdPLU5fd0ZzNk52ZkNqaEU0cGg1dDFwZlZpeGRjbTEyLXUzT1I0b19ueWxFZWMzOHA0eWJrTnNJZmVYanJabUxBV3UwclAyT09uMEVTazRSdUpneWFFc0JHUndNNlBaVEVMS0FNYzB0ZnhzY29hbUdUdmQ0Vmc?oc=5
2025-01-15,META,Meta,Meta Stock Could Surge More Than 20%. Why Chatbots Are a ‘Massive Windfall’. - Barron's,"EN
Sign in
Before you continue to Google
We use cookies and data to
Deliver and maintain Google services
Track outages and protect against spam, fraud, and abuse
Measure audience engagement and site statistics to understand how our services are used and enhance the quality of those services
If you choose to “Accept all,” we will also use cookies and data to
Develop and improve new services
Deliver and measure the effectiveness of ads
Show personalized content, depending on your settings
Show personalized ads, depending on your settings
If you choose to “Reject all,” we will not use cookies for these additional purposes.
Non-personalized content is influenced by things like the content you’re currently viewing, activity in your active Search session, and your location. Non-personalized ads are influenced by the content you’re currently viewing and your general location. Personalized content and ads can also include more relevant results, recommendations, and tailored ads based on past activity from this browser, like previous Google searches. We also use cookies and data to tailor the experience to be age-appropriate, if relevant.
Select “More options” to see additional information, including details about managing your privacy settings. You can also visit g.co/privacytools at any time.
Reject all
Accept all
More options
Privacy Policy
Terms of Service",https://news.google.com/rss/articles/CBMid0FVX3lxTFBHRWsweGExVF9wa2J2VjB4UmlzbmM5VkRJc25nd3doS25TQThhU0lJaUNYcXRobHN4NHc3NFlGZUhpSHl0bWFNMmx3aW90dTFXc2E2WUlnRmdnRmQwN0hTVDh4RlA2bW5XeVMtVjVXSWxSWFN0OWtj?oc=5
2025-01-10,META,Meta,Why Meta Platforms Stock Jumped 65% in 2024 - The Motley Fool,"EN
Sign in
Before you continue to Google
We use cookies and data to
Deliver and maintain Google services
Track outages and protect against spam, fraud, and abuse
Measure audience engagement and site statistics to understand how our services are used and enhance the quality of those services
If you choose to “Accept all,” we will also use cookies and data to
Develop and improve new services
Deliver and measure the effectiveness of ads
Show personalized content, depending on your settings
Show personalized ads, depending on your settings
If you choose to “Reject all,” we will not use cookies for these additional purposes.
Non-personalized content is influenced by things like the content you’re currently viewing, activity in your active Search session, and your location. Non-personalized ads are influenced by the content you’re currently viewing and your general location. Personalized content and ads can also include more relevant results, recommendations, and tailored ads based on past activity from this browser, like previous Google searches. We also use cookies and data to tailor the experience to be age-appropriate, if relevant.
Select “More options” to see additional information, including details about managing your privacy settings. You can also visit g.co/privacytools at any time.
Reject all
Accept all
More options
Privacy Policy
Terms of Service",https://news.google.com/rss/articles/CBMijgFBVV95cUxQZ2huYUx6S2UtX3EyWWlHcXhURWszQkZ5TUhiLWpnZXpWZnZJelVQb3FYcF9Na05pbEkwRVlWVHQ4cllEWmtoa0pVQ1czTS0yWUFteGpDcEZSYWlKaW9oLVBwaDJ5aGlLTTdZNXhoWGZGdWxRM2Z6MjNaQ1FLeTVwUW50eVdHLVlpQVB0Z2Nn?oc=5
2025-01-23,META,Meta,Meta Gets Price Target Hikes Ahead Of Earnings. All Eyes Are On This Number. - Investor's Business Daily,"EN
Sign in
Before you continue to Google
We use cookies and data to
Deliver and maintain Google services
Track outages and protect against spam, fraud, and abuse
Measure audience engagement and site statistics to understand how our services are used and enhance the quality of those services
If you choose to “Accept all,” we will also use cookies and data to
Develop and improve new services
Deliver and measure the effectiveness of ads
Show personalized content, depending on your settings
Show personalized ads, depending on your settings
If you choose to “Reject all,” we will not use cookies for these additional purposes.
Non-personalized content is influenced by things like the content you’re currently viewing, activity in your active Search session, and your location. Non-personalized ads are influenced by the content you’re currently viewing and your general location. Personalized content and ads can also include more relevant results, recommendations, and tailored ads based on past activity from this browser, like previous Google searches. We also use cookies and data to tailor the experience to be age-appropriate, if relevant.
Select “More options” to see additional information, including details about managing your privacy settings. You can also visit g.co/privacytools at any time.
Reject all
Accept all
More options
Privacy Policy
Terms of Service",https://news.google.com/rss/articles/CBMimgFBVV95cUxNaXFJeHRMaU9WNnp2RV9zdzJnSGYxTWRQeVUzWUlHcVBfZHUtTUFWU3E2R19jNEV3ZEcyclhzcEhvYlRidE9XWl82eDBGa3A3U1JucklWSzFmQzVsQjNHRUFnSHdmdnNiem1od2ViN0VLRXlWeFQ4YmJYTDQyQTc3Wm44VVNRcmdiYzJlZ09BbUtKZEl6RVVNREd3?oc=5
2025-01-14,META,Meta,Snap and Meta Stocks Fall as TikTok Attracts Last-Minute Takeover Talk - Barron's,"EN
Sign in
Before you continue to Google
We use cookies and data to
Deliver and maintain Google services
Track outages and protect against spam, fraud, and abuse
Measure audience engagement and site statistics to understand how our services are used and enhance the quality of those services
If you choose to “Accept all,” we will also use cookies and data to
Develop and improve new services
Deliver and measure the effectiveness of ads
Show personalized content, depending on your settings
Show personalized ads, depending on your settings
If you choose to “Reject all,” we will not use cookies for these additional purposes.
Non-personalized content is influenced by things like the content you’re currently viewing, activity in your active Search session, and your location. Non-personalized ads are influenced by the content you’re currently viewing and your general location. Personalized content and ads can also include more relevant results, recommendations, and tailored ads based on past activity from this browser, like previous Google searches. We also use cookies and data to tailor the experience to be age-appropriate, if relevant.
Select “More options” to see additional information, including details about managing your privacy settings. You can also visit g.co/privacytools at any time.
Reject all
Accept all
More options
Privacy Policy
Terms of Service",https://news.google.com/rss/articles/CBMisgFBVV95cUxQR20xaU1CdVMxME91aURBeVlJVWp3Z0Z6LWUyUDZzeEJlNEVhT2t2OGdINDd3ams1T3VMNDdnaGJDTEVNc0ZnS2VQUEl1WlRwcEZUcHEzQ2djNlF4QTVINlFWMEVGMllQWkctcGZqTnlzMUs5ZlNvS1RWaFprXzJLTUdPbDI3NmxNX3VRSXlTRzRrbnJRSTN5YjZCU0E4VWN4TUdSXzlkUGN4MU5lMVBYemFR?oc=5
2025-01-24,META,Meta,"'Magnificent Seven' Member Meta Platforms Stock Breaks Out, Is Actionable Now - Investor's Business Daily","EN
Sign in
Before you continue to Google
We use cookies and data to
Deliver and maintain Google services
Track outages and protect against spam, fraud, and abuse
Measure audience engagement and site statistics to understand how our services are used and enhance the quality of those services
If you choose to “Accept all,” we will also use cookies and data to
Develop and improve new services
Deliver and measure the effectiveness of ads
Show personalized content, depending on your settings
Show personalized ads, depending on your settings
If you choose to “Reject all,” we will not use cookies for these additional purposes.
Non-personalized content is influenced by things like the content you’re currently viewing, activity in your active Search session, and your location. Non-personalized ads are influenced by the content you’re currently viewing and your general location. Personalized content and ads can also include more relevant results, recommendations, and tailored ads based on past activity from this browser, like previous Google searches. We also use cookies and data to tailor the experience to be age-appropriate, if relevant.
Select “More options” to see additional information, including details about managing your privacy settings. You can also visit g.co/privacytools at any time.
Reject all
Accept all
More options
Privacy Policy
Terms of Service",https://news.google.com/rss/articles/CBMiigFBVV95cUxNam11VERhT3lDckZCekJoa01xTjdyYVBpTzlFWXhFYnZ6ZkYzNlRvRGJabzJmQ2c3d0s0T2FtdXZYVG1yV3czOGhDa2pRR1h4NV9Ta2hoWjBCX0pXSmxEbmtIalRjLVZ1dU54Snp2R0phQUhjVzhkTENrZW5qSzBLZHhKMEF6Y1pRemc?oc=5
2025-01-22,META,Meta,"Meta Stock Is a Top AI Pick, Analyst Says. Why TikTok Drama Is Another Tailwind. - Barron's","EN
Sign in
Before you continue to Google
We use cookies and data to
Deliver and maintain Google services
Track outages and protect against spam, fraud, and abuse
Measure audience engagement and site statistics to understand how our services are used and enhance the quality of those services
If you choose to “Accept all,” we will also use cookies and data to
Develop and improve new services
Deliver and measure the effectiveness of ads
Show personalized content, depending on your settings
Show personalized ads, depending on your settings
If you choose to “Reject all,” we will not use cookies for these additional purposes.
Non-personalized content is influenced by things like the content you’re currently viewing, activity in your active Search session, and your location. Non-personalized ads are influenced by the content you’re currently viewing and your general location. Personalized content and ads can also include more relevant results, recommendations, and tailored ads based on past activity from this browser, like previous Google searches. We also use cookies and data to tailor the experience to be age-appropriate, if relevant.
Select “More options” to see additional information, including details about managing your privacy settings. You can also visit g.co/privacytools at any time.
Reject all
Accept all
More options
Privacy Policy
Terms of Service",https://news.google.com/rss/articles/CBMigAFBVV95cUxNTmJQWEZEYUlROFNLcUo1WHp3LWFtX0UtZzJyWFExdHlweXJTNXdLTGUzcWJCcW8wMjNUb0Znd1FRZUpzQzZsTHU1WXFid082b0o2eEZ3ZTFjalBNZ0pOT1Y3d3hjTXkxaEM0N0JfMDdZaUpOc2hoaDhpRC01QV9YcA?oc=5
2025-01-24,META,Meta,Meta Stock Gains. Investors Shrug Off Bigger-Than-Expected $65 Billion AI Spending Plan. - Investor's Business Daily,"EN
Sign in
Before you continue to Google
We use cookies and data to
Deliver and maintain Google services
Track outages and protect against spam, fraud, and abuse
Measure audience engagement and site statistics to understand how our services are used and enhance the quality of those services
If you choose to “Accept all,” we will also use cookies and data to
Develop and improve new services
Deliver and measure the effectiveness of ads
Show personalized content, depending on your settings
Show personalized ads, depending on your settings
If you choose to “Reject all,” we will not use cookies for these additional purposes.
Non-personalized content is influenced by things like the content you’re currently viewing, activity in your active Search session, and your location. Non-personalized ads are influenced by the content you’re currently viewing and your general location. Personalized content and ads can also include more relevant results, recommendations, and tailored ads based on past activity from this browser, like previous Google searches. We also use cookies and data to tailor the experience to be age-appropriate, if relevant.
Select “More options” to see additional information, including details about managing your privacy settings. You can also visit g.co/privacytools at any time.
Reject all
Accept all
More options
Privacy Policy
Terms of Service",https://news.google.com/rss/articles/CBMiggFBVV95cUxPZlFiSHZZUDIxUGR6Z3N5SjY1SG5ROHdwb1ZQZGFEcGpUN0tXa2g2SGlZbGJUZmhlOW9mX1R6X3U0ZmozeHdzYUZkbV9FQjhvR2xPTmtNMWRWWEI4WjllOGwtVlBDZFZrN0pPS1UtU1pFQUhVOWxOQlhvNEhyZXQyRk13?oc=5
2025-01-17,META,Meta,"TikTok Ban Upheld By Supreme Court. Meta Stock Edges Higher, Snap Slips. - Investor's Business Daily","EN
Sign in
Before you continue to Google
We use cookies and data to
Deliver and maintain Google services
Track outages and protect against spam, fraud, and abuse
Measure audience engagement and site statistics to understand how our services are used and enhance the quality of those services
If you choose to “Accept all,” we will also use cookies and data to
Develop and improve new services
Deliver and measure the effectiveness of ads
Show personalized content, depending on your settings
Show personalized ads, depending on your settings
If you choose to “Reject all,” we will not use cookies for these additional purposes.
Non-personalized content is influenced by things like the content you’re currently viewing, activity in your active Search session, and your location. Non-personalized ads are influenced by the content you’re currently viewing and your general location. Personalized content and ads can also include more relevant results, recommendations, and tailored ads based on past activity from this browser, like previous Google searches. We also use cookies and data to tailor the experience to be age-appropriate, if relevant.
Select “More options” to see additional information, including details about managing your privacy settings. You can also visit g.co/privacytools at any time.
Reject all
Accept all
More options
Privacy Policy
Terms of Service",https://news.google.com/rss/articles/CBMinAFBVV95cUxORzhDRVFLdl9uZWNEZFlHN2t1YmRNSFJHdjllcTItV3dCdlJjcnNDYmEyZE56ejktM1c0clBFaDJ2aS1TeXdqeUpra0U3VnRpdVhibmg5V28zWTdzMUo0TWd2OWxkYTlVbDVOM2NYQ1BQdkVRZ3FHcXQtRE1oZnhLTVBRNUVIQ0duVUdnOVZ2TDA5Nk5JMC1JYl92Tm8?oc=5
2025-01-07,META,Meta,"Meta Ends Fact-Checking As Zuckerberg Pledges 'Free Expression' For Facebook, Instagram - Investor's Business Daily","EN
Sign in
Before you continue to Google
We use cookies and data to
Deliver and maintain Google services
Track outages and protect against spam, fraud, and abuse
Measure audience engagement and site statistics to understand how our services are used and enhance the quality of those services
If you choose to “Accept all,” we will also use cookies and data to
Develop and improve new services
Deliver and measure the effectiveness of ads
Show personalized content, depending on your settings
Show personalized ads, depending on your settings
If you choose to “Reject all,” we will not use cookies for these additional purposes.
Non-personalized content is influenced by things like the content you’re currently viewing, activity in your active Search session, and your location. Non-personalized ads are influenced by the content you’re currently viewing and your general location. Personalized content and ads can also include more relevant results, recommendations, and tailored ads based on past activity from this browser, like previous Google searches. We also use cookies and data to tailor the experience to be age-appropriate, if relevant.
Select “More options” to see additional information, including details about managing your privacy settings. You can also visit g.co/privacytools at any time.
Reject all
Accept all
More options
Privacy Policy
Terms of Service",https://news.google.com/rss/articles/CBMimwFBVV95cUxOMjlxNzNPNDNDMEJxRmp6SGptSlhENDFMckJOWlpVWUxPdVNZWjZ6V0RPVjBUeTNTbWhneWhjVkxWN0c5TmJIdTFiM3pqLXhLd3drQmR3RElsTXdrX3BJaVJBQl9VVXVPVjZRaWJBMzlhVG5CVk9FajFlR3lLWE9pejRfV3JxRWNSVWZqcXZwMm9DWktsTkhneWZQMA?oc=5
2025-01-10,META,Meta,"Stock Market Tumbles As Yields Spike; Nvidia, Tesla, Delta, Meta, Jobs Report In Focus: Weekly Review - Investor's Business Daily","EN
Sign in
Before you continue to Google
We use cookies and data to
Deliver and maintain Google services
Track outages and protect against spam, fraud, and abuse
Measure audience engagement and site statistics to understand how our services are used and enhance the quality of those services
If you choose to “Accept all,” we will also use cookies and data to
Develop and improve new services
Deliver and measure the effectiveness of ads
Show personalized content, depending on your settings
Show personalized ads, depending on your settings
If you choose to “Reject all,” we will not use cookies for these additional purposes.
Non-personalized content is influenced by things like the content you’re currently viewing, activity in your active Search session, and your location. Non-personalized ads are influenced by the content you’re currently viewing and your general location. Personalized content and ads can also include more relevant results, recommendations, and tailored ads based on past activity from this browser, like previous Google searches. We also use cookies and data to tailor the experience to be age-appropriate, if relevant.
Select “More options” to see additional information, including details about managing your privacy settings. You can also visit g.co/privacytools at any time.
Reject all
Accept all
More options
Privacy Policy
Terms of Service",https://news.google.com/rss/articles/CBMiowFBVV95cUxNMDdkOGpjTnNtbzQxRlNrbjUxQm1hT0RQYktfME1DSDNLSFZJeHdXVWNQb1VZVEo4R04zT0dHUnJJaHFKUDhGYmxSNTJKa2pic2pnMFNZU1pDenlaWnJCMzBZckVHTzZqaldPZ0UtNDU5OGk0RTYxcHJpTDVtM1djNVVLc3hUU0p6YjJLa2t0Z2g3RF9oZ3dfSFFlRXE1NkNqMm1Z?oc=5
2025-02-07,META,Meta,Meta Stock Extends Winning Streak to 15 Sessions - WSJ,"EN
Sign in
Before you continue to Google
We use cookies and data to
Deliver and maintain Google services
Track outages and protect against spam, fraud, and abuse
Measure audience engagement and site statistics to understand how our services are used and enhance the quality of those services
If you choose to “Accept all,” we will also use cookies and data to
Develop and improve new services
Deliver and measure the effectiveness of ads
Show personalized content, depending on your settings
Show personalized ads, depending on your settings
If you choose to “Reject all,” we will not use cookies for these additional purposes.
Non-personalized content is influenced by things like the content you’re currently viewing, activity in your active Search session, and your location. Non-personalized ads are influenced by the content you’re currently viewing and your general location. Personalized content and ads can also include more relevant results, recommendations, and tailored ads based on past activity from this browser, like previous Google searches. We also use cookies and data to tailor the experience to be age-appropriate, if relevant.
Select “More options” to see additional information, including details about managing your privacy settings. You can also visit g.co/privacytools at any time.
Reject all
Accept all
More options
Privacy Policy
Terms of Service",https://news.google.com/rss/articles/CBMi-gFBVV95cUxPdlRwaUNSSXVZeE85Z2R6OGNEdGhHTFRrWlBYOFVDVThQajgyNGtjNzQxdV9EXzF6dXNWN1ludXg1SE1UOWFTMXlHVUpJcmh1NnZ4aFFrQjJyRFBVTkhBNEJjMHFjVFNYdlFTYnpRYzdoMXZ1M1ZDbTlYeFdSMEk2U2Rqbl8tSTJLSWUza05hQ0FVNnN1Z3QxUl9xcmcwaGdZeTF2bnQwajlFcld4dnVRcGdURGtoNkY1eEVhTVpoaUo0cmFTZXJldG9pV2s0RDRLaVZaUjRRRTJMdllKREVQcGFxbjFWejVEcE9pbXczWGRfdWYyc053Z2J3?oc=5
2025-02-18,META,Meta,"Meta's stock closes down, snapping 20-session winning streak - Yahoo Finance","EN
Sign in
Before you continue to Google
We use cookies and data to
Deliver and maintain Google services
Track outages and protect against spam, fraud, and abuse
Measure audience engagement and site statistics to understand how our services are used and enhance the quality of those services
If you choose to “Accept all,” we will also use cookies and data to
Develop and improve new services
Deliver and measure the effectiveness of ads
Show personalized content, depending on your settings
Show personalized ads, depending on your settings
If you choose to “Reject all,” we will not use cookies for these additional purposes.
Non-personalized content is influenced by things like the content you’re currently viewing, activity in your active Search session, and your location. Non-personalized ads are influenced by the content you’re currently viewing and your general location. Personalized content and ads can also include more relevant results, recommendations, and tailored ads based on past activity from this browser, like previous Google searches. We also use cookies and data to tailor the experience to be age-appropriate, if relevant.
Select “More options” to see additional information, including details about managing your privacy settings. You can also visit g.co/privacytools at any time.
Reject all
Accept all
More options
Privacy Policy
Terms of Service",https://news.google.com/rss/articles/CBMipwFBVV95cUxOYXV0eXpmU1k2blRUVTNaM0RPV0hXcDRodnRBQ3hIU19FNEtKMXdLY3VpRDNBWVlZVWZWQWpUMU0tNHNhNFZYbm5jUTR5bFJVY2hVVGdiRjFzQlNTbGlIVWsxTm5iN0VfaXJtVDFTUU9yZmpla0o0bkdBME55cW14cl9qY3pHMTJaaTBuR0NvNHhRZWV0N2lqc3N3Nm9SYmhrSGRBYVhzVQ?oc=5
2025-02-24,META,Meta,Meta Falls For Fifth Day Following Record-Setting Rally - Investor's Business Daily,"EN
Sign in
Before you continue to Google
We use cookies and data to
Deliver and maintain Google services
Track outages and protect against spam, fraud, and abuse
Measure audience engagement and site statistics to understand how our services are used and enhance the quality of those services
If you choose to “Accept all,” we will also use cookies and data to
Develop and improve new services
Deliver and measure the effectiveness of ads
Show personalized content, depending on your settings
Show personalized ads, depending on your settings
If you choose to “Reject all,” we will not use cookies for these additional purposes.
Non-personalized content is influenced by things like the content you’re currently viewing, activity in your active Search session, and your location. Non-personalized ads are influenced by the content you’re currently viewing and your general location. Personalized content and ads can also include more relevant results, recommendations, and tailored ads based on past activity from this browser, like previous Google searches. We also use cookies and data to tailor the experience to be age-appropriate, if relevant.
Select “More options” to see additional information, including details about managing your privacy settings. You can also visit g.co/privacytools at any time.
Reject all
Accept all
More options
Privacy Policy
Terms of Service",https://news.google.com/rss/articles/CBMigwFBVV95cUxNR0tOeU5Eel81ZXhkWEJtb2UxRDlVZlY4LWZPb1BvQnR0b00wQUUwbnd2bWZkYUN1ZUdTX1BZb0xYLV81eUtTQVBGN0RwNVpYSExkcC1SYXluRTJWRGVwd3dpUHVsMkN4RjJwZ1paeEVkM2FCakg1eGU5Z0lfRExabU05UQ?oc=5
2025-02-05,META,Meta,"After Earnings, Is Meta Stock a Buy, a Sell, or Fairly Valued? - Morningstar","EN
Sign in
Before you continue to Google
We use cookies and data to
Deliver and maintain Google services
Track outages and protect against spam, fraud, and abuse
Measure audience engagement and site statistics to understand how our services are used and enhance the quality of those services
If you choose to “Accept all,” we will also use cookies and data to
Develop and improve new services
Deliver and measure the effectiveness of ads
Show personalized content, depending on your settings
Show personalized ads, depending on your settings
If you choose to “Reject all,” we will not use cookies for these additional purposes.
Non-personalized content is influenced by things like the content you’re currently viewing, activity in your active Search session, and your location. Non-personalized ads are influenced by the content you’re currently viewing and your general location. Personalized content and ads can also include more relevant results, recommendations, and tailored ads based on past activity from this browser, like previous Google searches. We also use cookies and data to tailor the experience to be age-appropriate, if relevant.
Select “More options” to see additional information, including details about managing your privacy settings. You can also visit g.co/privacytools at any time.
Reject all
Accept all
More options
Privacy Policy
Terms of Service",https://news.google.com/rss/articles/CBMilgFBVV95cUxPc0swanRSVC1xa3plbnV5SjM1aTlrRk1TZUFlMXJoaEl4MmdERmtkNWRmVGJBXzA0dlhlemR4Wm94NnhqaGVXc0FUWF9TZDdhTnFsOURud0h4ZjJtWHJSNVdRdVZDcUdLNEQwaXhoT0dncVJBVkZ4RnNqdV9vWkRyTXhqNUdDYXlsTG9xVGphSHRhVW1PZ3c?oc=5
2025-02-14,META,Meta,Meta Platforms (META) Stock Extends Record Win Streak to 20 Consecutive Days - markets.businessinsider.com,"EN
Sign in
Before you continue to Google
We use cookies and data to
Deliver and maintain Google services
Track outages and protect against spam, fraud, and abuse
Measure audience engagement and site statistics to understand how our services are used and enhance the quality of those services
If you choose to “Accept all,” we will also use cookies and data to
Develop and improve new services
Deliver and measure the effectiveness of ads
Show personalized content, depending on your settings
Show personalized ads, depending on your settings
If you choose to “Reject all,” we will not use cookies for these additional purposes.
Non-personalized content is influenced by things like the content you’re currently viewing, activity in your active Search session, and your location. Non-personalized ads are influenced by the content you’re currently viewing and your general location. Personalized content and ads can also include more relevant results, recommendations, and tailored ads based on past activity from this browser, like previous Google searches. We also use cookies and data to tailor the experience to be age-appropriate, if relevant.
Select “More options” to see additional information, including details about managing your privacy settings. You can also visit g.co/privacytools at any time.
Reject all
Accept all
More options
Privacy Policy
Terms of Service",https://news.google.com/rss/articles/CBMizgFBVV95cUxNTjhJdFZBX1J2QnN3Uk5mcXhZUU5LMlg1QXFpYmNRMVdWY1NEZzFpQUs4QXpuLUs5RXVsX0VqaS1NMkJtSEZEcmNJWnE3MFllbEhrZ2JaZTZEZV9ESW5IcGJkZlRlQ2xpRzZxbmpRMlotTXlGS0NTeldwZUNMOTlEZzJJTzVVY0xtMk1lT1Q3RklMUzgzZVFfNFNXRjljUDNyNUVUdG9lV1F4cHdTcS1pQmtoSlNfSHVHVU51VTdrOFVEWWtnX2ViZnNnYVZ0Zw?oc=5
2025-02-19,META,Meta,Meta Stock Sinks Further. Here’s What Would Revive the Rally. - Barron's,"EN
Sign in
Before you continue to Google
We use cookies and data to
Deliver and maintain Google services
Track outages and protect against spam, fraud, and abuse
Measure audience engagement and site statistics to understand how our services are used and enhance the quality of those services
If you choose to “Accept all,” we will also use cookies and data to
Develop and improve new services
Deliver and measure the effectiveness of ads
Show personalized content, depending on your settings
Show personalized ads, depending on your settings
If you choose to “Reject all,” we will not use cookies for these additional purposes.
Non-personalized content is influenced by things like the content you’re currently viewing, activity in your active Search session, and your location. Non-personalized ads are influenced by the content you’re currently viewing and your general location. Personalized content and ads can also include more relevant results, recommendations, and tailored ads based on past activity from this browser, like previous Google searches. We also use cookies and data to tailor the experience to be age-appropriate, if relevant.
Select “More options” to see additional information, including details about managing your privacy settings. You can also visit g.co/privacytools at any time.
Reject all
Accept all
More options
Privacy Policy
Terms of Service",https://news.google.com/rss/articles/CBMie0FVX3lxTFBfczg2OWZQLUFNQzhmbmFsX3ZibmVkODZhZjN5Rk1XRW50MlQ0aXR0RDZzSXoyNXV5M0w5aXZpU1dHSTVUbExyTVRnYnJfQWIwUk9FV3RSVERxZlJIcFZaY1NKZldra0RIS2E0MGtwQ0RmdXVWRG42WlBNdw?oc=5
2025-02-11,META,Meta,Meta's Stock Is On A Record Winning Streak—Watch These Price Levels - Investopedia,"EN
Sign in
Before you continue to Google
We use cookies and data to
Deliver and maintain Google services
Track outages and protect against spam, fraud, and abuse
Measure audience engagement and site statistics to understand how our services are used and enhance the quality of those services
If you choose to “Accept all,” we will also use cookies and data to
Develop and improve new services
Deliver and measure the effectiveness of ads
Show personalized content, depending on your settings
Show personalized ads, depending on your settings
If you choose to “Reject all,” we will not use cookies for these additional purposes.
Non-personalized content is influenced by things like the content you’re currently viewing, activity in your active Search session, and your location. Non-personalized ads are influenced by the content you’re currently viewing and your general location. Personalized content and ads can also include more relevant results, recommendations, and tailored ads based on past activity from this browser, like previous Google searches. We also use cookies and data to tailor the experience to be age-appropriate, if relevant.
Select “More options” to see additional information, including details about managing your privacy settings. You can also visit g.co/privacytools at any time.
Reject all
Accept all
More options
Privacy Policy
Terms of Service",https://news.google.com/rss/articles/CBMipAFBVV95cUxNSHJCcjRIdk1ZMmZFbUxoSFA2U0ctS3g2WEp5cEFsX3pldVFtbnBVZy1leTg1OXR4VFJyUGlWOXNvZjUydkV5bG9MMlBuaGhOUDdUTzBFazdkYWlOVjktUm80endIcThKbDB5ZldRTGQ4Y1VUWXpvSjUyNVU0b0pMYXo1Z2tiQlp5NkVzenZWbU9CYlp0S2stc1NpUkF0S0FkeS1VLQ?oc=5
2025-02-11,META,Meta,​​Meta Stock Analysis: Record Rally Driven by AI Success​ - ig.com,"EN
Sign in
Before you continue to Google
We use cookies and data to
Deliver and maintain Google services
Track outages and protect against spam, fraud, and abuse
Measure audience engagement and site statistics to understand how our services are used and enhance the quality of those services
If you choose to “Accept all,” we will also use cookies and data to
Develop and improve new services
Deliver and measure the effectiveness of ads
Show personalized content, depending on your settings
Show personalized ads, depending on your settings
If you choose to “Reject all,” we will not use cookies for these additional purposes.
Non-personalized content is influenced by things like the content you’re currently viewing, activity in your active Search session, and your location. Non-personalized ads are influenced by the content you’re currently viewing and your general location. Personalized content and ads can also include more relevant results, recommendations, and tailored ads based on past activity from this browser, like previous Google searches. We also use cookies and data to tailor the experience to be age-appropriate, if relevant.
Select “More options” to see additional information, including details about managing your privacy settings. You can also visit g.co/privacytools at any time.
Reject all
Accept all
More options
Privacy Policy
Terms of Service",https://news.google.com/rss/articles/CBMiqgFBVV95cUxPcVVWbkxnVU84UVVGNThZbVhlQm1zSjZKMHpxR1Y2WE14MnA3a1c1bVJvZTNuNFdQb2VNUkdUOHV5aDd5dWd6aGc4S2lCdFB2Wms1dFhad202aFB3OFNOV1NybDdaWk9XRDBKOXhHZ3dvRWtvT1R2cDlhREE0YW5peERHNEJNVWozWmRuWEFDV2xuQWtwVWdZd19EbnhSbnA3OW00THowczBqUQ?oc=5
2025-02-14,META,Meta,Meta stock eyes history as Facebook parent leaves Mag 7 rivals behind - TheStreet,"EN
Sign in
Before you continue to Google
We use cookies and data to
Deliver and maintain Google services
Track outages and protect against spam, fraud, and abuse
Measure audience engagement and site statistics to understand how our services are used and enhance the quality of those services
If you choose to “Accept all,” we will also use cookies and data to
Develop and improve new services
Deliver and measure the effectiveness of ads
Show personalized content, depending on your settings
Show personalized ads, depending on your settings
If you choose to “Reject all,” we will not use cookies for these additional purposes.
Non-personalized content is influenced by things like the content you’re currently viewing, activity in your active Search session, and your location. Non-personalized ads are influenced by the content you’re currently viewing and your general location. Personalized content and ads can also include more relevant results, recommendations, and tailored ads based on past activity from this browser, like previous Google searches. We also use cookies and data to tailor the experience to be age-appropriate, if relevant.
Select “More options” to see additional information, including details about managing your privacy settings. You can also visit g.co/privacytools at any time.
Reject all
Accept all
More options
Privacy Policy
Terms of Service",https://news.google.com/rss/articles/CBMiqAFBVV95cUxNZm1XbXZwbWwza2NxMnBRODZqUDBNZ3F6ZHhoU0xfak9qSlE3VkFQeDd2Zm80dXZteWFIaXVNS3pHaHh6ZzdhX25jaU1qYWJ5eXdXczRfMmpTMk0xR0ZSWHJvNTQwcW9oZ3F3eWlBWnNBRk55Sk1WZEpoT2EwNDBEcnpBSEFpdkVXMEppbTY3SXlkQXRFNlFkN1FrZG9WbF9jTEI3Y1ZxWFc?oc=5
2025-02-19,META,Meta,Why Meta Platforms Stock Is Slipping Today - Nasdaq,"EN
Sign in
Before you continue to Google
We use cookies and data to
Deliver and maintain Google services
Track outages and protect against spam, fraud, and abuse
Measure audience engagement and site statistics to understand how our services are used and enhance the quality of those services
If you choose to “Accept all,” we will also use cookies and data to
Develop and improve new services
Deliver and measure the effectiveness of ads
Show personalized content, depending on your settings
Show personalized ads, depending on your settings
If you choose to “Reject all,” we will not use cookies for these additional purposes.
Non-personalized content is influenced by things like the content you’re currently viewing, activity in your active Search session, and your location. Non-personalized ads are influenced by the content you’re currently viewing and your general location. Personalized content and ads can also include more relevant results, recommendations, and tailored ads based on past activity from this browser, like previous Google searches. We also use cookies and data to tailor the experience to be age-appropriate, if relevant.
Select “More options” to see additional information, including details about managing your privacy settings. You can also visit g.co/privacytools at any time.
Reject all
Accept all
More options
Privacy Policy
Terms of Service",https://news.google.com/rss/articles/CBMie0FVX3lxTE1KNHR6OXNGUU15Q3NDTFhSUkx6Y19YUGw1LXR2d05VYlBaNVJzaWpUVW90QW5MR3BjRVVxVGhhXzhib0ZUTXc0M2xFS3YwM0h5UWd4ZXVMTjZsOF9RYlNKZ0Z6OG90R3pMQlhoSk40S0U4X2tRWUFCbUtuaw?oc=5
2025-02-14,META,Meta,Meta stock continues record run: 'Prime example' of implementing AI - Yahoo Finance,"EN
Sign in
Before you continue to Google
We use cookies and data to
Deliver and maintain Google services
Track outages and protect against spam, fraud, and abuse
Measure audience engagement and site statistics to understand how our services are used and enhance the quality of those services
If you choose to “Accept all,” we will also use cookies and data to
Develop and improve new services
Deliver and measure the effectiveness of ads
Show personalized content, depending on your settings
Show personalized ads, depending on your settings
If you choose to “Reject all,” we will not use cookies for these additional purposes.
Non-personalized content is influenced by things like the content you’re currently viewing, activity in your active Search session, and your location. Non-personalized ads are influenced by the content you’re currently viewing and your general location. Personalized content and ads can also include more relevant results, recommendations, and tailored ads based on past activity from this browser, like previous Google searches. We also use cookies and data to tailor the experience to be age-appropriate, if relevant.
Select “More options” to see additional information, including details about managing your privacy settings. You can also visit g.co/privacytools at any time.
Reject all
Accept all
More options
Privacy Policy
Terms of Service",https://news.google.com/rss/articles/CBMihAFBVV95cUxNcENOT1JDWGQ0SU5hX2xuSC1BUmcwQ08tcGlXWmlpYTlGTE9pSmdnZDI2MzJCY241c2ZuLU94OGVZNVY0MmkwQWJrc2JzbWFzdS1DRHE4aTNfUEh2MXpwdUlwMWtNQ3llYnBTSGZXaGJNUmpwNlZWVGNOb2FKaGdxX0t5RjU?oc=5
2025-02-12,META,Meta,Meta Stock Set for 18-Day Winning Streak. Watch Its Chip Ambitions. - Barron's,"EN
Sign in
Before you continue to Google
We use cookies and data to
Deliver and maintain Google services
Track outages and protect against spam, fraud, and abuse
Measure audience engagement and site statistics to understand how our services are used and enhance the quality of those services
If you choose to “Accept all,” we will also use cookies and data to
Develop and improve new services
Deliver and measure the effectiveness of ads
Show personalized content, depending on your settings
Show personalized ads, depending on your settings
If you choose to “Reject all,” we will not use cookies for these additional purposes.
Non-personalized content is influenced by things like the content you’re currently viewing, activity in your active Search session, and your location. Non-personalized ads are influenced by the content you’re currently viewing and your general location. Personalized content and ads can also include more relevant results, recommendations, and tailored ads based on past activity from this browser, like previous Google searches. We also use cookies and data to tailor the experience to be age-appropriate, if relevant.
Select “More options” to see additional information, including details about managing your privacy settings. You can also visit g.co/privacytools at any time.
Reject all
Accept all
More options
Privacy Policy
Terms of Service",https://news.google.com/rss/articles/CBMigwFBVV95cUxOSTZRdmJTcjJjck5oRmh6WlQ1MDBBeFQtOHJ3MHBfcVhlX1JkX1huSlBVVDhibnd1S2tET2pvbHNGUDBsZFpvRm1MQTJFQUdQYXhVSGRyTWdDX2VCNGtSZ191dzRzOU1kb2F0cHF2ZDUzMHctSGJmZW16RlpoQzZkWUNBRQ?oc=5
2025-02-11,META,Meta,Meta's Record-Smashing Rally Reaches 17th Day Amid AI Push - Investor's Business Daily,"EN
Sign in
Before you continue to Google
We use cookies and data to
Deliver and maintain Google services
Track outages and protect against spam, fraud, and abuse
Measure audience engagement and site statistics to understand how our services are used and enhance the quality of those services
If you choose to “Accept all,” we will also use cookies and data to
Develop and improve new services
Deliver and measure the effectiveness of ads
Show personalized content, depending on your settings
Show personalized ads, depending on your settings
If you choose to “Reject all,” we will not use cookies for these additional purposes.
Non-personalized content is influenced by things like the content you’re currently viewing, activity in your active Search session, and your location. Non-personalized ads are influenced by the content you’re currently viewing and your general location. Personalized content and ads can also include more relevant results, recommendations, and tailored ads based on past activity from this browser, like previous Google searches. We also use cookies and data to tailor the experience to be age-appropriate, if relevant.
Select “More options” to see additional information, including details about managing your privacy settings. You can also visit g.co/privacytools at any time.
Reject all
Accept all
More options
Privacy Policy
Terms of Service",https://news.google.com/rss/articles/CBMingFBVV95cUxOZC1peHNPU1h5ZVQyNkJWbjVwLWdJWUR4amdCSS1FR3U4MS1TbXZESDMzYkQ1dFA1QXhpM3lLZmlCTmVBWWNrMzhlVy1zQS1RVHVVZEFfUUhnSXdEX0lXcDV0eEhwanFHdjI2ME9DN29pY3Awd3d0SmZqQ0Z2cHBYcm5CNUQxYTlSdnFvWUhDWFhUSm5jWTZMaGkwNzZWZw?oc=5
2025-02-10,META,Meta,Meta Stock Extends Its Record Winning Streak - Investopedia,"EN
Sign in
Before you continue to Google
We use cookies and data to
Deliver and maintain Google services
Track outages and protect against spam, fraud, and abuse
Measure audience engagement and site statistics to understand how our services are used and enhance the quality of those services
If you choose to “Accept all,” we will also use cookies and data to
Develop and improve new services
Deliver and measure the effectiveness of ads
Show personalized content, depending on your settings
Show personalized ads, depending on your settings
If you choose to “Reject all,” we will not use cookies for these additional purposes.
Non-personalized content is influenced by things like the content you’re currently viewing, activity in your active Search session, and your location. Non-personalized ads are influenced by the content you’re currently viewing and your general location. Personalized content and ads can also include more relevant results, recommendations, and tailored ads based on past activity from this browser, like previous Google searches. We also use cookies and data to tailor the experience to be age-appropriate, if relevant.
Select “More options” to see additional information, including details about managing your privacy settings. You can also visit g.co/privacytools at any time.
Reject all
Accept all
More options
Privacy Policy
Terms of Service",https://news.google.com/rss/articles/CBMihwFBVV95cUxPTWxRNlhFVWVlUEEyejk0ZjdHQlJITDB0cTNaZENsSGF2cEpfaVM4enlkODZiSnVldG90R2t0ZXRvblVJV2xfaExsUTN1ZVpiTVNXdHNCRVdPT3JIYmx5dmJ6MGFCalloMFVRT2tpTk9uWk1CTlBZOVhUMG1zeE9Qa2d2N3VqWDA?oc=5
2025-01-31,META,Meta,Buy Meta Stock After Beating Q4 EPS Expectations by 20%? - Nasdaq,"EN
Sign in
Before you continue to Google
We use cookies and data to
Deliver and maintain Google services
Track outages and protect against spam, fraud, and abuse
Measure audience engagement and site statistics to understand how our services are used and enhance the quality of those services
If you choose to “Accept all,” we will also use cookies and data to
Develop and improve new services
Deliver and measure the effectiveness of ads
Show personalized content, depending on your settings
Show personalized ads, depending on your settings
If you choose to “Reject all,” we will not use cookies for these additional purposes.
Non-personalized content is influenced by things like the content you’re currently viewing, activity in your active Search session, and your location. Non-personalized ads are influenced by the content you’re currently viewing and your general location. Personalized content and ads can also include more relevant results, recommendations, and tailored ads based on past activity from this browser, like previous Google searches. We also use cookies and data to tailor the experience to be age-appropriate, if relevant.
Select “More options” to see additional information, including details about managing your privacy settings. You can also visit g.co/privacytools at any time.
Reject all
Accept all
More options
Privacy Policy
Terms of Service",https://news.google.com/rss/articles/CBMiiwFBVV95cUxOUjNidlV2cEduTFFoNjk5MVNMbVRwLXlkd21OMWZ5Zjk3UDRwWnkwWlc0VlNkdm9WRy10dEhWOXdOQjBXUWlMOVMybWk4VlpuRmJyQTZHRHU1VU5PTnQxUHNQTTFWSUNiNUhZeTQxeVllS1paWFlIZmcwakNHN293WXVJZFZjUlpyUjBF?oc=5
2025-02-05,META,Meta,Why Meta Stock Is Getting All the Love—and Alphabet Is Tumbling - Barron's,"EN
Sign in
Before you continue to Google
We use cookies and data to
Deliver and maintain Google services
Track outages and protect against spam, fraud, and abuse
Measure audience engagement and site statistics to understand how our services are used and enhance the quality of those services
If you choose to “Accept all,” we will also use cookies and data to
Develop and improve new services
Deliver and measure the effectiveness of ads
Show personalized content, depending on your settings
Show personalized ads, depending on your settings
If you choose to “Reject all,” we will not use cookies for these additional purposes.
Non-personalized content is influenced by things like the content you’re currently viewing, activity in your active Search session, and your location. Non-personalized ads are influenced by the content you’re currently viewing and your general location. Personalized content and ads can also include more relevant results, recommendations, and tailored ads based on past activity from this browser, like previous Google searches. We also use cookies and data to tailor the experience to be age-appropriate, if relevant.
Select “More options” to see additional information, including details about managing your privacy settings. You can also visit g.co/privacytools at any time.
Reject all
Accept all
More options
Privacy Policy
Terms of Service",https://news.google.com/rss/articles/CBMihwFBVV95cUxQbF90UV9lTkh6OFE5NXVLb0ZGUFVGTTBWS1pJQmNmdF9uaXhwT0JZQVlMNzVZdTNldVlFYng0Y3BYZzU1d0Q2MnpaWW5QRXJ6QzZBaFpDdnNrb0xLU3lEaGU0c3ZuQkw0YzJFRkJwdmQ5MjdNbjN2MWJYX3dSUm5ZbEpkYVhvY2s?oc=5
2025-02-16,META,Meta,Is Meta Platforms Stock Going to $935? 1 Wall Street Firm Thinks So. - Yahoo Finance,"EN
Sign in
Before you continue to Google
We use cookies and data to
Deliver and maintain Google services
Track outages and protect against spam, fraud, and abuse
Measure audience engagement and site statistics to understand how our services are used and enhance the quality of those services
If you choose to “Accept all,” we will also use cookies and data to
Develop and improve new services
Deliver and measure the effectiveness of ads
Show personalized content, depending on your settings
Show personalized ads, depending on your settings
If you choose to “Reject all,” we will not use cookies for these additional purposes.
Non-personalized content is influenced by things like the content you’re currently viewing, activity in your active Search session, and your location. Non-personalized ads are influenced by the content you’re currently viewing and your general location. Personalized content and ads can also include more relevant results, recommendations, and tailored ads based on past activity from this browser, like previous Google searches. We also use cookies and data to tailor the experience to be age-appropriate, if relevant.
Select “More options” to see additional information, including details about managing your privacy settings. You can also visit g.co/privacytools at any time.
Reject all
Accept all
More options
Privacy Policy
Terms of Service",https://news.google.com/rss/articles/CBMiggFBVV95cUxPSzluWm5NbTIzRy00d1ZORXVzbVNUNldDSjB4WkRWUGFjQWE2b1dkQXB6WFRsRS15TXQyV3VCZVRmSTJaNmxYaE0yVnJWTFJRQXdid19Pbkt0bHJmendEQUt3Zy1jNllfajBySkg2TnkyaEotcGJ2OFBqWG5acTVyZWVR?oc=5
2025-02-18,META,Meta,Meta Stock: Facebook Parent's Huge Rally Ended Today - Barron's,"EN
Sign in
Before you continue to Google
We use cookies and data to
Deliver and maintain Google services
Track outages and protect against spam, fraud, and abuse
Measure audience engagement and site statistics to understand how our services are used and enhance the quality of those services
If you choose to “Accept all,” we will also use cookies and data to
Develop and improve new services
Deliver and measure the effectiveness of ads
Show personalized content, depending on your settings
Show personalized ads, depending on your settings
If you choose to “Reject all,” we will not use cookies for these additional purposes.
Non-personalized content is influenced by things like the content you’re currently viewing, activity in your active Search session, and your location. Non-personalized ads are influenced by the content you’re currently viewing and your general location. Personalized content and ads can also include more relevant results, recommendations, and tailored ads based on past activity from this browser, like previous Google searches. We also use cookies and data to tailor the experience to be age-appropriate, if relevant.
Select “More options” to see additional information, including details about managing your privacy settings. You can also visit g.co/privacytools at any time.
Reject all
Accept all
More options
Privacy Policy
Terms of Service",https://news.google.com/rss/articles/CBMidkFVX3lxTE9mU09EcTY4dWRFS0JIbEFiQm5EWTZzR3VJa3dvdGN2eEl3VkFFR2Q3X08zT1dhNklDOE1LNk9EV1ozblRFWk51eXR1aFdINHQzNVJWdzJkeVpCYmZscjVpVHVxODJfSWFtRHh5S1NhQm9zZGtlMEE?oc=5
2025-02-12,META,Meta,The Trump premium isn't being baked into Meta's stock: Analyst - Yahoo Finance,"EN
Sign in
Before you continue to Google
We use cookies and data to
Deliver and maintain Google services
Track outages and protect against spam, fraud, and abuse
Measure audience engagement and site statistics to understand how our services are used and enhance the quality of those services
If you choose to “Accept all,” we will also use cookies and data to
Develop and improve new services
Deliver and measure the effectiveness of ads
Show personalized content, depending on your settings
Show personalized ads, depending on your settings
If you choose to “Reject all,” we will not use cookies for these additional purposes.
Non-personalized content is influenced by things like the content you’re currently viewing, activity in your active Search session, and your location. Non-personalized ads are influenced by the content you’re currently viewing and your general location. Personalized content and ads can also include more relevant results, recommendations, and tailored ads based on past activity from this browser, like previous Google searches. We also use cookies and data to tailor the experience to be age-appropriate, if relevant.
Select “More options” to see additional information, including details about managing your privacy settings. You can also visit g.co/privacytools at any time.
Reject all
Accept all
More options
Privacy Policy
Terms of Service",https://news.google.com/rss/articles/CBMiqAFBVV95cUxQZEF2X0p0VU1ZTkVZTFlSZGhFU19FUDFVXzYtRnR6QmhoYzAxMG1TZ1BkVUgyTVhZbnU1RklJQ2ZZcC0wQ3ktTGY1di1PRXZHa2dvQ3JwVDAtbmIxeGF5YU13c2h2QkN5bG1lNGxzUVZ4RjZ0Y2sxUERFTXhxVHJBZjIwZDYxM19keXlSTnh6ZDdYSGRzS3hxdGNDNktsX3ZsdU1kNkNVdzg?oc=5
2025-02-14,META,Meta,Meta Stock Looks To Extend Winning Streak for 20th Consecutive Day - Barron's,"EN
Sign in
Before you continue to Google
We use cookies and data to
Deliver and maintain Google services
Track outages and protect against spam, fraud, and abuse
Measure audience engagement and site statistics to understand how our services are used and enhance the quality of those services
If you choose to “Accept all,” we will also use cookies and data to
Develop and improve new services
Deliver and measure the effectiveness of ads
Show personalized content, depending on your settings
Show personalized ads, depending on your settings
If you choose to “Reject all,” we will not use cookies for these additional purposes.
Non-personalized content is influenced by things like the content you’re currently viewing, activity in your active Search session, and your location. Non-personalized ads are influenced by the content you’re currently viewing and your general location. Personalized content and ads can also include more relevant results, recommendations, and tailored ads based on past activity from this browser, like previous Google searches. We also use cookies and data to tailor the experience to be age-appropriate, if relevant.
Select “More options” to see additional information, including details about managing your privacy settings. You can also visit g.co/privacytools at any time.
Reject all
Accept all
More options
Privacy Policy
Terms of Service",https://news.google.com/rss/articles/CBMihwFBVV95cUxQYkhsZ0xLYXQtYjVpQ3hpWnUyM1hkT05nazdFS0twVjRQRmJuR19Za2lVSVBNXzRVZjh4UW9RNmpvQXRJTXF0LVhKSFZwaG1CRGk2SWE2a3FhS1ZMZVlSYnFjbXlyVzAyQ2p6dnhtNVlyVW9LN0t3Z1RQYmN6Vk5rakV6dzVsRzQ?oc=5
2025-03-10,META,Meta,Meta Stock Falls As Analyst Warns Of 'Another DeepSeek Moment.' Is Buzzy New AI Tool A Threat? - Investor's Business Daily,"EN
Sign in
Before you continue to Google
We use cookies and data to
Deliver and maintain Google services
Track outages and protect against spam, fraud, and abuse
Measure audience engagement and site statistics to understand how our services are used and enhance the quality of those services
If you choose to “Accept all,” we will also use cookies and data to
Develop and improve new services
Deliver and measure the effectiveness of ads
Show personalized content, depending on your settings
Show personalized ads, depending on your settings
If you choose to “Reject all,” we will not use cookies for these additional purposes.
Non-personalized content is influenced by things like the content you’re currently viewing, activity in your active Search session, and your location. Non-personalized ads are influenced by the content you’re currently viewing and your general location. Personalized content and ads can also include more relevant results, recommendations, and tailored ads based on past activity from this browser, like previous Google searches. We also use cookies and data to tailor the experience to be age-appropriate, if relevant.
Select “More options” to see additional information, including details about managing your privacy settings. You can also visit g.co/privacytools at any time.
Reject all
Accept all
More options
Privacy Policy
Terms of Service",https://news.google.com/rss/articles/CBMilgFBVV95cUxOUXFRQVhOQzUzYlFMYWF3T2JMVGhUN0FYcjFEempJS085OUh1c0hwdTFuUnhWY056VnNuNUdCcnBEMzE5ZkNxcl9BSzJUT1pUUmg3NG9iUU5qRUhLaWF0WjlqN194RFNUM1AwdjBZV1c0a3BsUWhTc2tHd29KVG1wYnhvTFY4M2N2b3Z1ZzRCWWxYbkhTSGc?oc=5
2025-03-13,META,Meta,70% Downside For META Stock? - Nasdaq,"EN
Sign in
Before you continue to Google
We use cookies and data to
Deliver and maintain Google services
Track outages and protect against spam, fraud, and abuse
Measure audience engagement and site statistics to understand how our services are used and enhance the quality of those services
If you choose to “Accept all,” we will also use cookies and data to
Develop and improve new services
Deliver and measure the effectiveness of ads
Show personalized content, depending on your settings
Show personalized ads, depending on your settings
If you choose to “Reject all,” we will not use cookies for these additional purposes.
Non-personalized content is influenced by things like the content you’re currently viewing, activity in your active Search session, and your location. Non-personalized ads are influenced by the content you’re currently viewing and your general location. Personalized content and ads can also include more relevant results, recommendations, and tailored ads based on past activity from this browser, like previous Google searches. We also use cookies and data to tailor the experience to be age-appropriate, if relevant.
Select “More options” to see additional information, including details about managing your privacy settings. You can also visit g.co/privacytools at any time.
Reject all
Accept all
More options
Privacy Policy
Terms of Service",https://news.google.com/rss/articles/CBMiZEFVX3lxTFB0NFhiTU5iTENybGxHalFjS2pMNXhDdjNZQUp6SExDbmxhMTlVcHNGQmlMdExRaE1JYUlHUWk4MTNTYmk5VkxzYkdUbXpLMGVLTmJ5a1VkUUY5ODBGazlNY0JNRFM?oc=5
2025-03-13,META,Meta,Why Meta (META) Shares Are Getting Obliterated Today - Yahoo Finance,"EN
Sign in
Before you continue to Google
We use cookies and data to
Deliver and maintain Google services
Track outages and protect against spam, fraud, and abuse
Measure audience engagement and site statistics to understand how our services are used and enhance the quality of those services
If you choose to “Accept all,” we will also use cookies and data to
Develop and improve new services
Deliver and measure the effectiveness of ads
Show personalized content, depending on your settings
Show personalized ads, depending on your settings
If you choose to “Reject all,” we will not use cookies for these additional purposes.
Non-personalized content is influenced by things like the content you’re currently viewing, activity in your active Search session, and your location. Non-personalized ads are influenced by the content you’re currently viewing and your general location. Personalized content and ads can also include more relevant results, recommendations, and tailored ads based on past activity from this browser, like previous Google searches. We also use cookies and data to tailor the experience to be age-appropriate, if relevant.
Select “More options” to see additional information, including details about managing your privacy settings. You can also visit g.co/privacytools at any time.
Reject all
Accept all
More options
Privacy Policy
Terms of Service",https://news.google.com/rss/articles/CBMif0FVX3lxTE10OGpKbUVOOXpmRlFDN2FicUNjRVJGaTlOS2toVUwybDNWWk1TbXpmdVVXOHhfNkNjYkV2dzNfX284LWhjTE52VUctWnk5V3VIUkZ6N2dsTlNwbDRmQW9CM0pQamxwa29xU1JIWEp3RTNEUXNnbG5pTFA3Z3RTNmc?oc=5
2025-03-25,META,Meta,Time To Buy META Stock At $620? - Forbes,"EN
Sign in
Before you continue to Google
We use cookies and data to
Deliver and maintain Google services
Track outages and protect against spam, fraud, and abuse
Measure audience engagement and site statistics to understand how our services are used and enhance the quality of those services
If you choose to “Accept all,” we will also use cookies and data to
Develop and improve new services
Deliver and measure the effectiveness of ads
Show personalized content, depending on your settings
Show personalized ads, depending on your settings
If you choose to “Reject all,” we will not use cookies for these additional purposes.
Non-personalized content is influenced by things like the content you’re currently viewing, activity in your active Search session, and your location. Non-personalized ads are influenced by the content you’re currently viewing and your general location. Personalized content and ads can also include more relevant results, recommendations, and tailored ads based on past activity from this browser, like previous Google searches. We also use cookies and data to tailor the experience to be age-appropriate, if relevant.
Select “More options” to see additional information, including details about managing your privacy settings. You can also visit g.co/privacytools at any time.
Reject all
Accept all
More options
Privacy Policy
Terms of Service",https://news.google.com/rss/articles/CBMikgFBVV95cUxQUlZGbTdtZEJ2LWVkcGxnckpPYmprMFlBdUhmOXdMcFQ0dm5ISGJJTGgzcWJuOW5xeHBfMlFlaXEzaVQ3bzlYWWRWblZMWDBnT3REU3VoTHZVVG5Ea0laTnVSRXMzVXFLckZRTERsYmtlZ3Y0ZDRJbzVwck9maUgxOTd4X09KNW9KVW9RYnlBaC1BQQ?oc=5
2025-03-19,META,Meta,Why Meta Stock Is Down? Cathie Wood Sells The Magnificent 7 META Shares - Finance Magnates,"EN
Sign in
Before you continue to Google
We use cookies and data to
Deliver and maintain Google services
Track outages and protect against spam, fraud, and abuse
Measure audience engagement and site statistics to understand how our services are used and enhance the quality of those services
If you choose to “Accept all,” we will also use cookies and data to
Develop and improve new services
Deliver and measure the effectiveness of ads
Show personalized content, depending on your settings
Show personalized ads, depending on your settings
If you choose to “Reject all,” we will not use cookies for these additional purposes.
Non-personalized content is influenced by things like the content you’re currently viewing, activity in your active Search session, and your location. Non-personalized ads are influenced by the content you’re currently viewing and your general location. Personalized content and ads can also include more relevant results, recommendations, and tailored ads based on past activity from this browser, like previous Google searches. We also use cookies and data to tailor the experience to be age-appropriate, if relevant.
Select “More options” to see additional information, including details about managing your privacy settings. You can also visit g.co/privacytools at any time.
Reject all
Accept all
More options
Privacy Policy
Terms of Service",https://news.google.com/rss/articles/CBMisgFBVV95cUxPSkhpN0tObGN5cGFoUUJiTkFSRTE3V3dFZ0lyR0VfSDFWNXhIcEl5Wnl3YXdyeGFxdGNyc3lLT1k5X3o5VTRYYjVfNWFtRTJneGVudWhFdVpUMzdpeWlZcFEwelo0UWlxU3kyVUdZUlgwOUpZaTV1V1Jfb29TYVFUaDFWdEdZOE9xODBhZ2dGU24zM2V4NXhSSWlIVTR0dE1sVUkyZW12VkJuMnY3aDlCMDd30gG3AUFVX3lxTE1YdXhkLTFTSV9MVTh5czBrMlNmdmJuWmJFdWVESFN4RWpRU2hfVVFKb21pbG9BcC1PZU5PWGdva1RSa2VjZ21Qa01TWlc5Q0lFVXp2Y0tYSVVqY08zLWdQMFJ5U0hSZHpCQktZTWNSY3Y1VFNXNF9NU2MxRzV5VVBXeXkyWDdPcEp6RVNnNWUzWFJYWHlfcDRla3Q3WDd1b1hRaE44Q0VVOFk1d0dFUjMtMm1COTBkMA?oc=5
2025-03-19,META,Meta,META Stock: Why I'm Betting Big Before The Surge (NASDAQ:META) - Seeking Alpha,"EN
Sign in
Before you continue to Google
We use cookies and data to
Deliver and maintain Google services
Track outages and protect against spam, fraud, and abuse
Measure audience engagement and site statistics to understand how our services are used and enhance the quality of those services
If you choose to “Accept all,” we will also use cookies and data to
Develop and improve new services
Deliver and measure the effectiveness of ads
Show personalized content, depending on your settings
Show personalized ads, depending on your settings
If you choose to “Reject all,” we will not use cookies for these additional purposes.
Non-personalized content is influenced by things like the content you’re currently viewing, activity in your active Search session, and your location. Non-personalized ads are influenced by the content you’re currently viewing and your general location. Personalized content and ads can also include more relevant results, recommendations, and tailored ads based on past activity from this browser, like previous Google searches. We also use cookies and data to tailor the experience to be age-appropriate, if relevant.
Select “More options” to see additional information, including details about managing your privacy settings. You can also visit g.co/privacytools at any time.
Reject all
Accept all
More options
Privacy Policy
Terms of Service",https://news.google.com/rss/articles/CBMikAFBVV95cUxPenZFdW5oNGZQWnRvZS1VTFVwamJ5N29qLS1IenYwSHM0SjRmWVoyS2hOTjRYbjh1RndoQmZPQnY1U1JidE10UHBZSHJoekRkSVNITlpMN2k5bHVHTW5uSlByenZPY2hWY2RHWlY5T1ZoVWpubFdDSEZJbmxWcnh1YWd3a2VMMUVFRzhfN2syelA?oc=5
2025-03-14,META,Meta,Meta Is The Only Magnificent 7 Stock In The Green In 2025—Watch These Key Levels - Investopedia,"EN
Sign in
Before you continue to Google
We use cookies and data to
Deliver and maintain Google services
Track outages and protect against spam, fraud, and abuse
Measure audience engagement and site statistics to understand how our services are used and enhance the quality of those services
If you choose to “Accept all,” we will also use cookies and data to
Develop and improve new services
Deliver and measure the effectiveness of ads
Show personalized content, depending on your settings
Show personalized ads, depending on your settings
If you choose to “Reject all,” we will not use cookies for these additional purposes.
Non-personalized content is influenced by things like the content you’re currently viewing, activity in your active Search session, and your location. Non-personalized ads are influenced by the content you’re currently viewing and your general location. Personalized content and ads can also include more relevant results, recommendations, and tailored ads based on past activity from this browser, like previous Google searches. We also use cookies and data to tailor the experience to be age-appropriate, if relevant.
Select “More options” to see additional information, including details about managing your privacy settings. You can also visit g.co/privacytools at any time.
Reject all
Accept all
More options
Privacy Policy
Terms of Service",https://news.google.com/rss/articles/CBMiugFBVV95cUxQUlU0U0xocTZMeWZGNkt5dHVGV1ZIRmdlczk3X0thR3EtaWVZSmhsWm5MQjY1Z3pZQUlHTTdBa2lCYWo0NklXNkxFU29Vcm43ZUhadGVBa2NKbm1lRDdNTGZlbURtMHl6N3ZmWXRnXzBlUENkWFlPNnhnejN0WHQxSGNTU0ZYM3lyZUppalVLX0kxM2ZXTDM3UHBCNE5ocFR6aWxydHRyNnROaGZRb3VGcDZrd29RMmk1bUE?oc=5
2025-03-13,META,Meta,Why Meta Platforms Stock Is Sinking Today - The Motley Fool,"EN
Sign in
Before you continue to Google
We use cookies and data to
Deliver and maintain Google services
Track outages and protect against spam, fraud, and abuse
Measure audience engagement and site statistics to understand how our services are used and enhance the quality of those services
If you choose to “Accept all,” we will also use cookies and data to
Develop and improve new services
Deliver and measure the effectiveness of ads
Show personalized content, depending on your settings
Show personalized ads, depending on your settings
If you choose to “Reject all,” we will not use cookies for these additional purposes.
Non-personalized content is influenced by things like the content you’re currently viewing, activity in your active Search session, and your location. Non-personalized ads are influenced by the content you’re currently viewing and your general location. Personalized content and ads can also include more relevant results, recommendations, and tailored ads based on past activity from this browser, like previous Google searches. We also use cookies and data to tailor the experience to be age-appropriate, if relevant.
Select “More options” to see additional information, including details about managing your privacy settings. You can also visit g.co/privacytools at any time.
Reject all
Accept all
More options
Privacy Policy
Terms of Service",https://news.google.com/rss/articles/CBMijAFBVV95cUxQSnBxWkxobVNEOGhZRzVGNHlBbzJwaUdYd3hpRXVOWjZsUTQ0aE1fdlBMaWR2WlBiOXYwaXcwWGNlVmlXY3lPRjh6bXYwMGd1U1VVTU1VZU5CVUc1NThkd3hCdjZuZndNcExUc29OeC0tcWVZcHNXSkt0aVFVZTBjX3dEUkpyVlM3QnhfQw?oc=5
2025-03-18,META,Meta,Meta Stock Slides To Approach 3-Month Low Despite This AI Milestone - Investor's Business Daily,"EN
Sign in
Before you continue to Google
We use cookies and data to
Deliver and maintain Google services
Track outages and protect against spam, fraud, and abuse
Measure audience engagement and site statistics to understand how our services are used and enhance the quality of those services
If you choose to “Accept all,” we will also use cookies and data to
Develop and improve new services
Deliver and measure the effectiveness of ads
Show personalized content, depending on your settings
Show personalized ads, depending on your settings
If you choose to “Reject all,” we will not use cookies for these additional purposes.
Non-personalized content is influenced by things like the content you’re currently viewing, activity in your active Search session, and your location. Non-personalized ads are influenced by the content you’re currently viewing and your general location. Personalized content and ads can also include more relevant results, recommendations, and tailored ads based on past activity from this browser, like previous Google searches. We also use cookies and data to tailor the experience to be age-appropriate, if relevant.
Select “More options” to see additional information, including details about managing your privacy settings. You can also visit g.co/privacytools at any time.
Reject all
Accept all
More options
Privacy Policy
Terms of Service",https://news.google.com/rss/articles/CBMirwFBVV95cUxOSUwtVE0ySFd1NnJ4UjVjdTR2cFctN25INFlOeWNoOVY1anZWbmRIcEt0aWh6QndnZ05WYnNrWEFOZU93STZNU0dqcGNROE5yQkhEci1yRHBNVkRocWtkQUxpazNQd2N1S0UwbU9yMkJmTVZVR3BkWlQtZ0xhMTZVS3hXaUpfS1hfZlgtdjdPYk95cXI0dV9ubGx2NTl3MzB2OTZmMzBtdm5walpzT0lB?oc=5
2025-03-12,META,Meta,META Stock Headed To $200? - Forbes,"EN
Sign in
Before you continue to Google
We use cookies and data to
Deliver and maintain Google services
Track outages and protect against spam, fraud, and abuse
Measure audience engagement and site statistics to understand how our services are used and enhance the quality of those services
If you choose to “Accept all,” we will also use cookies and data to
Develop and improve new services
Deliver and measure the effectiveness of ads
Show personalized content, depending on your settings
Show personalized ads, depending on your settings
If you choose to “Reject all,” we will not use cookies for these additional purposes.
Non-personalized content is influenced by things like the content you’re currently viewing, activity in your active Search session, and your location. Non-personalized ads are influenced by the content you’re currently viewing and your general location. Personalized content and ads can also include more relevant results, recommendations, and tailored ads based on past activity from this browser, like previous Google searches. We also use cookies and data to tailor the experience to be age-appropriate, if relevant.
Select “More options” to see additional information, including details about managing your privacy settings. You can also visit g.co/privacytools at any time.
Reject all
Accept all
More options
Privacy Policy
Terms of Service",https://news.google.com/rss/articles/CBMiiwFBVV95cUxNRlR6enFBZEZVbHIwaFVIS0dMQXlENmc3SHJLRUh2blAtY3g0WmRySnFNZkhUb1hOckt4eWhGanUzeGxMcFFFdGdxbDhTemUtQkRsdFozc3lNeE81TXU1WnNveVJDTUdBc090UDF2cHZuOS1TRWpDNXVwTVBNZjE3RGh2elhKVnhCQ1NV?oc=5
2025-03-17,META,Meta,Meta Platforms (META) Stock Declines While Market Improves: Some Information for Investors - Nasdaq,"EN
Sign in
Before you continue to Google
We use cookies and data to
Deliver and maintain Google services
Track outages and protect against spam, fraud, and abuse
Measure audience engagement and site statistics to understand how our services are used and enhance the quality of those services
If you choose to “Accept all,” we will also use cookies and data to
Develop and improve new services
Deliver and measure the effectiveness of ads
Show personalized content, depending on your settings
Show personalized ads, depending on your settings
If you choose to “Reject all,” we will not use cookies for these additional purposes.
Non-personalized content is influenced by things like the content you’re currently viewing, activity in your active Search session, and your location. Non-personalized ads are influenced by the content you’re currently viewing and your general location. Personalized content and ads can also include more relevant results, recommendations, and tailored ads based on past activity from this browser, like previous Google searches. We also use cookies and data to tailor the experience to be age-appropriate, if relevant.
Select “More options” to see additional information, including details about managing your privacy settings. You can also visit g.co/privacytools at any time.
Reject all
Accept all
More options
Privacy Policy
Terms of Service",https://news.google.com/rss/articles/CBMiuAFBVV95cUxOYzRGb0RGb3AySXdSbE1jVEFQUlZsSV9NX0JxM2ZqZWxib2cxYi1HTDVCVC1nb2ZjajgzX1pVNXQ1V1dWai00Uk9wMmZXLVplUkVmeGNUbmZPUXF1dmtTNUFQb1RuZEp1alpDWGxZNDAzYm9Kd3hpRkRSNkZqOUZya3RxbjJELU5ST1VVQWZZWWo1QmZncFJBOVkwdkxJbTNqUUFlRFVWeWl2R01SRUF1anB3Y2Q3MmJm?oc=5
2025-03-01,META,Meta,"Is Meta Platforms, Inc. (META) The Best Money Making Stock To Buy Now? - Yahoo Finance","EN
Sign in
Before you continue to Google
We use cookies and data to
Deliver and maintain Google services
Track outages and protect against spam, fraud, and abuse
Measure audience engagement and site statistics to understand how our services are used and enhance the quality of those services
If you choose to “Accept all,” we will also use cookies and data to
Develop and improve new services
Deliver and measure the effectiveness of ads
Show personalized content, depending on your settings
Show personalized ads, depending on your settings
If you choose to “Reject all,” we will not use cookies for these additional purposes.
Non-personalized content is influenced by things like the content you’re currently viewing, activity in your active Search session, and your location. Non-personalized ads are influenced by the content you’re currently viewing and your general location. Personalized content and ads can also include more relevant results, recommendations, and tailored ads based on past activity from this browser, like previous Google searches. We also use cookies and data to tailor the experience to be age-appropriate, if relevant.
Select “More options” to see additional information, including details about managing your privacy settings. You can also visit g.co/privacytools at any time.
Reject all
Accept all
More options
Privacy Policy
Terms of Service",https://news.google.com/rss/articles/CBMif0FVX3lxTE5SZHpmQ3I0QjVncUw3eWI0c0g5bFFUUzZ2bm14bUdWLVVqRDVWUVN4bngtQ0JnRFpKRDU4YXhDQ1FCakVnUkM2QkFzS1FfQnNsdDFhZVcxSW5FZ0FFY1JNOV92N3R0Vi1LQ0RUTWRNa0ZRSWlzekZ3aEFKYmtHUm8?oc=5
2025-03-20,META,Meta,Market Sell-Off: Should Investors Buy the Dip in Meta Platforms Stock? - The Motley Fool,"EN
Sign in
Before you continue to Google
We use cookies and data to
Deliver and maintain Google services
Track outages and protect against spam, fraud, and abuse
Measure audience engagement and site statistics to understand how our services are used and enhance the quality of those services
If you choose to “Accept all,” we will also use cookies and data to
Develop and improve new services
Deliver and measure the effectiveness of ads
Show personalized content, depending on your settings
Show personalized ads, depending on your settings
If you choose to “Reject all,” we will not use cookies for these additional purposes.
Non-personalized content is influenced by things like the content you’re currently viewing, activity in your active Search session, and your location. Non-personalized ads are influenced by the content you’re currently viewing and your general location. Personalized content and ads can also include more relevant results, recommendations, and tailored ads based on past activity from this browser, like previous Google searches. We also use cookies and data to tailor the experience to be age-appropriate, if relevant.
Select “More options” to see additional information, including details about managing your privacy settings. You can also visit g.co/privacytools at any time.
Reject all
Accept all
More options
Privacy Policy
Terms of Service",https://news.google.com/rss/articles/CBMimAFBVV95cUxPQ2ttcTFCelhIaWhNa1NDUi1fNHc5NFpBRVlSNDlEX0FUa3lUNk1OY3ZfMDBJV1VwSGQxejM1aXhvVk5Ba0ZuZzY2NkpxdC1NczdacmdPNGJicHBOYXNNcXFCXy14Zjk1eFNrNHJwckR2WVRkeHhkQWktY21qRmdXd2JPVkZ0cDJQRWxIUHJtSHRrTEg5ZENaYg?oc=5
2025-02-24,META,Meta,Meta Falls For Fifth Day Following Record-Setting Rally - Investor's Business Daily,"EN
Sign in
Before you continue to Google
We use cookies and data to
Deliver and maintain Google services
Track outages and protect against spam, fraud, and abuse
Measure audience engagement and site statistics to understand how our services are used and enhance the quality of those services
If you choose to “Accept all,” we will also use cookies and data to
Develop and improve new services
Deliver and measure the effectiveness of ads
Show personalized content, depending on your settings
Show personalized ads, depending on your settings
If you choose to “Reject all,” we will not use cookies for these additional purposes.
Non-personalized content is influenced by things like the content you’re currently viewing, activity in your active Search session, and your location. Non-personalized ads are influenced by the content you’re currently viewing and your general location. Personalized content and ads can also include more relevant results, recommendations, and tailored ads based on past activity from this browser, like previous Google searches. We also use cookies and data to tailor the experience to be age-appropriate, if relevant.
Select “More options” to see additional information, including details about managing your privacy settings. You can also visit g.co/privacytools at any time.
Reject all
Accept all
More options
Privacy Policy
Terms of Service",https://news.google.com/rss/articles/CBMigwFBVV95cUxNR0tOeU5Eel81ZXhkWEJtb2UxRDlVZlY4LWZPb1BvQnR0b00wQUUwbnd2bWZkYUN1ZUdTX1BZb0xYLV81eUtTQVBGN0RwNVpYSExkcC1SYXluRTJWRGVwd3dpUHVsMkN4RjJwZ1paeEVkM2FCakg1eGU5Z0lfRExabU05UQ?oc=5
2025-03-12,META,Meta,"Meta Stock Analysis: Buy, Hold, or Sell? - Nasdaq","EN
Sign in
Before you continue to Google
We use cookies and data to
Deliver and maintain Google services
Track outages and protect against spam, fraud, and abuse
Measure audience engagement and site statistics to understand how our services are used and enhance the quality of those services
If you choose to “Accept all,” we will also use cookies and data to
Develop and improve new services
Deliver and measure the effectiveness of ads
Show personalized content, depending on your settings
Show personalized ads, depending on your settings
If you choose to “Reject all,” we will not use cookies for these additional purposes.
Non-personalized content is influenced by things like the content you’re currently viewing, activity in your active Search session, and your location. Non-personalized ads are influenced by the content you’re currently viewing and your general location. Personalized content and ads can also include more relevant results, recommendations, and tailored ads based on past activity from this browser, like previous Google searches. We also use cookies and data to tailor the experience to be age-appropriate, if relevant.
Select “More options” to see additional information, including details about managing your privacy settings. You can also visit g.co/privacytools at any time.
Reject all
Accept all
More options
Privacy Policy
Terms of Service",https://news.google.com/rss/articles/CBMid0FVX3lxTE1LVDd6My1BWm1EazM0REdoOU9LX1NVeFBDLVpHLXItWllSZk9zV3pnWENZdUo3MW5QYWwyenlyaEU3eWpfQVlEY0Nyb2VLOXYwNlMtU051N0pZTkM3Rll1R2l6TU5zeU4wdEUyblJWRDVYdkpSTVA4?oc=5
2025-02-26,META,Meta,Magnificent Meta Leads 5 Stocks Near Buy Points; Two Top Entries - Investor's Business Daily,"EN
Sign in
Before you continue to Google
We use cookies and data to
Deliver and maintain Google services
Track outages and protect against spam, fraud, and abuse
Measure audience engagement and site statistics to understand how our services are used and enhance the quality of those services
If you choose to “Accept all,” we will also use cookies and data to
Develop and improve new services
Deliver and measure the effectiveness of ads
Show personalized content, depending on your settings
Show personalized ads, depending on your settings
If you choose to “Reject all,” we will not use cookies for these additional purposes.
Non-personalized content is influenced by things like the content you’re currently viewing, activity in your active Search session, and your location. Non-personalized ads are influenced by the content you’re currently viewing and your general location. Personalized content and ads can also include more relevant results, recommendations, and tailored ads based on past activity from this browser, like previous Google searches. We also use cookies and data to tailor the experience to be age-appropriate, if relevant.
Select “More options” to see additional information, including details about managing your privacy settings. You can also visit g.co/privacytools at any time.
Reject all
Accept all
More options
Privacy Policy
Terms of Service",https://news.google.com/rss/articles/CBMilwFBVV95cUxPRjNUNVRQcXY0cXVPcVE2SGJtNWI4TFg5MFdhTWQ2aWpCbUNhWlIzWnZXTFVxak9NMDF3X2hXRFJXdGhqTDV1N25FZkItUi1TanRBd3RRNUU1U0pMMUJEd0lMR25Cb040N0JoMktHRnFzb0ZvWWJJakxNMWl3OVpIYkszYVN0U19KTW9HVzZSdXoybVRiMl9V?oc=5
2025-03-20,META,Meta,Why Meta Platforms Stock Is Climbing Today - Nasdaq,"EN
Sign in
Before you continue to Google
We use cookies and data to
Deliver and maintain Google services
Track outages and protect against spam, fraud, and abuse
Measure audience engagement and site statistics to understand how our services are used and enhance the quality of those services
If you choose to “Accept all,” we will also use cookies and data to
Develop and improve new services
Deliver and measure the effectiveness of ads
Show personalized content, depending on your settings
Show personalized ads, depending on your settings
If you choose to “Reject all,” we will not use cookies for these additional purposes.
Non-personalized content is influenced by things like the content you’re currently viewing, activity in your active Search session, and your location. Non-personalized ads are influenced by the content you’re currently viewing and your general location. Personalized content and ads can also include more relevant results, recommendations, and tailored ads based on past activity from this browser, like previous Google searches. We also use cookies and data to tailor the experience to be age-appropriate, if relevant.
Select “More options” to see additional information, including details about managing your privacy settings. You can also visit g.co/privacytools at any time.
Reject all
Accept all
More options
Privacy Policy
Terms of Service",https://news.google.com/rss/articles/CBMie0FVX3lxTE8wcVI3dmM5WWI0TTV0d1pONGN3bFhkRXhXVl9QNVFKUS1GcUY2NERnYk52R0tMaVRHdWVFeVNVQ0VaaGZFTUpaWmg1cXJvazB4UUpTRkJOX1BKWHRHNTdDdndvb3NWaC1hbi1YMGhtQzZOZnozZDBxQ2lRSQ?oc=5
2025-03-24,META,Meta,"Magnificent 7 Stock Meta Platforms Rebounds, Closes Higher For Fourth Day In A Row - Investor's Business Daily","EN
Sign in
Before you continue to Google
We use cookies and data to
Deliver and maintain Google services
Track outages and protect against spam, fraud, and abuse
Measure audience engagement and site statistics to understand how our services are used and enhance the quality of those services
If you choose to “Accept all,” we will also use cookies and data to
Develop and improve new services
Deliver and measure the effectiveness of ads
Show personalized content, depending on your settings
Show personalized ads, depending on your settings
If you choose to “Reject all,” we will not use cookies for these additional purposes.
Non-personalized content is influenced by things like the content you’re currently viewing, activity in your active Search session, and your location. Non-personalized ads are influenced by the content you’re currently viewing and your general location. Personalized content and ads can also include more relevant results, recommendations, and tailored ads based on past activity from this browser, like previous Google searches. We also use cookies and data to tailor the experience to be age-appropriate, if relevant.
Select “More options” to see additional information, including details about managing your privacy settings. You can also visit g.co/privacytools at any time.
Reject all
Accept all
More options
Privacy Policy
Terms of Service",https://news.google.com/rss/articles/CBMiuwFBVV95cUxQQ2t4VThBbU1HX1dhUkpuWkVyZ2lQdmZhbFV6cl93eW4wUmxyWVpyTEFmeUNGanZkNnJyb1VwczFKOVRjQU9ibUdZSWYzS2dCdlVXSTZQUE95a3A2Z2FEWVlmdHpNVkRzU21RUUpPdzJCU0x2VUZXc1ZTcGVNdE1fdzI5M0lrX2ktN3dRMFozYU1FZ3dDQVIxNkJZOXVrdXFoMXQ0NHVtRmZubmYxUXhHWHhYSWlRS3BRYzRr?oc=5
2025-02-28,META,Meta,How Is Meta Platforms' Stock Performance Compared to Other Internet Content & Information Stocks? - Nasdaq,"EN
Sign in
Before you continue to Google
We use cookies and data to
Deliver and maintain Google services
Track outages and protect against spam, fraud, and abuse
Measure audience engagement and site statistics to understand how our services are used and enhance the quality of those services
If you choose to “Accept all,” we will also use cookies and data to
Develop and improve new services
Deliver and measure the effectiveness of ads
Show personalized content, depending on your settings
Show personalized ads, depending on your settings
If you choose to “Reject all,” we will not use cookies for these additional purposes.
Non-personalized content is influenced by things like the content you’re currently viewing, activity in your active Search session, and your location. Non-personalized ads are influenced by the content you’re currently viewing and your general location. Personalized content and ads can also include more relevant results, recommendations, and tailored ads based on past activity from this browser, like previous Google searches. We also use cookies and data to tailor the experience to be age-appropriate, if relevant.
Select “More options” to see additional information, including details about managing your privacy settings. You can also visit g.co/privacytools at any time.
Reject all
Accept all
More options
Privacy Policy
Terms of Service",https://news.google.com/rss/articles/CBMiuwFBVV95cUxPRnEwZmZXYTNVN3R2S2pPRzQ5RkRQQ3ZocEllNk1ha19aNUNaSkxZYUNhWVJsdk5jc19OTHo2Q1JqY3hETmt5cG5maE9kVEFELXRJV0FzQkQ3WnMyMldSN0tuNUV1a2xtelFsbWJVOERGRVRSamRQZHREeGRienRITU5rLVRqVnllZzZ6QkQ5cjdtcDA4VXhBMjh3dkFVR0t0RVZHeTFXdnNkcTFxSXdVWUZDVWwyeVVVNlhj?oc=5
2025-03-12,META,Meta,"Investors Dumped Meta After Historic Run, Bought These Stocks Instead - Investor's Business Daily","EN
Sign in
Before you continue to Google
We use cookies and data to
Deliver and maintain Google services
Track outages and protect against spam, fraud, and abuse
Measure audience engagement and site statistics to understand how our services are used and enhance the quality of those services
If you choose to “Accept all,” we will also use cookies and data to
Develop and improve new services
Deliver and measure the effectiveness of ads
Show personalized content, depending on your settings
Show personalized ads, depending on your settings
If you choose to “Reject all,” we will not use cookies for these additional purposes.
Non-personalized content is influenced by things like the content you’re currently viewing, activity in your active Search session, and your location. Non-personalized ads are influenced by the content you’re currently viewing and your general location. Personalized content and ads can also include more relevant results, recommendations, and tailored ads based on past activity from this browser, like previous Google searches. We also use cookies and data to tailor the experience to be age-appropriate, if relevant.
Select “More options” to see additional information, including details about managing your privacy settings. You can also visit g.co/privacytools at any time.
Reject all
Accept all
More options
Privacy Policy
Terms of Service",https://news.google.com/rss/articles/CBMinwFBVV95cUxPMWJCQU1QYVFFUE9ONXp5ek5CdXVEeTFoZVlsY2xDdXVWNXczYVQ5WWFyZXZ6WENQbVJCZDJjOXlxTWw3VEIyTWZjYmlYaVVrN2dMc2lBX09xamFLcTcycWRvQWppaHE0MWtYSHJ6Skd6YWYwNjVJNWxZclhRX29yRW5FcjF3NkZ3cmV0dndMQnJrX2w1SGltTnNURmRyUG8?oc=5
2025-04-16,META,Meta,"Rare Bearish Meta Analyst Cuts Price Target, Says Tech Giant 'Starting To Look Vulnerable' - Investor's Business Daily","EN
Sign in
Before you continue to Google
We use cookies and data to
Deliver and maintain Google services
Track outages and protect against spam, fraud, and abuse
Measure audience engagement and site statistics to understand how our services are used and enhance the quality of those services
If you choose to “Accept all,” we will also use cookies and data to
Develop and improve new services
Deliver and measure the effectiveness of ads
Show personalized content, depending on your settings
Show personalized ads, depending on your settings
If you choose to “Reject all,” we will not use cookies for these additional purposes.
Non-personalized content is influenced by things like the content you’re currently viewing, activity in your active Search session, and your location. Non-personalized ads are influenced by the content you’re currently viewing and your general location. Personalized content and ads can also include more relevant results, recommendations, and tailored ads based on past activity from this browser, like previous Google searches. We also use cookies and data to tailor the experience to be age-appropriate, if relevant.
Select “More options” to see additional information, including details about managing your privacy settings. You can also visit g.co/privacytools at any time.
Reject all
Accept all
More options
Privacy Policy
Terms of Service",https://news.google.com/rss/articles/CBMilAFBVV95cUxPT2dtOTJlUkRSU3dCR0tVc214SnVUV3RWendfT1hpYXc1NzR3Vms3Mk5KWXpfZUhRV3JMMW80TXVkOGtFWkNFNUMxaXoyWHJmemFhY2cyQVlzZUhQNjdzLWY2R2tJVlFjbVdCUFI4RlRxU3d2U09jT0E5a3FpT0Ryc0dOcERQTzItX2drV0pYMWFGMkF5?oc=5
2025-04-15,META,Meta,"Meta Platforms: Stock Collapses, Here's When To Buy (Rating Upgrade) (NASDAQ:META) - Seeking Alpha","EN
Sign in
Before you continue to Google
We use cookies and data to
Deliver and maintain Google services
Track outages and protect against spam, fraud, and abuse
Measure audience engagement and site statistics to understand how our services are used and enhance the quality of those services
If you choose to “Accept all,” we will also use cookies and data to
Develop and improve new services
Deliver and measure the effectiveness of ads
Show personalized content, depending on your settings
Show personalized ads, depending on your settings
If you choose to “Reject all,” we will not use cookies for these additional purposes.
Non-personalized content is influenced by things like the content you’re currently viewing, activity in your active Search session, and your location. Non-personalized ads are influenced by the content you’re currently viewing and your general location. Personalized content and ads can also include more relevant results, recommendations, and tailored ads based on past activity from this browser, like previous Google searches. We also use cookies and data to tailor the experience to be age-appropriate, if relevant.
Select “More options” to see additional information, including details about managing your privacy settings. You can also visit g.co/privacytools at any time.
Reject all
Accept all
More options
Privacy Policy
Terms of Service",https://news.google.com/rss/articles/CBMipwFBVV95cUxPYy1fY1YwQmt4Vl9LM2o0QzdySFNtbkpvMG5uZmRLdmlVNmNnRERRZ0h5UXV6cUhBUWNoWEh6Uld3ZFNYQ0hYY3JBeVdRSmdyS2J6dWc1SS1qanZ4RGZKeGRtbGc3MnA2RHUzU0RQWWJJVThFcmhFY0xGZVpiQ2VWNi1KM2NHeDRQbEc4V0FwU0UxMFFNMWc1V0NQTGZOMk9XV0pxSlRtaw?oc=5
2025-04-24,META,Meta,What’s Going On With META Stock? - Forbes,"EN
Sign in
Before you continue to Google
We use cookies and data to
Deliver and maintain Google services
Track outages and protect against spam, fraud, and abuse
Measure audience engagement and site statistics to understand how our services are used and enhance the quality of those services
If you choose to “Accept all,” we will also use cookies and data to
Develop and improve new services
Deliver and measure the effectiveness of ads
Show personalized content, depending on your settings
Show personalized ads, depending on your settings
If you choose to “Reject all,” we will not use cookies for these additional purposes.
Non-personalized content is influenced by things like the content you’re currently viewing, activity in your active Search session, and your location. Non-personalized ads are influenced by the content you’re currently viewing and your general location. Personalized content and ads can also include more relevant results, recommendations, and tailored ads based on past activity from this browser, like previous Google searches. We also use cookies and data to tailor the experience to be age-appropriate, if relevant.
Select “More options” to see additional information, including details about managing your privacy settings. You can also visit g.co/privacytools at any time.
Reject all
Accept all
More options
Privacy Policy
Terms of Service",https://news.google.com/rss/articles/CBMikwFBVV95cUxOVUNidktic1NFUmhSRS0tb1lUSmh6UmpRREhBbklsRDhCbndTRGIyZER5RVhnZTV1WmhUdkNFWEhTeVVYUndUOTM3RkppVVBkUzZIX2F5dWJBRzFfT0ZOVm13NHJPcjdRNHNQZnNDNHNTTGZnQlg5MkkyREp3ckZRbGF6b213b1VGOWl6dndobE8tWGs?oc=5
2025-04-15,META,Meta,Meta could get broken up in an antitrust case. Why that may be good for its stock. - MarketWatch,"EN
Sign in
Before you continue to Google
We use cookies and data to
Deliver and maintain Google services
Track outages and protect against spam, fraud, and abuse
Measure audience engagement and site statistics to understand how our services are used and enhance the quality of those services
If you choose to “Accept all,” we will also use cookies and data to
Develop and improve new services
Deliver and measure the effectiveness of ads
Show personalized content, depending on your settings
Show personalized ads, depending on your settings
If you choose to “Reject all,” we will not use cookies for these additional purposes.
Non-personalized content is influenced by things like the content you’re currently viewing, activity in your active Search session, and your location. Non-personalized ads are influenced by the content you’re currently viewing and your general location. Personalized content and ads can also include more relevant results, recommendations, and tailored ads based on past activity from this browser, like previous Google searches. We also use cookies and data to tailor the experience to be age-appropriate, if relevant.
Select “More options” to see additional information, including details about managing your privacy settings. You can also visit g.co/privacytools at any time.
Reject all
Accept all
More options
Privacy Policy
Terms of Service",https://news.google.com/rss/articles/CBMiwAFBVV95cUxPR0p1QmJZYWtCeVB4RXJtN1NPZ2NyYktwSUEwRWFNTEtxanRoV1I1WDR5ZUZaR2h2cHp1X09GbUlsZXp2Q25uSUhicFpuOWt4NmZyVWZVMjdCWGxPemVYTm42U1ZnWk5vc05KaVdMdkFFc3ZYOFcwUWg2OWcyWGdGUlR5Um9vSTFaVTBXd2hpMzQ3QkktUHFOREhWTFhvZjVhTExYUUhXT0xudV9vOHVsZHl5ZTJMU05UN3Rid3hxWW0?oc=5
2025-04-13,META,Meta,Why Meta Stock Is the Smarter Buy Than Google - Nasdaq,"EN
Sign in
Before you continue to Google
We use cookies and data to
Deliver and maintain Google services
Track outages and protect against spam, fraud, and abuse
Measure audience engagement and site statistics to understand how our services are used and enhance the quality of those services
If you choose to “Accept all,” we will also use cookies and data to
Develop and improve new services
Deliver and measure the effectiveness of ads
Show personalized content, depending on your settings
Show personalized ads, depending on your settings
If you choose to “Reject all,” we will not use cookies for these additional purposes.
Non-personalized content is influenced by things like the content you’re currently viewing, activity in your active Search session, and your location. Non-personalized ads are influenced by the content you’re currently viewing and your general location. Personalized content and ads can also include more relevant results, recommendations, and tailored ads based on past activity from this browser, like previous Google searches. We also use cookies and data to tailor the experience to be age-appropriate, if relevant.
Select “More options” to see additional information, including details about managing your privacy settings. You can also visit g.co/privacytools at any time.
Reject all
Accept all
More options
Privacy Policy
Terms of Service",https://news.google.com/rss/articles/CBMic0FVX3lxTE5EWmN0eFJIbVRZVDEzd04tNGxpUWdkalNuTkM4QjJiVUJOMEpYTEtkMUVQMTlvYWxhNmJHblp1dUxCVnM1REZLdml4Nk0ybUI4czRHTkRyVHAxVlhEdmtycGFHa0x1SnFYanFFRHFGMDRiV00?oc=5
2025-04-23,META,Meta,Meta Stock Jumps Despite Explosive Claims of Instagram Sabotage - Yahoo Finance,"EN
Sign in
Before you continue to Google
We use cookies and data to
Deliver and maintain Google services
Track outages and protect against spam, fraud, and abuse
Measure audience engagement and site statistics to understand how our services are used and enhance the quality of those services
If you choose to “Accept all,” we will also use cookies and data to
Develop and improve new services
Deliver and measure the effectiveness of ads
Show personalized content, depending on your settings
Show personalized ads, depending on your settings
If you choose to “Reject all,” we will not use cookies for these additional purposes.
Non-personalized content is influenced by things like the content you’re currently viewing, activity in your active Search session, and your location. Non-personalized ads are influenced by the content you’re currently viewing and your general location. Personalized content and ads can also include more relevant results, recommendations, and tailored ads based on past activity from this browser, like previous Google searches. We also use cookies and data to tailor the experience to be age-appropriate, if relevant.
Select “More options” to see additional information, including details about managing your privacy settings. You can also visit g.co/privacytools at any time.
Reject all
Accept all
More options
Privacy Policy
Terms of Service",https://news.google.com/rss/articles/CBMihwFBVV95cUxQUHNBNmZic21VMjJGb1k2ZUYxQkNVdk9TRFdCWFVXOExqN2VDMnZBYkZ2Y3VjRzhRdDNDRlMzVldRa0p2c3dMNkxpc2NTNW55Tm02cWhuYUU2UHZCRVhZZi1XNk9fQ0VPVnBTNEtPQXBMb2EzNm83R2l3d3RmWGhPamtyekhaNWM?oc=5
2025-04-21,META,Meta,"Apple vs. Meta Platforms: Which ""Magnificent Seven"" Stock Has More Upside After the Recent Sell-Off? - The Motley Fool","EN
Sign in
Before you continue to Google
We use cookies and data to
Deliver and maintain Google services
Track outages and protect against spam, fraud, and abuse
Measure audience engagement and site statistics to understand how our services are used and enhance the quality of those services
If you choose to “Accept all,” we will also use cookies and data to
Develop and improve new services
Deliver and measure the effectiveness of ads
Show personalized content, depending on your settings
Show personalized ads, depending on your settings
If you choose to “Reject all,” we will not use cookies for these additional purposes.
Non-personalized content is influenced by things like the content you’re currently viewing, activity in your active Search session, and your location. Non-personalized ads are influenced by the content you’re currently viewing and your general location. Personalized content and ads can also include more relevant results, recommendations, and tailored ads based on past activity from this browser, like previous Google searches. We also use cookies and data to tailor the experience to be age-appropriate, if relevant.
Select “More options” to see additional information, including details about managing your privacy settings. You can also visit g.co/privacytools at any time.
Reject all
Accept all
More options
Privacy Policy
Terms of Service",https://news.google.com/rss/articles/CBMimAFBVV95cUxNYzRHMHRGQnQ2dDlqU2xwZEJ2aHlmLThsLVMxYnRwd2I2bTRFWURsel9zVkExcWZnWmVIQUtXMndhOFdteEVSd1p4QzhoRDVtS3BDZ3NFRk16ZHlfSW9HTHpqalRsWWtXSGM2bVdoVmUtbHdDR01ZZ2pKLTAwdm5ReVJNUklhVW1Qb3JLdXJkbkdYMkJTdnUwcw?oc=5
2025-04-14,META,Meta,"If Meta loses in antitrust case, it could be forced to break itself up by selling Instagram and WhatsApp - CNN","EN
Sign in
Before you continue to Google
We use cookies and data to
Deliver and maintain Google services
Track outages and protect against spam, fraud, and abuse
Measure audience engagement and site statistics to understand how our services are used and enhance the quality of those services
If you choose to “Accept all,” we will also use cookies and data to
Develop and improve new services
Deliver and measure the effectiveness of ads
Show personalized content, depending on your settings
Show personalized ads, depending on your settings
If you choose to “Reject all,” we will not use cookies for these additional purposes.
Non-personalized content is influenced by things like the content you’re currently viewing, activity in your active Search session, and your location. Non-personalized ads are influenced by the content you’re currently viewing and your general location. Personalized content and ads can also include more relevant results, recommendations, and tailored ads based on past activity from this browser, like previous Google searches. We also use cookies and data to tailor the experience to be age-appropriate, if relevant.
Select “More options” to see additional information, including details about managing your privacy settings. You can also visit g.co/privacytools at any time.
Reject all
Accept all
More options
Privacy Policy
Terms of Service",https://news.google.com/rss/articles/CBMib0FVX3lxTFB6Q1cyWDNSU3p6SzdDRG9MZF9DMk9VMWdtUFZlclZEU2R5Z08zejJTSG1JMGdpcllESHlLTU1leVhLOWZEV2FXcmw0ejBhei0tcEpsWlIzcEZVOW9zWnJrN09VSUJicmRzbXVnbkJRd9IBZkFVX3lxTE96ZjE4ZFRxV2hheE1TQV9TX3Zvb1pQZnBuWFB2MnFKLTF0bUpKZ0xYOW1CZXo0dU5XM1NVVUtxcENkTUdPX19RelpDQ0ZUWTl5SDNMMWtHOWR0Q3A0b2Z6Ui11cG13QQ?oc=5
2025-04-21,META,Meta,"1 ""Magnificent Seven"" Stock You'll Regret Not Buying During the Dip - AOL.com","EN
Sign in
Before you continue to Google
We use cookies and data to
Deliver and maintain Google services
Track outages and protect against spam, fraud, and abuse
Measure audience engagement and site statistics to understand how our services are used and enhance the quality of those services
If you choose to “Accept all,” we will also use cookies and data to
Develop and improve new services
Deliver and measure the effectiveness of ads
Show personalized content, depending on your settings
Show personalized ads, depending on your settings
If you choose to “Reject all,” we will not use cookies for these additional purposes.
Non-personalized content is influenced by things like the content you’re currently viewing, activity in your active Search session, and your location. Non-personalized ads are influenced by the content you’re currently viewing and your general location. Personalized content and ads can also include more relevant results, recommendations, and tailored ads based on past activity from this browser, like previous Google searches. We also use cookies and data to tailor the experience to be age-appropriate, if relevant.
Select “More options” to see additional information, including details about managing your privacy settings. You can also visit g.co/privacytools at any time.
Reject all
Accept all
More options
Privacy Policy
Terms of Service",https://news.google.com/rss/articles/CBMidEFVX3lxTFBLVl9TdU11aTQ5ZnBlelRUZkdlZVVkQzFJVVQ1MnFoMW00d05Hd2FNUUdvUmdQaU8zTHZ5WkxMTmFPOE91bEVaOVJWSW9sakVTS1BKN05aT0VVUzZuTzBEUnRHTHFwWDlnTjNpcnBWRk5IX2hr?oc=5
2025-04-21,META,Meta,Scotiabank cuts META stock target to $525 amid ad woes - Investing.com,"EN
Sign in
Before you continue to Google
We use cookies and data to
Deliver and maintain Google services
Track outages and protect against spam, fraud, and abuse
Measure audience engagement and site statistics to understand how our services are used and enhance the quality of those services
If you choose to “Accept all,” we will also use cookies and data to
Develop and improve new services
Deliver and measure the effectiveness of ads
Show personalized content, depending on your settings
Show personalized ads, depending on your settings
If you choose to “Reject all,” we will not use cookies for these additional purposes.
Non-personalized content is influenced by things like the content you’re currently viewing, activity in your active Search session, and your location. Non-personalized ads are influenced by the content you’re currently viewing and your general location. Personalized content and ads can also include more relevant results, recommendations, and tailored ads based on past activity from this browser, like previous Google searches. We also use cookies and data to tailor the experience to be age-appropriate, if relevant.
Select “More options” to see additional information, including details about managing your privacy settings. You can also visit g.co/privacytools at any time.
Reject all
Accept all
More options
Privacy Policy
Terms of Service",https://news.google.com/rss/articles/CBMiswFBVV95cUxNcHk5OTlFb1V6OElBZmxIcE1YVEJQX2dtTHN4cFNRQXVFQ09IWHVzTXp0SlFaZkx3dmoyUW82YjVyRDhhTXdiaFJucDVabG9xM2pVd1I2QllJVjFuLXZnNEdGbXBWcG5rRmg1M1phQ1k5NlpWLVZVV3BUN08tTGR6dXRYNzJacnBjN1h6UGIyUzRva3BRU2JYTTlYNjY2WU9WeGNmcnpRZmJ2ekJkaktjWV92SQ?oc=5
2025-04-19,META,Meta,"Billionaire fund manager makes bold bets on Meta, Nvidia stock - TheStreet","EN
Sign in
Before you continue to Google
We use cookies and data to
Deliver and maintain Google services
Track outages and protect against spam, fraud, and abuse
Measure audience engagement and site statistics to understand how our services are used and enhance the quality of those services
If you choose to “Accept all,” we will also use cookies and data to
Develop and improve new services
Deliver and measure the effectiveness of ads
Show personalized content, depending on your settings
Show personalized ads, depending on your settings
If you choose to “Reject all,” we will not use cookies for these additional purposes.
Non-personalized content is influenced by things like the content you’re currently viewing, activity in your active Search session, and your location. Non-personalized ads are influenced by the content you’re currently viewing and your general location. Personalized content and ads can also include more relevant results, recommendations, and tailored ads based on past activity from this browser, like previous Google searches. We also use cookies and data to tailor the experience to be age-appropriate, if relevant.
Select “More options” to see additional information, including details about managing your privacy settings. You can also visit g.co/privacytools at any time.
Reject all
Accept all
More options
Privacy Policy
Terms of Service",https://news.google.com/rss/articles/CBMinwFBVV95cUxOd0RiUDlzMnMxQk9vbDBPSHJ3a2lLa1lHVGQtZzBEeHBQeWJuT3YwcDk1M0xYMk5iY0w4MERFV05ncG5UOXV6QkJ5NFI2ck1ubmoyNno5VkxnVUE2LVBmOGI1N21fUzFVWUFhak9QcHg2N2xTdlRvdFNBcWxtek15aXVsckVjTGRJNlNUdkhnb3hmUjJQVGptakdkbWpKYUk?oc=5
2025-04-24,META,Meta,"Wall Street Debates Meta's Temu, China Tariff Risk Ahead Of Earnings Report - Investor's Business Daily","EN
Sign in
Before you continue to Google
We use cookies and data to
Deliver and maintain Google services
Track outages and protect against spam, fraud, and abuse
Measure audience engagement and site statistics to understand how our services are used and enhance the quality of those services
If you choose to “Accept all,” we will also use cookies and data to
Develop and improve new services
Deliver and measure the effectiveness of ads
Show personalized content, depending on your settings
Show personalized ads, depending on your settings
If you choose to “Reject all,” we will not use cookies for these additional purposes.
Non-personalized content is influenced by things like the content you’re currently viewing, activity in your active Search session, and your location. Non-personalized ads are influenced by the content you’re currently viewing and your general location. Personalized content and ads can also include more relevant results, recommendations, and tailored ads based on past activity from this browser, like previous Google searches. We also use cookies and data to tailor the experience to be age-appropriate, if relevant.
Select “More options” to see additional information, including details about managing your privacy settings. You can also visit g.co/privacytools at any time.
Reject all
Accept all
More options
Privacy Policy
Terms of Service",https://news.google.com/rss/articles/CBMihAFBVV95cUxOeTh3bHhJRUlXelVSa3cydVhOVnZlN2E3SjNQZmc1N2tvX3dXejN4UzVleHJfVmE4UXphcWI3VndtSERkNW9SeTlXTXdLYzItR3BmRXlBTlBuUU0xYjBqa2xmMUg1dDAwZ19aT0VSMllRNkFyUmRqVjduNEs2bGgwYndSZ0o?oc=5
2025-04-16,META,Meta,Meta Stock To $400? - Forbes,"EN
Sign in
Before you continue to Google
We use cookies and data to
Deliver and maintain Google services
Track outages and protect against spam, fraud, and abuse
Measure audience engagement and site statistics to understand how our services are used and enhance the quality of those services
If you choose to “Accept all,” we will also use cookies and data to
Develop and improve new services
Deliver and measure the effectiveness of ads
Show personalized content, depending on your settings
Show personalized ads, depending on your settings
If you choose to “Reject all,” we will not use cookies for these additional purposes.
Non-personalized content is influenced by things like the content you’re currently viewing, activity in your active Search session, and your location. Non-personalized ads are influenced by the content you’re currently viewing and your general location. Personalized content and ads can also include more relevant results, recommendations, and tailored ads based on past activity from this browser, like previous Google searches. We also use cookies and data to tailor the experience to be age-appropriate, if relevant.
Select “More options” to see additional information, including details about managing your privacy settings. You can also visit g.co/privacytools at any time.
Reject all
Accept all
More options
Privacy Policy
Terms of Service",https://news.google.com/rss/articles/CBMiggFBVV95cUxOSHpacktCQlFyYXJMRERLakI0WXVwRzBDS0ppNEJCZGQyR2Z5X2taTzVaZVZORjlWOUpiaDdjaUItS0hwT2lGajhBdTdDR1BTYW95N0Jvd2d2dWIwSFVhNDZHMTZuVGE1RDZDUTNOSUtXdGcwaHdBZ25YSzBwZ2ZTZVdB?oc=5
2025-04-17,META,Meta,"Wall Street is hyper bullish on Meta’s stock: 3 reasons why you should be, too - MarketWatch","EN
Sign in
Before you continue to Google
We use cookies and data to
Deliver and maintain Google services
Track outages and protect against spam, fraud, and abuse
Measure audience engagement and site statistics to understand how our services are used and enhance the quality of those services
If you choose to “Accept all,” we will also use cookies and data to
Develop and improve new services
Deliver and measure the effectiveness of ads
Show personalized content, depending on your settings
Show personalized ads, depending on your settings
If you choose to “Reject all,” we will not use cookies for these additional purposes.
Non-personalized content is influenced by things like the content you’re currently viewing, activity in your active Search session, and your location. Non-personalized ads are influenced by the content you’re currently viewing and your general location. Personalized content and ads can also include more relevant results, recommendations, and tailored ads based on past activity from this browser, like previous Google searches. We also use cookies and data to tailor the experience to be age-appropriate, if relevant.
Select “More options” to see additional information, including details about managing your privacy settings. You can also visit g.co/privacytools at any time.
Reject all
Accept all
More options
Privacy Policy
Terms of Service",https://news.google.com/rss/articles/CBMiugFBVV95cUxPM25tTnFHRDZmYUNiSkNCNHB0Z21RRHRVNzhneUJKV1BIVEdKaTdWREdRTFhjUzNKdV95Y2lSS2lBRHJJOWRBRWxGaDMwcWZUUm1Ucm9BRF9VQXlLTkczTlQ2ZmZzdUlSRVpYNlV3Qmo3SVYwVTNuU3ozUEh4UkdzYjlTdHJ1ckpDbm5NYUgxaXh3VmJwQm5XRE56cFhtYkdSVEJoNTJmeGdYUXFFNWVRSlM2Z1d4X2JlM1E?oc=5
2025-04-16,META,Meta,"Is Meta Platforms, Inc. (META) The Best American Tech Stock To Buy Now? - Yahoo Finance","EN
Sign in
Before you continue to Google
We use cookies and data to
Deliver and maintain Google services
Track outages and protect against spam, fraud, and abuse
Measure audience engagement and site statistics to understand how our services are used and enhance the quality of those services
If you choose to “Accept all,” we will also use cookies and data to
Develop and improve new services
Deliver and measure the effectiveness of ads
Show personalized content, depending on your settings
Show personalized ads, depending on your settings
If you choose to “Reject all,” we will not use cookies for these additional purposes.
Non-personalized content is influenced by things like the content you’re currently viewing, activity in your active Search session, and your location. Non-personalized ads are influenced by the content you’re currently viewing and your general location. Personalized content and ads can also include more relevant results, recommendations, and tailored ads based on past activity from this browser, like previous Google searches. We also use cookies and data to tailor the experience to be age-appropriate, if relevant.
Select “More options” to see additional information, including details about managing your privacy settings. You can also visit g.co/privacytools at any time.
Reject all
Accept all
More options
Privacy Policy
Terms of Service",https://news.google.com/rss/articles/CBMif0FVX3lxTE9TNk9qVllWSENxNzVheVc5Q0YxRWpZRjRCLU5qWUZ4b0F3WVQ2OWpvdUp5QklfTHhMbUFZRzdwRXZ1a1ZMeWlHd3hvaWZJSC1WcWJxZm13VlNPLTQtNnlzYzJJVVpjdHIxMUNwMklUTDlERXNnT29hNF9RUk1GSDA?oc=5
2025-04-17,META,Meta,"Meta Platforms Dips 14% in a Month: Buy, Sell or Hold the Stock? - Nasdaq","EN
Sign in
Before you continue to Google
We use cookies and data to
Deliver and maintain Google services
Track outages and protect against spam, fraud, and abuse
Measure audience engagement and site statistics to understand how our services are used and enhance the quality of those services
If you choose to “Accept all,” we will also use cookies and data to
Develop and improve new services
Deliver and measure the effectiveness of ads
Show personalized content, depending on your settings
Show personalized ads, depending on your settings
If you choose to “Reject all,” we will not use cookies for these additional purposes.
Non-personalized content is influenced by things like the content you’re currently viewing, activity in your active Search session, and your location. Non-personalized ads are influenced by the content you’re currently viewing and your general location. Personalized content and ads can also include more relevant results, recommendations, and tailored ads based on past activity from this browser, like previous Google searches. We also use cookies and data to tailor the experience to be age-appropriate, if relevant.
Select “More options” to see additional information, including details about managing your privacy settings. You can also visit g.co/privacytools at any time.
Reject all
Accept all
More options
Privacy Policy
Terms of Service",https://news.google.com/rss/articles/CBMiiwFBVV95cUxPeUh2MWtnaDJyODhqMjVwdmZVa1VZYWRrZFlkak84SmZreUVHejI0ZGRuODZTOW03S0lSY3VRNW5fNXRpMHFmakxnZ3dYRmo4a3dyd1BQd3dNUUI0YndrbExMS0VJWkJuWFA2UDYwTTd0b1l2RVgwbUhzYnBLTHVUbDdlaWNvak5Qa0dv?oc=5
2025-04-18,META,Meta,DeepSeek Blows Up Meta's AI Strategy - Seeking Alpha,"EN
Sign in
Before you continue to Google
We use cookies and data to
Deliver and maintain Google services
Track outages and protect against spam, fraud, and abuse
Measure audience engagement and site statistics to understand how our services are used and enhance the quality of those services
If you choose to “Accept all,” we will also use cookies and data to
Develop and improve new services
Deliver and measure the effectiveness of ads
Show personalized content, depending on your settings
Show personalized ads, depending on your settings
If you choose to “Reject all,” we will not use cookies for these additional purposes.
Non-personalized content is influenced by things like the content you’re currently viewing, activity in your active Search session, and your location. Non-personalized ads are influenced by the content you’re currently viewing and your general location. Personalized content and ads can also include more relevant results, recommendations, and tailored ads based on past activity from this browser, like previous Google searches. We also use cookies and data to tailor the experience to be age-appropriate, if relevant.
Select “More options” to see additional information, including details about managing your privacy settings. You can also visit g.co/privacytools at any time.
Reject all
Accept all
More options
Privacy Policy
Terms of Service",https://news.google.com/rss/articles/CBMiiAFBVV95cUxPMktJT0swMmg4cmFyMEo1WnNtbDZVbl9ydktqajVJQWZZU3Fra0N5VjVWaEczOEl6ZnFCczdaRkFvODNHenVSbGxMRVRtdlhtaFd3ZkxYQ2hMMnBXSUNnQjhQUHNJczBQVWloZk5XbXM5QXhvRFJERHUzYVdlR1l2SFVGMU5HT0xo?oc=5
2025-04-17,META,Meta,Temu Cuts Back On U.S. Ad Spending. What Will That Mean For Meta? - Investor's Business Daily,"EN
Sign in
Before you continue to Google
We use cookies and data to
Deliver and maintain Google services
Track outages and protect against spam, fraud, and abuse
Measure audience engagement and site statistics to understand how our services are used and enhance the quality of those services
If you choose to “Accept all,” we will also use cookies and data to
Develop and improve new services
Deliver and measure the effectiveness of ads
Show personalized content, depending on your settings
Show personalized ads, depending on your settings
If you choose to “Reject all,” we will not use cookies for these additional purposes.
Non-personalized content is influenced by things like the content you’re currently viewing, activity in your active Search session, and your location. Non-personalized ads are influenced by the content you’re currently viewing and your general location. Personalized content and ads can also include more relevant results, recommendations, and tailored ads based on past activity from this browser, like previous Google searches. We also use cookies and data to tailor the experience to be age-appropriate, if relevant.
Select “More options” to see additional information, including details about managing your privacy settings. You can also visit g.co/privacytools at any time.
Reject all
Accept all
More options
Privacy Policy
Terms of Service",https://news.google.com/rss/articles/CBMihgFBVV95cUxNTUg3MXgxYi1Yb1EzaWlhXzNYT3JOWFJaNWpBNEFBZXVrNEV0WC1Oa0k1ajl5bE82YTh5VEhOQ0prQlRPOTdRV1ZGcG1ETlV0RXJ4LVA4QVJzcTlNb0ZzT29MRlVKTlVmQ1FTaWJwR2tySEpYcFBYUTIwTkFqT3lKQTRIUnlYUQ?oc=5
2025-04-18,META,Meta,Why Meta is one of the most compelling tech stocks right now - MarketWatch,"EN
Sign in
Before you continue to Google
We use cookies and data to
Deliver and maintain Google services
Track outages and protect against spam, fraud, and abuse
Measure audience engagement and site statistics to understand how our services are used and enhance the quality of those services
If you choose to “Accept all,” we will also use cookies and data to
Develop and improve new services
Deliver and measure the effectiveness of ads
Show personalized content, depending on your settings
Show personalized ads, depending on your settings
If you choose to “Reject all,” we will not use cookies for these additional purposes.
Non-personalized content is influenced by things like the content you’re currently viewing, activity in your active Search session, and your location. Non-personalized ads are influenced by the content you’re currently viewing and your general location. Personalized content and ads can also include more relevant results, recommendations, and tailored ads based on past activity from this browser, like previous Google searches. We also use cookies and data to tailor the experience to be age-appropriate, if relevant.
Select “More options” to see additional information, including details about managing your privacy settings. You can also visit g.co/privacytools at any time.
Reject all
Accept all
More options
Privacy Policy
Terms of Service",https://news.google.com/rss/articles/CBMipgFBVV95cUxOVkxJR2FYUWJNSzZ3NDBSbzlXTy0zeG5EcDFCYUdMOFRSUF9CaERuZXh6QW1VZjZWM0dMTXNqU1FleWRiREhudkNGcmlJODE5eVFGZUo1eXdwUXVQYjZabnpXakJUY0xOZmo4WTB3SzBHOHBkQUNUSDRlcXBfODllUEs0VExRS3VHWWNxRm52MWpVQ0Z0ZzhmT3NSQWJKODRvV00waGxn?oc=5
2025-04-03,META,Meta,"Meta, Snap, Reddit And Pinterest Slide As Tariffs Add To 'Digital Ads Volatility' - Investor's Business Daily","EN
Sign in
Before you continue to Google
We use cookies and data to
Deliver and maintain Google services
Track outages and protect against spam, fraud, and abuse
Measure audience engagement and site statistics to understand how our services are used and enhance the quality of those services
If you choose to “Accept all,” we will also use cookies and data to
Develop and improve new services
Deliver and measure the effectiveness of ads
Show personalized content, depending on your settings
Show personalized ads, depending on your settings
If you choose to “Reject all,” we will not use cookies for these additional purposes.
Non-personalized content is influenced by things like the content you’re currently viewing, activity in your active Search session, and your location. Non-personalized ads are influenced by the content you’re currently viewing and your general location. Personalized content and ads can also include more relevant results, recommendations, and tailored ads based on past activity from this browser, like previous Google searches. We also use cookies and data to tailor the experience to be age-appropriate, if relevant.
Select “More options” to see additional information, including details about managing your privacy settings. You can also visit g.co/privacytools at any time.
Reject all
Accept all
More options
Privacy Policy
Terms of Service",https://news.google.com/rss/articles/CBMipwFBVV95cUxPOVI5T2VNVmFZWUFMRnpxRjFiVl8waHVDR3BrZjFpTmhiTGFKN25nX1FGNXN4SUNHdWlFY3FjdUYxYkxVX3FlTUxzTmpKZW9wYy1rTG5jSWNjWVBjYmY3V184MjV5M2RCMnB6M3IxYW1pM1dkaEtpTGJBRzNseExEM2JQMWpwUDRwX1RqbW5wUmxxeDZyR1pBeUhzZmFsMG9RVERLNDFvTQ?oc=5
2025-04-25,META,Meta,"Going Into Earnings, Is Meta Stock a Buy, a Sell, or Fairly Valued? - Morningstar","EN
Sign in
Before you continue to Google
We use cookies and data to
Deliver and maintain Google services
Track outages and protect against spam, fraud, and abuse
Measure audience engagement and site statistics to understand how our services are used and enhance the quality of those services
If you choose to “Accept all,” we will also use cookies and data to
Develop and improve new services
Deliver and measure the effectiveness of ads
Show personalized content, depending on your settings
Show personalized ads, depending on your settings
If you choose to “Reject all,” we will not use cookies for these additional purposes.
Non-personalized content is influenced by things like the content you’re currently viewing, activity in your active Search session, and your location. Non-personalized ads are influenced by the content you’re currently viewing and your general location. Personalized content and ads can also include more relevant results, recommendations, and tailored ads based on past activity from this browser, like previous Google searches. We also use cookies and data to tailor the experience to be age-appropriate, if relevant.
Select “More options” to see additional information, including details about managing your privacy settings. You can also visit g.co/privacytools at any time.
Reject all
Accept all
More options
Privacy Policy
Terms of Service",https://news.google.com/rss/articles/CBMinAFBVV95cUxNVmFXek9ObUx0VzU4X2dkbFZZSG84QTJXQklYYzNGeFhZRHBxdGYzclYyRWdqeU1OZ3Y1ZGg2T3ZPQWdnUFpYQzFQOFAxUGd0UzdqSE9CNC1rRVZlbUZ1aFB0TDVZblUyc1JZczdNdlBBMVRtQ3NqS3QxeTUwM0VrQTM3ZkV0T1YxeVNJSVNBd25abUd2WDlHcGdfOTA?oc=5
2025-04-25,META,Meta,"Meta Stock Struggles, Tries To Bottom Ahead Of Q1 Results; These Growth Stocks Look Much Stronger - Investor's Business Daily","EN
Sign in
Before you continue to Google
We use cookies and data to
Deliver and maintain Google services
Track outages and protect against spam, fraud, and abuse
Measure audience engagement and site statistics to understand how our services are used and enhance the quality of those services
If you choose to “Accept all,” we will also use cookies and data to
Develop and improve new services
Deliver and measure the effectiveness of ads
Show personalized content, depending on your settings
Show personalized ads, depending on your settings
If you choose to “Reject all,” we will not use cookies for these additional purposes.
Non-personalized content is influenced by things like the content you’re currently viewing, activity in your active Search session, and your location. Non-personalized ads are influenced by the content you’re currently viewing and your general location. Personalized content and ads can also include more relevant results, recommendations, and tailored ads based on past activity from this browser, like previous Google searches. We also use cookies and data to tailor the experience to be age-appropriate, if relevant.
Select “More options” to see additional information, including details about managing your privacy settings. You can also visit g.co/privacytools at any time.
Reject all
Accept all
More options
Privacy Policy
Terms of Service",https://news.google.com/rss/articles/CBMi4gFBVV95cUxNYm9wQUtDdk5reklYYlljaWhZZUhDTEFQMldqbktxQTYzQzBSOU5jS0lHRGFtOUFrUFZaMWZUMEVydFEwLWVkcWl1RF9WcEc5amltZkNoTmxKOWZsVkh4dUNlNk1CUXpGWXBiRVN3VkI0RWFhWHRxN1dnMVBYRTBxSTFpb0ExRno5emZ1M1Z4WWdjSlJCRTQ5cm55QmktNkFjN3JxbVpUeDEzamt6WG5HNk9DUFNGYWMzdEZHbnJnVkxwNmJDRWY5bFBYbnV2eEpOZEVHRjhvZDZLa1hEbUk3NV9B?oc=5
2025-04-27,META,Meta,"1 Stock to Buy, 1 Stock to Sell This Week: Meta Platforms, Pfizer - Yahoo Finance","EN
Sign in
Before you continue to Google
We use cookies and data to
Deliver and maintain Google services
Track outages and protect against spam, fraud, and abuse
Measure audience engagement and site statistics to understand how our services are used and enhance the quality of those services
If you choose to “Accept all,” we will also use cookies and data to
Develop and improve new services
Deliver and measure the effectiveness of ads
Show personalized content, depending on your settings
Show personalized ads, depending on your settings
If you choose to “Reject all,” we will not use cookies for these additional purposes.
Non-personalized content is influenced by things like the content you’re currently viewing, activity in your active Search session, and your location. Non-personalized ads are influenced by the content you’re currently viewing and your general location. Personalized content and ads can also include more relevant results, recommendations, and tailored ads based on past activity from this browser, like previous Google searches. We also use cookies and data to tailor the experience to be age-appropriate, if relevant.
Select “More options” to see additional information, including details about managing your privacy settings. You can also visit g.co/privacytools at any time.
Reject all
Accept all
More options
Privacy Policy
Terms of Service",https://news.google.com/rss/articles/CBMic0FVX3lxTFBlRGNRXzUtVFpqS2FvYm9reE5BNC1EMEI2MFBRREh4TDlZTnBYSjFjY3I5LUhLLU5wcklpUVQ4b19Gai1oMTR2bk54ZTJSSkEyd0xMR1QyTFBoQm9pUmoyTUNtRmNCdnJTR3hJcFBnTkFMeDQ?oc=5
2025-04-29,META,Meta,How Will Meta Platforms Stock React To Its Upcoming Earnings? - Nasdaq,"EN
Sign in
Before you continue to Google
We use cookies and data to
Deliver and maintain Google services
Track outages and protect against spam, fraud, and abuse
Measure audience engagement and site statistics to understand how our services are used and enhance the quality of those services
If you choose to “Accept all,” we will also use cookies and data to
Develop and improve new services
Deliver and measure the effectiveness of ads
Show personalized content, depending on your settings
Show personalized ads, depending on your settings
If you choose to “Reject all,” we will not use cookies for these additional purposes.
Non-personalized content is influenced by things like the content you’re currently viewing, activity in your active Search session, and your location. Non-personalized ads are influenced by the content you’re currently viewing and your general location. Personalized content and ads can also include more relevant results, recommendations, and tailored ads based on past activity from this browser, like previous Google searches. We also use cookies and data to tailor the experience to be age-appropriate, if relevant.
Select “More options” to see additional information, including details about managing your privacy settings. You can also visit g.co/privacytools at any time.
Reject all
Accept all
More options
Privacy Policy
Terms of Service",https://news.google.com/rss/articles/CBMikwFBVV95cUxOaXlyNXZIZ3ViaFRUNm9QUG5rVEdOX2hCUEgyRVpKN1poM0JOdWZqYTdkaTVrN1cxVjFnQ1ZzRFd0bU1pUkw0dC1UbzhkWXQzUE5tOHMzV3VCbnVMa0VWRUMtLXI1Q3k1ZGdCMm13SHk0OENuS3lnOXVCekVucExDcUJkTDdPeFctdFRKZnQwS2xSR1U?oc=5
2025-04-26,META,Meta,What Analysts Think of Meta Platforms Stock Ahead of Earnings - Investopedia,"EN
Sign in
Before you continue to Google
We use cookies and data to
Deliver and maintain Google services
Track outages and protect against spam, fraud, and abuse
Measure audience engagement and site statistics to understand how our services are used and enhance the quality of those services
If you choose to “Accept all,” we will also use cookies and data to
Develop and improve new services
Deliver and measure the effectiveness of ads
Show personalized content, depending on your settings
Show personalized ads, depending on your settings
If you choose to “Reject all,” we will not use cookies for these additional purposes.
Non-personalized content is influenced by things like the content you’re currently viewing, activity in your active Search session, and your location. Non-personalized ads are influenced by the content you’re currently viewing and your general location. Personalized content and ads can also include more relevant results, recommendations, and tailored ads based on past activity from this browser, like previous Google searches. We also use cookies and data to tailor the experience to be age-appropriate, if relevant.
Select “More options” to see additional information, including details about managing your privacy settings. You can also visit g.co/privacytools at any time.
Reject all
Accept all
More options
Privacy Policy
Terms of Service",https://news.google.com/rss/articles/CBMioAFBVV95cUxQS2tfMEZETFBBeVhkNVFUVTNERmlZOFpBdnE4aXRVNGJuazhLVzNZQkQ1czFDcnRrSjFTaFZZVWVhUDZ6OWNKNG1XdE1ZdjBpbXY2Q1RLYkI2TlpnLXJ0YkpNUXF6bjFuUGNrRm96SmdFRUlyVC0zakVEcXJoZXVHbDNPR3pvaU5RLTZXaVZHeU4yckFyT21LWG9sYW94MUIz?oc=5
2025-04-28,META,Meta,Meta Earnings Preview: What To Know About The Stock Before The Upcoming Report - Forbes,"EN
Sign in
Before you continue to Google
We use cookies and data to
Deliver and maintain Google services
Track outages and protect against spam, fraud, and abuse
Measure audience engagement and site statistics to understand how our services are used and enhance the quality of those services
If you choose to “Accept all,” we will also use cookies and data to
Develop and improve new services
Deliver and measure the effectiveness of ads
Show personalized content, depending on your settings
Show personalized ads, depending on your settings
If you choose to “Reject all,” we will not use cookies for these additional purposes.
Non-personalized content is influenced by things like the content you’re currently viewing, activity in your active Search session, and your location. Non-personalized ads are influenced by the content you’re currently viewing and your general location. Personalized content and ads can also include more relevant results, recommendations, and tailored ads based on past activity from this browser, like previous Google searches. We also use cookies and data to tailor the experience to be age-appropriate, if relevant.
Select “More options” to see additional information, including details about managing your privacy settings. You can also visit g.co/privacytools at any time.
Reject all
Accept all
More options
Privacy Policy
Terms of Service",https://news.google.com/rss/articles/CBMilgFBVV95cUxNRnUzbWdNSm5zTnZ4TE9RQjJudmsxWWc2UUNBUmFLQUxOMTdBWmwySHplNXpGYUx1bVhzN2ROWERXT1BrdGhkd3RVNnllVzFMYTBKTXNETnN3TW5MRWs5R2VkU3R6UWpxcWN4SWdOd0pzWFpXQng3eE5GQUlNT3pveGdFTjB3NExNUnM2SHhzX3pjQnpDVUE?oc=5
2025-04-29,META,Meta,Meta reports earnings on Wednesday. These numbers are most crucial for its stock. - MarketWatch,"EN
Sign in
Before you continue to Google
We use cookies and data to
Deliver and maintain Google services
Track outages and protect against spam, fraud, and abuse
Measure audience engagement and site statistics to understand how our services are used and enhance the quality of those services
If you choose to “Accept all,” we will also use cookies and data to
Develop and improve new services
Deliver and measure the effectiveness of ads
Show personalized content, depending on your settings
Show personalized ads, depending on your settings
If you choose to “Reject all,” we will not use cookies for these additional purposes.
Non-personalized content is influenced by things like the content you’re currently viewing, activity in your active Search session, and your location. Non-personalized ads are influenced by the content you’re currently viewing and your general location. Personalized content and ads can also include more relevant results, recommendations, and tailored ads based on past activity from this browser, like previous Google searches. We also use cookies and data to tailor the experience to be age-appropriate, if relevant.
Select “More options” to see additional information, including details about managing your privacy settings. You can also visit g.co/privacytools at any time.
Reject all
Accept all
More options
Privacy Policy
Terms of Service",https://news.google.com/rss/articles/CBMivwFBVV95cUxQajVSZDg2dmZyams2Q2dBOFdXekJMVXVmc1MtU3RtblVBSjZmNnZJMG5RUF9yS3hOaUJka3VOSmRmRmdHWDdrRl9ZY1lrSTlHdERFalBLdlRxOHB5V0pZUExpOWw4LW9sYnRSQ09YNXltTUxUYUFOTkVvLS0xVlpPQkthVGtnRl9rVkRtTjlkQlM5Y0ZkS3ZjWGVoYjRtWnEtVnBFd2wtLVBaZWdDLUk0cWFPUnlDNkUtRlFSUFZHbw?oc=5
2025-04-27,META,Meta,"Apple, Microsoft, Meta, Coke, and Many More Stocks to Watch This Week - Barron's","EN
Sign in
Before you continue to Google
We use cookies and data to
Deliver and maintain Google services
Track outages and protect against spam, fraud, and abuse
Measure audience engagement and site statistics to understand how our services are used and enhance the quality of those services
If you choose to “Accept all,” we will also use cookies and data to
Develop and improve new services
Deliver and measure the effectiveness of ads
Show personalized content, depending on your settings
Show personalized ads, depending on your settings
If you choose to “Reject all,” we will not use cookies for these additional purposes.
Non-personalized content is influenced by things like the content you’re currently viewing, activity in your active Search session, and your location. Non-personalized ads are influenced by the content you’re currently viewing and your general location. Personalized content and ads can also include more relevant results, recommendations, and tailored ads based on past activity from this browser, like previous Google searches. We also use cookies and data to tailor the experience to be age-appropriate, if relevant.
Select “More options” to see additional information, including details about managing your privacy settings. You can also visit g.co/privacytools at any time.
Reject all
Accept all
More options
Privacy Policy
Terms of Service",https://news.google.com/rss/articles/CBMiiwFBVV95cUxONnJkTWtHWXRyMG5CT0xVMU1XWk1CWVlnM2U3M1cyVk94QWlxVHl2dFpTWVFadWgxYmw4RmlJdzM2UWxTa0xnTUttcTU5Y2tpSjEyRl9lbjRacDBiVFpINlZqLVA2UmNBd0hlSHJRdUo0VWJFM05tQ1JMaDRNSGdxZDBhazFaWHZueDNr?oc=5
2025-04-25,META,Meta,"Stocks making the biggest moves premarket: Meta Platforms, Intel, Alphabet and more - CNBC","EN
Sign in
Before you continue to Google
We use cookies and data to
Deliver and maintain Google services
Track outages and protect against spam, fraud, and abuse
Measure audience engagement and site statistics to understand how our services are used and enhance the quality of those services
If you choose to “Accept all,” we will also use cookies and data to
Develop and improve new services
Deliver and measure the effectiveness of ads
Show personalized content, depending on your settings
Show personalized ads, depending on your settings
If you choose to “Reject all,” we will not use cookies for these additional purposes.
Non-personalized content is influenced by things like the content you’re currently viewing, activity in your active Search session, and your location. Non-personalized ads are influenced by the content you’re currently viewing and your general location. Personalized content and ads can also include more relevant results, recommendations, and tailored ads based on past activity from this browser, like previous Google searches. We also use cookies and data to tailor the experience to be age-appropriate, if relevant.
Select “More options” to see additional information, including details about managing your privacy settings. You can also visit g.co/privacytools at any time.
Reject all
Accept all
More options
Privacy Policy
Terms of Service",https://news.google.com/rss/articles/CBMipgFBVV95cUxOQ1hVeHBOMVRuT2VoRDhqU1hwbHpJY056MlFSN2M2SEs1WUF4bjRHVmFtbV8xcFcxeU92YmhRT1FkV1pfWUFESndaM05jcHowT3NyQmwyczUyZ2FxYk5ubDZTeDRFVzU1V0JVTXFFSWU0cFM3U1BDbmFNcy1NVzdFV0FQY1FSMzZneEltWXVfUHVFNmt0amdPR2hNdG56Y3NhS3FJaDVR?oc=5
2025-04-29,META,Meta,Meta Holds AI Conference With Q1 Earnings On Deck. Here's What To Watch. - Investor's Business Daily,"EN
Sign in
Before you continue to Google
We use cookies and data to
Deliver and maintain Google services
Track outages and protect against spam, fraud, and abuse
Measure audience engagement and site statistics to understand how our services are used and enhance the quality of those services
If you choose to “Accept all,” we will also use cookies and data to
Develop and improve new services
Deliver and measure the effectiveness of ads
Show personalized content, depending on your settings
Show personalized ads, depending on your settings
If you choose to “Reject all,” we will not use cookies for these additional purposes.
Non-personalized content is influenced by things like the content you’re currently viewing, activity in your active Search session, and your location. Non-personalized ads are influenced by the content you’re currently viewing and your general location. Personalized content and ads can also include more relevant results, recommendations, and tailored ads based on past activity from this browser, like previous Google searches. We also use cookies and data to tailor the experience to be age-appropriate, if relevant.
Select “More options” to see additional information, including details about managing your privacy settings. You can also visit g.co/privacytools at any time.
Reject all
Accept all
More options
Privacy Policy
Terms of Service",https://news.google.com/rss/articles/CBMijgFBVV95cUxPN2hFUzF0M0x5RFpQcDhPNUpDYk94eVpaNnpLdFNmRGxlQ2ZxaWVvUm95QjdIV0l4TDhEY0syU2VVY1dmdUVUeEtOZFI4VjEzeHBzVDRwenZUS29yRnNudVFTWGY5dlVXZ1h2WlpucURSR1BZalVsMGZJS0FCaXUxRUZCdDhaTll2X3R4ZjBB?oc=5
2025-04-28,META,Meta,"Is Meta Stock A Buy, Sell, Or Hold Before April 30? - Barchart.com","EN
Sign in
Before you continue to Google
We use cookies and data to
Deliver and maintain Google services
Track outages and protect against spam, fraud, and abuse
Measure audience engagement and site statistics to understand how our services are used and enhance the quality of those services
If you choose to “Accept all,” we will also use cookies and data to
Develop and improve new services
Deliver and measure the effectiveness of ads
Show personalized content, depending on your settings
Show personalized ads, depending on your settings
If you choose to “Reject all,” we will not use cookies for these additional purposes.
Non-personalized content is influenced by things like the content you’re currently viewing, activity in your active Search session, and your location. Non-personalized ads are influenced by the content you’re currently viewing and your general location. Personalized content and ads can also include more relevant results, recommendations, and tailored ads based on past activity from this browser, like previous Google searches. We also use cookies and data to tailor the experience to be age-appropriate, if relevant.
Select “More options” to see additional information, including details about managing your privacy settings. You can also visit g.co/privacytools at any time.
Reject all
Accept all
More options
Privacy Policy
Terms of Service",https://news.google.com/rss/articles/CBMimAFBVV95cUxORHA4QU1neGtVSXZaVmd4am9uZ0NYdXVaVDZFSzhJT3hySmZaUGlBZ1FVSTlteWxGazZrMlIzSkpuY0ZqaWYteVVEOUNLeWVKU0hDM1NTcjgxSXhlWDRoSUZmSC1PN1FnejBCWjBoVVFfTFAxZ1dRb2xkRTVhb1o1NVJHa0xtOVl6Yk9wVWZNNVZQLVNtN3RZNQ?oc=5
2025-04-30,META,Meta,"Meta to report first quarter earnings as tariff, antitrust fears loom - Yahoo Finance","EN
Sign in
Before you continue to Google
We use cookies and data to
Deliver and maintain Google services
Track outages and protect against spam, fraud, and abuse
Measure audience engagement and site statistics to understand how our services are used and enhance the quality of those services
If you choose to “Accept all,” we will also use cookies and data to
Develop and improve new services
Deliver and measure the effectiveness of ads
Show personalized content, depending on your settings
Show personalized ads, depending on your settings
If you choose to “Reject all,” we will not use cookies for these additional purposes.
Non-personalized content is influenced by things like the content you’re currently viewing, activity in your active Search session, and your location. Non-personalized ads are influenced by the content you’re currently viewing and your general location. Personalized content and ads can also include more relevant results, recommendations, and tailored ads based on past activity from this browser, like previous Google searches. We also use cookies and data to tailor the experience to be age-appropriate, if relevant.
Select “More options” to see additional information, including details about managing your privacy settings. You can also visit g.co/privacytools at any time.
Reject all
Accept all
More options
Privacy Policy
Terms of Service",https://news.google.com/rss/articles/CBMitAFBVV95cUxQQjhNakh6Vm5jQ0RlU2pLZmpsNm02WV9aUUtTYUo5X2J4TXR5ejdFNS1HRVg3cUFxbGtfbmFlai1uZ0FHcTg5U0FaSVY3T0x1cXV0TDYyMmc1WFZlcEEzcXlNNFg4SlhOSWtZLXAwTUJWTFQwa2Rvd0lkanY3MkpQM3F4bE1LSFNILWh4Wkw1dURuNU1UU2FoUG5tWUFyN0w2YVVvYkVKbzhMYW5XYXJZT3JiUDY?oc=5
2025-04-28,META,Meta,Meta Isn't the Only Social Stock Reporting This Week. What To Expect From Reddit and Snap - Investopedia,"EN
Sign in
Before you continue to Google
We use cookies and data to
Deliver and maintain Google services
Track outages and protect against spam, fraud, and abuse
Measure audience engagement and site statistics to understand how our services are used and enhance the quality of those services
If you choose to “Accept all,” we will also use cookies and data to
Develop and improve new services
Deliver and measure the effectiveness of ads
Show personalized content, depending on your settings
Show personalized ads, depending on your settings
If you choose to “Reject all,” we will not use cookies for these additional purposes.
Non-personalized content is influenced by things like the content you’re currently viewing, activity in your active Search session, and your location. Non-personalized ads are influenced by the content you’re currently viewing and your general location. Personalized content and ads can also include more relevant results, recommendations, and tailored ads based on past activity from this browser, like previous Google searches. We also use cookies and data to tailor the experience to be age-appropriate, if relevant.
Select “More options” to see additional information, including details about managing your privacy settings. You can also visit g.co/privacytools at any time.
Reject all
Accept all
More options
Privacy Policy
Terms of Service",https://news.google.com/rss/articles/CBMiwwFBVV95cUxOTVlnN2hpaG5kbG9oQkRSZ0FFa21MYWlncG01aU1FWVRjUXJqMEpLaXZDOW9ZQ1FXV25KeW5XbmtOX3pFdG84UGYtTFhsVVdZb1lONzZFSXhjWFkwSDY4X1U0djBhZmZTV05WYXViMmU1M0M0NllDbUFieDhCQ2FQbUFSY3BXMEwxVncxSHpHRHgyZUNmN3hFWnhULU1rOVVWQnJza3FsLWJzQi1ONy0tdnMzWnJ4ZHI2ald3MlRHei12Rnc?oc=5
2025-04-28,META,Meta,Time to Buy Microsoft or Meta Stock as Earnings Approach? - Nasdaq,"EN
Sign in
Before you continue to Google
We use cookies and data to
Deliver and maintain Google services
Track outages and protect against spam, fraud, and abuse
Measure audience engagement and site statistics to understand how our services are used and enhance the quality of those services
If you choose to “Accept all,” we will also use cookies and data to
Develop and improve new services
Deliver and measure the effectiveness of ads
Show personalized content, depending on your settings
Show personalized ads, depending on your settings
If you choose to “Reject all,” we will not use cookies for these additional purposes.
Non-personalized content is influenced by things like the content you’re currently viewing, activity in your active Search session, and your location. Non-personalized ads are influenced by the content you’re currently viewing and your general location. Personalized content and ads can also include more relevant results, recommendations, and tailored ads based on past activity from this browser, like previous Google searches. We also use cookies and data to tailor the experience to be age-appropriate, if relevant.
Select “More options” to see additional information, including details about managing your privacy settings. You can also visit g.co/privacytools at any time.
Reject all
Accept all
More options
Privacy Policy
Terms of Service",https://news.google.com/rss/articles/CBMiigFBVV95cUxPLTNoQXRTVnZxcE1MNERFRzg3V2ZSU1pCdXNfemUyTW5wTUZNekFVZzJ4ZnJLY3pQMk5xRi1iVi1DNi11Snh3VmZ6OEs1Nm1FSnJScUJNS3pFakcxVTZBbE5Pcmk3X01XVWRHclJidEhGUU41MjU2X0k0TkFxU21HYU9DN1lDR1R0Z2c?oc=5
2025-04-30,META,Meta,Meta And Microsoft Will Report Earnings Today: What To Expect From Big Tech Results - Forbes,"EN
Sign in
Before you continue to Google
We use cookies and data to
Deliver and maintain Google services
Track outages and protect against spam, fraud, and abuse
Measure audience engagement and site statistics to understand how our services are used and enhance the quality of those services
If you choose to “Accept all,” we will also use cookies and data to
Develop and improve new services
Deliver and measure the effectiveness of ads
Show personalized content, depending on your settings
Show personalized ads, depending on your settings
If you choose to “Reject all,” we will not use cookies for these additional purposes.
Non-personalized content is influenced by things like the content you’re currently viewing, activity in your active Search session, and your location. Non-personalized ads are influenced by the content you’re currently viewing and your general location. Personalized content and ads can also include more relevant results, recommendations, and tailored ads based on past activity from this browser, like previous Google searches. We also use cookies and data to tailor the experience to be age-appropriate, if relevant.
Select “More options” to see additional information, including details about managing your privacy settings. You can also visit g.co/privacytools at any time.
Reject all
Accept all
More options
Privacy Policy
Terms of Service",https://news.google.com/rss/articles/CBMizgFBVV95cUxORlhvdWN3SGNzQU02SGRPQkxKcWZmcTBwbFpIcTVfdnlJOV9UWTZyci0xY2VETkRrZ2xoVkpTU2RRQ2huaWxUeElSVHlHZU5ZOVI5QVhwLWZocko0YUV0ckh4dGhkMFYwdkhTM1BfQ3BqMUhMZ09yRmVQSHp4TWlzTnl1dl9HU3lwTDhTczhjVkRFYVZXTGlVMmFwQlJGdXBmVl9NaXZwcnU3UjN3eTR2MjZLSmlUUzJ0dTFTaU5Tb1V2YWNNSFJ2amVyOGxiZw?oc=5
2025-04-28,META,Meta,Watch These Meta Stock Price Levels Ahead of Facebook Parent's Earnings - Investopedia,"EN
Sign in
Before you continue to Google
We use cookies and data to
Deliver and maintain Google services
Track outages and protect against spam, fraud, and abuse
Measure audience engagement and site statistics to understand how our services are used and enhance the quality of those services
If you choose to “Accept all,” we will also use cookies and data to
Develop and improve new services
Deliver and measure the effectiveness of ads
Show personalized content, depending on your settings
Show personalized ads, depending on your settings
If you choose to “Reject all,” we will not use cookies for these additional purposes.
Non-personalized content is influenced by things like the content you’re currently viewing, activity in your active Search session, and your location. Non-personalized ads are influenced by the content you’re currently viewing and your general location. Personalized content and ads can also include more relevant results, recommendations, and tailored ads based on past activity from this browser, like previous Google searches. We also use cookies and data to tailor the experience to be age-appropriate, if relevant.
Select “More options” to see additional information, including details about managing your privacy settings. You can also visit g.co/privacytools at any time.
Reject all
Accept all
More options
Privacy Policy
Terms of Service",https://news.google.com/rss/articles/CBMiuAFBVV95cUxQa3FSVExzRVE2ZVFjaDdVcG5VQnJqaFBLZDlLOXNmNFJ0OXBjR3NYNl96ZEo3YWJYenBfMzNaUXl3QmYwN0xOT2NGeG5sZ0JNenJ3X0F6MWJhOElnMnlSQmV1b0U5YVBSbmpkQ2JRbUdZQlF3MUoxQ2MtclJKR2R5VmlTek9fMGtjZlNaOXJaWTIzUjFGa2J2Y0hmWDBrYndoWlMxYzNlZVhIZGFLZm9wLXltaFk0bTM0?oc=5
2025-04-29,META,Meta,"Magnificent Seven Stocks Watch: Nvidia, Tesla Sell Off - Investor's Business Daily","EN
Sign in
Before you continue to Google
We use cookies and data to
Deliver and maintain Google services
Track outages and protect against spam, fraud, and abuse
Measure audience engagement and site statistics to understand how our services are used and enhance the quality of those services
If you choose to “Accept all,” we will also use cookies and data to
Develop and improve new services
Deliver and measure the effectiveness of ads
Show personalized content, depending on your settings
Show personalized ads, depending on your settings
If you choose to “Reject all,” we will not use cookies for these additional purposes.
Non-personalized content is influenced by things like the content you’re currently viewing, activity in your active Search session, and your location. Non-personalized ads are influenced by the content you’re currently viewing and your general location. Personalized content and ads can also include more relevant results, recommendations, and tailored ads based on past activity from this browser, like previous Google searches. We also use cookies and data to tailor the experience to be age-appropriate, if relevant.
Select “More options” to see additional information, including details about managing your privacy settings. You can also visit g.co/privacytools at any time.
Reject all
Accept all
More options
Privacy Policy
Terms of Service",https://news.google.com/rss/articles/CBMie0FVX3lxTFB6UE0zMU96cW1vdmN1cE1RQjd4RzlqbFVycEk2VlVNRFY3aDFmU1E2eGYyQi1XV09zTEF3SnFaZVMtMWJiV3VzVmtrSy1KNXZZYUctTXgxOFNJRkFRaFJiUkZHSjBaNHM1SU5iTmpFQ0NvYUlVeXIzaUF2aw?oc=5
2025-04-28,META,Meta,"Clues From Google Earnings With Microsoft, Apple, Amazon Reports On Deck - Investor's Business Daily","EN
Sign in
Before you continue to Google
We use cookies and data to
Deliver and maintain Google services
Track outages and protect against spam, fraud, and abuse
Measure audience engagement and site statistics to understand how our services are used and enhance the quality of those services
If you choose to “Accept all,” we will also use cookies and data to
Develop and improve new services
Deliver and measure the effectiveness of ads
Show personalized content, depending on your settings
Show personalized ads, depending on your settings
If you choose to “Reject all,” we will not use cookies for these additional purposes.
Non-personalized content is influenced by things like the content you’re currently viewing, activity in your active Search session, and your location. Non-personalized ads are influenced by the content you’re currently viewing and your general location. Personalized content and ads can also include more relevant results, recommendations, and tailored ads based on past activity from this browser, like previous Google searches. We also use cookies and data to tailor the experience to be age-appropriate, if relevant.
Select “More options” to see additional information, including details about managing your privacy settings. You can also visit g.co/privacytools at any time.
Reject all
Accept all
More options
Privacy Policy
Terms of Service",https://news.google.com/rss/articles/CBMilwFBVV95cUxOWE5UNnRSdGZzTV8yb0JacU1reC04R3l5VWdEUEs0c1FJYlViaDgzdWlvRXZoWjNCTUpVLXd4dkFuWDMwb1R4Y2d6RTh2YTNVNVRYTlE1b3EtUTRKS3lJdGowVk5SbTlDb0dudnIzTkh6Uk1fckNRMVhXZ0RzOUVPbHpmblpUNUgwMHlISmZNaVRwNlV5Q1cw?oc=5
2025-04-29,META,Meta,Meta Platforms Earnings Preview: Analyst Expects Weak Guidance - Meta Platforms (NASDAQ:META) - Benzinga,"EN
Sign in
Before you continue to Google
We use cookies and data to
Deliver and maintain Google services
Track outages and protect against spam, fraud, and abuse
Measure audience engagement and site statistics to understand how our services are used and enhance the quality of those services
If you choose to “Accept all,” we will also use cookies and data to
Develop and improve new services
Deliver and measure the effectiveness of ads
Show personalized content, depending on your settings
Show personalized ads, depending on your settings
If you choose to “Reject all,” we will not use cookies for these additional purposes.
Non-personalized content is influenced by things like the content you’re currently viewing, activity in your active Search session, and your location. Non-personalized ads are influenced by the content you’re currently viewing and your general location. Personalized content and ads can also include more relevant results, recommendations, and tailored ads based on past activity from this browser, like previous Google searches. We also use cookies and data to tailor the experience to be age-appropriate, if relevant.
Select “More options” to see additional information, including details about managing your privacy settings. You can also visit g.co/privacytools at any time.
Reject all
Accept all
More options
Privacy Policy
Terms of Service",https://news.google.com/rss/articles/CBMigAJBVV95cUxQN1pRVzRZYVlRTTVDNVozM2t1WDZFbkZnUThSZThhWkhwQU5FT1Q4aEptNXJpc2ZTU1ZfNTM1OVN2aTVlX3h4LS1WZEQ2WUhkS1NSZ2ctRV9MR3p5elNPSi1xMGtseUxncWJKclhOR2N6VEFNWHViVkV1ZkV3dUtsX01jOHUyR2RkR2x6MHFHMTJKTm9LajEzRWFvb2NweGtaMWQxVHRhSjBTNGlsMGNFREV5SXQzaTFYeWFkaUx6NE00bnZOV2J0OWxJY1JkOU43WlRnLVdSb3NGRnJLdjZQZkpGVm4teVdjdGlUcUI1WWdJNzB6U3pyZ1lCT3FUd1lu?oc=5
2025-04-28,META,Meta,Meta Platforms Stock Is Down 28% From Its Peak. Here's How the Rest of 2025 Could Play Out for This AI Stock. - The Motley Fool,"EN
Sign in
Before you continue to Google
We use cookies and data to
Deliver and maintain Google services
Track outages and protect against spam, fraud, and abuse
Measure audience engagement and site statistics to understand how our services are used and enhance the quality of those services
If you choose to “Accept all,” we will also use cookies and data to
Develop and improve new services
Deliver and measure the effectiveness of ads
Show personalized content, depending on your settings
Show personalized ads, depending on your settings
If you choose to “Reject all,” we will not use cookies for these additional purposes.
Non-personalized content is influenced by things like the content you’re currently viewing, activity in your active Search session, and your location. Non-personalized ads are influenced by the content you’re currently viewing and your general location. Personalized content and ads can also include more relevant results, recommendations, and tailored ads based on past activity from this browser, like previous Google searches. We also use cookies and data to tailor the experience to be age-appropriate, if relevant.
Select “More options” to see additional information, including details about managing your privacy settings. You can also visit g.co/privacytools at any time.
Reject all
Accept all
More options
Privacy Policy
Terms of Service",https://news.google.com/rss/articles/CBMijwFBVV95cUxNN05MQUd4Y2dDYUxsY0FUYTJ5U1FDRWt0U2JmcHVvMFRxTDNvYXZ6TG9JbUxsdGVXTWphcWM3QnE0cUNjS1BjdE9MRDc2T19jUWMwRHJDdFQ4dkNKWW0xLW5Pc0dycXRRR085eUlvSlNIVGJ4MGo3Njljb3FJX0RuZy10aUk0R0I4bUppT0hudw?oc=5
2024-01-31,GOOGL,Google,Alphabet stock tumbles after company misses expectations on Google ad revenue - Yahoo Finance,"EN
Sign in
Before you continue to Google
We use cookies and data to
Deliver and maintain Google services
Track outages and protect against spam, fraud, and abuse
Measure audience engagement and site statistics to understand how our services are used and enhance the quality of those services
If you choose to “Accept all,” we will also use cookies and data to
Develop and improve new services
Deliver and measure the effectiveness of ads
Show personalized content, depending on your settings
Show personalized ads, depending on your settings
If you choose to “Reject all,” we will not use cookies for these additional purposes.
Non-personalized content is influenced by things like the content you’re currently viewing, activity in your active Search session, and your location. Non-personalized ads are influenced by the content you’re currently viewing and your general location. Personalized content and ads can also include more relevant results, recommendations, and tailored ads based on past activity from this browser, like previous Google searches. We also use cookies and data to tailor the experience to be age-appropriate, if relevant.
Select “More options” to see additional information, including details about managing your privacy settings. You can also visit g.co/privacytools at any time.
Reject all
Accept all
More options
Privacy Policy
Terms of Service",https://news.google.com/rss/articles/CBMiwAFBVV95cUxNbF96S2JmMllTdEROZWl1Nm9oX29QcE81TzIwd0U0TUJDX09hODlkMzhlNUswcjN1TjViRl9yNG1nQWRPYXRUQ3pSTEdmSEJOQVRuMnVlS2hlRjNGMi1faU0ySXpmX0dFaS1VRExPamdXaHlVWERyc2I1S2pfYnUwUE9URHI4NFdqYWt1U3pPbV9SLVRZcVdfcDltUVZxcWs3cVM0SWRzTkFqUnhJTHBKc2I0UzcybHVmVXYxakhTaWE?oc=5
2024-01-31,GOOGL,Google,"Markets News, Jan. 31, 2024: Stocks Tumble as Google Earnings Disappoint and Fed Signals Caution - Investopedia","EN
Sign in
Before you continue to Google
We use cookies and data to
Deliver and maintain Google services
Track outages and protect against spam, fraud, and abuse
Measure audience engagement and site statistics to understand how our services are used and enhance the quality of those services
If you choose to “Accept all,” we will also use cookies and data to
Develop and improve new services
Deliver and measure the effectiveness of ads
Show personalized content, depending on your settings
Show personalized ads, depending on your settings
If you choose to “Reject all,” we will not use cookies for these additional purposes.
Non-personalized content is influenced by things like the content you’re currently viewing, activity in your active Search session, and your location. Non-personalized ads are influenced by the content you’re currently viewing and your general location. Personalized content and ads can also include more relevant results, recommendations, and tailored ads based on past activity from this browser, like previous Google searches. We also use cookies and data to tailor the experience to be age-appropriate, if relevant.
Select “More options” to see additional information, including details about managing your privacy settings. You can also visit g.co/privacytools at any time.
Reject all
Accept all
More options
Privacy Policy
Terms of Service",https://news.google.com/rss/articles/CBMibkFVX3lxTE44Q1FhUXBkS1JQRk9RMTlnNF85dUg1TFlWUUxESF9ybkhnVkVHZzlIU2xfOF96ZDBoc3VFa0M3bWpCRzE0LTNCSm56dmExMlYzSlFuZFZpNjRHVkp2bXdMcllzWXVBRXdlc29Da1F3?oc=5
2024-01-31,GOOGL,Google,Google Earnings Beat. Ad Growth Disappoints Amid 2024 Capital Spending Spike - Investor's Business Daily,"EN
Sign in
Before you continue to Google
We use cookies and data to
Deliver and maintain Google services
Track outages and protect against spam, fraud, and abuse
Measure audience engagement and site statistics to understand how our services are used and enhance the quality of those services
If you choose to “Accept all,” we will also use cookies and data to
Develop and improve new services
Deliver and measure the effectiveness of ads
Show personalized content, depending on your settings
Show personalized ads, depending on your settings
If you choose to “Reject all,” we will not use cookies for these additional purposes.
Non-personalized content is influenced by things like the content you’re currently viewing, activity in your active Search session, and your location. Non-personalized ads are influenced by the content you’re currently viewing and your general location. Personalized content and ads can also include more relevant results, recommendations, and tailored ads based on past activity from this browser, like previous Google searches. We also use cookies and data to tailor the experience to be age-appropriate, if relevant.
Select “More options” to see additional information, including details about managing your privacy settings. You can also visit g.co/privacytools at any time.
Reject all
Accept all
More options
Privacy Policy
Terms of Service",https://news.google.com/rss/articles/CBMigwFBVV95cUxPSEdFbnctZFVXMm12LV9Ic2g5eno0UHVxM0Z3cGVGYUxaUVVxbmNqUlI3Qzc1aXgzSEtzNVJnMFY0Rm9DS1Y2RFRaX3hCSjFLZ1MzN3V4WUxlTlE1Vmp3NERGcFFvLXUxZ0tySEJaXzRKYmljV1dJSmlVS212b0lObDVtQQ?oc=5
2024-01-30,GOOGL,Google,Alphabet (GOOGL) Shares Fall After Search Revenue Misses Estimates - Bloomberg.com,"EN
Sign in
Before you continue to Google
We use cookies and data to
Deliver and maintain Google services
Track outages and protect against spam, fraud, and abuse
Measure audience engagement and site statistics to understand how our services are used and enhance the quality of those services
If you choose to “Accept all,” we will also use cookies and data to
Develop and improve new services
Deliver and measure the effectiveness of ads
Show personalized content, depending on your settings
Show personalized ads, depending on your settings
If you choose to “Reject all,” we will not use cookies for these additional purposes.
Non-personalized content is influenced by things like the content you’re currently viewing, activity in your active Search session, and your location. Non-personalized ads are influenced by the content you’re currently viewing and your general location. Personalized content and ads can also include more relevant results, recommendations, and tailored ads based on past activity from this browser, like previous Google searches. We also use cookies and data to tailor the experience to be age-appropriate, if relevant.
Select “More options” to see additional information, including details about managing your privacy settings. You can also visit g.co/privacytools at any time.
Reject all
Accept all
More options
Privacy Policy
Terms of Service",https://news.google.com/rss/articles/CBMipgFBVV95cUxQRjBhT2ZwZ1U1TWZ3QlYxcjNwRzVzZ1lFN01GbGFIWkFGUWVIVUhSMUdMMlZVOHNxSENvUWx6RmRJUVBFeUxUSmxmbFlpck9YZUVpT0kzcGpfRXpiTzlFUklnZHdIa3RhSnhTdmxTVG1KdHhGTDlvZXRxa25HVXQxUC16N1JOempMOFA0QXZYUkNHbkJfRFFnSjVLaVR0eXQza0c4RDJB?oc=5
2024-01-11,GOOGL,Google,Tech is growing as a source of California tax revenue — that’s the good news and the bad news - CalMatters,"EN
Sign in
Before you continue to Google
We use cookies and data to
Deliver and maintain Google services
Track outages and protect against spam, fraud, and abuse
Measure audience engagement and site statistics to understand how our services are used and enhance the quality of those services
If you choose to “Accept all,” we will also use cookies and data to
Develop and improve new services
Deliver and measure the effectiveness of ads
Show personalized content, depending on your settings
Show personalized ads, depending on your settings
If you choose to “Reject all,” we will not use cookies for these additional purposes.
Non-personalized content is influenced by things like the content you’re currently viewing, activity in your active Search session, and your location. Non-personalized ads are influenced by the content you’re currently viewing and your general location. Personalized content and ads can also include more relevant results, recommendations, and tailored ads based on past activity from this browser, like previous Google searches. We also use cookies and data to tailor the experience to be age-appropriate, if relevant.
Select “More options” to see additional information, including details about managing your privacy settings. You can also visit g.co/privacytools at any time.
Reject all
Accept all
More options
Privacy Policy
Terms of Service",https://news.google.com/rss/articles/CBMicEFVX3lxTE9Gd0h6SVM3UnB1TDBmRE5CSG5ReW9zNU5IaEFIdzJwWVJEMkZZZXp0djVqeVRJS3NXaVFhbEo0YzlrQ1FsUlRDU0d2blh2ZlhYSWkwZVlVODJxeVp0RXJBSFNtdEI4dWFoNXczTXhqcWc?oc=5
2024-01-19,GOOGL,Google,Google and AT&T join $155 million AST SpaceMobile investment - SpaceNews,"EN
Sign in
Before you continue to Google
We use cookies and data to
Deliver and maintain Google services
Track outages and protect against spam, fraud, and abuse
Measure audience engagement and site statistics to understand how our services are used and enhance the quality of those services
If you choose to “Accept all,” we will also use cookies and data to
Develop and improve new services
Deliver and measure the effectiveness of ads
Show personalized content, depending on your settings
Show personalized ads, depending on your settings
If you choose to “Reject all,” we will not use cookies for these additional purposes.
Non-personalized content is influenced by things like the content you’re currently viewing, activity in your active Search session, and your location. Non-personalized ads are influenced by the content you’re currently viewing and your general location. Personalized content and ads can also include more relevant results, recommendations, and tailored ads based on past activity from this browser, like previous Google searches. We also use cookies and data to tailor the experience to be age-appropriate, if relevant.
Select “More options” to see additional information, including details about managing your privacy settings. You can also visit g.co/privacytools at any time.
Reject all
Accept all
More options
Privacy Policy
Terms of Service",https://news.google.com/rss/articles/CBMiiAFBVV95cUxNM0otX3JueFd2U0NuNmt2SWdzZGd6bFR4R01icW16UDZzeVBFNnR6TmdxN0lkMk1QX3Vta2FFZDFybGdyVTlVZTJjZ3NRTmVWM1p3M3RoMWxSRC1pR05xX3RBbFhhRFFNUE1MVnhwV0pyZnBnUE5VeTJGckpZM0NMYXp6eVNVWjdu?oc=5
2024-01-31,GOOGL,Google,"Investors punish Microsoft, Alphabet as AI returns fall short of lofty expectations - Reuters","EN
Sign in
Before you continue to Google
We use cookies and data to
Deliver and maintain Google services
Track outages and protect against spam, fraud, and abuse
Measure audience engagement and site statistics to understand how our services are used and enhance the quality of those services
If you choose to “Accept all,” we will also use cookies and data to
Develop and improve new services
Deliver and measure the effectiveness of ads
Show personalized content, depending on your settings
Show personalized ads, depending on your settings
If you choose to “Reject all,” we will not use cookies for these additional purposes.
Non-personalized content is influenced by things like the content you’re currently viewing, activity in your active Search session, and your location. Non-personalized ads are influenced by the content you’re currently viewing and your general location. Personalized content and ads can also include more relevant results, recommendations, and tailored ads based on past activity from this browser, like previous Google searches. We also use cookies and data to tailor the experience to be age-appropriate, if relevant.
Select “More options” to see additional information, including details about managing your privacy settings. You can also visit g.co/privacytools at any time.
Reject all
Accept all
More options
Privacy Policy
Terms of Service",https://news.google.com/rss/articles/CBMiwAFBVV95cUxOeXBIVWp0bzZkOHRsTzhTM3ZmZjdYN2E0Y3RDbnBCbmxPaXByVU9RNnU2YzJ0XzV0SjFKTll0MkhMbGpyckxBdnNMeFljQlJnQVpGeDd6VWJ0dUtXNTh5THZjSmpVSzY3bG9iZXVLYjVJX3AwU3FkNHdVb3huNjBHU2NyZEZYdzFaZFNkbmdKYXRBeGhCZWtfX2R2NGFPUGJCUzdBS1BsVkNKN2VNZjlLNUgwMkJUQ3FDaExJbWFTMnI?oc=5
2024-01-03,GOOGL,Google,Better AI Stock: Alphabet vs. Baidu - The Motley Fool,"EN
Sign in
Before you continue to Google
We use cookies and data to
Deliver and maintain Google services
Track outages and protect against spam, fraud, and abuse
Measure audience engagement and site statistics to understand how our services are used and enhance the quality of those services
If you choose to “Accept all,” we will also use cookies and data to
Develop and improve new services
Deliver and measure the effectiveness of ads
Show personalized content, depending on your settings
Show personalized ads, depending on your settings
If you choose to “Reject all,” we will not use cookies for these additional purposes.
Non-personalized content is influenced by things like the content you’re currently viewing, activity in your active Search session, and your location. Non-personalized ads are influenced by the content you’re currently viewing and your general location. Personalized content and ads can also include more relevant results, recommendations, and tailored ads based on past activity from this browser, like previous Google searches. We also use cookies and data to tailor the experience to be age-appropriate, if relevant.
Select “More options” to see additional information, including details about managing your privacy settings. You can also visit g.co/privacytools at any time.
Reject all
Accept all
More options
Privacy Policy
Terms of Service",https://news.google.com/rss/articles/CBMiggFBVV95cUxQVXdsQ0hrdkdSLU5RWG5EOWVndlAyc01Cd0VLbFAzbzROSmJoX0tfQVlXeUxSVjgtemRtcVFVZUtZRkY5MTlwZmV6SlVMNDdSU05XY2VWUGJPZjNzUzcxQkV5YXpMOTJaMllUeTFaRDhrZEpJNlFjN2l5WHhuUG92OHR3?oc=5
2024-01-30,GOOGL,Google,Google Earnings: Record Profits As Stock Trades At Record High - Forbes,"EN
Sign in
Before you continue to Google
We use cookies and data to
Deliver and maintain Google services
Track outages and protect against spam, fraud, and abuse
Measure audience engagement and site statistics to understand how our services are used and enhance the quality of those services
If you choose to “Accept all,” we will also use cookies and data to
Develop and improve new services
Deliver and measure the effectiveness of ads
Show personalized content, depending on your settings
Show personalized ads, depending on your settings
If you choose to “Reject all,” we will not use cookies for these additional purposes.
Non-personalized content is influenced by things like the content you’re currently viewing, activity in your active Search session, and your location. Non-personalized ads are influenced by the content you’re currently viewing and your general location. Personalized content and ads can also include more relevant results, recommendations, and tailored ads based on past activity from this browser, like previous Google searches. We also use cookies and data to tailor the experience to be age-appropriate, if relevant.
Select “More options” to see additional information, including details about managing your privacy settings. You can also visit g.co/privacytools at any time.
Reject all
Accept all
More options
Privacy Policy
Terms of Service",https://news.google.com/rss/articles/CBMisgFBVV95cUxPcjB4OXFLc0dSdFZNUUhfNGg4N04yZEFFaEQ1alN6TC1scEhDaVlRWXctUzFVTWF5OXNsLWt0WDJmTC1NZ2tHTjlIckpzN2tKQ3Bud0EyaFZqLUw4Z3B0amVVYVdtN1VrZzk3YlIydXJZMmI1cjZObng2T29SMnhtdEx1RHlndjcydWQ3Yk10WTl4Q3NEeWEwaE5TUzhXMlV0TkIta21xNG53NkowRVdsZ3pB?oc=5
2024-01-09,GOOGL,Google,What we announced at CES 2024 - Google Blog,"EN
Sign in
Before you continue to Google
We use cookies and data to
Deliver and maintain Google services
Track outages and protect against spam, fraud, and abuse
Measure audience engagement and site statistics to understand how our services are used and enhance the quality of those services
If you choose to “Accept all,” we will also use cookies and data to
Develop and improve new services
Deliver and measure the effectiveness of ads
Show personalized content, depending on your settings
Show personalized ads, depending on your settings
If you choose to “Reject all,” we will not use cookies for these additional purposes.
Non-personalized content is influenced by things like the content you’re currently viewing, activity in your active Search session, and your location. Non-personalized ads are influenced by the content you’re currently viewing and your general location. Personalized content and ads can also include more relevant results, recommendations, and tailored ads based on past activity from this browser, like previous Google searches. We also use cookies and data to tailor the experience to be age-appropriate, if relevant.
Select “More options” to see additional information, including details about managing your privacy settings. You can also visit g.co/privacytools at any time.
Reject all
Accept all
More options
Privacy Policy
Terms of Service",https://news.google.com/rss/articles/CBMib0FVX3lxTE90dWltUkRLQ1ZNeUEwc29iSF9ycGZWWG5YVF9FcFA1X09YcnJ2RFloX00yNFFqZG9GMm5TXzVLOTNEZkhnQkNMYU40cFhEaXhRblhKcmhsSVJDTHJnWWlxSDkteXhqZGh5UjJ4emx3RQ?oc=5
2024-01-18,GOOGL,Google,"AST SpaceMobile to Offer $100 Million in Stock After AT&T, Google Deal - WSJ","EN
Sign in
Before you continue to Google
We use cookies and data to
Deliver and maintain Google services
Track outages and protect against spam, fraud, and abuse
Measure audience engagement and site statistics to understand how our services are used and enhance the quality of those services
If you choose to “Accept all,” we will also use cookies and data to
Develop and improve new services
Deliver and measure the effectiveness of ads
Show personalized content, depending on your settings
Show personalized ads, depending on your settings
If you choose to “Reject all,” we will not use cookies for these additional purposes.
Non-personalized content is influenced by things like the content you’re currently viewing, activity in your active Search session, and your location. Non-personalized ads are influenced by the content you’re currently viewing and your general location. Personalized content and ads can also include more relevant results, recommendations, and tailored ads based on past activity from this browser, like previous Google searches. We also use cookies and data to tailor the experience to be age-appropriate, if relevant.
Select “More options” to see additional information, including details about managing your privacy settings. You can also visit g.co/privacytools at any time.
Reject all
Accept all
More options
Privacy Policy
Terms of Service",https://news.google.com/rss/articles/CBMitAFBVV95cUxPUVRlN2U2dG1xMlQ3MDJja2NKU0NYYTRJUWMyNDRRYmVTNGUzQlNNNGFwbkhfZ1JwVW5KUzB5bE04a085RkN2enB4VkpuWEV1YmlISmRidW9tc2l3eDNRTmNnbWlRcHF3OGpmV0ZNNy1ES2gwVEswTEFDZWNrUzl3T0JQR0lnMWt2aHhmR2NWQjdqX0Z0Z09PWXhWWFdqTTNhX0stS3JnWm9kX0pGMEU1cExZcHU?oc=5
2024-01-30,GOOGL,Google,Alphabet shares slide on disappointing Google ad revenue - CNBC,"EN
Sign in
Before you continue to Google
We use cookies and data to
Deliver and maintain Google services
Track outages and protect against spam, fraud, and abuse
Measure audience engagement and site statistics to understand how our services are used and enhance the quality of those services
If you choose to “Accept all,” we will also use cookies and data to
Develop and improve new services
Deliver and measure the effectiveness of ads
Show personalized content, depending on your settings
Show personalized ads, depending on your settings
If you choose to “Reject all,” we will not use cookies for these additional purposes.
Non-personalized content is influenced by things like the content you’re currently viewing, activity in your active Search session, and your location. Non-personalized ads are influenced by the content you’re currently viewing and your general location. Personalized content and ads can also include more relevant results, recommendations, and tailored ads based on past activity from this browser, like previous Google searches. We also use cookies and data to tailor the experience to be age-appropriate, if relevant.
Select “More options” to see additional information, including details about managing your privacy settings. You can also visit g.co/privacytools at any time.
Reject all
Accept all
More options
Privacy Policy
Terms of Service",https://news.google.com/rss/articles/CBMigAFBVV95cUxPdjZkbXI3QV9ON1hUNG5YdFJYaExEZlp0SXBuUTdvUHlIclVFbTc4Qkl2ZUx1bC1XU2NlaTA1eldWbHRVYW0xcmRtME9La1A4MlgwWnhhUWEzQ1lMVDg4NzZqd1FKYmVnRXFFVGJTTFY3Vi1xbVdOVEJCWHo2MnpBRdIBhgFBVV95cUxNcDh5dWluZ2tMc09CNHZMNzBSMDZoQjNuZE5ob3JWalVYVGxfRTV1cXlpTWdIVk9BUVd5ekM3R3hReXZmNHJZSzNHZDNRWDBIRjVDZzVzbmNrQ09LU29CZDVxMVp4OWxxZDR6bWZHeWpjOUkxTGVOc2x5aURUTW5CY3ZPMXhHQQ?oc=5
2024-01-11,GOOGL,Google,GOOGL Stock: Google Layoffs Hit Fitbit Co-Founders As Cost-Cutting Continues - Investor's Business Daily,"EN
Sign in
Before you continue to Google
We use cookies and data to
Deliver and maintain Google services
Track outages and protect against spam, fraud, and abuse
Measure audience engagement and site statistics to understand how our services are used and enhance the quality of those services
If you choose to “Accept all,” we will also use cookies and data to
Develop and improve new services
Deliver and measure the effectiveness of ads
Show personalized content, depending on your settings
Show personalized ads, depending on your settings
If you choose to “Reject all,” we will not use cookies for these additional purposes.
Non-personalized content is influenced by things like the content you’re currently viewing, activity in your active Search session, and your location. Non-personalized ads are influenced by the content you’re currently viewing and your general location. Personalized content and ads can also include more relevant results, recommendations, and tailored ads based on past activity from this browser, like previous Google searches. We also use cookies and data to tailor the experience to be age-appropriate, if relevant.
Select “More options” to see additional information, including details about managing your privacy settings. You can also visit g.co/privacytools at any time.
Reject all
Accept all
More options
Privacy Policy
Terms of Service",https://news.google.com/rss/articles/CBMiugFBVV95cUxONWplT1lQQ3lxTU83WnB2YlFPNWF1SFp4WjhGRlFIanVpTThtRlB5SlNHdnlZUENtdmtLZFdOZlpnejRTSGJNR2txTlUwUGZpbENieldDYWt4cFA1MjJOXzctZEhsU3FKU1Bzd042LTZMNng4TkVURVVUNjdfY1UzTE12T3RlV3BFYXFMYm04eEE5eHVTVjFHS25tNGRKdllFNk5OMlpBUHhNaGRvZlNldFZOX0l4NjNRcWc?oc=5
2024-01-18,GOOGL,Google,Google Stock in Focus as CEO Announces Additional Job Cuts—Key Technical Levels to Monitor - Investopedia,"EN
Sign in
Before you continue to Google
We use cookies and data to
Deliver and maintain Google services
Track outages and protect against spam, fraud, and abuse
Measure audience engagement and site statistics to understand how our services are used and enhance the quality of those services
If you choose to “Accept all,” we will also use cookies and data to
Develop and improve new services
Deliver and measure the effectiveness of ads
Show personalized content, depending on your settings
Show personalized ads, depending on your settings
If you choose to “Reject all,” we will not use cookies for these additional purposes.
Non-personalized content is influenced by things like the content you’re currently viewing, activity in your active Search session, and your location. Non-personalized ads are influenced by the content you’re currently viewing and your general location. Personalized content and ads can also include more relevant results, recommendations, and tailored ads based on past activity from this browser, like previous Google searches. We also use cookies and data to tailor the experience to be age-appropriate, if relevant.
Select “More options” to see additional information, including details about managing your privacy settings. You can also visit g.co/privacytools at any time.
Reject all
Accept all
More options
Privacy Policy
Terms of Service",https://news.google.com/rss/articles/CBMixgFBVV95cUxPaWNrUmctNXFiX1NtV1ZwNHBxaXFCMzJfWFRXUFR5c1BuTDhvTUphUVVWNDczU1did2lid3lORng4MElvaGYxSk5KS0NVbi1EUWVtdHgwUWtGOF9LLWRMVW9aYm5LZTBPUS1NcFV1c1RhZ0pjMHNPYnRwOXIzOGVYLThNY3hxeGJLWmpLWlZUQVlxa0lZVzM5SUZXSkUzNFhPeXA5SHEzVzhGbXdVZmpfaHRqVFZxejZkWUY5QzhSWk5IaVJsNVE?oc=5
2024-01-31,GOOGL,Google,"Why Microsoft, Google, and AMD's stocks are getting hit after big quarters - Yahoo Finance","EN
Sign in
Before you continue to Google
We use cookies and data to
Deliver and maintain Google services
Track outages and protect against spam, fraud, and abuse
Measure audience engagement and site statistics to understand how our services are used and enhance the quality of those services
If you choose to “Accept all,” we will also use cookies and data to
Develop and improve new services
Deliver and measure the effectiveness of ads
Show personalized content, depending on your settings
Show personalized ads, depending on your settings
If you choose to “Reject all,” we will not use cookies for these additional purposes.
Non-personalized content is influenced by things like the content you’re currently viewing, activity in your active Search session, and your location. Non-personalized ads are influenced by the content you’re currently viewing and your general location. Personalized content and ads can also include more relevant results, recommendations, and tailored ads based on past activity from this browser, like previous Google searches. We also use cookies and data to tailor the experience to be age-appropriate, if relevant.
Select “More options” to see additional information, including details about managing your privacy settings. You can also visit g.co/privacytools at any time.
Reject all
Accept all
More options
Privacy Policy
Terms of Service",https://news.google.com/rss/articles/CBMiuAFBVV95cUxOTW15RUlqa1laTlJWOUhJQ2hmTS0xanlKeWlTNGZFMTBrcThvZEVyelFZOUNFQ1Q5WGFsQV9nN0EzbUM3NV9mRS1DMXFWajgtZXJtaHpROTNaNVk2VTAzbi1MTUNQOUVEd3VXZl9GTF9SQ2J4OHJQNXhuTXpVY2hBMjk5YUZMSVZ4aHRZTW1yNjdmbWNsVG40QnpnZ1hQYmJsa19SRzFwNjJMLVpJaDJxZm5TcmNFUlN2?oc=5
2024-01-30,GOOGL,Google,"Google parent Alphabet ad revenue disappoints, CapEx up; shares sink 6% - Reuters","EN
Sign in
Before you continue to Google
We use cookies and data to
Deliver and maintain Google services
Track outages and protect against spam, fraud, and abuse
Measure audience engagement and site statistics to understand how our services are used and enhance the quality of those services
If you choose to “Accept all,” we will also use cookies and data to
Develop and improve new services
Deliver and measure the effectiveness of ads
Show personalized content, depending on your settings
Show personalized ads, depending on your settings
If you choose to “Reject all,” we will not use cookies for these additional purposes.
Non-personalized content is influenced by things like the content you’re currently viewing, activity in your active Search session, and your location. Non-personalized ads are influenced by the content you’re currently viewing and your general location. Personalized content and ads can also include more relevant results, recommendations, and tailored ads based on past activity from this browser, like previous Google searches. We also use cookies and data to tailor the experience to be age-appropriate, if relevant.
Select “More options” to see additional information, including details about managing your privacy settings. You can also visit g.co/privacytools at any time.
Reject all
Accept all
More options
Privacy Policy
Terms of Service",https://news.google.com/rss/articles/CBMisAFBVV95cUxQb0N3Z0RsVWVTWng3VzA3MVcyUXh6VmtaendBMzllY0xGOVppSFVRWlZuS25PQ0pXeU4tb3d4RUxBNmgyMGFiNXdyNjNneEpFbndLWWdXdktfTVJMOThPQnBZWTVHME1CN0hMdVJDR3ktOXNQY0IxVnJDb1Z0dlUwNmRLazhRM1p5TFVhMDJ4azhMcmNEUEI2UjhqRmhNRm9rU0tsVWEtVDZsTlhKamJHXw?oc=5
2024-01-30,GOOGL,Google,Alphabet Q4 Earnings Top Expectations But Google Ad Revenue Disappoints; Stock Tumbles - Investopedia,"EN
Sign in
Before you continue to Google
We use cookies and data to
Deliver and maintain Google services
Track outages and protect against spam, fraud, and abuse
Measure audience engagement and site statistics to understand how our services are used and enhance the quality of those services
If you choose to “Accept all,” we will also use cookies and data to
Develop and improve new services
Deliver and measure the effectiveness of ads
Show personalized content, depending on your settings
Show personalized ads, depending on your settings
If you choose to “Reject all,” we will not use cookies for these additional purposes.
Non-personalized content is influenced by things like the content you’re currently viewing, activity in your active Search session, and your location. Non-personalized ads are influenced by the content you’re currently viewing and your general location. Personalized content and ads can also include more relevant results, recommendations, and tailored ads based on past activity from this browser, like previous Google searches. We also use cookies and data to tailor the experience to be age-appropriate, if relevant.
Select “More options” to see additional information, including details about managing your privacy settings. You can also visit g.co/privacytools at any time.
Reject all
Accept all
More options
Privacy Policy
Terms of Service",https://news.google.com/rss/articles/CBMieEFVX3lxTE8yTVZBZ2k5T2hmc3ZPMTFJS25ieHZCbEM5ZDJoRzJ1LXh0RzY3aVJzb1V3ZU1VQ2NIZ3BNdFplNlIzdWdGRHlqNWJWcm13bGRLaFhRQmFVLWRGV0IxR2Rua0JuY01uU3dfVEJPNlUwQ1F6RExqSmJhaQ?oc=5
2024-01-29,GOOGL,Google,"Google Earnings Outlook: AI Uncertainty, Cloud, Capital Spending, YouTube - Investor's Business Daily","EN
Sign in
Before you continue to Google
We use cookies and data to
Deliver and maintain Google services
Track outages and protect against spam, fraud, and abuse
Measure audience engagement and site statistics to understand how our services are used and enhance the quality of those services
If you choose to “Accept all,” we will also use cookies and data to
Develop and improve new services
Deliver and measure the effectiveness of ads
Show personalized content, depending on your settings
Show personalized ads, depending on your settings
If you choose to “Reject all,” we will not use cookies for these additional purposes.
Non-personalized content is influenced by things like the content you’re currently viewing, activity in your active Search session, and your location. Non-personalized ads are influenced by the content you’re currently viewing and your general location. Personalized content and ads can also include more relevant results, recommendations, and tailored ads based on past activity from this browser, like previous Google searches. We also use cookies and data to tailor the experience to be age-appropriate, if relevant.
Select “More options” to see additional information, including details about managing your privacy settings. You can also visit g.co/privacytools at any time.
Reject all
Accept all
More options
Privacy Policy
Terms of Service",https://news.google.com/rss/articles/CBMirgFBVV95cUxQRTBmb041TkRvZF9ra2huX2Q4OFJqS2Fyd0JMSW5xVUtDVXdqSjVfUEZvUlMxelVrdDliMjloR2tqUXkyaXZzSkpxOXl1OVNzcENYWXluMlIxQXhkYWNqem44bUtKTktzb2lFSWFxdl81U3F4MFM2WUlmU3U3dTJIWks2SXhfaDgzb1BYS3N6VXNTR3h5Wi1CNExwUW04V0Iza0plWmFJVGhKSXhaWkE?oc=5
2024-01-02,GOOGL,Google,‘A deceptive tactic’: Nancy Pelosi disclosed a 7-figure bet on NVIDIA over the Christmas holidays — despite recent efforts to ‘permanently ban’ lawmakers from trading stocks - Yahoo Finance,"EN
Sign in
Before you continue to Google
We use cookies and data to
Deliver and maintain Google services
Track outages and protect against spam, fraud, and abuse
Measure audience engagement and site statistics to understand how our services are used and enhance the quality of those services
If you choose to “Accept all,” we will also use cookies and data to
Develop and improve new services
Deliver and measure the effectiveness of ads
Show personalized content, depending on your settings
Show personalized ads, depending on your settings
If you choose to “Reject all,” we will not use cookies for these additional purposes.
Non-personalized content is influenced by things like the content you’re currently viewing, activity in your active Search session, and your location. Non-personalized ads are influenced by the content you’re currently viewing and your general location. Personalized content and ads can also include more relevant results, recommendations, and tailored ads based on past activity from this browser, like previous Google searches. We also use cookies and data to tailor the experience to be age-appropriate, if relevant.
Select “More options” to see additional information, including details about managing your privacy settings. You can also visit g.co/privacytools at any time.
Reject all
Accept all
More options
Privacy Policy
Terms of Service",https://news.google.com/rss/articles/CBMijgFBVV95cUxPOU9mV3RKSGFhM1NGR2paQktrRElGNmJQZUNjT0RIUnpKLVU3U2ZxV0Q3Tjg2WjFQSnkyNUxQaldaLUtxbHpSaTBHaWRvY1pUV2Q4ZFFkWHNHbkp1UERHUUtBSGx1ZTBXdzdoTzduckVybW9UOFJVS3EwVjNZMnF4VXV6UV9rcURvTXdpN1lR?oc=5
2024-01-31,GOOGL,Google,5 Things to Know Before The Stock Market Opens - Investopedia,"EN
Sign in
Before you continue to Google
We use cookies and data to
Deliver and maintain Google services
Track outages and protect against spam, fraud, and abuse
Measure audience engagement and site statistics to understand how our services are used and enhance the quality of those services
If you choose to “Accept all,” we will also use cookies and data to
Develop and improve new services
Deliver and measure the effectiveness of ads
Show personalized content, depending on your settings
Show personalized ads, depending on your settings
If you choose to “Reject all,” we will not use cookies for these additional purposes.
Non-personalized content is influenced by things like the content you’re currently viewing, activity in your active Search session, and your location. Non-personalized ads are influenced by the content you’re currently viewing and your general location. Personalized content and ads can also include more relevant results, recommendations, and tailored ads based on past activity from this browser, like previous Google searches. We also use cookies and data to tailor the experience to be age-appropriate, if relevant.
Select “More options” to see additional information, including details about managing your privacy settings. You can also visit g.co/privacytools at any time.
Reject all
Accept all
More options
Privacy Policy
Terms of Service",https://news.google.com/rss/articles/CBMioAFBVV95cUxPTmFMZ1g1cG9oOWZWcTdsRXNPaE1CRGFwa2JXVzVmeDNhRUpDaWhtUEwtbHZ5d0xQb1lPMXpUSG5QajJOSkRiQ0RYYW01N2xCdV9hLTd5UTU4ZUlKTDh2bnFKT2ZadjZxbDhvSDJ3cnprY2lkb1VrdThCdGh5Xy1zbVZEbFFpSWRqNXZfbVJuU3hRTEREQVVnU3dQazdsRGlO?oc=5
2024-02-26,GOOGL,Google,Google Stock Falls As Gemini Chatbot Generates Criticism - Investor's Business Daily,"EN
Sign in
Before you continue to Google
We use cookies and data to
Deliver and maintain Google services
Track outages and protect against spam, fraud, and abuse
Measure audience engagement and site statistics to understand how our services are used and enhance the quality of those services
If you choose to “Accept all,” we will also use cookies and data to
Develop and improve new services
Deliver and measure the effectiveness of ads
Show personalized content, depending on your settings
Show personalized ads, depending on your settings
If you choose to “Reject all,” we will not use cookies for these additional purposes.
Non-personalized content is influenced by things like the content you’re currently viewing, activity in your active Search session, and your location. Non-personalized ads are influenced by the content you’re currently viewing and your general location. Personalized content and ads can also include more relevant results, recommendations, and tailored ads based on past activity from this browser, like previous Google searches. We also use cookies and data to tailor the experience to be age-appropriate, if relevant.
Select “More options” to see additional information, including details about managing your privacy settings. You can also visit g.co/privacytools at any time.
Reject all
Accept all
More options
Privacy Policy
Terms of Service",https://news.google.com/rss/articles/CBMimgFBVV95cUxPT0lGX0g3azZSVy1laEhtYjRMZW52NnBGUDIycGZCcm9rcEVIOEJ6ZUpIbnJhZzZySWxJb0lpNW05aGxfSFJDdlBYS0ZFTElDYXN5LUVTaVJOQWFqaVljQ1RoMUc3cEdiSVd6YXJwRU83Q2JfbFczM3hLb203MnhwbU9OM2JYMEVzc05iYlBSSnR5YzQ2cUFkSXlB?oc=5
2024-01-31,GOOGL,Google,Alphabet stock tumbles after company misses expectations on Google ad revenue - Yahoo Finance,"EN
Sign in
Before you continue to Google
We use cookies and data to
Deliver and maintain Google services
Track outages and protect against spam, fraud, and abuse
Measure audience engagement and site statistics to understand how our services are used and enhance the quality of those services
If you choose to “Accept all,” we will also use cookies and data to
Develop and improve new services
Deliver and measure the effectiveness of ads
Show personalized content, depending on your settings
Show personalized ads, depending on your settings
If you choose to “Reject all,” we will not use cookies for these additional purposes.
Non-personalized content is influenced by things like the content you’re currently viewing, activity in your active Search session, and your location. Non-personalized ads are influenced by the content you’re currently viewing and your general location. Personalized content and ads can also include more relevant results, recommendations, and tailored ads based on past activity from this browser, like previous Google searches. We also use cookies and data to tailor the experience to be age-appropriate, if relevant.
Select “More options” to see additional information, including details about managing your privacy settings. You can also visit g.co/privacytools at any time.
Reject all
Accept all
More options
Privacy Policy
Terms of Service",https://news.google.com/rss/articles/CBMiwAFBVV95cUxNbF96S2JmMllTdEROZWl1Nm9oX29QcE81TzIwd0U0TUJDX09hODlkMzhlNUswcjN1TjViRl9yNG1nQWRPYXRUQ3pSTEdmSEJOQVRuMnVlS2hlRjNGMi1faU0ySXpmX0dFaS1VRExPamdXaHlVWERyc2I1S2pfYnUwUE9URHI4NFdqYWt1U3pPbV9SLVRZcVdfcDltUVZxcWs3cVM0SWRzTkFqUnhJTHBKc2I0UzcybHVmVXYxakhTaWE?oc=5
2024-01-31,GOOGL,Google,"Markets News, Jan. 31, 2024: Stocks Tumble as Google Earnings Disappoint and Fed Signals Caution - Investopedia","EN
Sign in
Before you continue to Google
We use cookies and data to
Deliver and maintain Google services
Track outages and protect against spam, fraud, and abuse
Measure audience engagement and site statistics to understand how our services are used and enhance the quality of those services
If you choose to “Accept all,” we will also use cookies and data to
Develop and improve new services
Deliver and measure the effectiveness of ads
Show personalized content, depending on your settings
Show personalized ads, depending on your settings
If you choose to “Reject all,” we will not use cookies for these additional purposes.
Non-personalized content is influenced by things like the content you’re currently viewing, activity in your active Search session, and your location. Non-personalized ads are influenced by the content you’re currently viewing and your general location. Personalized content and ads can also include more relevant results, recommendations, and tailored ads based on past activity from this browser, like previous Google searches. We also use cookies and data to tailor the experience to be age-appropriate, if relevant.
Select “More options” to see additional information, including details about managing your privacy settings. You can also visit g.co/privacytools at any time.
Reject all
Accept all
More options
Privacy Policy
Terms of Service",https://news.google.com/rss/articles/CBMibkFVX3lxTE44Q1FhUXBkS1JQRk9RMTlnNF85dUg1TFlWUUxESF9ybkhnVkVHZzlIU2xfOF96ZDBoc3VFa0M3bWpCRzE0LTNCSm56dmExMlYzSlFuZFZpNjRHVkp2bXdMcllzWXVBRXdlc29Da1F3?oc=5
2024-02-17,GOOGL,Google,Could Alphabet Stock Help You Become a Millionaire? - The Motley Fool,"EN
Sign in
Before you continue to Google
We use cookies and data to
Deliver and maintain Google services
Track outages and protect against spam, fraud, and abuse
Measure audience engagement and site statistics to understand how our services are used and enhance the quality of those services
If you choose to “Accept all,” we will also use cookies and data to
Develop and improve new services
Deliver and measure the effectiveness of ads
Show personalized content, depending on your settings
Show personalized ads, depending on your settings
If you choose to “Reject all,” we will not use cookies for these additional purposes.
Non-personalized content is influenced by things like the content you’re currently viewing, activity in your active Search session, and your location. Non-personalized ads are influenced by the content you’re currently viewing and your general location. Personalized content and ads can also include more relevant results, recommendations, and tailored ads based on past activity from this browser, like previous Google searches. We also use cookies and data to tailor the experience to be age-appropriate, if relevant.
Select “More options” to see additional information, including details about managing your privacy settings. You can also visit g.co/privacytools at any time.
Reject all
Accept all
More options
Privacy Policy
Terms of Service",https://news.google.com/rss/articles/CBMimAFBVV95cUxPQzd3Y1cyR2xVX25kbTFVSExwd2JWNWRHUGJzSksySFVUc3FhSzVNRmt6S1BtR1d4bi1mZUYzZ0ZXZTR5RWhXanlMYUVJQzhZejdIbTN4Q3hmVUJsUENUT3B5V0ZXUzc4c2tZZk9wTktKeDVMcW1haWRfbTZqQ1p1c2RKWHFXMzJCMjdrQW5kcTVIbjZ3OFVicQ?oc=5
2024-02-26,GOOGL,Google,"Alphabet Stock Is ‘Cheap for a Reason.’ It’s Losing Its Competitive Advantage, Analyst Says. - Barron's","EN
Sign in
Before you continue to Google
We use cookies and data to
Deliver and maintain Google services
Track outages and protect against spam, fraud, and abuse
Measure audience engagement and site statistics to understand how our services are used and enhance the quality of those services
If you choose to “Accept all,” we will also use cookies and data to
Develop and improve new services
Deliver and measure the effectiveness of ads
Show personalized content, depending on your settings
Show personalized ads, depending on your settings
If you choose to “Reject all,” we will not use cookies for these additional purposes.
Non-personalized content is influenced by things like the content you’re currently viewing, activity in your active Search session, and your location. Non-personalized ads are influenced by the content you’re currently viewing and your general location. Personalized content and ads can also include more relevant results, recommendations, and tailored ads based on past activity from this browser, like previous Google searches. We also use cookies and data to tailor the experience to be age-appropriate, if relevant.
Select “More options” to see additional information, including details about managing your privacy settings. You can also visit g.co/privacytools at any time.
Reject all
Accept all
More options
Privacy Policy
Terms of Service",https://news.google.com/rss/articles/CBMie0FVX3lxTFBuS3dCV0gyZUE1aDl5NXBqMUlNQW15cG84dHBkczR6VDBjdG1VMTExTHJjajN6clF1VEVXeHhWbzk3UUJUNG0tNjMyVUhrLXVXUmhDWHRJc2pOWDN1VDdtTEJ6Q0tiQlZudFJzQmhhV0xNbzktTnVNTEM3aw?oc=5
2024-02-26,GOOGL,Google,Alphabet Drops During Renewed Fears About Google’s AI Offerings - Bloomberg.com,"EN
Sign in
Before you continue to Google
We use cookies and data to
Deliver and maintain Google services
Track outages and protect against spam, fraud, and abuse
Measure audience engagement and site statistics to understand how our services are used and enhance the quality of those services
If you choose to “Accept all,” we will also use cookies and data to
Develop and improve new services
Deliver and measure the effectiveness of ads
Show personalized content, depending on your settings
Show personalized ads, depending on your settings
If you choose to “Reject all,” we will not use cookies for these additional purposes.
Non-personalized content is influenced by things like the content you’re currently viewing, activity in your active Search session, and your location. Non-personalized ads are influenced by the content you’re currently viewing and your general location. Personalized content and ads can also include more relevant results, recommendations, and tailored ads based on past activity from this browser, like previous Google searches. We also use cookies and data to tailor the experience to be age-appropriate, if relevant.
Select “More options” to see additional information, including details about managing your privacy settings. You can also visit g.co/privacytools at any time.
Reject all
Accept all
More options
Privacy Policy
Terms of Service",https://news.google.com/rss/articles/CBMisgFBVV95cUxQa0FqX1hzal9CcGFiczJ0ZVlXdl9kWFIzSU85UDNiUjVsU1hYeFhyeG1RTWJaMlBVZE8tRjdaaW1JMGN3QjZRbVNuU0tHdWUzcHl2dXpqTkxJNTBlc2tkWUxBWnRvVWZDS0VjYnh5SE1SLW9yLVZLN2xKQTFsTS1KMHpnWWpyVk5rWmlBVFU3WldOUEhtUGJzZGVPX2xneU9wa25oZnhCWkNid21ZVUk3YWN3?oc=5
2024-02-12,GOOGL,Google,Buy Into Alphabet’s AI Future: A Roadmap to $300 GOOG Stock Glory - Nasdaq,"EN
Sign in
Before you continue to Google
We use cookies and data to
Deliver and maintain Google services
Track outages and protect against spam, fraud, and abuse
Measure audience engagement and site statistics to understand how our services are used and enhance the quality of those services
If you choose to “Accept all,” we will also use cookies and data to
Develop and improve new services
Deliver and measure the effectiveness of ads
Show personalized content, depending on your settings
Show personalized ads, depending on your settings
If you choose to “Reject all,” we will not use cookies for these additional purposes.
Non-personalized content is influenced by things like the content you’re currently viewing, activity in your active Search session, and your location. Non-personalized ads are influenced by the content you’re currently viewing and your general location. Personalized content and ads can also include more relevant results, recommendations, and tailored ads based on past activity from this browser, like previous Google searches. We also use cookies and data to tailor the experience to be age-appropriate, if relevant.
Select “More options” to see additional information, including details about managing your privacy settings. You can also visit g.co/privacytools at any time.
Reject all
Accept all
More options
Privacy Policy
Terms of Service",https://news.google.com/rss/articles/CBMinAFBVV95cUxNdnpxMGlyay1sZ0NkOFdhMW5RTUpXeUozSGd4Q2JBR2RvUV9PWHpaWUZyTlJSaldEblQtWGlfS3RIcmt5VVpERk1GanlnVWJrODNxUk5DZkpxY0gwdDJJcXdzTUU3S3VJRFhGV2NJNDBaSnBkODV5QXNJSEkzbU1mNmRQamhRTnZRNmZoVlNsRlpKS3J2RF9tNWVHeDg?oc=5
2024-02-28,GOOGL,Google,Google's AI Saga: Gemini's Image Recognition Halt - CMSWire.com,"EN
Sign in
Before you continue to Google
We use cookies and data to
Deliver and maintain Google services
Track outages and protect against spam, fraud, and abuse
Measure audience engagement and site statistics to understand how our services are used and enhance the quality of those services
If you choose to “Accept all,” we will also use cookies and data to
Develop and improve new services
Deliver and measure the effectiveness of ads
Show personalized content, depending on your settings
Show personalized ads, depending on your settings
If you choose to “Reject all,” we will not use cookies for these additional purposes.
Non-personalized content is influenced by things like the content you’re currently viewing, activity in your active Search session, and your location. Non-personalized ads are influenced by the content you’re currently viewing and your general location. Personalized content and ads can also include more relevant results, recommendations, and tailored ads based on past activity from this browser, like previous Google searches. We also use cookies and data to tailor the experience to be age-appropriate, if relevant.
Select “More options” to see additional information, including details about managing your privacy settings. You can also visit g.co/privacytools at any time.
Reject all
Accept all
More options
Privacy Policy
Terms of Service",https://news.google.com/rss/articles/CBMirgFBVV95cUxQYUhicW9VZkQyVGh4My12MWVscV9XbGFJYWJheWtQTFdYQmxmUk1PbE9jd05yaGFHdlN3RThiWl9QUWhueUZEeEtVam5Pc2FqMGtZeUJrcE51bGw0REZuME1VbTVVaG1ISi1ud25DSFhlNG1SN25iZjI3QzNtaWZyeEUxYU85azBJczhwaEdNRnIyRy0xd1hFTWFwYUVPWEtCMUR3QmFMNkdub0xsQXc?oc=5
2024-02-19,GOOGL,Google,Taking Stock of Google’s Antitrust Troubles as the World Turns Against It - promarket.org,"EN
Sign in
Before you continue to Google
We use cookies and data to
Deliver and maintain Google services
Track outages and protect against spam, fraud, and abuse
Measure audience engagement and site statistics to understand how our services are used and enhance the quality of those services
If you choose to “Accept all,” we will also use cookies and data to
Develop and improve new services
Deliver and measure the effectiveness of ads
Show personalized content, depending on your settings
Show personalized ads, depending on your settings
If you choose to “Reject all,” we will not use cookies for these additional purposes.
Non-personalized content is influenced by things like the content you’re currently viewing, activity in your active Search session, and your location. Non-personalized ads are influenced by the content you’re currently viewing and your general location. Personalized content and ads can also include more relevant results, recommendations, and tailored ads based on past activity from this browser, like previous Google searches. We also use cookies and data to tailor the experience to be age-appropriate, if relevant.
Select “More options” to see additional information, including details about managing your privacy settings. You can also visit g.co/privacytools at any time.
Reject all
Accept all
More options
Privacy Policy
Terms of Service",https://news.google.com/rss/articles/CBMirwFBVV95cUxPdTBucVkyV3p3b1YtTElMOWk3VHc1SVZsY2JTZUViX2JMeVJMV1k4OWE0LUVMX0Z0VDVzMVJ4b3RMUmMyODlUdlRGX2daLTFuLVAzRWdqdnRWVGZFYVF6TzViM202eGRJY2VyOTVka2hBa3h5NkEzazlYUG53dUh5M0owTEdfZTJqcDRhcXhTZlQxSUFyX3ZZZHlvalFEZ2lQWUo3dllKLU1fempHc01z?oc=5
2024-02-28,GOOGL,Google,Google parent company value plummets losing $70 billion after Gemini AI scandal - Fox Business,"EN
Sign in
Before you continue to Google
We use cookies and data to
Deliver and maintain Google services
Track outages and protect against spam, fraud, and abuse
Measure audience engagement and site statistics to understand how our services are used and enhance the quality of those services
If you choose to “Accept all,” we will also use cookies and data to
Develop and improve new services
Deliver and measure the effectiveness of ads
Show personalized content, depending on your settings
Show personalized ads, depending on your settings
If you choose to “Reject all,” we will not use cookies for these additional purposes.
Non-personalized content is influenced by things like the content you’re currently viewing, activity in your active Search session, and your location. Non-personalized ads are influenced by the content you’re currently viewing and your general location. Personalized content and ads can also include more relevant results, recommendations, and tailored ads based on past activity from this browser, like previous Google searches. We also use cookies and data to tailor the experience to be age-appropriate, if relevant.
Select “More options” to see additional information, including details about managing your privacy settings. You can also visit g.co/privacytools at any time.
Reject all
Accept all
More options
Privacy Policy
Terms of Service",https://news.google.com/rss/articles/CBMisgFBVV95cUxQLUo3Q2pPT1I3UTd1UUpsX0Z0anpVaHE4Y2xDQ0lEUmZuNklGZkNtRWstTEtkY2c2eTg3Yk5JQnVRN0haMjZGWF8xaWhzNDcyMEFtTlg5cnc0dFhDcC1HRTVnbE1kT2hXVGxNaTVyQndOMGxWRDVIZjhNOWtSaTdKYWs2T3RmdGRHSXlXMy1ydUhnY3k1b3Rwb1RnOHUyU1ZYSzFjZy1jQkRGY3o4TFVHS1RB0gG3AUFVX3lxTE95b1YxLU55S3plQWdSNEFyX2dteEZTMFZmM3lfa3BuUHVqOG4xZU5vRXBkMDBCUVdqS09aU3d3WDZpQ3JZWXNkSXBVbFBiQklLSDc4UW8yN2JCZGNZUUhUNHpLQXVldmlUZk1NSkpMWEFnNzM1TWdlQ2pXcjljeWxfRWhGZTNReU1KV1pURGRaSU1HZERSNko2cUhFcEVkR243Mk5fMnloY1RITG9IelFmQ1R0bnhtWQ?oc=5
2024-02-16,GOOGL,Google,"Nvidia Stock Overtakes Amazon and Google, but Overvaluation Concerns Linger - TheStreet","EN
Sign in
Before you continue to Google
We use cookies and data to
Deliver and maintain Google services
Track outages and protect against spam, fraud, and abuse
Measure audience engagement and site statistics to understand how our services are used and enhance the quality of those services
If you choose to “Accept all,” we will also use cookies and data to
Develop and improve new services
Deliver and measure the effectiveness of ads
Show personalized content, depending on your settings
Show personalized ads, depending on your settings
If you choose to “Reject all,” we will not use cookies for these additional purposes.
Non-personalized content is influenced by things like the content you’re currently viewing, activity in your active Search session, and your location. Non-personalized ads are influenced by the content you’re currently viewing and your general location. Personalized content and ads can also include more relevant results, recommendations, and tailored ads based on past activity from this browser, like previous Google searches. We also use cookies and data to tailor the experience to be age-appropriate, if relevant.
Select “More options” to see additional information, including details about managing your privacy settings. You can also visit g.co/privacytools at any time.
Reject all
Accept all
More options
Privacy Policy
Terms of Service",https://news.google.com/rss/articles/CBMiugFBVV95cUxNWWNRRDlHZ2h2Q3dOYWlaY2xoZ1RJN0RLYUxpbGJPN3pUUy1nQUtVd3BtdGp6cUtUZWRkUGtkTTFFWmp6d1dmRjBzWFlEeHJMVGgtb3Z2TW0takJ3SGRveG5ESlNhNEhqYWg0NkpTcjN0Q1RocXBlYzV6a2wtNk5OMUU0bmtiM01pVjFEdVNpdm5GbmlUTzMzTzhiOFFIVVBic2xnLVFyYU5RbVp3cGpwTUpEa0VVYXRlb1E?oc=5
2024-02-26,GOOGL,Google,Google’s Gemini Headaches Spur $90 Billion Selloff - Forbes,"EN
Sign in
Before you continue to Google
We use cookies and data to
Deliver and maintain Google services
Track outages and protect against spam, fraud, and abuse
Measure audience engagement and site statistics to understand how our services are used and enhance the quality of those services
If you choose to “Accept all,” we will also use cookies and data to
Develop and improve new services
Deliver and measure the effectiveness of ads
Show personalized content, depending on your settings
Show personalized ads, depending on your settings
If you choose to “Reject all,” we will not use cookies for these additional purposes.
Non-personalized content is influenced by things like the content you’re currently viewing, activity in your active Search session, and your location. Non-personalized ads are influenced by the content you’re currently viewing and your general location. Personalized content and ads can also include more relevant results, recommendations, and tailored ads based on past activity from this browser, like previous Google searches. We also use cookies and data to tailor the experience to be age-appropriate, if relevant.
Select “More options” to see additional information, including details about managing your privacy settings. You can also visit g.co/privacytools at any time.
Reject all
Accept all
More options
Privacy Policy
Terms of Service",https://news.google.com/rss/articles/CBMioAFBVV95cUxQbjRHa3ZnNElQX0p6YTU2R2NuMjhMd1BqVjhDeEM4OGpvM1B6MDFUMmx0Z2hIc0IxZGNvYzFGbXlQS0FOMFAxOVJsSjUxcWVqVFQzSnliYV9tVUQ3WFVUV1N3N2xoTFlQdEQ4OW93LWtWY3RldHdXakpTNlJHTVhyXzZVSS0ySmxYX1I4Q095elhyUGRxMFQzVVNvcjNZQ010?oc=5
2024-02-16,GOOGL,Google,"Google Stock Falls Amid Fresh OpenAI Report, Gemini Model Upgrade - Investor's Business Daily","EN
Sign in
Before you continue to Google
We use cookies and data to
Deliver and maintain Google services
Track outages and protect against spam, fraud, and abuse
Measure audience engagement and site statistics to understand how our services are used and enhance the quality of those services
If you choose to “Accept all,” we will also use cookies and data to
Develop and improve new services
Deliver and measure the effectiveness of ads
Show personalized content, depending on your settings
Show personalized ads, depending on your settings
If you choose to “Reject all,” we will not use cookies for these additional purposes.
Non-personalized content is influenced by things like the content you’re currently viewing, activity in your active Search session, and your location. Non-personalized ads are influenced by the content you’re currently viewing and your general location. Personalized content and ads can also include more relevant results, recommendations, and tailored ads based on past activity from this browser, like previous Google searches. We also use cookies and data to tailor the experience to be age-appropriate, if relevant.
Select “More options” to see additional information, including details about managing your privacy settings. You can also visit g.co/privacytools at any time.
Reject all
Accept all
More options
Privacy Policy
Terms of Service",https://news.google.com/rss/articles/CBMiqwFBVV95cUxQSjBFTDRNdU9DaHRrbFhCR3hVOXJod29NdTdhTmRkb0VHeEh6NjBrMXpSQV9wRnVNSHA5bzFxbGZKcWI4bG14Q3pFVjl3RnNhUmF4VFpObHVsUzdBZ3VRVldyVGdQQUhkNU9vaThFZ1RabU9GVXh2R3JvZFZXMjRldll0cmI1ZGRNY1ZYZXU5UldYSnd6a3lvejZVaTRfTks1U2EwdjlBeVdueTg?oc=5
2024-02-04,GOOGL,Google,Microsoft vs. Google: Which Is the Better AI Stock to Buy Now - The Motley Fool,"EN
Sign in
Before you continue to Google
We use cookies and data to
Deliver and maintain Google services
Track outages and protect against spam, fraud, and abuse
Measure audience engagement and site statistics to understand how our services are used and enhance the quality of those services
If you choose to “Accept all,” we will also use cookies and data to
Develop and improve new services
Deliver and measure the effectiveness of ads
Show personalized content, depending on your settings
Show personalized ads, depending on your settings
If you choose to “Reject all,” we will not use cookies for these additional purposes.
Non-personalized content is influenced by things like the content you’re currently viewing, activity in your active Search session, and your location. Non-personalized ads are influenced by the content you’re currently viewing and your general location. Personalized content and ads can also include more relevant results, recommendations, and tailored ads based on past activity from this browser, like previous Google searches. We also use cookies and data to tailor the experience to be age-appropriate, if relevant.
Select “More options” to see additional information, including details about managing your privacy settings. You can also visit g.co/privacytools at any time.
Reject all
Accept all
More options
Privacy Policy
Terms of Service",https://news.google.com/rss/articles/CBMikgFBVV95cUxPU0tPbmNfai12ZEh3M2hjdUpTUlN3ZnBoMW5fQ3BJWVFNbHhvc253WmRNUml6eWJrR0RRcnJKYUpiVlA5ZkFOdlBWUmdrN3hmME5PLXZncy11MjZBcVA3MkJrN0pxd1Z5WWI0TDNRaDhzVVNPdmk5R09rVUFuNDRnRm95UHAxZmlwUXAtd1hRX1BLZw?oc=5
2024-03-01,GOOGL,Google,Alphabet Faces ‘Clear and Present Danger’ of Falling Short in AI - Bloomberg.com,"EN
Sign in
Before you continue to Google
We use cookies and data to
Deliver and maintain Google services
Track outages and protect against spam, fraud, and abuse
Measure audience engagement and site statistics to understand how our services are used and enhance the quality of those services
If you choose to “Accept all,” we will also use cookies and data to
Develop and improve new services
Deliver and measure the effectiveness of ads
Show personalized content, depending on your settings
Show personalized ads, depending on your settings
If you choose to “Reject all,” we will not use cookies for these additional purposes.
Non-personalized content is influenced by things like the content you’re currently viewing, activity in your active Search session, and your location. Non-personalized ads are influenced by the content you’re currently viewing and your general location. Personalized content and ads can also include more relevant results, recommendations, and tailored ads based on past activity from this browser, like previous Google searches. We also use cookies and data to tailor the experience to be age-appropriate, if relevant.
Select “More options” to see additional information, including details about managing your privacy settings. You can also visit g.co/privacytools at any time.
Reject all
Accept all
More options
Privacy Policy
Terms of Service",https://news.google.com/rss/articles/CBMiswFBVV95cUxNLVVFYjVPS0xQbGV1TzNZcERIeXZZbTlkQ0ZINjAxWm00dkF3WXNvUkZxc0NjQTQySWs1VUVONFVxZm03VXRaaTJPNkp0LXZucS12cW5EaUVEWV84azRna0dkX0trSUtYd3FweERiX194dHB5U0FzR1U2cEltUWhhaDdFOVN1cGprbEpCX1o5YVdqanl4Vk5KU0NDRG1KaUYzZW8tSE5xVGFaSmNfMXB4VlpjSQ?oc=5
2024-03-01,GOOGL,Google,Google Faces a Real AI Threat in Search. Why It Might Be Time to Worry. - Barron's,"EN
Sign in
Before you continue to Google
We use cookies and data to
Deliver and maintain Google services
Track outages and protect against spam, fraud, and abuse
Measure audience engagement and site statistics to understand how our services are used and enhance the quality of those services
If you choose to “Accept all,” we will also use cookies and data to
Develop and improve new services
Deliver and measure the effectiveness of ads
Show personalized content, depending on your settings
Show personalized ads, depending on your settings
If you choose to “Reject all,” we will not use cookies for these additional purposes.
Non-personalized content is influenced by things like the content you’re currently viewing, activity in your active Search session, and your location. Non-personalized ads are influenced by the content you’re currently viewing and your general location. Personalized content and ads can also include more relevant results, recommendations, and tailored ads based on past activity from this browser, like previous Google searches. We also use cookies and data to tailor the experience to be age-appropriate, if relevant.
Select “More options” to see additional information, including details about managing your privacy settings. You can also visit g.co/privacytools at any time.
Reject all
Accept all
More options
Privacy Policy
Terms of Service",https://news.google.com/rss/articles/CBMiigFBVV95cUxPV04xSzZaMEFNeUduZTh0a2FQelZ6dTl3UXdvbndYM1R6YTZJSERrNnNOaENMSllzUDEtY2FKcEFOSElRTkFDdXIzLURXa0tINUN0TG11V0dWQU9uSm8wMll1OVJHWGQ1UFZLQUhzUm9GQmlTSjRpeUtQbldkYnBhMEhwcVBmNDJUNmc?oc=5
2024-01-31,GOOGL,Google,5 Things to Know Before The Stock Market Opens - Investopedia,"EN
Sign in
Before you continue to Google
We use cookies and data to
Deliver and maintain Google services
Track outages and protect against spam, fraud, and abuse
Measure audience engagement and site statistics to understand how our services are used and enhance the quality of those services
If you choose to “Accept all,” we will also use cookies and data to
Develop and improve new services
Deliver and measure the effectiveness of ads
Show personalized content, depending on your settings
Show personalized ads, depending on your settings
If you choose to “Reject all,” we will not use cookies for these additional purposes.
Non-personalized content is influenced by things like the content you’re currently viewing, activity in your active Search session, and your location. Non-personalized ads are influenced by the content you’re currently viewing and your general location. Personalized content and ads can also include more relevant results, recommendations, and tailored ads based on past activity from this browser, like previous Google searches. We also use cookies and data to tailor the experience to be age-appropriate, if relevant.
Select “More options” to see additional information, including details about managing your privacy settings. You can also visit g.co/privacytools at any time.
Reject all
Accept all
More options
Privacy Policy
Terms of Service",https://news.google.com/rss/articles/CBMioAFBVV95cUxPTmFMZ1g1cG9oOWZWcTdsRXNPaE1CRGFwa2JXVzVmeDNhRUpDaWhtUEwtbHZ5d0xQb1lPMXpUSG5QajJOSkRiQ0RYYW01N2xCdV9hLTd5UTU4ZUlKTDh2bnFKT2ZadjZxbDhvSDJ3cnprY2lkb1VrdThCdGh5Xy1zbVZEbFFpSWRqNXZfbVJuU3hRTEREQVVnU3dQazdsRGlO?oc=5
2024-01-31,GOOGL,Google,Google Earnings Beat. Ad Growth Disappoints Amid 2024 Capital Spending Spike - Investor's Business Daily,"EN
Sign in
Before you continue to Google
We use cookies and data to
Deliver and maintain Google services
Track outages and protect against spam, fraud, and abuse
Measure audience engagement and site statistics to understand how our services are used and enhance the quality of those services
If you choose to “Accept all,” we will also use cookies and data to
Develop and improve new services
Deliver and measure the effectiveness of ads
Show personalized content, depending on your settings
Show personalized ads, depending on your settings
If you choose to “Reject all,” we will not use cookies for these additional purposes.
Non-personalized content is influenced by things like the content you’re currently viewing, activity in your active Search session, and your location. Non-personalized ads are influenced by the content you’re currently viewing and your general location. Personalized content and ads can also include more relevant results, recommendations, and tailored ads based on past activity from this browser, like previous Google searches. We also use cookies and data to tailor the experience to be age-appropriate, if relevant.
Select “More options” to see additional information, including details about managing your privacy settings. You can also visit g.co/privacytools at any time.
Reject all
Accept all
More options
Privacy Policy
Terms of Service",https://news.google.com/rss/articles/CBMigwFBVV95cUxPSEdFbnctZFVXMm12LV9Ic2g5eno0UHVxM0Z3cGVGYUxaUVVxbmNqUlI3Qzc1aXgzSEtzNVJnMFY0Rm9DS1Y2RFRaX3hCSjFLZ1MzN3V4WUxlTlE1Vmp3NERGcFFvLXUxZ0tySEJaXzRKYmljV1dJSmlVS212b0lObDVtQQ?oc=5
2024-02-20,GOOGL,Google,What The Future Holds For Google's Money-Losing Moonshots - Investor's Business Daily,"EN
Sign in
Before you continue to Google
We use cookies and data to
Deliver and maintain Google services
Track outages and protect against spam, fraud, and abuse
Measure audience engagement and site statistics to understand how our services are used and enhance the quality of those services
If you choose to “Accept all,” we will also use cookies and data to
Develop and improve new services
Deliver and measure the effectiveness of ads
Show personalized content, depending on your settings
Show personalized ads, depending on your settings
If you choose to “Reject all,” we will not use cookies for these additional purposes.
Non-personalized content is influenced by things like the content you’re currently viewing, activity in your active Search session, and your location. Non-personalized ads are influenced by the content you’re currently viewing and your general location. Personalized content and ads can also include more relevant results, recommendations, and tailored ads based on past activity from this browser, like previous Google searches. We also use cookies and data to tailor the experience to be age-appropriate, if relevant.
Select “More options” to see additional information, including details about managing your privacy settings. You can also visit g.co/privacytools at any time.
Reject all
Accept all
More options
Privacy Policy
Terms of Service",https://news.google.com/rss/articles/CBMijgFBVV95cUxQcXZzY0pNREZiT1BQRGZFLXZhWWdRRWhZS0htZ2xMZzkwMHhMczdScHg0MWI2TUFMWjFOT0VWLXdXbDhlUk5HUXVSNkhDV2gwdU8wVlVrWGdoa1hYa19MOHcwcVhoUXA5UnBadlluanRwd0NIX1NKd2tiTXFoYzNLdzlhTThQM0RlcFRrblZ3?oc=5
2024-02-01,GOOGL,Google,Amazon Earnings On Deck. Can AWS Match Growth From Microsoft And Google? - Investor's Business Daily,"EN
Sign in
Before you continue to Google
We use cookies and data to
Deliver and maintain Google services
Track outages and protect against spam, fraud, and abuse
Measure audience engagement and site statistics to understand how our services are used and enhance the quality of those services
If you choose to “Accept all,” we will also use cookies and data to
Develop and improve new services
Deliver and measure the effectiveness of ads
Show personalized content, depending on your settings
Show personalized ads, depending on your settings
If you choose to “Reject all,” we will not use cookies for these additional purposes.
Non-personalized content is influenced by things like the content you’re currently viewing, activity in your active Search session, and your location. Non-personalized ads are influenced by the content you’re currently viewing and your general location. Personalized content and ads can also include more relevant results, recommendations, and tailored ads based on past activity from this browser, like previous Google searches. We also use cookies and data to tailor the experience to be age-appropriate, if relevant.
Select “More options” to see additional information, including details about managing your privacy settings. You can also visit g.co/privacytools at any time.
Reject all
Accept all
More options
Privacy Policy
Terms of Service",https://news.google.com/rss/articles/CBMirAFBVV95cUxQU1JETGdIdnlfYnJwWXpTZWNMZVRGbjhKYzEzV3JsU1BSeFp0SThvUjZEWGZHYTk5U00zeG81WUh5a2MtME5PWEJudFkzaDhzemlWUUtfU3lseHd2Yi1PMUxXeE9naEdieWNaQ3lzaVlTN0t3aDd1OThybTlFYVdEUVlCbEpBdkQ2NXZBN3FVWHhUNzA0YTd0NnNPQW5NT1J5MG12V0tocVZlZGtD?oc=5
2024-03-22,GOOGL,Google,Google Stock Price Target Hiked As Analysts Say Sentiment Improving - Investor's Business Daily,"EN
Sign in
Before you continue to Google
We use cookies and data to
Deliver and maintain Google services
Track outages and protect against spam, fraud, and abuse
Measure audience engagement and site statistics to understand how our services are used and enhance the quality of those services
If you choose to “Accept all,” we will also use cookies and data to
Develop and improve new services
Deliver and measure the effectiveness of ads
Show personalized content, depending on your settings
Show personalized ads, depending on your settings
If you choose to “Reject all,” we will not use cookies for these additional purposes.
Non-personalized content is influenced by things like the content you’re currently viewing, activity in your active Search session, and your location. Non-personalized ads are influenced by the content you’re currently viewing and your general location. Personalized content and ads can also include more relevant results, recommendations, and tailored ads based on past activity from this browser, like previous Google searches. We also use cookies and data to tailor the experience to be age-appropriate, if relevant.
Select “More options” to see additional information, including details about managing your privacy settings. You can also visit g.co/privacytools at any time.
Reject all
Accept all
More options
Privacy Policy
Terms of Service",https://news.google.com/rss/articles/CBMiuwFBVV95cUxPemY4QkV6MHk4QlBhTWdESVdDRDZ4S2lzdnVyQlUxaks5bThYckJnRkJGNzdMT0lLSmN2bDhjdGNmUXhZWUROOHlnZ1IwajRVQ2tCZVlUSWJNMzNSdFFQUHRkUGhKY19qVUk2MGpSMWt3eVlDalR0WWhTVlduVXhmaGNaeXJ1VDlYTV9Eejg4d3BiWUdjZ041NUMxUTBHNUVkLXZCTFR0TGpST0FnVFg2TnlEMHVQeVV0SmxB?oc=5
2024-03-19,GOOGL,Google,Alphabet Stock Remains in Focus Amid AI-Related Developments—Key Price Level to Watch - Investopedia,"EN
Sign in
Before you continue to Google
We use cookies and data to
Deliver and maintain Google services
Track outages and protect against spam, fraud, and abuse
Measure audience engagement and site statistics to understand how our services are used and enhance the quality of those services
If you choose to “Accept all,” we will also use cookies and data to
Develop and improve new services
Deliver and measure the effectiveness of ads
Show personalized content, depending on your settings
Show personalized ads, depending on your settings
If you choose to “Reject all,” we will not use cookies for these additional purposes.
Non-personalized content is influenced by things like the content you’re currently viewing, activity in your active Search session, and your location. Non-personalized ads are influenced by the content you’re currently viewing and your general location. Personalized content and ads can also include more relevant results, recommendations, and tailored ads based on past activity from this browser, like previous Google searches. We also use cookies and data to tailor the experience to be age-appropriate, if relevant.
Select “More options” to see additional information, including details about managing your privacy settings. You can also visit g.co/privacytools at any time.
Reject all
Accept all
More options
Privacy Policy
Terms of Service",https://news.google.com/rss/articles/CBMivwFBVV95cUxQZnF1eVZ0SW1ITDhGQjI2QU5BOFR4dVgtNTNseG50MVQxeG5YQ3Fyejd1T05CYS1zVFNUcFoxamRsYXVYM0lFOVRibVVkVHpxUVBZeXU1VjVYNnF0eXlnUlA2eUoySnByX2hGaURpbmFVWTA5Y2xudXl1elowSEZOQkl6a2NNaTFEYnZsUUhwN2czdmlCTE5YSXN3X3BRQWhoOFZySWluNU1jU3VqWHNKT1BpV2huWVRNVE5hNkQxaw?oc=5
2024-03-08,GOOGL,Google,How To Buy Google/Alphabet (GOOGL) Stocks & Shares In Australia - Forbes,"EN
Sign in
Before you continue to Google
We use cookies and data to
Deliver and maintain Google services
Track outages and protect against spam, fraud, and abuse
Measure audience engagement and site statistics to understand how our services are used and enhance the quality of those services
If you choose to “Accept all,” we will also use cookies and data to
Develop and improve new services
Deliver and measure the effectiveness of ads
Show personalized content, depending on your settings
Show personalized ads, depending on your settings
If you choose to “Reject all,” we will not use cookies for these additional purposes.
Non-personalized content is influenced by things like the content you’re currently viewing, activity in your active Search session, and your location. Non-personalized ads are influenced by the content you’re currently viewing and your general location. Personalized content and ads can also include more relevant results, recommendations, and tailored ads based on past activity from this browser, like previous Google searches. We also use cookies and data to tailor the experience to be age-appropriate, if relevant.
Select “More options” to see additional information, including details about managing your privacy settings. You can also visit g.co/privacytools at any time.
Reject all
Accept all
More options
Privacy Policy
Terms of Service",https://news.google.com/rss/articles/CBMilgFBVV95cUxNZ24wZVBRVWQ5RzJONVFFWGJQV1VJcFFqX0hRTGoySHRXRzR6UXZ3NDFBbWZ6NzlEdm1qZTdncDBnaDI5dXdqMlpqY0RzWnBMSGZxeE1JeFYxbHV1VmpxTmt1QUNYNGlOUmtKejZSWXAzZ3RmRU9fMUpyMFI5TDZmZ29MckNmNEl2SFlYUVRBdDBRRjFLSWc?oc=5
2024-03-27,GOOGL,Google,Where Will Alphabet Stock Be in 5 Years? - The Motley Fool,"EN
Sign in
Before you continue to Google
We use cookies and data to
Deliver and maintain Google services
Track outages and protect against spam, fraud, and abuse
Measure audience engagement and site statistics to understand how our services are used and enhance the quality of those services
If you choose to “Accept all,” we will also use cookies and data to
Develop and improve new services
Deliver and measure the effectiveness of ads
Show personalized content, depending on your settings
Show personalized ads, depending on your settings
If you choose to “Reject all,” we will not use cookies for these additional purposes.
Non-personalized content is influenced by things like the content you’re currently viewing, activity in your active Search session, and your location. Non-personalized ads are influenced by the content you’re currently viewing and your general location. Personalized content and ads can also include more relevant results, recommendations, and tailored ads based on past activity from this browser, like previous Google searches. We also use cookies and data to tailor the experience to be age-appropriate, if relevant.
Select “More options” to see additional information, including details about managing your privacy settings. You can also visit g.co/privacytools at any time.
Reject all
Accept all
More options
Privacy Policy
Terms of Service",https://news.google.com/rss/articles/CBMiigFBVV95cUxNdVhYeFNVT3VIWFhKb3dOTzJiUVctb0w5a3otNDlSa2ZpUnhXdmFEcW5PTkVTbE8yWGR5OVB2OVZ3Y0NubF92MEk1bTRLWU5jc2x0cDV5RzgtbFBUSnlyWU5vbzRZcXVRYWpzb2Z4S1ZXZlRFN2ZiLUNaTVZ2TXVrWTRIa0cwd2lKb3c?oc=5
2024-03-18,GOOGL,Google,"Apple, Google stocks jump on reported talks of iPhone/Gemini AI partnership - Axios","EN
Sign in
Before you continue to Google
We use cookies and data to
Deliver and maintain Google services
Track outages and protect against spam, fraud, and abuse
Measure audience engagement and site statistics to understand how our services are used and enhance the quality of those services
If you choose to “Accept all,” we will also use cookies and data to
Develop and improve new services
Deliver and measure the effectiveness of ads
Show personalized content, depending on your settings
Show personalized ads, depending on your settings
If you choose to “Reject all,” we will not use cookies for these additional purposes.
Non-personalized content is influenced by things like the content you’re currently viewing, activity in your active Search session, and your location. Non-personalized ads are influenced by the content you’re currently viewing and your general location. Personalized content and ads can also include more relevant results, recommendations, and tailored ads based on past activity from this browser, like previous Google searches. We also use cookies and data to tailor the experience to be age-appropriate, if relevant.
Select “More options” to see additional information, including details about managing your privacy settings. You can also visit g.co/privacytools at any time.
Reject all
Accept all
More options
Privacy Policy
Terms of Service",https://news.google.com/rss/articles/CBMidkFVX3lxTE8xeldycDdXRGlSQW1pQnh2OW0zOXVJd0JBZFFiTHVOMk1TZk5nYmRZandYZEdzb3lfejJKNVRQd2pReEt4dzdZSUUxYXZJaFVuSUxvTGdpbUlFemZiV1o2RGZHOUxPMWFYR1lzZ2ZYdWU0OC00REE?oc=5
2024-03-18,GOOGL,Google,Google stock is surging because Apple might use its Gemini AI for iPhones - qz.com,"EN
Sign in
Before you continue to Google
We use cookies and data to
Deliver and maintain Google services
Track outages and protect against spam, fraud, and abuse
Measure audience engagement and site statistics to understand how our services are used and enhance the quality of those services
If you choose to “Accept all,” we will also use cookies and data to
Develop and improve new services
Deliver and measure the effectiveness of ads
Show personalized content, depending on your settings
Show personalized ads, depending on your settings
If you choose to “Reject all,” we will not use cookies for these additional purposes.
Non-personalized content is influenced by things like the content you’re currently viewing, activity in your active Search session, and your location. Non-personalized ads are influenced by the content you’re currently viewing and your general location. Personalized content and ads can also include more relevant results, recommendations, and tailored ads based on past activity from this browser, like previous Google searches. We also use cookies and data to tailor the experience to be age-appropriate, if relevant.
Select “More options” to see additional information, including details about managing your privacy settings. You can also visit g.co/privacytools at any time.
Reject all
Accept all
More options
Privacy Policy
Terms of Service",https://news.google.com/rss/articles/CBMihAFBVV95cUxPcDMwUnMtNnRDNmNEV2xlekxSVWJwdEtHLXdNc1lDV0NuU0gzQTBUMVJtZ2poYUhIeWtDcHhuc19hcGNzQTNnSTZFdmVLbXhlQ0FMc1U1YUh0QVRtcVNPOG02R29oTHFWbHNzQzg5cjlpTWltdTRwa01DYTZvd1k1TGUxaW8?oc=5
2024-03-25,GOOGL,Google,Gartner Predicts a 25% Search Traffic Decline by 2026. Should Investors Avoid Google Stock Like the Plague? - Yahoo Finance,"EN
Sign in
Before you continue to Google
We use cookies and data to
Deliver and maintain Google services
Track outages and protect against spam, fraud, and abuse
Measure audience engagement and site statistics to understand how our services are used and enhance the quality of those services
If you choose to “Accept all,” we will also use cookies and data to
Develop and improve new services
Deliver and measure the effectiveness of ads
Show personalized content, depending on your settings
Show personalized ads, depending on your settings
If you choose to “Reject all,” we will not use cookies for these additional purposes.
Non-personalized content is influenced by things like the content you’re currently viewing, activity in your active Search session, and your location. Non-personalized ads are influenced by the content you’re currently viewing and your general location. Personalized content and ads can also include more relevant results, recommendations, and tailored ads based on past activity from this browser, like previous Google searches. We also use cookies and data to tailor the experience to be age-appropriate, if relevant.
Select “More options” to see additional information, including details about managing your privacy settings. You can also visit g.co/privacytools at any time.
Reject all
Accept all
More options
Privacy Policy
Terms of Service",https://news.google.com/rss/articles/CBMihwFBVV95cUxQTW5fZFh2ZlF3NDY5bzhoc3dSWXVRSFpOTkVoWWZUdmdIOTV5SlZuSDlmSWo4bDZhVjFkU0FCRWpISG53Q1JpVENhd1pjdHJGOXAzQ0RZdXJCcG56TWxLQnBhUzB6dnVoNjZodWV6azVkZ0lHbjJ5MkMwcWJtUExNMDdnNHo1TWM?oc=5
2024-03-08,GOOGL,Google,Alphabet Stock 2030 Forecast: Can Google Gemini Take on ChatGPT? - Nasdaq,"EN
Sign in
Before you continue to Google
We use cookies and data to
Deliver and maintain Google services
Track outages and protect against spam, fraud, and abuse
Measure audience engagement and site statistics to understand how our services are used and enhance the quality of those services
If you choose to “Accept all,” we will also use cookies and data to
Develop and improve new services
Deliver and measure the effectiveness of ads
Show personalized content, depending on your settings
Show personalized ads, depending on your settings
If you choose to “Reject all,” we will not use cookies for these additional purposes.
Non-personalized content is influenced by things like the content you’re currently viewing, activity in your active Search session, and your location. Non-personalized ads are influenced by the content you’re currently viewing and your general location. Personalized content and ads can also include more relevant results, recommendations, and tailored ads based on past activity from this browser, like previous Google searches. We also use cookies and data to tailor the experience to be age-appropriate, if relevant.
Select “More options” to see additional information, including details about managing your privacy settings. You can also visit g.co/privacytools at any time.
Reject all
Accept all
More options
Privacy Policy
Terms of Service",https://news.google.com/rss/articles/CBMimwFBVV95cUxOLWd0eU5zOThjRHhxREhxcm9LZUVJX2hQdGI2dzVqWGlncGJ0eHBFcjlxaVoxT2tRRXZzVFYzOERhZXh4ekF5RjNoTWdPYzV6UmNDTm5oc3RwOHJOX2RhaW1LUVdCSXBlWW1mOFFadGFfcXZmWEQwU2JZaExoMlQwdU9IVWNlMXhhakFTOXNyZ3JuMENwZmJ6NDNJbw?oc=5
2024-03-19,GOOGL,Google,Our progress on generative AI in health - Google Blog,"EN
Sign in
Before you continue to Google
We use cookies and data to
Deliver and maintain Google services
Track outages and protect against spam, fraud, and abuse
Measure audience engagement and site statistics to understand how our services are used and enhance the quality of those services
If you choose to “Accept all,” we will also use cookies and data to
Develop and improve new services
Deliver and measure the effectiveness of ads
Show personalized content, depending on your settings
Show personalized ads, depending on your settings
If you choose to “Reject all,” we will not use cookies for these additional purposes.
Non-personalized content is influenced by things like the content you’re currently viewing, activity in your active Search session, and your location. Non-personalized ads are influenced by the content you’re currently viewing and your general location. Personalized content and ads can also include more relevant results, recommendations, and tailored ads based on past activity from this browser, like previous Google searches. We also use cookies and data to tailor the experience to be age-appropriate, if relevant.
Select “More options” to see additional information, including details about managing your privacy settings. You can also visit g.co/privacytools at any time.
Reject all
Accept all
More options
Privacy Policy
Terms of Service",https://news.google.com/rss/articles/CBMiekFVX3lxTFBUMzh5OUZYMXpmeGZqSmMtUHE2N1dGWlhYVHFoY1J3Q1BuS2I0Nkg3SXZsX3BUMk8tSFd4X29IVll3OWJZM1BoVTZfTUgwNkVQOU5OcFNJNXhBSWNDc1k5aDRkV2R5cHRUSVQ1V3J5alc1ODFFaTZEaVBR?oc=5
2024-03-22,GOOGL,Google,Analyst unveils Google stock price target after Apple rumors - Blue Mountain Eagle,"EN
Sign in
Before you continue to Google
We use cookies and data to
Deliver and maintain Google services
Track outages and protect against spam, fraud, and abuse
Measure audience engagement and site statistics to understand how our services are used and enhance the quality of those services
If you choose to “Accept all,” we will also use cookies and data to
Develop and improve new services
Deliver and measure the effectiveness of ads
Show personalized content, depending on your settings
Show personalized ads, depending on your settings
If you choose to “Reject all,” we will not use cookies for these additional purposes.
Non-personalized content is influenced by things like the content you’re currently viewing, activity in your active Search session, and your location. Non-personalized ads are influenced by the content you’re currently viewing and your general location. Personalized content and ads can also include more relevant results, recommendations, and tailored ads based on past activity from this browser, like previous Google searches. We also use cookies and data to tailor the experience to be age-appropriate, if relevant.
Select “More options” to see additional information, including details about managing your privacy settings. You can also visit g.co/privacytools at any time.
Reject all
Accept all
More options
Privacy Policy
Terms of Service",https://news.google.com/rss/articles/CBMieEFVX3lxTE5UVmxJdThzYnY4MHU4elBPREpwSTNwWkE5aVYxeldsa1RZV1lPYkg2VThzU3oxOTF4TnYwWXoxOVpqWW5TbmdNRndvaTlzazVlUVlTSXNYeHVGSUlVNExwdmFSVnBFNE5ZZ28yVHZWLTFpcHZfSDdyRg?oc=5
2024-03-01,GOOGL,Google,Alphabet Faces ‘Clear and Present Danger’ of Falling Short in AI - Bloomberg.com,"EN
Sign in
Before you continue to Google
We use cookies and data to
Deliver and maintain Google services
Track outages and protect against spam, fraud, and abuse
Measure audience engagement and site statistics to understand how our services are used and enhance the quality of those services
If you choose to “Accept all,” we will also use cookies and data to
Develop and improve new services
Deliver and measure the effectiveness of ads
Show personalized content, depending on your settings
Show personalized ads, depending on your settings
If you choose to “Reject all,” we will not use cookies for these additional purposes.
Non-personalized content is influenced by things like the content you’re currently viewing, activity in your active Search session, and your location. Non-personalized ads are influenced by the content you’re currently viewing and your general location. Personalized content and ads can also include more relevant results, recommendations, and tailored ads based on past activity from this browser, like previous Google searches. We also use cookies and data to tailor the experience to be age-appropriate, if relevant.
Select “More options” to see additional information, including details about managing your privacy settings. You can also visit g.co/privacytools at any time.
Reject all
Accept all
More options
Privacy Policy
Terms of Service",https://news.google.com/rss/articles/CBMiswFBVV95cUxNLVVFYjVPS0xQbGV1TzNZcERIeXZZbTlkQ0ZINjAxWm00dkF3WXNvUkZxc0NjQTQySWs1VUVONFVxZm03VXRaaTJPNkp0LXZucS12cW5EaUVEWV84azRna0dkX0trSUtYd3FweERiX194dHB5U0FzR1U2cEltUWhhaDdFOVN1cGprbEpCX1o5YVdqanl4Vk5KU0NDRG1KaUYzZW8tSE5xVGFaSmNfMXB4VlpjSQ?oc=5
2024-03-01,GOOGL,Google,Google Faces a Real AI Threat in Search. Why It Might Be Time to Worry. - Barron's,"EN
Sign in
Before you continue to Google
We use cookies and data to
Deliver and maintain Google services
Track outages and protect against spam, fraud, and abuse
Measure audience engagement and site statistics to understand how our services are used and enhance the quality of those services
If you choose to “Accept all,” we will also use cookies and data to
Develop and improve new services
Deliver and measure the effectiveness of ads
Show personalized content, depending on your settings
Show personalized ads, depending on your settings
If you choose to “Reject all,” we will not use cookies for these additional purposes.
Non-personalized content is influenced by things like the content you’re currently viewing, activity in your active Search session, and your location. Non-personalized ads are influenced by the content you’re currently viewing and your general location. Personalized content and ads can also include more relevant results, recommendations, and tailored ads based on past activity from this browser, like previous Google searches. We also use cookies and data to tailor the experience to be age-appropriate, if relevant.
Select “More options” to see additional information, including details about managing your privacy settings. You can also visit g.co/privacytools at any time.
Reject all
Accept all
More options
Privacy Policy
Terms of Service",https://news.google.com/rss/articles/CBMiigFBVV95cUxPV04xSzZaMEFNeUduZTh0a2FQelZ6dTl3UXdvbndYM1R6YTZJSERrNnNOaENMSllzUDEtY2FKcEFOSElRTkFDdXIzLURXa0tINUN0TG11V0dWQU9uSm8wMll1OVJHWGQ1UFZLQUhzUm9GQmlTSjRpeUtQbldkYnBhMEhwcVBmNDJUNmc?oc=5
2024-03-18,GOOGL,Google,Alphabet shares up 4% on report Apple is in talks to license Gemini AI for iPhones - CNBC,"EN
Sign in
Before you continue to Google
We use cookies and data to
Deliver and maintain Google services
Track outages and protect against spam, fraud, and abuse
Measure audience engagement and site statistics to understand how our services are used and enhance the quality of those services
If you choose to “Accept all,” we will also use cookies and data to
Develop and improve new services
Deliver and measure the effectiveness of ads
Show personalized content, depending on your settings
Show personalized ads, depending on your settings
If you choose to “Reject all,” we will not use cookies for these additional purposes.
Non-personalized content is influenced by things like the content you’re currently viewing, activity in your active Search session, and your location. Non-personalized ads are influenced by the content you’re currently viewing and your general location. Personalized content and ads can also include more relevant results, recommendations, and tailored ads based on past activity from this browser, like previous Google searches. We also use cookies and data to tailor the experience to be age-appropriate, if relevant.
Select “More options” to see additional information, including details about managing your privacy settings. You can also visit g.co/privacytools at any time.
Reject all
Accept all
More options
Privacy Policy
Terms of Service",https://news.google.com/rss/articles/CBMiqAFBVV95cUxNT1ByYUR3MW5TbWdBWkozN3ZRcV9UR21wMFA2dC1MNFdnUVFhZ0ExSWRkT0lwcG94T1ZOY0tXWWJqTm5vUGpkbVloX203bk1ENzVZNm5lNTIxbTdyY05KNVd3b1dWOHJENmFiX19aMThBVlBzeUZOSzdlRjZjTWtScDNOWFNaMnNYVGtXejRfQmhobkszTXk1anZFWGdQLUlPRndlSHVoeXrSAa4BQVVfeXFMTWtEb3p2bTFjU3FXUkt1YzFHT2VPYkZFZWFwUE5zcVo0Y1Vvc0F0ODF0U3l6R3B0T3NZOVpHVVU1NHJTWEI2QWNsN0k3cmtpT3RjRmRINS1FNk5hZG9VSWxwVDM5NFRiS1FNVmxFSzl6bUkzZXBQUFV6VUZDVjJFZEZudENuZUNIYWRPN0VBUmJ6WXFlWkVhYmg2NElodHV1dDYwSXhiRGdPeFhUcld3?oc=5
2024-03-18,GOOGL,Google,"Top Stock Movers Now: Google Parent Alphabet, Tesla, Logitech, and More - Investopedia","EN
Sign in
Before you continue to Google
We use cookies and data to
Deliver and maintain Google services
Track outages and protect against spam, fraud, and abuse
Measure audience engagement and site statistics to understand how our services are used and enhance the quality of those services
If you choose to “Accept all,” we will also use cookies and data to
Develop and improve new services
Deliver and measure the effectiveness of ads
Show personalized content, depending on your settings
Show personalized ads, depending on your settings
If you choose to “Reject all,” we will not use cookies for these additional purposes.
Non-personalized content is influenced by things like the content you’re currently viewing, activity in your active Search session, and your location. Non-personalized ads are influenced by the content you’re currently viewing and your general location. Personalized content and ads can also include more relevant results, recommendations, and tailored ads based on past activity from this browser, like previous Google searches. We also use cookies and data to tailor the experience to be age-appropriate, if relevant.
Select “More options” to see additional information, including details about managing your privacy settings. You can also visit g.co/privacytools at any time.
Reject all
Accept all
More options
Privacy Policy
Terms of Service",https://news.google.com/rss/articles/CBMipwFBVV95cUxQb1JIM2xDTmpRV3ZEaHNXdzhzeGhuWTQ1S04yYktrWk94STdDOHFURW5XM3RMT3RORExSQ2pSMEhFS3ltTHBuLW9mYXdCQnkwQm9BVzJFNlJqX3RFUUVmSEZaNVFHclNWTUdjVHRaVDFkd1hyZ1Z6RUJGM29JN2tpMmFBNzh0T2VsSlJCYlBVMV9WUkpwVFBtMHVLTmhXZmpKcVltQzNrNA?oc=5
2024-03-04,GOOGL,Google,Here's Why It May Be Time To Sell Shares Of Google Stock - Investor's Business Daily,"EN
Sign in
Before you continue to Google
We use cookies and data to
Deliver and maintain Google services
Track outages and protect against spam, fraud, and abuse
Measure audience engagement and site statistics to understand how our services are used and enhance the quality of those services
If you choose to “Accept all,” we will also use cookies and data to
Develop and improve new services
Deliver and measure the effectiveness of ads
Show personalized content, depending on your settings
Show personalized ads, depending on your settings
If you choose to “Reject all,” we will not use cookies for these additional purposes.
Non-personalized content is influenced by things like the content you’re currently viewing, activity in your active Search session, and your location. Non-personalized ads are influenced by the content you’re currently viewing and your general location. Personalized content and ads can also include more relevant results, recommendations, and tailored ads based on past activity from this browser, like previous Google searches. We also use cookies and data to tailor the experience to be age-appropriate, if relevant.
Select “More options” to see additional information, including details about managing your privacy settings. You can also visit g.co/privacytools at any time.
Reject all
Accept all
More options
Privacy Policy
Terms of Service",https://news.google.com/rss/articles/CBMihAFBVV95cUxPdFpVQzNBdmp0OFdDNEJvRmZYdEdaT2hLNHhqTFRIa21MNEpxbzBRUFdtYzIzc2lQNFVVQ0d2N2tCczJ5NEtnNnlnSGZ2QXN3WkNVTHJVNXZkbGlETDAyWlRHOGpUcUFvM0NVN2s5TzRMUWVySm01VDNPa3ozQmRPUGFHZ1E?oc=5
2024-03-25,GOOGL,Google,7 Stocks That Could Be the Next Amazon or Google: March 2024 Edition - Yahoo Finance,"EN
Sign in
Before you continue to Google
We use cookies and data to
Deliver and maintain Google services
Track outages and protect against spam, fraud, and abuse
Measure audience engagement and site statistics to understand how our services are used and enhance the quality of those services
If you choose to “Accept all,” we will also use cookies and data to
Develop and improve new services
Deliver and measure the effectiveness of ads
Show personalized content, depending on your settings
Show personalized ads, depending on your settings
If you choose to “Reject all,” we will not use cookies for these additional purposes.
Non-personalized content is influenced by things like the content you’re currently viewing, activity in your active Search session, and your location. Non-personalized ads are influenced by the content you’re currently viewing and your general location. Personalized content and ads can also include more relevant results, recommendations, and tailored ads based on past activity from this browser, like previous Google searches. We also use cookies and data to tailor the experience to be age-appropriate, if relevant.
Select “More options” to see additional information, including details about managing your privacy settings. You can also visit g.co/privacytools at any time.
Reject all
Accept all
More options
Privacy Policy
Terms of Service",https://news.google.com/rss/articles/CBMifEFVX3lxTE96VGVkMFNreXU1ODFCZHM1blktbEI2a2NJTVhzZU1hNUx5RHFmS1N4SEl5RDRMNEpNVXF6MmpoQVBxSUtLdlhCelRDRUxNa29IMXF2dEtUZDFjSGVyYzFySzBVX0xMcG9lbVp1SmpyODNaQ0dtNF9kUTcxeWY?oc=5
2024-03-14,GOOGL,Google,Where Will Alphabet Stock Be in 5 Years? - The Motley Fool,"EN
Sign in
Before you continue to Google
We use cookies and data to
Deliver and maintain Google services
Track outages and protect against spam, fraud, and abuse
Measure audience engagement and site statistics to understand how our services are used and enhance the quality of those services
If you choose to “Accept all,” we will also use cookies and data to
Develop and improve new services
Deliver and measure the effectiveness of ads
Show personalized content, depending on your settings
Show personalized ads, depending on your settings
If you choose to “Reject all,” we will not use cookies for these additional purposes.
Non-personalized content is influenced by things like the content you’re currently viewing, activity in your active Search session, and your location. Non-personalized ads are influenced by the content you’re currently viewing and your general location. Personalized content and ads can also include more relevant results, recommendations, and tailored ads based on past activity from this browser, like previous Google searches. We also use cookies and data to tailor the experience to be age-appropriate, if relevant.
Select “More options” to see additional information, including details about managing your privacy settings. You can also visit g.co/privacytools at any time.
Reject all
Accept all
More options
Privacy Policy
Terms of Service",https://news.google.com/rss/articles/CBMiigFBVV95cUxNcmtfeWFNU2gydDlIR0RaelNqTGlxYnl2YVpkVUxkUjNpa2t1RUhjU1ZkTzZ0aElwdC1SbEF0OEhSOWdaT1Q1c0xJclZqaElITXZzbGNvNHp0Sl9ZaDN1QTk2T202T0FQXzRZZWpFb3FFczRicGpCaEJGLUxmSGRYX2xYeVRzeTdfQmc?oc=5
2024-03-15,GOOGL,Google,Alphabet vs. Tesla: Which is the Best Magnificent 7 Stock to Buy Now? - Nasdaq,"EN
Sign in
Before you continue to Google
We use cookies and data to
Deliver and maintain Google services
Track outages and protect against spam, fraud, and abuse
Measure audience engagement and site statistics to understand how our services are used and enhance the quality of those services
If you choose to “Accept all,” we will also use cookies and data to
Develop and improve new services
Deliver and measure the effectiveness of ads
Show personalized content, depending on your settings
Show personalized ads, depending on your settings
If you choose to “Reject all,” we will not use cookies for these additional purposes.
Non-personalized content is influenced by things like the content you’re currently viewing, activity in your active Search session, and your location. Non-personalized ads are influenced by the content you’re currently viewing and your general location. Personalized content and ads can also include more relevant results, recommendations, and tailored ads based on past activity from this browser, like previous Google searches. We also use cookies and data to tailor the experience to be age-appropriate, if relevant.
Select “More options” to see additional information, including details about managing your privacy settings. You can also visit g.co/privacytools at any time.
Reject all
Accept all
More options
Privacy Policy
Terms of Service",https://news.google.com/rss/articles/CBMiogFBVV95cUxOZ051VGxfVXNDMmQ5UGdnQ1dHMnhqLUdqS0pDNmxTT1Jub1NJSWhST1FsTFJGVlZRMGxGUjdMeVlsUUVLLVRDdEpIblpma1JMNGl0RnZpZmx4OUpTdVoteGNyT01IX0FDZDZhX0k2QkNfbnlWYzhJTzRxaTkweW9tZXF5emZXQ3NxUmV2dmUzSW1UQjdMbmhHN25QbFZuRTlFRUE?oc=5
2024-03-18,GOOGL,Google,Google Flashes Buy Signal On Report iPhone Could Use Gemini AI - Investor's Business Daily,"EN
Sign in
Before you continue to Google
We use cookies and data to
Deliver and maintain Google services
Track outages and protect against spam, fraud, and abuse
Measure audience engagement and site statistics to understand how our services are used and enhance the quality of those services
If you choose to “Accept all,” we will also use cookies and data to
Develop and improve new services
Deliver and measure the effectiveness of ads
Show personalized content, depending on your settings
Show personalized ads, depending on your settings
If you choose to “Reject all,” we will not use cookies for these additional purposes.
Non-personalized content is influenced by things like the content you’re currently viewing, activity in your active Search session, and your location. Non-personalized ads are influenced by the content you’re currently viewing and your general location. Personalized content and ads can also include more relevant results, recommendations, and tailored ads based on past activity from this browser, like previous Google searches. We also use cookies and data to tailor the experience to be age-appropriate, if relevant.
Select “More options” to see additional information, including details about managing your privacy settings. You can also visit g.co/privacytools at any time.
Reject all
Accept all
More options
Privacy Policy
Terms of Service",https://news.google.com/rss/articles/CBMikgFBVV95cUxNSEgwYnJWdk9fZjZtbDdZVE03TkJqb2VsTWxkc2xZVlk1dndTeDZwS2hJZDUxTlVxUlRORUY0YXBod3ZVWXZMbzZYdlNTRkRBU1hvNGpFZloxNzNRSGNoTi13OVQzb0MzYUZSejFSM0NvbmptcW5leEtpS1VZX0J1US04dFdOdm5qeFF5NkRJVlNrZw?oc=5
2024-03-19,GOOGL,Google,Alphabet Stock Up 73% From Early 2023; Profits Soaring - Investor's Business Daily,"EN
Sign in
Before you continue to Google
We use cookies and data to
Deliver and maintain Google services
Track outages and protect against spam, fraud, and abuse
Measure audience engagement and site statistics to understand how our services are used and enhance the quality of those services
If you choose to “Accept all,” we will also use cookies and data to
Develop and improve new services
Deliver and measure the effectiveness of ads
Show personalized content, depending on your settings
Show personalized ads, depending on your settings
If you choose to “Reject all,” we will not use cookies for these additional purposes.
Non-personalized content is influenced by things like the content you’re currently viewing, activity in your active Search session, and your location. Non-personalized ads are influenced by the content you’re currently viewing and your general location. Personalized content and ads can also include more relevant results, recommendations, and tailored ads based on past activity from this browser, like previous Google searches. We also use cookies and data to tailor the experience to be age-appropriate, if relevant.
Select “More options” to see additional information, including details about managing your privacy settings. You can also visit g.co/privacytools at any time.
Reject all
Accept all
More options
Privacy Policy
Terms of Service",https://news.google.com/rss/articles/CBMitgFBVV95cUxPc3lmTU02RE96SG1ONWtrNVpkVnNTWWRKOGI3UTlVTTFaWklibmtqaThhM1Z4MGlLNW9RYWpZajFZd0tfZERraG5nenhXNVJaOUhJT3A2dnhXTXdFbmpta1lQcl9wR0stWm1IVmotV2V4aEVtYmZjOHZMZHRCZ0xIdHAtTmVsMjNLckZxMElqcXM4SVl0eXBiUmR3Q1hwd0diNzl4OFdWQ1oyWEZfUE5yT3FMOVdRZw?oc=5
2024-04-25,GOOGL,Google,Google surges after buying back billions of dollars of its own stock - CNN,"EN
Sign in
Before you continue to Google
We use cookies and data to
Deliver and maintain Google services
Track outages and protect against spam, fraud, and abuse
Measure audience engagement and site statistics to understand how our services are used and enhance the quality of those services
If you choose to “Accept all,” we will also use cookies and data to
Develop and improve new services
Deliver and measure the effectiveness of ads
Show personalized content, depending on your settings
Show personalized ads, depending on your settings
If you choose to “Reject all,” we will not use cookies for these additional purposes.
Non-personalized content is influenced by things like the content you’re currently viewing, activity in your active Search session, and your location. Non-personalized ads are influenced by the content you’re currently viewing and your general location. Personalized content and ads can also include more relevant results, recommendations, and tailored ads based on past activity from this browser, like previous Google searches. We also use cookies and data to tailor the experience to be age-appropriate, if relevant.
Select “More options” to see additional information, including details about managing your privacy settings. You can also visit g.co/privacytools at any time.
Reject all
Accept all
More options
Privacy Policy
Terms of Service",https://news.google.com/rss/articles/CBMiggFBVV95cUxQaFh3eFhONC1HMjMwWTA0V1d3cmVaWU1RQzFrcElZdURjZy1KUWY1cmJ4RFdmekJqSDdNdG1zcWo0QUFsYVFKUlBVZlNITXZUSnR1UHpRdllMS05DanljM1hYMWx6N2ZsVHVNSHNaVWltNkpDbmEyWjVXSjdWM3dBeFdR0gF4QVVfeXFMTmVfUzZtdWxPMEdmeDRLTEtvbUUxTmo3VXJXV29VTnBZSmltcGlLbW1CUnl4UklRX0l3cWVTelRNMzQ3ZmJRb1JJbTZvdm9waGRPekhMTXZEdU1mVVZHaGJVSURSRTNhdDZodHFlM0t0SG13cFFEMTZL?oc=5
2024-04-25,GOOGL,Google,Own some Google stock? Look forward to a dividend check - The Seattle Times,"EN
Sign in
Before you continue to Google
We use cookies and data to
Deliver and maintain Google services
Track outages and protect against spam, fraud, and abuse
Measure audience engagement and site statistics to understand how our services are used and enhance the quality of those services
If you choose to “Accept all,” we will also use cookies and data to
Develop and improve new services
Deliver and measure the effectiveness of ads
Show personalized content, depending on your settings
Show personalized ads, depending on your settings
If you choose to “Reject all,” we will not use cookies for these additional purposes.
Non-personalized content is influenced by things like the content you’re currently viewing, activity in your active Search session, and your location. Non-personalized ads are influenced by the content you’re currently viewing and your general location. Personalized content and ads can also include more relevant results, recommendations, and tailored ads based on past activity from this browser, like previous Google searches. We also use cookies and data to tailor the experience to be age-appropriate, if relevant.
Select “More options” to see additional information, including details about managing your privacy settings. You can also visit g.co/privacytools at any time.
Reject all
Accept all
More options
Privacy Policy
Terms of Service",https://news.google.com/rss/articles/CBMiwwFBVV95cUxQaDFaNDNLc1E3ZG5kYUZ3MDZRSkxubTJmVXJNc3dEUVFHWE9IT2VWNTF2dGxfdEZOc0ItRnowWTFxVDdGTEZ0MXRMWFpBY2hHdjlKekYyUlNxS2JwUUVNbDdsa29MaDVuY2lYNm13U2l1ZURlcjB2clFrMURUYnl5M1ZUd3VBV2dTbGxqaWxTUEVYd3BNcGVkUndqa2RCUzdOSm9WYm5aWGFXaTZ5dFB1dC1UVVMwU25QR3BGZmoyN3RRajQ?oc=5
2024-04-04,GOOGL,Google,Why Google Stock Is Down Today On New AI Worries - Investor's Business Daily,"EN
Sign in
Before you continue to Google
We use cookies and data to
Deliver and maintain Google services
Track outages and protect against spam, fraud, and abuse
Measure audience engagement and site statistics to understand how our services are used and enhance the quality of those services
If you choose to “Accept all,” we will also use cookies and data to
Develop and improve new services
Deliver and measure the effectiveness of ads
Show personalized content, depending on your settings
Show personalized ads, depending on your settings
If you choose to “Reject all,” we will not use cookies for these additional purposes.
Non-personalized content is influenced by things like the content you’re currently viewing, activity in your active Search session, and your location. Non-personalized ads are influenced by the content you’re currently viewing and your general location. Personalized content and ads can also include more relevant results, recommendations, and tailored ads based on past activity from this browser, like previous Google searches. We also use cookies and data to tailor the experience to be age-appropriate, if relevant.
Select “More options” to see additional information, including details about managing your privacy settings. You can also visit g.co/privacytools at any time.
Reject all
Accept all
More options
Privacy Policy
Terms of Service",https://news.google.com/rss/articles/CBMilgFBVV95cUxQMjVvZ0pjd0tOd0UwM0l5UXpFNll3Umd4b2VYUjItbkFaa3BjX2szZ0xhWURacXpJRm5mLUdiX1Z3QnVvLVhjeG05Nm51MHcyV1BhM0NYQjJHVFBmVmhQUkxhWHpuSzU3LXNGa2ZPLUpaTXlGaVdOT19Tb2JjLVFqMXZDRnM2djRsZ3ZHWFp5VzdJZVRDSXc?oc=5
2024-04-25,GOOGL,Google,"Google Parent Alphabet Jumps on Earnings Beat, First-Ever Dividend - Investopedia","EN
Sign in
Before you continue to Google
We use cookies and data to
Deliver and maintain Google services
Track outages and protect against spam, fraud, and abuse
Measure audience engagement and site statistics to understand how our services are used and enhance the quality of those services
If you choose to “Accept all,” we will also use cookies and data to
Develop and improve new services
Deliver and measure the effectiveness of ads
Show personalized content, depending on your settings
Show personalized ads, depending on your settings
If you choose to “Reject all,” we will not use cookies for these additional purposes.
Non-personalized content is influenced by things like the content you’re currently viewing, activity in your active Search session, and your location. Non-personalized ads are influenced by the content you’re currently viewing and your general location. Personalized content and ads can also include more relevant results, recommendations, and tailored ads based on past activity from this browser, like previous Google searches. We also use cookies and data to tailor the experience to be age-appropriate, if relevant.
Select “More options” to see additional information, including details about managing your privacy settings. You can also visit g.co/privacytools at any time.
Reject all
Accept all
More options
Privacy Policy
Terms of Service",https://news.google.com/rss/articles/CBMib0FVX3lxTE5ZLXRycWRoNHpUNzQ1WVJ0dXhuM0NGZklWX2NBX2U5M09HTGRKdEVueTE5TndlT2ZUaTVyYlFnX1YtZUdteWtaR3E2Qk1tSUlQQmJEbVFGZlBwTC1jbkUwaWJSclpGRUZlUzJnSHEtaw?oc=5
2024-04-25,GOOGL,Google,"Alphabet issues first ever dividend, $70 billion buyback - NBC News","EN
Sign in
Before you continue to Google
We use cookies and data to
Deliver and maintain Google services
Track outages and protect against spam, fraud, and abuse
Measure audience engagement and site statistics to understand how our services are used and enhance the quality of those services
If you choose to “Accept all,” we will also use cookies and data to
Develop and improve new services
Deliver and measure the effectiveness of ads
Show personalized content, depending on your settings
Show personalized ads, depending on your settings
If you choose to “Reject all,” we will not use cookies for these additional purposes.
Non-personalized content is influenced by things like the content you’re currently viewing, activity in your active Search session, and your location. Non-personalized ads are influenced by the content you’re currently viewing and your general location. Personalized content and ads can also include more relevant results, recommendations, and tailored ads based on past activity from this browser, like previous Google searches. We also use cookies and data to tailor the experience to be age-appropriate, if relevant.
Select “More options” to see additional information, including details about managing your privacy settings. You can also visit g.co/privacytools at any time.
Reject all
Accept all
More options
Privacy Policy
Terms of Service",https://news.google.com/rss/articles/CBMipwFBVV95cUxPdEVxLXNNU3UweVJUU3JjeWZxSTRMVlVIRFNUYkNyM04zcUYtYlpiWElOWDdnVVZNbWd2R1VzbVJ0N1o5WmtrX1F6Tnk5NGxnUmlZUUFmajlLRXJubnFUSVdfVXRPM3luWVI5Z1VhX1V1cDJVSjAtd09nWkFLYm1ZSDl5N1FCWGVCM00zY1ZYS2h6ME9vTkZ2M3ZzNnZ1TlNXajFkQzJ5TdIBVkFVX3lxTE83RkFqVTJRVkQwTENWb3FRRXIyc3BnbjBRTkxybFRUWU1TaGFQUF9nN2QtLTNUVXF0VE9aUmNoX3BQVEVIYTIxNGdnU0JNMnZWdlRhaDdR?oc=5
2024-04-09,GOOGL,Google,Google Stock Hits All-Time High With $2 Trillion Valuation In Sight - Forbes,"EN
Sign in
Before you continue to Google
We use cookies and data to
Deliver and maintain Google services
Track outages and protect against spam, fraud, and abuse
Measure audience engagement and site statistics to understand how our services are used and enhance the quality of those services
If you choose to “Accept all,” we will also use cookies and data to
Develop and improve new services
Deliver and measure the effectiveness of ads
Show personalized content, depending on your settings
Show personalized ads, depending on your settings
If you choose to “Reject all,” we will not use cookies for these additional purposes.
Non-personalized content is influenced by things like the content you’re currently viewing, activity in your active Search session, and your location. Non-personalized ads are influenced by the content you’re currently viewing and your general location. Personalized content and ads can also include more relevant results, recommendations, and tailored ads based on past activity from this browser, like previous Google searches. We also use cookies and data to tailor the experience to be age-appropriate, if relevant.
Select “More options” to see additional information, including details about managing your privacy settings. You can also visit g.co/privacytools at any time.
Reject all
Accept all
More options
Privacy Policy
Terms of Service",https://news.google.com/rss/articles/CBMiuAFBVV95cUxQSXhuNTlkWEhmTkg2UGEzaEtNLVQwSk1EUS14cVpIcnpLb0J4NEdZR2p1SEpycGxBTUZ5dk1QbGRkVmdJcWN1X0M1NVgwdEZKenFKM184anQ1UzcyX0xLMHBJVDVpTG1IZXd2NUtjaWVoVDNmVjZnb3FTdjlaSUl6Vk8tWXV5OTdaNkRBTHJSZjVlSlE4UVZpcDJtWk5mVlkzcEQ5Y0hzWFVfeWNvSDUxZ3JVVEQyOXVX?oc=5
2024-04-09,GOOGL,Google,Looking for the Next Google? Buy These 7 Tech Penny Stocks - Yahoo Finance,"EN
Sign in
Before you continue to Google
We use cookies and data to
Deliver and maintain Google services
Track outages and protect against spam, fraud, and abuse
Measure audience engagement and site statistics to understand how our services are used and enhance the quality of those services
If you choose to “Accept all,” we will also use cookies and data to
Develop and improve new services
Deliver and measure the effectiveness of ads
Show personalized content, depending on your settings
Show personalized ads, depending on your settings
If you choose to “Reject all,” we will not use cookies for these additional purposes.
Non-personalized content is influenced by things like the content you’re currently viewing, activity in your active Search session, and your location. Non-personalized ads are influenced by the content you’re currently viewing and your general location. Personalized content and ads can also include more relevant results, recommendations, and tailored ads based on past activity from this browser, like previous Google searches. We also use cookies and data to tailor the experience to be age-appropriate, if relevant.
Select “More options” to see additional information, including details about managing your privacy settings. You can also visit g.co/privacytools at any time.
Reject all
Accept all
More options
Privacy Policy
Terms of Service",https://news.google.com/rss/articles/CBMie0FVX3lxTE1peTR2VW9ib0h3RFNxdTExbnBRV1JFVW1ERnhZbGtzbzZOQ1NZWHZuWEE4UGFudGlYNVNFTEdYQVBIaG9Wd01rS05PbWU2UU5FZEJzMHhtTjdUWnZRQ0xfeFdzTkRVNTUwazJ6NUJBT19fZHE0eWIxRGdPRQ?oc=5
2024-04-25,GOOGL,Google,"Google parent announces first-ever dividend; beats on sales, profit; shares soar - Reuters","EN
Sign in
Before you continue to Google
We use cookies and data to
Deliver and maintain Google services
Track outages and protect against spam, fraud, and abuse
Measure audience engagement and site statistics to understand how our services are used and enhance the quality of those services
If you choose to “Accept all,” we will also use cookies and data to
Develop and improve new services
Deliver and measure the effectiveness of ads
Show personalized content, depending on your settings
Show personalized ads, depending on your settings
If you choose to “Reject all,” we will not use cookies for these additional purposes.
Non-personalized content is influenced by things like the content you’re currently viewing, activity in your active Search session, and your location. Non-personalized ads are influenced by the content you’re currently viewing and your general location. Personalized content and ads can also include more relevant results, recommendations, and tailored ads based on past activity from this browser, like previous Google searches. We also use cookies and data to tailor the experience to be age-appropriate, if relevant.
Select “More options” to see additional information, including details about managing your privacy settings. You can also visit g.co/privacytools at any time.
Reject all
Accept all
More options
Privacy Policy
Terms of Service",https://news.google.com/rss/articles/CBMiuAFBVV95cUxNUzdHNnh2VUw5d1EzZmNhbWxhZzdkY2lSQWN3a1dDVFlTRFZSYVJza0hhNDV4T01jSVg2RmhIU29rZG90dnJ2YmdqV1VJS1lpZUxSOVlGeWk4TUY3Tl85ZHlSaHBMQVRDLUVpa3RoMWxUUWxQMXRCa0hvU1lNYmhPV09NV2xvelktQlZ3Zk9UUWhIVkNVTm1iQzZXS2N5ZDh4SzV4UFJZZE8tb2hBcDh4N0NpUGZvSnBP?oc=5
2024-04-29,GOOGL,Google,"Alphabet, Now a $2 Trillion Company, Will Start Paying Dividends to Shareholders - money.com","EN
Sign in
Before you continue to Google
We use cookies and data to
Deliver and maintain Google services
Track outages and protect against spam, fraud, and abuse
Measure audience engagement and site statistics to understand how our services are used and enhance the quality of those services
If you choose to “Accept all,” we will also use cookies and data to
Develop and improve new services
Deliver and measure the effectiveness of ads
Show personalized content, depending on your settings
Show personalized ads, depending on your settings
If you choose to “Reject all,” we will not use cookies for these additional purposes.
Non-personalized content is influenced by things like the content you’re currently viewing, activity in your active Search session, and your location. Non-personalized ads are influenced by the content you’re currently viewing and your general location. Personalized content and ads can also include more relevant results, recommendations, and tailored ads based on past activity from this browser, like previous Google searches. We also use cookies and data to tailor the experience to be age-appropriate, if relevant.
Select “More options” to see additional information, including details about managing your privacy settings. You can also visit g.co/privacytools at any time.
Reject all
Accept all
More options
Privacy Policy
Terms of Service",https://news.google.com/rss/articles/CBMicEFVX3lxTE4tX0ZpZ05jY05hTzFqcVJRcVN1YUFqRVE2bXBzZjNNTWFnSzV2Wk00aHhhX2R2azdHRXFjVm1PSUcyX3BrQmFwUXFPQkNEUkJFV0kxSEtPWUNMTjBkMnA3Sy1GY1cxc1FlbjVaUDl4UlXSAXxBVV95cUxNY3BhR203dGVaQ1FmekU0Mk9EdVlkaDdqeWVveWhjLW1UeERaSmNWOXhpdjExSHFTRUMzeDVMbW9QQzBOOGhnNmhvM2E2RmtCZmxHMWZpSnhid1Jub3ZTNXNuRDhNZktXcjJjT05WNHhwSHJFWXJjUjhBNW5V?oc=5
2024-04-01,GOOGL,Google,Alphabet Stock Is in Line for Record Close. Google Is Erasing Private Browsing Data. - Barron's,"EN
Sign in
Before you continue to Google
We use cookies and data to
Deliver and maintain Google services
Track outages and protect against spam, fraud, and abuse
Measure audience engagement and site statistics to understand how our services are used and enhance the quality of those services
If you choose to “Accept all,” we will also use cookies and data to
Develop and improve new services
Deliver and measure the effectiveness of ads
Show personalized content, depending on your settings
Show personalized ads, depending on your settings
If you choose to “Reject all,” we will not use cookies for these additional purposes.
Non-personalized content is influenced by things like the content you’re currently viewing, activity in your active Search session, and your location. Non-personalized ads are influenced by the content you’re currently viewing and your general location. Personalized content and ads can also include more relevant results, recommendations, and tailored ads based on past activity from this browser, like previous Google searches. We also use cookies and data to tailor the experience to be age-appropriate, if relevant.
Select “More options” to see additional information, including details about managing your privacy settings. You can also visit g.co/privacytools at any time.
Reject all
Accept all
More options
Privacy Policy
Terms of Service",https://news.google.com/rss/articles/CBMihwFBVV95cUxQbnBVUWJYU2ZhZnlIbnBJQzR6eWJQYWVwYWVsOTl3WXVCZGVONWlRdUpSYTBOVFh1TWdaOThwaXVmcHc2U0cxSW1lMi1uWVVGenZSR0RRR3RhVnVoTU5LRFNlLXFSVl9NUDBGMWVQM0ViOWZqWGRJMHYybHdPS2RmRG5JVkJlbTg?oc=5
2024-04-01,GOOGL,Google,"As Alphabet CFO Search Drags On, Google Stock Underperforms Meta, Amazon, Microsoft - Investor's Business Daily","EN
Sign in
Before you continue to Google
We use cookies and data to
Deliver and maintain Google services
Track outages and protect against spam, fraud, and abuse
Measure audience engagement and site statistics to understand how our services are used and enhance the quality of those services
If you choose to “Accept all,” we will also use cookies and data to
Develop and improve new services
Deliver and measure the effectiveness of ads
Show personalized content, depending on your settings
Show personalized ads, depending on your settings
If you choose to “Reject all,” we will not use cookies for these additional purposes.
Non-personalized content is influenced by things like the content you’re currently viewing, activity in your active Search session, and your location. Non-personalized ads are influenced by the content you’re currently viewing and your general location. Personalized content and ads can also include more relevant results, recommendations, and tailored ads based on past activity from this browser, like previous Google searches. We also use cookies and data to tailor the experience to be age-appropriate, if relevant.
Select “More options” to see additional information, including details about managing your privacy settings. You can also visit g.co/privacytools at any time.
Reject all
Accept all
More options
Privacy Policy
Terms of Service",https://news.google.com/rss/articles/CBMiowFBVV95cUxQUnNmczNSSVZXWWYweF96eFhabVBRSDY2UFdBMVhDME9RTTdpdW9HRG5GV2Z2YUlrbE1rd1lDN2lFeVhZcDhnOVk3S1Z1V0ItN0l2Z3VneXFjMFBHVnBTaVFuU0lpd052QWhBU3hkVHJSRW9idmJGUFluZUJlMUozQjZ1UGhMWU5GQV84UjZSbi1XN0VNMmJYTU9VQW5zdmV2dWln?oc=5
2024-04-12,GOOGL,Google,Microsoft vs. Google: Which Tech Stock Is the Better Buy for Investors? - Yahoo Finance,"EN
Sign in
Before you continue to Google
We use cookies and data to
Deliver and maintain Google services
Track outages and protect against spam, fraud, and abuse
Measure audience engagement and site statistics to understand how our services are used and enhance the quality of those services
If you choose to “Accept all,” we will also use cookies and data to
Develop and improve new services
Deliver and measure the effectiveness of ads
Show personalized content, depending on your settings
Show personalized ads, depending on your settings
If you choose to “Reject all,” we will not use cookies for these additional purposes.
Non-personalized content is influenced by things like the content you’re currently viewing, activity in your active Search session, and your location. Non-personalized ads are influenced by the content you’re currently viewing and your general location. Personalized content and ads can also include more relevant results, recommendations, and tailored ads based on past activity from this browser, like previous Google searches. We also use cookies and data to tailor the experience to be age-appropriate, if relevant.
Select “More options” to see additional information, including details about managing your privacy settings. You can also visit g.co/privacytools at any time.
Reject all
Accept all
More options
Privacy Policy
Terms of Service",https://news.google.com/rss/articles/CBMiggFBVV95cUxQdTA5dEJ0YXpfWE5DR0U2VnZOOVI5b19KbWZPdEltUmc2b3hrMWVZc3JoVkUxczRpR252UlBmcU85YUYwODE1cHozMFpuWGhlR1lQS1FSNFA2V2YwNmF1Q3ZabHA4em5sSnp1QTZjQV9YVzRhSnVOX1BZY1lweTVuQm53?oc=5
2024-04-25,GOOGL,Google,Why Alphabet Stock Looks Poised For a Price Record On Friday - Investopedia,"EN
Sign in
Before you continue to Google
We use cookies and data to
Deliver and maintain Google services
Track outages and protect against spam, fraud, and abuse
Measure audience engagement and site statistics to understand how our services are used and enhance the quality of those services
If you choose to “Accept all,” we will also use cookies and data to
Develop and improve new services
Deliver and measure the effectiveness of ads
Show personalized content, depending on your settings
Show personalized ads, depending on your settings
If you choose to “Reject all,” we will not use cookies for these additional purposes.
Non-personalized content is influenced by things like the content you’re currently viewing, activity in your active Search session, and your location. Non-personalized ads are influenced by the content you’re currently viewing and your general location. Personalized content and ads can also include more relevant results, recommendations, and tailored ads based on past activity from this browser, like previous Google searches. We also use cookies and data to tailor the experience to be age-appropriate, if relevant.
Select “More options” to see additional information, including details about managing your privacy settings. You can also visit g.co/privacytools at any time.
Reject all
Accept all
More options
Privacy Policy
Terms of Service",https://news.google.com/rss/articles/CBMingFBVV95cUxPOWZTczh4RzB2T01OX0J4S25MRFUwOWRCaFlBd3Z6YUJ5OEM3UEtYaTF6blc4M19zYVNUQ1BoWFN0YThDZXVwbE9hcVAwd0g4cjFBcTdRRGhMQjRDVXhsMHZZUEdRQnhKcVl5V3hKR1p3QkltNmdzTmZqV2poX25MQmVfa21HeXdqTVE3VXVqWHN5MHcyZDVfX0l1bktXZw?oc=5
2024-04-25,GOOGL,Google,Google Soars Toward Record $2 Trillion Valuation On Earnings - Forbes,"EN
Sign in
Before you continue to Google
We use cookies and data to
Deliver and maintain Google services
Track outages and protect against spam, fraud, and abuse
Measure audience engagement and site statistics to understand how our services are used and enhance the quality of those services
If you choose to “Accept all,” we will also use cookies and data to
Develop and improve new services
Deliver and measure the effectiveness of ads
Show personalized content, depending on your settings
Show personalized ads, depending on your settings
If you choose to “Reject all,” we will not use cookies for these additional purposes.
Non-personalized content is influenced by things like the content you’re currently viewing, activity in your active Search session, and your location. Non-personalized ads are influenced by the content you’re currently viewing and your general location. Personalized content and ads can also include more relevant results, recommendations, and tailored ads based on past activity from this browser, like previous Google searches. We also use cookies and data to tailor the experience to be age-appropriate, if relevant.
Select “More options” to see additional information, including details about managing your privacy settings. You can also visit g.co/privacytools at any time.
Reject all
Accept all
More options
Privacy Policy
Terms of Service",https://news.google.com/rss/articles/CBMirwFBVV95cUxPaHNzaDNyaVFReTBhajJlYjF5Y2NyWjRWX0FseUxqMXBPSzBDa2lqT2hoVkVPWllRM1lEejVvdkEteFBhR1AtTG9VSFprWUpCcHJCLXZYNXNoTDc2VEt6X2RHUmZjaW5kSUhkZTM1RlZiR1g4UE15eU16VnRydjRwTVVEeE1uSG9SZjZVcDFScjZDUmZkaVVKSmVCeURNeVdGUVFmcnVtYzVTRVd3NE1J?oc=5
2024-04-26,GOOGL,Google,Alphabet Closes Above $2 Trillion Market Cap for the First Time - Barron's,"EN
Sign in
Before you continue to Google
We use cookies and data to
Deliver and maintain Google services
Track outages and protect against spam, fraud, and abuse
Measure audience engagement and site statistics to understand how our services are used and enhance the quality of those services
If you choose to “Accept all,” we will also use cookies and data to
Develop and improve new services
Deliver and measure the effectiveness of ads
Show personalized content, depending on your settings
Show personalized ads, depending on your settings
If you choose to “Reject all,” we will not use cookies for these additional purposes.
Non-personalized content is influenced by things like the content you’re currently viewing, activity in your active Search session, and your location. Non-personalized ads are influenced by the content you’re currently viewing and your general location. Personalized content and ads can also include more relevant results, recommendations, and tailored ads based on past activity from this browser, like previous Google searches. We also use cookies and data to tailor the experience to be age-appropriate, if relevant.
Select “More options” to see additional information, including details about managing your privacy settings. You can also visit g.co/privacytools at any time.
Reject all
Accept all
More options
Privacy Policy
Terms of Service",https://news.google.com/rss/articles/CBMiigFBVV95cUxNMWVYdUV0c3hIdnM0enFwZ3QxcUFJQWg1UnkyV3RSa1dQeE1ZV1ZIQkZBM05kRjY2WEVZb205VmhJdFR4N054UTB0aElCUzVXTDVOWlMzN3o3Wk5kd1c5dXFnUmhrNnJ2OFI2QjRkVGZyclh4N2xwUS1hWnNlQ3FSTDU4MzFUaW9HcVE?oc=5
2024-04-26,GOOGL,Google,"Google Stock Jumps On Earnings Beat, Dividend, New AI 'Narrative' - Investor's Business Daily","EN
Sign in
Before you continue to Google
We use cookies and data to
Deliver and maintain Google services
Track outages and protect against spam, fraud, and abuse
Measure audience engagement and site statistics to understand how our services are used and enhance the quality of those services
If you choose to “Accept all,” we will also use cookies and data to
Develop and improve new services
Deliver and measure the effectiveness of ads
Show personalized content, depending on your settings
Show personalized ads, depending on your settings
If you choose to “Reject all,” we will not use cookies for these additional purposes.
Non-personalized content is influenced by things like the content you’re currently viewing, activity in your active Search session, and your location. Non-personalized ads are influenced by the content you’re currently viewing and your general location. Personalized content and ads can also include more relevant results, recommendations, and tailored ads based on past activity from this browser, like previous Google searches. We also use cookies and data to tailor the experience to be age-appropriate, if relevant.
Select “More options” to see additional information, including details about managing your privacy settings. You can also visit g.co/privacytools at any time.
Reject all
Accept all
More options
Privacy Policy
Terms of Service",https://news.google.com/rss/articles/CBMiiwFBVV95cUxNb2hPbW9LcElOQjlJMVdzbXFjdnV4MWRSVENfVVNlRjRoUUdxMVMwOHJlUWVWZ2ZhQ3FYbWhoMllSQkF5Rk9pMzlDM19QTG1rRHZleXNoaU9WQVhLV2ZxNXBaQWFLT3RTbzBUeks0QTlnRjNXVTZTN0lhSHZQSmVQVUdfZ1JTWnFhMlc4?oc=5
2024-04-29,GOOGL,Google,"Top Stock Movers Now: Tesla, Apple, Google Parent Alphabet, and More - Investopedia","EN
Sign in
Before you continue to Google
We use cookies and data to
Deliver and maintain Google services
Track outages and protect against spam, fraud, and abuse
Measure audience engagement and site statistics to understand how our services are used and enhance the quality of those services
If you choose to “Accept all,” we will also use cookies and data to
Develop and improve new services
Deliver and measure the effectiveness of ads
Show personalized content, depending on your settings
Show personalized ads, depending on your settings
If you choose to “Reject all,” we will not use cookies for these additional purposes.
Non-personalized content is influenced by things like the content you’re currently viewing, activity in your active Search session, and your location. Non-personalized ads are influenced by the content you’re currently viewing and your general location. Personalized content and ads can also include more relevant results, recommendations, and tailored ads based on past activity from this browser, like previous Google searches. We also use cookies and data to tailor the experience to be age-appropriate, if relevant.
Select “More options” to see additional information, including details about managing your privacy settings. You can also visit g.co/privacytools at any time.
Reject all
Accept all
More options
Privacy Policy
Terms of Service",https://news.google.com/rss/articles/CBMiowFBVV95cUxOeWVEc3R4cm5FNjdnVlhFd0l6bGhvWkR0ajUtTE9pd0FfRmQ4aFdlVTdRdDZ6bUtSa0prY0YzV3F0UFJvekxsM0RwN2JFc1NZbVFqVHdnUGZUSEkwSWpKMEJEVWE0QVdSeF9vTXJnbzVVeHZsMEdTUXppQ003NWthOW5sTWJfNEdTOE9qQk1qdkMxckdhZ2VNa2lrYlJHMVBPcUpZ?oc=5
2024-04-09,GOOGL,Google,"Google Cloud, AI Event Kicks Off With Expanded Palo Alto Pact - Investor's Business Daily","EN
Sign in
Before you continue to Google
We use cookies and data to
Deliver and maintain Google services
Track outages and protect against spam, fraud, and abuse
Measure audience engagement and site statistics to understand how our services are used and enhance the quality of those services
If you choose to “Accept all,” we will also use cookies and data to
Develop and improve new services
Deliver and measure the effectiveness of ads
Show personalized content, depending on your settings
Show personalized ads, depending on your settings
If you choose to “Reject all,” we will not use cookies for these additional purposes.
Non-personalized content is influenced by things like the content you’re currently viewing, activity in your active Search session, and your location. Non-personalized ads are influenced by the content you’re currently viewing and your general location. Personalized content and ads can also include more relevant results, recommendations, and tailored ads based on past activity from this browser, like previous Google searches. We also use cookies and data to tailor the experience to be age-appropriate, if relevant.
Select “More options” to see additional information, including details about managing your privacy settings. You can also visit g.co/privacytools at any time.
Reject all
Accept all
More options
Privacy Policy
Terms of Service",https://news.google.com/rss/articles/CBMiqgFBVV95cUxNSXd0LVdfTkxtc2Q5ZjBfRzRPekVEMmUyUDRnbnpvT09hV05MZ3pfUUpSNi05RlNmNE91RmxkUVdmTGpQUVR3blNmLTZiSUZ5aWVOODVNenBqN3BsVndIQ1VrQUxFUUZvenI3Uzl6V0xKajdfaXFmUUJlNkJwUXF3V2hqNmJBT3dTZGVESDhSYTgxZVBIUGxLeWtEMjVrWmRDb2FhX1dnX09GQQ?oc=5
2024-04-04,GOOGL,Google,Google Parent Alphabet Reportedly Weighs Buying Marketing Software Company HubSpot - Investopedia,"EN
Sign in
Before you continue to Google
We use cookies and data to
Deliver and maintain Google services
Track outages and protect against spam, fraud, and abuse
Measure audience engagement and site statistics to understand how our services are used and enhance the quality of those services
If you choose to “Accept all,” we will also use cookies and data to
Develop and improve new services
Deliver and measure the effectiveness of ads
Show personalized content, depending on your settings
Show personalized ads, depending on your settings
If you choose to “Reject all,” we will not use cookies for these additional purposes.
Non-personalized content is influenced by things like the content you’re currently viewing, activity in your active Search session, and your location. Non-personalized ads are influenced by the content you’re currently viewing and your general location. Personalized content and ads can also include more relevant results, recommendations, and tailored ads based on past activity from this browser, like previous Google searches. We also use cookies and data to tailor the experience to be age-appropriate, if relevant.
Select “More options” to see additional information, including details about managing your privacy settings. You can also visit g.co/privacytools at any time.
Reject all
Accept all
More options
Privacy Policy
Terms of Service",https://news.google.com/rss/articles/CBMimwFBVV95cUxPcFdyOEZMYXVwMlkzVGtRMmtUT043UVgwUU1yR0JiM2hoVmlGcm1pVlZod0F4ajYydjhxTWkxOWQzSzJEYkZKU0tjNTRWRkRqbnNWUE01YTEydlN0SkdJLXBJdEhTUDlpbUZtMWRjRjVhbUVKeDBTZE1tRGoyZDhlcTA4TkRRRkp1emJJLTVTWmttLUROc1NjTWJTVQ?oc=5
2024-04-10,GOOGL,Google,IBD 50 Leader Google In Buy Zone As It Joins AI Chip Bandwagon - Investor's Business Daily,"EN
Sign in
Before you continue to Google
We use cookies and data to
Deliver and maintain Google services
Track outages and protect against spam, fraud, and abuse
Measure audience engagement and site statistics to understand how our services are used and enhance the quality of those services
If you choose to “Accept all,” we will also use cookies and data to
Develop and improve new services
Deliver and measure the effectiveness of ads
Show personalized content, depending on your settings
Show personalized ads, depending on your settings
If you choose to “Reject all,” we will not use cookies for these additional purposes.
Non-personalized content is influenced by things like the content you’re currently viewing, activity in your active Search session, and your location. Non-personalized ads are influenced by the content you’re currently viewing and your general location. Personalized content and ads can also include more relevant results, recommendations, and tailored ads based on past activity from this browser, like previous Google searches. We also use cookies and data to tailor the experience to be age-appropriate, if relevant.
Select “More options” to see additional information, including details about managing your privacy settings. You can also visit g.co/privacytools at any time.
Reject all
Accept all
More options
Privacy Policy
Terms of Service",https://news.google.com/rss/articles/CBMiiAFBVV95cUxOTU8tdWR5VFZuRHI5eS0wYjJXcHNhQWFxSzVBYmM0YWY0REUzUVFtX1J6M1p3UjBhYTN6UzMtOGhNRjJzUmllS1IzRjJtVnRUeUM4MjdkbFFDdXg4cnVTM0RJcWhGUG96RmlRbW01T0ZoOXItTlNVQVJTSDQyTlJ3SVlvSHZsR2RL?oc=5
2024-05-02,GOOGL,Google,"After Earnings, Is Alphabet Stock a Buy, a Sell, or Fairly Valued? - Morningstar","EN
Sign in
Before you continue to Google
We use cookies and data to
Deliver and maintain Google services
Track outages and protect against spam, fraud, and abuse
Measure audience engagement and site statistics to understand how our services are used and enhance the quality of those services
If you choose to “Accept all,” we will also use cookies and data to
Develop and improve new services
Deliver and measure the effectiveness of ads
Show personalized content, depending on your settings
Show personalized ads, depending on your settings
If you choose to “Reject all,” we will not use cookies for these additional purposes.
Non-personalized content is influenced by things like the content you’re currently viewing, activity in your active Search session, and your location. Non-personalized ads are influenced by the content you’re currently viewing and your general location. Personalized content and ads can also include more relevant results, recommendations, and tailored ads based on past activity from this browser, like previous Google searches. We also use cookies and data to tailor the experience to be age-appropriate, if relevant.
Select “More options” to see additional information, including details about managing your privacy settings. You can also visit g.co/privacytools at any time.
Reject all
Accept all
More options
Privacy Policy
Terms of Service",https://news.google.com/rss/articles/CBMimgFBVV95cUxObTVtR2xobm1icGh5MmVRNGFkQ3ZmMEFLc0xXYlV1OFRKWnBUay0zcmQ2QmdIUnNORXowdmVhLWdNS1gxa3hOcVJra3JaeUg3eHdBZGxNVFRaa3RrMzBMS1RJeDNTc1pIWktlT1pNZlAzOHdWVXhUY0FhMFN1MG14QnJjSWx4VlppanVNWVdLcmlTRktyMnN4WnFn?oc=5
2024-05-23,GOOGL,Google,"Google I/O Event Expectations Run High Amid OpenAI, Microsoft Rivalry - Investor's Business Daily","EN
Sign in
Before you continue to Google
We use cookies and data to
Deliver and maintain Google services
Track outages and protect against spam, fraud, and abuse
Measure audience engagement and site statistics to understand how our services are used and enhance the quality of those services
If you choose to “Accept all,” we will also use cookies and data to
Develop and improve new services
Deliver and measure the effectiveness of ads
Show personalized content, depending on your settings
Show personalized ads, depending on your settings
If you choose to “Reject all,” we will not use cookies for these additional purposes.
Non-personalized content is influenced by things like the content you’re currently viewing, activity in your active Search session, and your location. Non-personalized ads are influenced by the content you’re currently viewing and your general location. Personalized content and ads can also include more relevant results, recommendations, and tailored ads based on past activity from this browser, like previous Google searches. We also use cookies and data to tailor the experience to be age-appropriate, if relevant.
Select “More options” to see additional information, including details about managing your privacy settings. You can also visit g.co/privacytools at any time.
Reject all
Accept all
More options
Privacy Policy
Terms of Service",https://news.google.com/rss/articles/CBMimgFBVV95cUxQLU9ZOUNIMjhTMVA1cGxCb1hFWmNFVlNqYXh0eTJrTGdSdHQzNEN4bEtJQlpYUDBHeDJUeDFhU1AtRkkwTlp0WklTLVBnMUlTekh4RG5zQ285YmdMeFV2cHU4S3ktV29UYnRWdExGZlEtR3RWbG5QZjhCOWRUQXZlSG1PWFd6aXNlc0hRZEY1Z3Flb284eXBnc0Jn?oc=5
2024-05-01,GOOGL,Google,Google AI Predicts These 3 Stocks Can Make You Rich by 2026 - Yahoo Finance,"EN
Sign in
Before you continue to Google
We use cookies and data to
Deliver and maintain Google services
Track outages and protect against spam, fraud, and abuse
Measure audience engagement and site statistics to understand how our services are used and enhance the quality of those services
If you choose to “Accept all,” we will also use cookies and data to
Develop and improve new services
Deliver and measure the effectiveness of ads
Show personalized content, depending on your settings
Show personalized ads, depending on your settings
If you choose to “Reject all,” we will not use cookies for these additional purposes.
Non-personalized content is influenced by things like the content you’re currently viewing, activity in your active Search session, and your location. Non-personalized ads are influenced by the content you’re currently viewing and your general location. Personalized content and ads can also include more relevant results, recommendations, and tailored ads based on past activity from this browser, like previous Google searches. We also use cookies and data to tailor the experience to be age-appropriate, if relevant.
Select “More options” to see additional information, including details about managing your privacy settings. You can also visit g.co/privacytools at any time.
Reject all
Accept all
More options
Privacy Policy
Terms of Service",https://news.google.com/rss/articles/CBMifkFVX3lxTE1mTThfY1FOelNTNlRsZ0hGeVpGd29LNHhScDlKUVhLaW5peDNNdE5FbmNhenhYMmN2TnhJVDJzNkc4Nmg1V3UwQTJoVTBHalRIRlNtOExJV1ZaRFg4R0VHaUFMaTVGcUMwTjN5U2JLNWtaRkk2b19FUFVER1hpZw?oc=5
2024-05-21,GOOGL,Google,"3 Stocks That Could Be the Next Apple, Amazon, or Google by 2034 - Nasdaq","EN
Sign in
Before you continue to Google
We use cookies and data to
Deliver and maintain Google services
Track outages and protect against spam, fraud, and abuse
Measure audience engagement and site statistics to understand how our services are used and enhance the quality of those services
If you choose to “Accept all,” we will also use cookies and data to
Develop and improve new services
Deliver and measure the effectiveness of ads
Show personalized content, depending on your settings
Show personalized ads, depending on your settings
If you choose to “Reject all,” we will not use cookies for these additional purposes.
Non-personalized content is influenced by things like the content you’re currently viewing, activity in your active Search session, and your location. Non-personalized ads are influenced by the content you’re currently viewing and your general location. Personalized content and ads can also include more relevant results, recommendations, and tailored ads based on past activity from this browser, like previous Google searches. We also use cookies and data to tailor the experience to be age-appropriate, if relevant.
Select “More options” to see additional information, including details about managing your privacy settings. You can also visit g.co/privacytools at any time.
Reject all
Accept all
More options
Privacy Policy
Terms of Service",https://news.google.com/rss/articles/CBMimgFBVV95cUxPZmdVN1MtZnRLa2ZLaTd0N0dveG1fWUQzMDJUdTVpRDBYcUpZZ3pnVEZoSnpVYllFRU5pZEVFV3NZNzRqa0NVRmRLOTd3UjlqcEtmb19LaElhSWozaHJINGFqSXFLeTdHR0M3Zm1jQkNXOGQ1elRnU2NncVVBRHVETWNHcTZXLXhDdnhCTzJQWE0zWGdwZGI0RGJn?oc=5
2024-05-02,GOOGL,Google,"Alphabet/Google Stock: Substantial Advantage Over Competitors (NASDAQ:GOOG, GOOGL) - Seeking Alpha","EN
Sign in
Before you continue to Google
We use cookies and data to
Deliver and maintain Google services
Track outages and protect against spam, fraud, and abuse
Measure audience engagement and site statistics to understand how our services are used and enhance the quality of those services
If you choose to “Accept all,” we will also use cookies and data to
Develop and improve new services
Deliver and measure the effectiveness of ads
Show personalized content, depending on your settings
Show personalized ads, depending on your settings
If you choose to “Reject all,” we will not use cookies for these additional purposes.
Non-personalized content is influenced by things like the content you’re currently viewing, activity in your active Search session, and your location. Non-personalized ads are influenced by the content you’re currently viewing and your general location. Personalized content and ads can also include more relevant results, recommendations, and tailored ads based on past activity from this browser, like previous Google searches. We also use cookies and data to tailor the experience to be age-appropriate, if relevant.
Select “More options” to see additional information, including details about managing your privacy settings. You can also visit g.co/privacytools at any time.
Reject all
Accept all
More options
Privacy Policy
Terms of Service",https://news.google.com/rss/articles/CBMiowFBVV95cUxOV2o1VTEwZ2Y2Y0V4bHRmSFZnNURaVHRiOGhBWVZGYWJNMDdaeThTT1F0UU1xVnJOSHJhYjN3RU9YTkhKeFVfa1QyUWxsSm9uRy1IekdyeXJNSjgxaG9UcmdnaDllOGxzX01ieU9lT2tGZFlXT2VOVGZXeERKQWxsbVZEbFJrUnFzdk9vMXhfb3FXMGE5ZVJIaTJmMDZ3SWhTekgw?oc=5
2024-05-01,GOOGL,Google,What Google Investors Should Really Be Cheering - The Information,"EN
Sign in
Before you continue to Google
We use cookies and data to
Deliver and maintain Google services
Track outages and protect against spam, fraud, and abuse
Measure audience engagement and site statistics to understand how our services are used and enhance the quality of those services
If you choose to “Accept all,” we will also use cookies and data to
Develop and improve new services
Deliver and measure the effectiveness of ads
Show personalized content, depending on your settings
Show personalized ads, depending on your settings
If you choose to “Reject all,” we will not use cookies for these additional purposes.
Non-personalized content is influenced by things like the content you’re currently viewing, activity in your active Search session, and your location. Non-personalized ads are influenced by the content you’re currently viewing and your general location. Personalized content and ads can also include more relevant results, recommendations, and tailored ads based on past activity from this browser, like previous Google searches. We also use cookies and data to tailor the experience to be age-appropriate, if relevant.
Select “More options” to see additional information, including details about managing your privacy settings. You can also visit g.co/privacytools at any time.
Reject all
Accept all
More options
Privacy Policy
Terms of Service",https://news.google.com/rss/articles/CBMikAFBVV95cUxOS1EyUExnbUhvdEd3Nll3UE1XRE01alE4SVFkLUNLT05LYVRmYWZmbGlOdGltM2doRS04M3hVZVZ5NnZ5S014cUVxUWRoRkM3SU1McDlIX19ib0FCWWhVNEZSZGRPcDZTbG13cUM4T1o0dlNnb1hZekhNUWwzSkZ5ajBiMDdqVmR0ejEyYnhDU3M?oc=5
2024-05-08,GOOGL,Google,Where Will Alphabet Stock Be in 5 years? - The Motley Fool,"EN
Sign in
Before you continue to Google
We use cookies and data to
Deliver and maintain Google services
Track outages and protect against spam, fraud, and abuse
Measure audience engagement and site statistics to understand how our services are used and enhance the quality of those services
If you choose to “Accept all,” we will also use cookies and data to
Develop and improve new services
Deliver and measure the effectiveness of ads
Show personalized content, depending on your settings
Show personalized ads, depending on your settings
If you choose to “Reject all,” we will not use cookies for these additional purposes.
Non-personalized content is influenced by things like the content you’re currently viewing, activity in your active Search session, and your location. Non-personalized ads are influenced by the content you’re currently viewing and your general location. Personalized content and ads can also include more relevant results, recommendations, and tailored ads based on past activity from this browser, like previous Google searches. We also use cookies and data to tailor the experience to be age-appropriate, if relevant.
Select “More options” to see additional information, including details about managing your privacy settings. You can also visit g.co/privacytools at any time.
Reject all
Accept all
More options
Privacy Policy
Terms of Service",https://news.google.com/rss/articles/CBMiigFBVV95cUxPOVRIQ3Z1dF83QmM3amhYTlAzU1Jxc3RHUmNVMGJiSTFMZ0plU1ZlSXo4ZWszc194OWNybWkwVWE0NHJjUDgwb3p2Vy16LTdrOVJwMXJxSU1hVWZPNEp3Z2ttQXBvVExRTWJtMngzRzJYTU1lR3RBY0NnTGZGR0FIaEEyYzZSV0tSRUE?oc=5
2024-05-12,GOOGL,Google,"Alphabet Buys More GitLab, Prime Medicine Stock - Barron's","EN
Sign in
Before you continue to Google
We use cookies and data to
Deliver and maintain Google services
Track outages and protect against spam, fraud, and abuse
Measure audience engagement and site statistics to understand how our services are used and enhance the quality of those services
If you choose to “Accept all,” we will also use cookies and data to
Develop and improve new services
Deliver and measure the effectiveness of ads
Show personalized content, depending on your settings
Show personalized ads, depending on your settings
If you choose to “Reject all,” we will not use cookies for these additional purposes.
Non-personalized content is influenced by things like the content you’re currently viewing, activity in your active Search session, and your location. Non-personalized ads are influenced by the content you’re currently viewing and your general location. Personalized content and ads can also include more relevant results, recommendations, and tailored ads based on past activity from this browser, like previous Google searches. We also use cookies and data to tailor the experience to be age-appropriate, if relevant.
Select “More options” to see additional information, including details about managing your privacy settings. You can also visit g.co/privacytools at any time.
Reject all
Accept all
More options
Privacy Policy
Terms of Service",https://news.google.com/rss/articles/CBMihAFBVV95cUxOSHVQYzZrUERTQTV4dDNxN2JxNV9hc0R5cGxrTk1Oc0F4SXBIUC0yU09wUFozUC1RRnp3Vk1DUEhoQ0phblJOUUpnYjlBY2lWc1czZmJyTVpXY2FucTNMN2lfaVJLX2FBSmIxMC1PMGVmeXY5NWFLdV9xbXR2ZVJsVFVxWjg?oc=5
2024-05-01,GOOGL,Google,Four Google execs got 200% stock payouts for 2023 after strong company performance - Business Insider,"EN
Sign in
Before you continue to Google
We use cookies and data to
Deliver and maintain Google services
Track outages and protect against spam, fraud, and abuse
Measure audience engagement and site statistics to understand how our services are used and enhance the quality of those services
If you choose to “Accept all,” we will also use cookies and data to
Develop and improve new services
Deliver and measure the effectiveness of ads
Show personalized content, depending on your settings
Show personalized ads, depending on your settings
If you choose to “Reject all,” we will not use cookies for these additional purposes.
Non-personalized content is influenced by things like the content you’re currently viewing, activity in your active Search session, and your location. Non-personalized ads are influenced by the content you’re currently viewing and your general location. Personalized content and ads can also include more relevant results, recommendations, and tailored ads based on past activity from this browser, like previous Google searches. We also use cookies and data to tailor the experience to be age-appropriate, if relevant.
Select “More options” to see additional information, including details about managing your privacy settings. You can also visit g.co/privacytools at any time.
Reject all
Accept all
More options
Privacy Policy
Terms of Service",https://news.google.com/rss/articles/CBMisAFBVV95cUxNZWpySlE3VEE5MjA5cFY3REtuU1FqX2IxY0xuMTk3ck51SkJhUWU5Q09iN3hxUnQxOGY3N3J3ZFRoXzlOTWtPeC1Kd3I0RTJpeXU0NXpqQ1k1aXZxd0NKbklDTHREQnRJZ1l3ZFVzcEh5RzJ4X2UxQWNaMU95YjlhUFlMT3hZaG11UDdyeG1RWkEyZGVaaHlzLU1XXy1xRnFtTy1ETEZnMDhmZHROdG44SA?oc=5
2024-05-28,GOOGL,Google,HubSpot shares jump on talks of potential Google deal - CNBC,"EN
Sign in
Before you continue to Google
We use cookies and data to
Deliver and maintain Google services
Track outages and protect against spam, fraud, and abuse
Measure audience engagement and site statistics to understand how our services are used and enhance the quality of those services
If you choose to “Accept all,” we will also use cookies and data to
Develop and improve new services
Deliver and measure the effectiveness of ads
Show personalized content, depending on your settings
Show personalized ads, depending on your settings
If you choose to “Reject all,” we will not use cookies for these additional purposes.
Non-personalized content is influenced by things like the content you’re currently viewing, activity in your active Search session, and your location. Non-personalized ads are influenced by the content you’re currently viewing and your general location. Personalized content and ads can also include more relevant results, recommendations, and tailored ads based on past activity from this browser, like previous Google searches. We also use cookies and data to tailor the experience to be age-appropriate, if relevant.
Select “More options” to see additional information, including details about managing your privacy settings. You can also visit g.co/privacytools at any time.
Reject all
Accept all
More options
Privacy Policy
Terms of Service",https://news.google.com/rss/articles/CBMilgFBVV95cUxPWFgwWlRDWXhBNWdwMEV3MnNURm4tOWpRcmp6Mnh5VkducE55bUduejE1SjJ5M1ZrQ3BuX2lmSEVXUExoTUpUN2dqcHp6RmF1aFVISEl3LW04SUFWYjJzZ1AxeW9FOEpvNGtaYWNjLTVNbEpHZmpyWEVLQTBzbm9YUkV2YkFqRHZBYW9Sb1pleW5Bb0FmclHSAZsBQVVfeXFMTVZnd2t2SGRmVVZYQVlDNFRoSWVHWnBwWkM2SzQxZUp1WW1zWEZSQ1JJbEpVTFVMWHRmckFtdmkwN1hTMm43SHAxQXlCdTJNX2ZqLVlUUmJlREpaSmozTUI0bFdQdDFaRkhkS1g0U3ZKR2haQW54NDZLcXZYQXlqemF3ck5aWVFWVTVvQ2s5MEhJc3JhaHAtaW5YRmc?oc=5
2024-05-10,GOOGL,Google,What To Expect From Google's I/O Developer Conference Tuesday - Investopedia,"EN
Sign in
Before you continue to Google
We use cookies and data to
Deliver and maintain Google services
Track outages and protect against spam, fraud, and abuse
Measure audience engagement and site statistics to understand how our services are used and enhance the quality of those services
If you choose to “Accept all,” we will also use cookies and data to
Develop and improve new services
Deliver and measure the effectiveness of ads
Show personalized content, depending on your settings
Show personalized ads, depending on your settings
If you choose to “Reject all,” we will not use cookies for these additional purposes.
Non-personalized content is influenced by things like the content you’re currently viewing, activity in your active Search session, and your location. Non-personalized ads are influenced by the content you’re currently viewing and your general location. Personalized content and ads can also include more relevant results, recommendations, and tailored ads based on past activity from this browser, like previous Google searches. We also use cookies and data to tailor the experience to be age-appropriate, if relevant.
Select “More options” to see additional information, including details about managing your privacy settings. You can also visit g.co/privacytools at any time.
Reject all
Accept all
More options
Privacy Policy
Terms of Service",https://news.google.com/rss/articles/CBMikgFBVV95cUxQUTBVdzlkNTBYQnp5T0lCMnVrWEhyX29DQk5IQzlxRFVoMTFpSmtSZDltdTBNWmdDSExGRGxMdXY2bTVreUJGRWVXcTVYRllPOUJ5Q3FWQVpBaG91ZDJvdlJLX3psMEVhVklGenlPZTRpREo4TVhlMGZ4T2hYbEs2dlFEcE0wZTRaZENWZmszampkQQ?oc=5
2024-05-02,GOOGL,Google,"Passkeys, Cross-Account Protection and new ways we’re protecting your accounts - Google Blog","EN
Sign in
Before you continue to Google
We use cookies and data to
Deliver and maintain Google services
Track outages and protect against spam, fraud, and abuse
Measure audience engagement and site statistics to understand how our services are used and enhance the quality of those services
If you choose to “Accept all,” we will also use cookies and data to
Develop and improve new services
Deliver and measure the effectiveness of ads
Show personalized content, depending on your settings
Show personalized ads, depending on your settings
If you choose to “Reject all,” we will not use cookies for these additional purposes.
Non-personalized content is influenced by things like the content you’re currently viewing, activity in your active Search session, and your location. Non-personalized ads are influenced by the content you’re currently viewing and your general location. Personalized content and ads can also include more relevant results, recommendations, and tailored ads based on past activity from this browser, like previous Google searches. We also use cookies and data to tailor the experience to be age-appropriate, if relevant.
Select “More options” to see additional information, including details about managing your privacy settings. You can also visit g.co/privacytools at any time.
Reject all
Accept all
More options
Privacy Policy
Terms of Service",https://news.google.com/rss/articles/CBMiiAFBVV95cUxNRWhSY2lEU0ZOQmUzYnc4WXVJa0E2WncybmFOMHJ1cmFOU1NKVXZrVVItVmhISVZRY2N2OWJ4ZHRuUjZaYUszWnBYSzQyU0tsYWFwdXhiLXc1OGpaQ0pFNWZZdWNnT0Uwa0hGUGhQS1hyaXdobHgwdzdweE00S3VMVjljbk4tNldw?oc=5
2024-05-23,GOOGL,Google,"Google Stock: Bulls, Bears Clash Over Google, OpenAI Internet Search Advances - Investor's Business Daily","EN
Sign in
Before you continue to Google
We use cookies and data to
Deliver and maintain Google services
Track outages and protect against spam, fraud, and abuse
Measure audience engagement and site statistics to understand how our services are used and enhance the quality of those services
If you choose to “Accept all,” we will also use cookies and data to
Develop and improve new services
Deliver and measure the effectiveness of ads
Show personalized content, depending on your settings
Show personalized ads, depending on your settings
If you choose to “Reject all,” we will not use cookies for these additional purposes.
Non-personalized content is influenced by things like the content you’re currently viewing, activity in your active Search session, and your location. Non-personalized ads are influenced by the content you’re currently viewing and your general location. Personalized content and ads can also include more relevant results, recommendations, and tailored ads based on past activity from this browser, like previous Google searches. We also use cookies and data to tailor the experience to be age-appropriate, if relevant.
Select “More options” to see additional information, including details about managing your privacy settings. You can also visit g.co/privacytools at any time.
Reject all
Accept all
More options
Privacy Policy
Terms of Service",https://news.google.com/rss/articles/CBMiuAFBVV95cUxNRzRJenNmMjJvckdaRXFwWUlDbWtfaDFPcFhxeHo5ckdCOEdZU0U3WXBTV3lVSVkxdXo3R3FPbklFSGt2ZURnN3Q4bEduVGk4MHdlODUyUm1kZGpSX3ZlR1BWUmdRbWV3eU5MNTBlSWVQYVluQVhxb1BFYjdXOWRKXzF3eTVvbHU0azJiVklxZFN1MmYweWdYa1RnWjdJNGVNTWtoNjRScm5fMTZfbXprNTYxd1prbExL?oc=5
2024-04-30,GOOGL,Google,"Meet the Newest Dividend Stock in the Nasdaq 100. It Could Be a $4 Trillion Company by 2030, With Help From Artificial Intelligence. - Yahoo Finance","EN
Sign in
Before you continue to Google
We use cookies and data to
Deliver and maintain Google services
Track outages and protect against spam, fraud, and abuse
Measure audience engagement and site statistics to understand how our services are used and enhance the quality of those services
If you choose to “Accept all,” we will also use cookies and data to
Develop and improve new services
Deliver and measure the effectiveness of ads
Show personalized content, depending on your settings
Show personalized ads, depending on your settings
If you choose to “Reject all,” we will not use cookies for these additional purposes.
Non-personalized content is influenced by things like the content you’re currently viewing, activity in your active Search session, and your location. Non-personalized ads are influenced by the content you’re currently viewing and your general location. Personalized content and ads can also include more relevant results, recommendations, and tailored ads based on past activity from this browser, like previous Google searches. We also use cookies and data to tailor the experience to be age-appropriate, if relevant.
Select “More options” to see additional information, including details about managing your privacy settings. You can also visit g.co/privacytools at any time.
Reject all
Accept all
More options
Privacy Policy
Terms of Service",https://news.google.com/rss/articles/CBMihgFBVV95cUxOSUlncVRoYmp6dzdqdWVPVTBLZHdzeWVDN0pTVkNDckZ6Z3dRY3lRYVlfbkh2MnNiUGxLcXMxeEx6UndJa3M5eGVwQUM5Z3BPR1BOdDJGaVpZTWtPRFJWMlFBSk1HRElkY0ZXNjZfaVEwYWlmLVBjTjZienp6am9MejVFSnlMdw?oc=5
2024-05-23,GOOGL,Google,Google Parent Alphabet Is Selling Shares of 2 Hypergrowth Stocks and Piling Into a Promising Artificial Intelligence (AI) Company - The Motley Fool,"EN
Sign in
Before you continue to Google
We use cookies and data to
Deliver and maintain Google services
Track outages and protect against spam, fraud, and abuse
Measure audience engagement and site statistics to understand how our services are used and enhance the quality of those services
If you choose to “Accept all,” we will also use cookies and data to
Develop and improve new services
Deliver and measure the effectiveness of ads
Show personalized content, depending on your settings
Show personalized ads, depending on your settings
If you choose to “Reject all,” we will not use cookies for these additional purposes.
Non-personalized content is influenced by things like the content you’re currently viewing, activity in your active Search session, and your location. Non-personalized ads are influenced by the content you’re currently viewing and your general location. Personalized content and ads can also include more relevant results, recommendations, and tailored ads based on past activity from this browser, like previous Google searches. We also use cookies and data to tailor the experience to be age-appropriate, if relevant.
Select “More options” to see additional information, including details about managing your privacy settings. You can also visit g.co/privacytools at any time.
Reject all
Accept all
More options
Privacy Policy
Terms of Service",https://news.google.com/rss/articles/CBMilAFBVV95cUxPN2xEaE9sUTNvSEJHZ1NJSkJ6WmRlWHpWVGVwaTVYcHEzTGI1S254cjAzSFJLQnRuR2ZGYkE5NjhhUUxwQTkxOVE2ckVoMUl1d2hLQ3pWai1EZVpZclFmUEJHaF9aNXVDcW5tT1RFa2xaYlFkdkJhR2ZUdzRxbU5PRWR3VzEybzF0ZzlYRmhDOElfN3NT?oc=5
2024-05-14,GOOGL,Google,5 Takeaways From Alphabet's Google I/O Developer Conference Keynote - Investopedia,"EN
Sign in
Before you continue to Google
We use cookies and data to
Deliver and maintain Google services
Track outages and protect against spam, fraud, and abuse
Measure audience engagement and site statistics to understand how our services are used and enhance the quality of those services
If you choose to “Accept all,” we will also use cookies and data to
Develop and improve new services
Deliver and measure the effectiveness of ads
Show personalized content, depending on your settings
Show personalized ads, depending on your settings
If you choose to “Reject all,” we will not use cookies for these additional purposes.
Non-personalized content is influenced by things like the content you’re currently viewing, activity in your active Search session, and your location. Non-personalized ads are influenced by the content you’re currently viewing and your general location. Personalized content and ads can also include more relevant results, recommendations, and tailored ads based on past activity from this browser, like previous Google searches. We also use cookies and data to tailor the experience to be age-appropriate, if relevant.
Select “More options” to see additional information, including details about managing your privacy settings. You can also visit g.co/privacytools at any time.
Reject all
Accept all
More options
Privacy Policy
Terms of Service",https://news.google.com/rss/articles/CBMijwFBVV95cUxPekd2VW16Sjh1VVhuUDlpbjI4eXFNLTJrMnFDNEltVEhSMF9hazl5QkdENkM0SlFuWmx0UlJaeGVQTTNNdHdWRGZlM2V5SmNsNFlmcE5NNzlQZjlJRkNsalc5T2d5Y1hqT2ZrNERMWG9IUlV3eEJQOWIxQkZILVhYdHZBclJsSUU4Y2FUR2Y2UQ?oc=5
2024-05-09,GOOGL,Google,"Google, Microsoft And Meta Take Three Approaches In The Generative AI Battle. Which Is Best? - Investor's Business Daily","EN
Sign in
Before you continue to Google
We use cookies and data to
Deliver and maintain Google services
Track outages and protect against spam, fraud, and abuse
Measure audience engagement and site statistics to understand how our services are used and enhance the quality of those services
If you choose to “Accept all,” we will also use cookies and data to
Develop and improve new services
Deliver and measure the effectiveness of ads
Show personalized content, depending on your settings
Show personalized ads, depending on your settings
If you choose to “Reject all,” we will not use cookies for these additional purposes.
Non-personalized content is influenced by things like the content you’re currently viewing, activity in your active Search session, and your location. Non-personalized ads are influenced by the content you’re currently viewing and your general location. Personalized content and ads can also include more relevant results, recommendations, and tailored ads based on past activity from this browser, like previous Google searches. We also use cookies and data to tailor the experience to be age-appropriate, if relevant.
Select “More options” to see additional information, including details about managing your privacy settings. You can also visit g.co/privacytools at any time.
Reject all
Accept all
More options
Privacy Policy
Terms of Service",https://news.google.com/rss/articles/CBMiigFBVV95cUxQRUNtNm5XRWNFMnhLeXk1S2NqM2RlTUVQWXBfZ0llS1FCLWllUEJQZ21aQXd2ZE9ZMHdobzlBT2QwY0UteGNBMlplbWdtSHBPWkYyZkJOdVM5Tkl1aUtVanNzRjlUWGl3T19jWjFQM0ozZFdSeUV0aHcwbjRzRjU1SlRBMnBmVzVzdUE?oc=5
2024-05-25,GOOGL,Google,Here Are the 2 Growth Stocks Google's Parent Company Just Added to Its $7 Billion Portfolio - The Motley Fool,"EN
Sign in
Before you continue to Google
We use cookies and data to
Deliver and maintain Google services
Track outages and protect against spam, fraud, and abuse
Measure audience engagement and site statistics to understand how our services are used and enhance the quality of those services
If you choose to “Accept all,” we will also use cookies and data to
Develop and improve new services
Deliver and measure the effectiveness of ads
Show personalized content, depending on your settings
Show personalized ads, depending on your settings
If you choose to “Reject all,” we will not use cookies for these additional purposes.
Non-personalized content is influenced by things like the content you’re currently viewing, activity in your active Search session, and your location. Non-personalized ads are influenced by the content you’re currently viewing and your general location. Personalized content and ads can also include more relevant results, recommendations, and tailored ads based on past activity from this browser, like previous Google searches. We also use cookies and data to tailor the experience to be age-appropriate, if relevant.
Select “More options” to see additional information, including details about managing your privacy settings. You can also visit g.co/privacytools at any time.
Reject all
Accept all
More options
Privacy Policy
Terms of Service",https://news.google.com/rss/articles/CBMimAFBVV95cUxQdlFDNmJLMXJRTV9vVHd6SklzaUprV3VxOHNOVlZ6ZGpQUU1aTUdya05XcDZiM2tBXzdIbmtnal8tZmVOZWRKdnBlX0hkNHlvTVdoQklqdVk5WFVkYmI1TUlDS3E0dXM4MzhJQkRtMlNXeFVkb2dydzJ2MGlLdDlxYjFWbVRYejNaM3V2UVpoOGI4SnpNTjkyYQ?oc=5
2024-05-13,GOOGL,Google,Futures Rise; Five Magnificent Seven Stocks In Focus - Investor's Business Daily,"EN
Sign in
Before you continue to Google
We use cookies and data to
Deliver and maintain Google services
Track outages and protect against spam, fraud, and abuse
Measure audience engagement and site statistics to understand how our services are used and enhance the quality of those services
If you choose to “Accept all,” we will also use cookies and data to
Develop and improve new services
Deliver and measure the effectiveness of ads
Show personalized content, depending on your settings
Show personalized ads, depending on your settings
If you choose to “Reject all,” we will not use cookies for these additional purposes.
Non-personalized content is influenced by things like the content you’re currently viewing, activity in your active Search session, and your location. Non-personalized ads are influenced by the content you’re currently viewing and your general location. Personalized content and ads can also include more relevant results, recommendations, and tailored ads based on past activity from this browser, like previous Google searches. We also use cookies and data to tailor the experience to be age-appropriate, if relevant.
Select “More options” to see additional information, including details about managing your privacy settings. You can also visit g.co/privacytools at any time.
Reject all
Accept all
More options
Privacy Policy
Terms of Service",https://news.google.com/rss/articles/CBMiywFBVV95cUxOaFk2U0wwX3EwV0VVQnFPR3pYMU5yQXBMRXRwa2pnQnlNdklfSnRQYVk1Nzd4d3lZRkhpMDhyOGp6NGtVNm5nU2Mwd2ZTWHhUQ0NOcjVod09CRDBsRlRkbUZ1eXc4YmgzMFRyT0VTREdZR1FOczN1UlctcWMzYWdrTmVocFVvc0JjUjNORUF6UWNjZnlQNkZJZmVpMjdzbksyTWVTQjR2LThvblFJdi05QlFSdjNiWkE4MzhpNDYzbzJVUTVlZEpWZjF1QQ?oc=5
2024-05-20,GOOGL,Google,"Google AI Cybersecurity Deal, 102% Growth Put Palo Alto Rival In Focus - Investor's Business Daily","EN
Sign in
Before you continue to Google
We use cookies and data to
Deliver and maintain Google services
Track outages and protect against spam, fraud, and abuse
Measure audience engagement and site statistics to understand how our services are used and enhance the quality of those services
If you choose to “Accept all,” we will also use cookies and data to
Develop and improve new services
Deliver and measure the effectiveness of ads
Show personalized content, depending on your settings
Show personalized ads, depending on your settings
If you choose to “Reject all,” we will not use cookies for these additional purposes.
Non-personalized content is influenced by things like the content you’re currently viewing, activity in your active Search session, and your location. Non-personalized ads are influenced by the content you’re currently viewing and your general location. Personalized content and ads can also include more relevant results, recommendations, and tailored ads based on past activity from this browser, like previous Google searches. We also use cookies and data to tailor the experience to be age-appropriate, if relevant.
Select “More options” to see additional information, including details about managing your privacy settings. You can also visit g.co/privacytools at any time.
Reject all
Accept all
More options
Privacy Policy
Terms of Service",https://news.google.com/rss/articles/CBMisAFBVV95cUxPcHVDbTVZWHdjMHV2N1NQV0tDUkZRMkhMLWNvaV9xcVh6SU5pM19lUnVNeE9DUXMwQmtNcUlpU0VRMFg4YlhMOUpMQVpyWks4QXd0T2o4d1hNS3V2MF9HcTRyLVN3SVdkMjFnbmFBQTdBRExpZzVoLWl4SVFlaXVsM004WlJkV2xoOE1PZjRHMmd3SVNRZHA0YnhoVUp2cEROaFdtV3lEd08wcE4tWjdjUw?oc=5
2024-06-29,GOOGL,Google,"Is Google A Buy As Of June 2024 Amid Wall Street Focus On Operating Margins, New CFO? - Investor's Business Daily","EN
Sign in
Before you continue to Google
We use cookies and data to
Deliver and maintain Google services
Track outages and protect against spam, fraud, and abuse
Measure audience engagement and site statistics to understand how our services are used and enhance the quality of those services
If you choose to “Accept all,” we will also use cookies and data to
Develop and improve new services
Deliver and measure the effectiveness of ads
Show personalized content, depending on your settings
Show personalized ads, depending on your settings
If you choose to “Reject all,” we will not use cookies for these additional purposes.
Non-personalized content is influenced by things like the content you’re currently viewing, activity in your active Search session, and your location. Non-personalized ads are influenced by the content you’re currently viewing and your general location. Personalized content and ads can also include more relevant results, recommendations, and tailored ads based on past activity from this browser, like previous Google searches. We also use cookies and data to tailor the experience to be age-appropriate, if relevant.
Select “More options” to see additional information, including details about managing your privacy settings. You can also visit g.co/privacytools at any time.
Reject all
Accept all
More options
Privacy Policy
Terms of Service",https://news.google.com/rss/articles/CBMifkFVX3lxTE1uMVNnTlROY2JROHVYTjhzWjg2Ujg5UE5ZVWFzdjZvNjZqaEowdTVzOHhZMEVXcXFXSkxxYmhrMXJTVlBLWTN1M2tGaERMb0FJRGN3M3Q5eHB5Snk3WkFsZVMtMGVsekpJTDQ2cllQTkt6OV9pN1IxTHNWQ3J3UQ?oc=5
2024-06-28,GOOGL,Google,Why was Alphabet’s stock just downgraded? An analyst sees six risks for Google. - MarketWatch,"EN
Sign in
Before you continue to Google
We use cookies and data to
Deliver and maintain Google services
Track outages and protect against spam, fraud, and abuse
Measure audience engagement and site statistics to understand how our services are used and enhance the quality of those services
If you choose to “Accept all,” we will also use cookies and data to
Develop and improve new services
Deliver and measure the effectiveness of ads
Show personalized content, depending on your settings
Show personalized ads, depending on your settings
If you choose to “Reject all,” we will not use cookies for these additional purposes.
Non-personalized content is influenced by things like the content you’re currently viewing, activity in your active Search session, and your location. Non-personalized ads are influenced by the content you’re currently viewing and your general location. Personalized content and ads can also include more relevant results, recommendations, and tailored ads based on past activity from this browser, like previous Google searches. We also use cookies and data to tailor the experience to be age-appropriate, if relevant.
Select “More options” to see additional information, including details about managing your privacy settings. You can also visit g.co/privacytools at any time.
Reject all
Accept all
More options
Privacy Policy
Terms of Service",https://news.google.com/rss/articles/CBMiuwFBVV95cUxOYmdmNm5jME5fZGJ2LUJKVjhpdjlmUmtSUWxvbjBuaW5tcmpRZG50XzdZSVJlQlpRZWE2ZkI1YU5QQ0duWldjUzBvS3ZhMldZSWhLb3RNLWUtNWQ3R1Q1UGQwYjk0c2p6RFBtN0VFbkdmYnY1VlR1VFN4MjNYa3V2SVB2NFlOajFReUJqMFQzOXV3RWVfM0tjQ3BWNWtxS2IzZWRZSlRWLUpBYnVuajJXTS1yWHVZaXFHeS13?oc=5
2024-06-06,GOOGL,Google,How Google Parent Alphabet Could Become the Next $3 Trillion Stock - Barron's,"EN
Sign in
Before you continue to Google
We use cookies and data to
Deliver and maintain Google services
Track outages and protect against spam, fraud, and abuse
Measure audience engagement and site statistics to understand how our services are used and enhance the quality of those services
If you choose to “Accept all,” we will also use cookies and data to
Develop and improve new services
Deliver and measure the effectiveness of ads
Show personalized content, depending on your settings
Show personalized ads, depending on your settings
If you choose to “Reject all,” we will not use cookies for these additional purposes.
Non-personalized content is influenced by things like the content you’re currently viewing, activity in your active Search session, and your location. Non-personalized ads are influenced by the content you’re currently viewing and your general location. Personalized content and ads can also include more relevant results, recommendations, and tailored ads based on past activity from this browser, like previous Google searches. We also use cookies and data to tailor the experience to be age-appropriate, if relevant.
Select “More options” to see additional information, including details about managing your privacy settings. You can also visit g.co/privacytools at any time.
Reject all
Accept all
More options
Privacy Policy
Terms of Service",https://news.google.com/rss/articles/CBMiigFBVV95cUxNUEYzM0xHMVQtVGRGOTY4R1pxQ1hObnMxS1BHQXBPLVZsNGRzSkdXQVJmMERvUXdHVkJ0MTBfU1Q3VjBISWh2TEJLRmxhWU91VC1LM3gtcTRtY0ZtQjVJWFI5dDdXR2RDOGFBSm5laVhLZ0c1c2U0bzZSblR4cG9vSlJzVFQ3ZWFoYXc?oc=5
2024-06-14,GOOGL,Google,Google-backed Tempus AI closes first day of trading up 9% in Nasdaq stock market debut - CNBC,"EN
Sign in
Before you continue to Google
We use cookies and data to
Deliver and maintain Google services
Track outages and protect against spam, fraud, and abuse
Measure audience engagement and site statistics to understand how our services are used and enhance the quality of those services
If you choose to “Accept all,” we will also use cookies and data to
Develop and improve new services
Deliver and measure the effectiveness of ads
Show personalized content, depending on your settings
Show personalized ads, depending on your settings
If you choose to “Reject all,” we will not use cookies for these additional purposes.
Non-personalized content is influenced by things like the content you’re currently viewing, activity in your active Search session, and your location. Non-personalized ads are influenced by the content you’re currently viewing and your general location. Personalized content and ads can also include more relevant results, recommendations, and tailored ads based on past activity from this browser, like previous Google searches. We also use cookies and data to tailor the experience to be age-appropriate, if relevant.
Select “More options” to see additional information, including details about managing your privacy settings. You can also visit g.co/privacytools at any time.
Reject all
Accept all
More options
Privacy Policy
Terms of Service",https://news.google.com/rss/articles/CBMiqAFBVV95cUxQQnFrY1dSWXU3NVpGc0ZjdUExNUVTVTBoQ0ZoWUd5ZlFmNzZ6b2pveXFycnlJcnU2dVJZQlFycUpSNHc1UHUyMVZKNkh4R05meHI2dDlxV2tVU2kzX3hrTkozV1lsTktSVG9nbG8xbnlDYUprT3Z5TW9uUVVNbVRvNDhCOVdna0RxZVhJYTRnTTBZZmpTSUVxdVcyYzNNdEFXVERfakkxMVXSAa4BQVVfeXFMT2V1blI0OWIzci1xOGRuTDdLaU0zZUtmaFN3eTdOQ2lmaFNseVo3b2lpcXAwdF9wRm5GeElLNl9mNkF0VlN5NVRZbjdiZ0lndEtBNkpkNkRLTWh5V0RyUkRlLVg2OHVjMnRTVlhZLTRoX3dzOFN5NHI3cGdOaGQ2LUNISmRVU29oLUtTUHBLZmRycEFCeHVLVzhldEJ5UmJMaGx4QVlUNU1kRnk0YkVR?oc=5
2024-06-24,GOOGL,Google,Alphabet Stock Is Beating The S&P 500 By 11% YTD. Where Is It Headed? - Forbes,"EN
Sign in
Before you continue to Google
We use cookies and data to
Deliver and maintain Google services
Track outages and protect against spam, fraud, and abuse
Measure audience engagement and site statistics to understand how our services are used and enhance the quality of those services
If you choose to “Accept all,” we will also use cookies and data to
Develop and improve new services
Deliver and measure the effectiveness of ads
Show personalized content, depending on your settings
Show personalized ads, depending on your settings
If you choose to “Reject all,” we will not use cookies for these additional purposes.
Non-personalized content is influenced by things like the content you’re currently viewing, activity in your active Search session, and your location. Non-personalized ads are influenced by the content you’re currently viewing and your general location. Personalized content and ads can also include more relevant results, recommendations, and tailored ads based on past activity from this browser, like previous Google searches. We also use cookies and data to tailor the experience to be age-appropriate, if relevant.
Select “More options” to see additional information, including details about managing your privacy settings. You can also visit g.co/privacytools at any time.
Reject all
Accept all
More options
Privacy Policy
Terms of Service",https://news.google.com/rss/articles/CBMiuwFBVV95cUxOV0pCQ2g3LXpPN09aZlVDdHFNZ2VVXy1GV1V2YW1RaXVRZm9Yb085dk93RlVVTkg1M2RlRjVkNG5WY1o3WllZdEhnVE1fSXZEVUEza0tJQ0J6TENONEp5TjlnRnVYRXpiNFRTLU90ZnRiX2h1SENBUGxtOURoVk9qZGFmUE1nRjFlUi1PeXA5S0tnMUFBZk5LMXpaNmhHWkdqeExxMm5tUFBvOFFXN0tYMGFhTEJoa3ZTWUxz?oc=5
2024-06-18,GOOGL,Google,Meta vs. Alphabet Stock: Which Is a Better Investment? - Nasdaq,"EN
Sign in
Before you continue to Google
We use cookies and data to
Deliver and maintain Google services
Track outages and protect against spam, fraud, and abuse
Measure audience engagement and site statistics to understand how our services are used and enhance the quality of those services
If you choose to “Accept all,” we will also use cookies and data to
Develop and improve new services
Deliver and measure the effectiveness of ads
Show personalized content, depending on your settings
Show personalized ads, depending on your settings
If you choose to “Reject all,” we will not use cookies for these additional purposes.
Non-personalized content is influenced by things like the content you’re currently viewing, activity in your active Search session, and your location. Non-personalized ads are influenced by the content you’re currently viewing and your general location. Personalized content and ads can also include more relevant results, recommendations, and tailored ads based on past activity from this browser, like previous Google searches. We also use cookies and data to tailor the experience to be age-appropriate, if relevant.
Select “More options” to see additional information, including details about managing your privacy settings. You can also visit g.co/privacytools at any time.
Reject all
Accept all
More options
Privacy Policy
Terms of Service",https://news.google.com/rss/articles/CBMihAFBVV95cUxQZzRiRnI2TTNMWDlPYXJFa3FqWDBGRG5ZS25Ebk1pcFlZbFp3Tzl4NjUzTGZiWGRHdnhqdGxTMEN5aE50UGFkb1hjSTl1UVRndXk2Y1FGVjZJdjhwbnNwWHZBSUN3d0Zhcjl0cWRrb2hBd0ZTRTRvUGlseU5GZm8zMndJcm4?oc=5
2024-06-12,GOOGL,Google,"Oracle Stock Jumps to Record High on Microsoft, OpenAI, and Google Deals - Investopedia","EN
Sign in
Before you continue to Google
We use cookies and data to
Deliver and maintain Google services
Track outages and protect against spam, fraud, and abuse
Measure audience engagement and site statistics to understand how our services are used and enhance the quality of those services
If you choose to “Accept all,” we will also use cookies and data to
Develop and improve new services
Deliver and measure the effectiveness of ads
Show personalized content, depending on your settings
Show personalized ads, depending on your settings
If you choose to “Reject all,” we will not use cookies for these additional purposes.
Non-personalized content is influenced by things like the content you’re currently viewing, activity in your active Search session, and your location. Non-personalized ads are influenced by the content you’re currently viewing and your general location. Personalized content and ads can also include more relevant results, recommendations, and tailored ads based on past activity from this browser, like previous Google searches. We also use cookies and data to tailor the experience to be age-appropriate, if relevant.
Select “More options” to see additional information, including details about managing your privacy settings. You can also visit g.co/privacytools at any time.
Reject all
Accept all
More options
Privacy Policy
Terms of Service",https://news.google.com/rss/articles/CBMiqwFBVV95cUxPS3lUS091NEdGRnk4QmpVaVpabFNhWThBTURsNk1LMEtFWHhJa2gxWW5kWHB1RUVJRmF1R2xqR21xamVZNFY0U1FPRjhycWFpcXFaWEN3UWQtRm1nTDBIQkFFRFNMblVOSzMyOEdSUm5ZWndQY3VwdkhvYkRJekE0YWhFNC16OGpzZml5eGRLY0hsQThNTDNUVFFtNGowcjZSWGJyTDFLbVAtRTQ?oc=5
2024-06-09,GOOGL,Google,What Is the Dividend Payout for Alphabet? - Yahoo Finance,"EN
Sign in
Before you continue to Google
We use cookies and data to
Deliver and maintain Google services
Track outages and protect against spam, fraud, and abuse
Measure audience engagement and site statistics to understand how our services are used and enhance the quality of those services
If you choose to “Accept all,” we will also use cookies and data to
Develop and improve new services
Deliver and measure the effectiveness of ads
Show personalized content, depending on your settings
Show personalized ads, depending on your settings
If you choose to “Reject all,” we will not use cookies for these additional purposes.
Non-personalized content is influenced by things like the content you’re currently viewing, activity in your active Search session, and your location. Non-personalized ads are influenced by the content you’re currently viewing and your general location. Personalized content and ads can also include more relevant results, recommendations, and tailored ads based on past activity from this browser, like previous Google searches. We also use cookies and data to tailor the experience to be age-appropriate, if relevant.
Select “More options” to see additional information, including details about managing your privacy settings. You can also visit g.co/privacytools at any time.
Reject all
Accept all
More options
Privacy Policy
Terms of Service",https://news.google.com/rss/articles/CBMiekFVX3lxTE5yUDZuNDlVUlhlNExBMlpXLXlFUWMyai11MEJOSGI0R2pfTlNtOFpiR3pMSlNOcVdhUU1rQ01uY0RodXJyazNKZEJKWDRmY3pZVG1QbFVNNFBIX214ZGxjNGtObjNudDVfS0d5RzBPWFlBbTM1YjVpdVBn?oc=5
2024-05-31,GOOGL,Google,Alphabet Inc (GOOG) DCF Valuation: Is The Stock Undervalued? - The Acquirer's Multiple,"EN
Sign in
Before you continue to Google
We use cookies and data to
Deliver and maintain Google services
Track outages and protect against spam, fraud, and abuse
Measure audience engagement and site statistics to understand how our services are used and enhance the quality of those services
If you choose to “Accept all,” we will also use cookies and data to
Develop and improve new services
Deliver and measure the effectiveness of ads
Show personalized content, depending on your settings
Show personalized ads, depending on your settings
If you choose to “Reject all,” we will not use cookies for these additional purposes.
Non-personalized content is influenced by things like the content you’re currently viewing, activity in your active Search session, and your location. Non-personalized ads are influenced by the content you’re currently viewing and your general location. Personalized content and ads can also include more relevant results, recommendations, and tailored ads based on past activity from this browser, like previous Google searches. We also use cookies and data to tailor the experience to be age-appropriate, if relevant.
Select “More options” to see additional information, including details about managing your privacy settings. You can also visit g.co/privacytools at any time.
Reject all
Accept all
More options
Privacy Policy
Terms of Service",https://news.google.com/rss/articles/CBMingFBVV95cUxOaU15aUd5UlNMTGFIUXdDREpsUWhPeTZVUXFDSHdVNUZSQWVjaURiMEdRQWRxc1laVEVrSWs4OTZRQzlUczBHSEVoc3ZyZnUxTEdlWnYxU2dXb2pNVWRlMnhrZGtNVzlYTmJONFhybDAwdVN5a01kd1VZUTZyWmxlZG5LVy1acDhWNGlkWG9KLWdSUTJNRno1WmNjSGE2QQ?oc=5
2024-06-12,GOOGL,Google,"Oracle Stock Soars on OpenAI, Google Deals, Strong Outlook - Kiplinger","EN
Sign in
Before you continue to Google
We use cookies and data to
Deliver and maintain Google services
Track outages and protect against spam, fraud, and abuse
Measure audience engagement and site statistics to understand how our services are used and enhance the quality of those services
If you choose to “Accept all,” we will also use cookies and data to
Develop and improve new services
Deliver and measure the effectiveness of ads
Show personalized content, depending on your settings
Show personalized ads, depending on your settings
If you choose to “Reject all,” we will not use cookies for these additional purposes.
Non-personalized content is influenced by things like the content you’re currently viewing, activity in your active Search session, and your location. Non-personalized ads are influenced by the content you’re currently viewing and your general location. Personalized content and ads can also include more relevant results, recommendations, and tailored ads based on past activity from this browser, like previous Google searches. We also use cookies and data to tailor the experience to be age-appropriate, if relevant.
Select “More options” to see additional information, including details about managing your privacy settings. You can also visit g.co/privacytools at any time.
Reject all
Accept all
More options
Privacy Policy
Terms of Service",https://news.google.com/rss/articles/CBMioAFBVV95cUxNWXphd2lmWWxhSUVpNWFDRzlEODZ3NDZKbXVsOHpEQ2dFQmtpck5JejlFV2JCd21BMjhEeENpS2NYMldRcVhfbHRSUmQ1MGhUOG5Jbjg3b2dvd0xiSWxVcTM5MFRVZE94eTVzdTJhNThETUVfaW5xV1lRaF9ZLVRrV1JkY05aMWFscDdHUmJuQy1hMXVWM2lDcnh4TGtkT2Q4?oc=5
2024-06-19,GOOGL,Google,Google Invested in This Hot New Artificial Intelligence (AI) Stock. Should You? - The Motley Fool,"EN
Sign in
Before you continue to Google
We use cookies and data to
Deliver and maintain Google services
Track outages and protect against spam, fraud, and abuse
Measure audience engagement and site statistics to understand how our services are used and enhance the quality of those services
If you choose to “Accept all,” we will also use cookies and data to
Develop and improve new services
Deliver and measure the effectiveness of ads
Show personalized content, depending on your settings
Show personalized ads, depending on your settings
If you choose to “Reject all,” we will not use cookies for these additional purposes.
Non-personalized content is influenced by things like the content you’re currently viewing, activity in your active Search session, and your location. Non-personalized ads are influenced by the content you’re currently viewing and your general location. Personalized content and ads can also include more relevant results, recommendations, and tailored ads based on past activity from this browser, like previous Google searches. We also use cookies and data to tailor the experience to be age-appropriate, if relevant.
Select “More options” to see additional information, including details about managing your privacy settings. You can also visit g.co/privacytools at any time.
Reject all
Accept all
More options
Privacy Policy
Terms of Service",https://news.google.com/rss/articles/CBMilgFBVV95cUxOYkZDVEtBWHctN3dpUmtXUzQzbXZzR2ZZSTZBVGlnQURZb1pFdzNXU3VMakw5QzlxZ1gzZXFLemlIcjZtR3l1VkdlWFA1d0lyZl9QVlpuaVd1U0dMaHNuTndiT2o1RWVSVml3WlZ4S0RhbUpEVDhxMGsxT2tyOHMwSGZzNkxZcTJRZG1nYXdKSVZaWWdWTGc?oc=5
2024-06-11,GOOGL,Google,"Big cloud AI deals with Google and OpenAI send Oracle's stock higher, despite earnings miss - SiliconANGLE","EN
Sign in
Before you continue to Google
We use cookies and data to
Deliver and maintain Google services
Track outages and protect against spam, fraud, and abuse
Measure audience engagement and site statistics to understand how our services are used and enhance the quality of those services
If you choose to “Accept all,” we will also use cookies and data to
Develop and improve new services
Deliver and measure the effectiveness of ads
Show personalized content, depending on your settings
Show personalized ads, depending on your settings
If you choose to “Reject all,” we will not use cookies for these additional purposes.
Non-personalized content is influenced by things like the content you’re currently viewing, activity in your active Search session, and your location. Non-personalized ads are influenced by the content you’re currently viewing and your general location. Personalized content and ads can also include more relevant results, recommendations, and tailored ads based on past activity from this browser, like previous Google searches. We also use cookies and data to tailor the experience to be age-appropriate, if relevant.
Select “More options” to see additional information, including details about managing your privacy settings. You can also visit g.co/privacytools at any time.
Reject all
Accept all
More options
Privacy Policy
Terms of Service",https://news.google.com/rss/articles/CBMiuAFBVV95cUxORDUtWi1aMmNNdkU2aEpGZkt6SzRpYVFTb0txY3NaWkVERE1mY0U3ZExJcTlTUExhR3p5T19OdzM1amhSUU0zSVZJWi1kVWhlMXJVN1dQdTM4LW83RzVIc20tMXdRUTkwUWphclhwU09nb2RsRTBzc0xrQWhHM1NmT0hRVHNRMmlQY3gwRnN4eUVMZGZPTm9OaFhBbXR5eERON0hvb19DNFZFV2dpYU9KLV9Xdm5MRDUz?oc=5
2024-06-21,GOOGL,Google,Google Shares Current View on Using AI for Website Translation - Slator,"EN
Sign in
Before you continue to Google
We use cookies and data to
Deliver and maintain Google services
Track outages and protect against spam, fraud, and abuse
Measure audience engagement and site statistics to understand how our services are used and enhance the quality of those services
If you choose to “Accept all,” we will also use cookies and data to
Develop and improve new services
Deliver and measure the effectiveness of ads
Show personalized content, depending on your settings
Show personalized ads, depending on your settings
If you choose to “Reject all,” we will not use cookies for these additional purposes.
Non-personalized content is influenced by things like the content you’re currently viewing, activity in your active Search session, and your location. Non-personalized ads are influenced by the content you’re currently viewing and your general location. Personalized content and ads can also include more relevant results, recommendations, and tailored ads based on past activity from this browser, like previous Google searches. We also use cookies and data to tailor the experience to be age-appropriate, if relevant.
Select “More options” to see additional information, including details about managing your privacy settings. You can also visit g.co/privacytools at any time.
Reject all
Accept all
More options
Privacy Policy
Terms of Service",https://news.google.com/rss/articles/CBMiigFBVV95cUxQRG9JWEFSNFZqclk4YUptc3liMzRMSDVrSUVPNExxNlVKdU52VmJ0akpwUVMwbjZLQW01UVRlNXlvVUUyVVB3cjZkWERnbEU2QzdwTnFkTXI5aU9XaDNDUzNTSUxLcTNnVEZreGdQMUZfTXEzMFIwUjVBdDNUb0lxRVJMSWZ0UW5Ya0E?oc=5
2024-06-12,GOOGL,Google,"Google Stock At Start Of ""New Secular Growth Cycle"" Due To AI Strength - Investor's Business Daily","EN
Sign in
Before you continue to Google
We use cookies and data to
Deliver and maintain Google services
Track outages and protect against spam, fraud, and abuse
Measure audience engagement and site statistics to understand how our services are used and enhance the quality of those services
If you choose to “Accept all,” we will also use cookies and data to
Develop and improve new services
Deliver and measure the effectiveness of ads
Show personalized content, depending on your settings
Show personalized ads, depending on your settings
If you choose to “Reject all,” we will not use cookies for these additional purposes.
Non-personalized content is influenced by things like the content you’re currently viewing, activity in your active Search session, and your location. Non-personalized ads are influenced by the content you’re currently viewing and your general location. Personalized content and ads can also include more relevant results, recommendations, and tailored ads based on past activity from this browser, like previous Google searches. We also use cookies and data to tailor the experience to be age-appropriate, if relevant.
Select “More options” to see additional information, including details about managing your privacy settings. You can also visit g.co/privacytools at any time.
Reject all
Accept all
More options
Privacy Policy
Terms of Service",https://news.google.com/rss/articles/CBMiggFBVV95cUxQejZXUmp3X1MtZWF5ajNWQkpESnBvWTdDRTZMb21jMng1Y05pZjRuRU45cXl3bzBsU3k1c1pFWTduQnNWUHJBZ0RmOXBtdlBZVGZmOC1uWFp6SlJIMXc1Zlh5bFBXSWtUSzJxYkl4OWZpWmJTLXRNWjlXOGJCdVMzUzhB?oc=5
2024-06-06,GOOGL,Google,Why Google’s latest big hire could help Alphabet’s stock - MarketWatch,"EN
Sign in
Before you continue to Google
We use cookies and data to
Deliver and maintain Google services
Track outages and protect against spam, fraud, and abuse
Measure audience engagement and site statistics to understand how our services are used and enhance the quality of those services
If you choose to “Accept all,” we will also use cookies and data to
Develop and improve new services
Deliver and measure the effectiveness of ads
Show personalized content, depending on your settings
Show personalized ads, depending on your settings
If you choose to “Reject all,” we will not use cookies for these additional purposes.
Non-personalized content is influenced by things like the content you’re currently viewing, activity in your active Search session, and your location. Non-personalized ads are influenced by the content you’re currently viewing and your general location. Personalized content and ads can also include more relevant results, recommendations, and tailored ads based on past activity from this browser, like previous Google searches. We also use cookies and data to tailor the experience to be age-appropriate, if relevant.
Select “More options” to see additional information, including details about managing your privacy settings. You can also visit g.co/privacytools at any time.
Reject all
Accept all
More options
Privacy Policy
Terms of Service",https://news.google.com/rss/articles/CBMingFBVV95cUxOUmRqelQ4dzdWVjRacXVCUjlUeHBPSVo4WXFvMEotYThOeXdXNjVGbzBUZmNod05MeHhwX1BUZDFfWFp2X1VLYmlMay13bnF6VGR4TnZUR3A5Q2U5TW9UVWpUUlFSMURuRDZ1MTY0bWlQVUdnby01OXJPcUgzUXNPRWJjQUs1dnZUY2NqQ21uMHBkLTVuRjg0NlZfWHJIQQ?oc=5
2024-06-11,GOOGL,Google,"Oracle Stock Surges on Deals With Microsoft, OpenAI, and Google, Despite Earnings Miss - Investopedia","EN
Sign in
Before you continue to Google
We use cookies and data to
Deliver and maintain Google services
Track outages and protect against spam, fraud, and abuse
Measure audience engagement and site statistics to understand how our services are used and enhance the quality of those services
If you choose to “Accept all,” we will also use cookies and data to
Develop and improve new services
Deliver and measure the effectiveness of ads
Show personalized content, depending on your settings
Show personalized ads, depending on your settings
If you choose to “Reject all,” we will not use cookies for these additional purposes.
Non-personalized content is influenced by things like the content you’re currently viewing, activity in your active Search session, and your location. Non-personalized ads are influenced by the content you’re currently viewing and your general location. Personalized content and ads can also include more relevant results, recommendations, and tailored ads based on past activity from this browser, like previous Google searches. We also use cookies and data to tailor the experience to be age-appropriate, if relevant.
Select “More options” to see additional information, including details about managing your privacy settings. You can also visit g.co/privacytools at any time.
Reject all
Accept all
More options
Privacy Policy
Terms of Service",https://news.google.com/rss/articles/CBMicEFVX3lxTE50d1VlRElOYk5WWEEzNXVPMVhwbnRKVU5nZEs1ckVrNWx4WWtvWFBoR0VyczFBbHlwdm1DVXFKcmpxeEUtY0JIZW1uQlJTa2ZwMWlvdEUwc25NdVZhY3BCdnRsdU10SjYyYlZld0xBSV8?oc=5
2024-06-12,GOOGL,Google,"Oracle stock pops 13% on AI demand, new deals with Google and OpenAI - CNBC","EN
Sign in
Before you continue to Google
We use cookies and data to
Deliver and maintain Google services
Track outages and protect against spam, fraud, and abuse
Measure audience engagement and site statistics to understand how our services are used and enhance the quality of those services
If you choose to “Accept all,” we will also use cookies and data to
Develop and improve new services
Deliver and measure the effectiveness of ads
Show personalized content, depending on your settings
Show personalized ads, depending on your settings
If you choose to “Reject all,” we will not use cookies for these additional purposes.
Non-personalized content is influenced by things like the content you’re currently viewing, activity in your active Search session, and your location. Non-personalized ads are influenced by the content you’re currently viewing and your general location. Personalized content and ads can also include more relevant results, recommendations, and tailored ads based on past activity from this browser, like previous Google searches. We also use cookies and data to tailor the experience to be age-appropriate, if relevant.
Select “More options” to see additional information, including details about managing your privacy settings. You can also visit g.co/privacytools at any time.
Reject all
Accept all
More options
Privacy Policy
Terms of Service",https://news.google.com/rss/articles/CBMirwFBVV95cUxQWXVYTzBNOTEtWUpEeTVlNExxVkVZamRZcDJEcDhyQjUwcnUyNXpVMkZxZWNUbHNTRW44YXE4X1RMUVN4NC1neVB1aUo3b1VHamI5Xzh2UmNWdmRMM2o1c3RFbFZsM1VIN29Ud2phVTRBQm9iQlNib1dmQjcybGp1cHozT2hrcFF4SXlRaVFPZEFFX0NxQkVqTUVnc0piRWNJbWVxLUVpSDA5TEVTUV9Z0gG0AUFVX3lxTE1VYVNsSmVEanRWQVBUSTd0VjhSR3UzRmZYdHVrRDctdTlvRUQycFkxMXVzM3VQaWZIUV90el9RRi02Ui1kcndlUTllRVo1VXFJMUl6TUhVQTE5V1ZPVzJRWGtLWGk4YjNyQnczOWFqWUkwdmRpS2FLSEZ4WEpIU2Y1TW45VGU5Zm5sbEJkY0diVHdJM3ZQYlVKUDJLbmZPNG9QVVNtaWlJU1IwMU5NU1VKSFZkdg?oc=5
2024-06-05,GOOGL,Google,Google hires Eli Lilly vet as CFO while search giant pivots to AI - Yahoo Finance,"EN
Sign in
Before you continue to Google
We use cookies and data to
Deliver and maintain Google services
Track outages and protect against spam, fraud, and abuse
Measure audience engagement and site statistics to understand how our services are used and enhance the quality of those services
If you choose to “Accept all,” we will also use cookies and data to
Develop and improve new services
Deliver and measure the effectiveness of ads
Show personalized content, depending on your settings
Show personalized ads, depending on your settings
If you choose to “Reject all,” we will not use cookies for these additional purposes.
Non-personalized content is influenced by things like the content you’re currently viewing, activity in your active Search session, and your location. Non-personalized ads are influenced by the content you’re currently viewing and your general location. Personalized content and ads can also include more relevant results, recommendations, and tailored ads based on past activity from this browser, like previous Google searches. We also use cookies and data to tailor the experience to be age-appropriate, if relevant.
Select “More options” to see additional information, including details about managing your privacy settings. You can also visit g.co/privacytools at any time.
Reject all
Accept all
More options
Privacy Policy
Terms of Service",https://news.google.com/rss/articles/CBMisAFBVV95cUxOR1JWMVBIMzI5dXY2T1pLaHBzME43cGxhQVhJdWE4MTZsMDk2Y1VGaW1uUHBHRzVpR0JHSFhfNXVzQnpmYXB2WUtwQzUxYlRqVGlMVUlJOFJtNFJfZThScU1OZU0xOXBxTlBzMHpMTHQ2dVpXQ202bElGQ21Zc244aHp1b2U1aHlrTGNlZDBqX0ZXbDBzdi1DdDFhOEdzN0FFNFk4a195X21QRG5JY1hkaQ?oc=5
2024-06-05,GOOGL,Google,Google Stock: Alphabet Picks Eli Lilly Executive Anat Ashkenazi As New CFO - Investor's Business Daily,"EN
Sign in
Before you continue to Google
We use cookies and data to
Deliver and maintain Google services
Track outages and protect against spam, fraud, and abuse
Measure audience engagement and site statistics to understand how our services are used and enhance the quality of those services
If you choose to “Accept all,” we will also use cookies and data to
Develop and improve new services
Deliver and measure the effectiveness of ads
Show personalized content, depending on your settings
Show personalized ads, depending on your settings
If you choose to “Reject all,” we will not use cookies for these additional purposes.
Non-personalized content is influenced by things like the content you’re currently viewing, activity in your active Search session, and your location. Non-personalized ads are influenced by the content you’re currently viewing and your general location. Personalized content and ads can also include more relevant results, recommendations, and tailored ads based on past activity from this browser, like previous Google searches. We also use cookies and data to tailor the experience to be age-appropriate, if relevant.
Select “More options” to see additional information, including details about managing your privacy settings. You can also visit g.co/privacytools at any time.
Reject all
Accept all
More options
Privacy Policy
Terms of Service",https://news.google.com/rss/articles/CBMimwFBVV95cUxPUUgtVDRPSlJ1bHgzQWw1YmR4aElDV0FobURJelhhdUFfdU96bVNRRTdrMVZkcFp6LWo3LUlXdHo5dmt1RXlPYWNET3RaZXFsdWVVZ1lrc3pJd19lZjc5RE1Xc1M2UnhrU2NWQ19aNVNEbW9WcmQ1OVJBZDY4bFpvTnJWdDZsMFd6ZjZjMlBOVndKTUg4VVkxWU01QQ?oc=5
2024-06-06,GOOGL,Google,"Mutual Funds Keep Buying Up Google, These 2 Other Big Caps - Investor's Business Daily","EN
Sign in
Before you continue to Google
We use cookies and data to
Deliver and maintain Google services
Track outages and protect against spam, fraud, and abuse
Measure audience engagement and site statistics to understand how our services are used and enhance the quality of those services
If you choose to “Accept all,” we will also use cookies and data to
Develop and improve new services
Deliver and measure the effectiveness of ads
Show personalized content, depending on your settings
Show personalized ads, depending on your settings
If you choose to “Reject all,” we will not use cookies for these additional purposes.
Non-personalized content is influenced by things like the content you’re currently viewing, activity in your active Search session, and your location. Non-personalized ads are influenced by the content you’re currently viewing and your general location. Personalized content and ads can also include more relevant results, recommendations, and tailored ads based on past activity from this browser, like previous Google searches. We also use cookies and data to tailor the experience to be age-appropriate, if relevant.
Select “More options” to see additional information, including details about managing your privacy settings. You can also visit g.co/privacytools at any time.
Reject all
Accept all
More options
Privacy Policy
Terms of Service",https://news.google.com/rss/articles/CBMigwFBVV95cUxNejVra3JGU24zZkd0cnpNdS0zVE91SGVDWlBvbXhCcW1aZXU1blF5SW9LMWp1SXhIblhlQnpYX1R2MlBScFpCSXpZUXBuVDRLRTRsSDRpNk1BcGhhVmNickV6Yk5xYTBsdVJEd09uZlF5SWhCX0JoOFFobE01dW5WZ09JOA?oc=5
2024-06-29,GOOGL,Google,"Is Google A Buy As Of June 2024 Amid Wall Street Focus On Operating Margins, New CFO? - Investor's Business Daily","EN
Sign in
Before you continue to Google
We use cookies and data to
Deliver and maintain Google services
Track outages and protect against spam, fraud, and abuse
Measure audience engagement and site statistics to understand how our services are used and enhance the quality of those services
If you choose to “Accept all,” we will also use cookies and data to
Develop and improve new services
Deliver and measure the effectiveness of ads
Show personalized content, depending on your settings
Show personalized ads, depending on your settings
If you choose to “Reject all,” we will not use cookies for these additional purposes.
Non-personalized content is influenced by things like the content you’re currently viewing, activity in your active Search session, and your location. Non-personalized ads are influenced by the content you’re currently viewing and your general location. Personalized content and ads can also include more relevant results, recommendations, and tailored ads based on past activity from this browser, like previous Google searches. We also use cookies and data to tailor the experience to be age-appropriate, if relevant.
Select “More options” to see additional information, including details about managing your privacy settings. You can also visit g.co/privacytools at any time.
Reject all
Accept all
More options
Privacy Policy
Terms of Service",https://news.google.com/rss/articles/CBMifkFVX3lxTE1uMVNnTlROY2JROHVYTjhzWjg2Ujg5UE5ZVWFzdjZvNjZqaEowdTVzOHhZMEVXcXFXSkxxYmhrMXJTVlBLWTN1M2tGaERMb0FJRGN3M3Q5eHB5Snk3WkFsZVMtMGVsekpJTDQ2cllQTkt6OV9pN1IxTHNWQ3J3UQ?oc=5
2024-07-24,GOOGL,Google,"Stock market has worst day since 2022 as Tesla, Google parent Alphabet sink - NBC News","EN
Sign in
Before you continue to Google
We use cookies and data to
Deliver and maintain Google services
Track outages and protect against spam, fraud, and abuse
Measure audience engagement and site statistics to understand how our services are used and enhance the quality of those services
If you choose to “Accept all,” we will also use cookies and data to
Develop and improve new services
Deliver and measure the effectiveness of ads
Show personalized content, depending on your settings
Show personalized ads, depending on your settings
If you choose to “Reject all,” we will not use cookies for these additional purposes.
Non-personalized content is influenced by things like the content you’re currently viewing, activity in your active Search session, and your location. Non-personalized ads are influenced by the content you’re currently viewing and your general location. Personalized content and ads can also include more relevant results, recommendations, and tailored ads based on past activity from this browser, like previous Google searches. We also use cookies and data to tailor the experience to be age-appropriate, if relevant.
Select “More options” to see additional information, including details about managing your privacy settings. You can also visit g.co/privacytools at any time.
Reject all
Accept all
More options
Privacy Policy
Terms of Service",https://news.google.com/rss/articles/CBMiugFBVV95cUxQWGVXenBYclhnTEhuUTR0TXAyUFUtejdzOWtCUEZRdUNjdWkzQXBjVE4zQzNYbEFXeHV2X3p2ZWhpVTBCR21LZWtjd0xxaFQ1TE4tQ182U3VzN1h1dUlNeVNZSGNjeFliRDlsVVZJQ2doZWxHMk05c015b0w5QlNqQjVTeVRKWXo4VlRTd3JrNjhHOVFMclJsa2dZVHVvTzlVYkRmd3hoYjZScE83S3ptYi03c2diYVhIX1HSAVZBVV95cUxOLTgtQVFnM3dtcWV3RDRVUFdOS1QxQTE3WUJ2RWVWTlFibTBEYjJyWTJOeVhZNWpZdXpWcG1OUkdOQUM2dVBMUmxvTGhOQzBZaUFsZFEtZw?oc=5
2024-07-22,GOOGL,Google,"Going into Earnings, is Alphabet Stock a Buy, a Sell, or a Hold? - Morningstar","EN
Sign in
Before you continue to Google
We use cookies and data to
Deliver and maintain Google services
Track outages and protect against spam, fraud, and abuse
Measure audience engagement and site statistics to understand how our services are used and enhance the quality of those services
If you choose to “Accept all,” we will also use cookies and data to
Develop and improve new services
Deliver and measure the effectiveness of ads
Show personalized content, depending on your settings
Show personalized ads, depending on your settings
If you choose to “Reject all,” we will not use cookies for these additional purposes.
Non-personalized content is influenced by things like the content you’re currently viewing, activity in your active Search session, and your location. Non-personalized ads are influenced by the content you’re currently viewing and your general location. Personalized content and ads can also include more relevant results, recommendations, and tailored ads based on past activity from this browser, like previous Google searches. We also use cookies and data to tailor the experience to be age-appropriate, if relevant.
Select “More options” to see additional information, including details about managing your privacy settings. You can also visit g.co/privacytools at any time.
Reject all
Accept all
More options
Privacy Policy
Terms of Service",https://news.google.com/rss/articles/CBMirwFBVV95cUxOQTZtTjlxeTExYzlTNzRORy1MM0lCNlFKVmlEVXJVRTNhdTFjcFk0T25kazNjd2NpNW9wcmNEcGpaMkoxWGtfRW1FV2JWQ0pFVTZhd2VBSFpYWTRXQnotS3ZpU0FsSmp1OTlRdW42cHN6RDFWUThVTVpOSndSazJmdGxJVThHbmRHRUNFWnQ2bG05UkZQTkcydnZoNUhISDhRUWxxcFo0VUd4b08td3NR?oc=5
2024-07-14,GOOGL,Google,Watch These Alphabet Stock Levels After Report Google Parent Weighing $23B Purchase - Investopedia,"EN
Sign in
Before you continue to Google
We use cookies and data to
Deliver and maintain Google services
Track outages and protect against spam, fraud, and abuse
Measure audience engagement and site statistics to understand how our services are used and enhance the quality of those services
If you choose to “Accept all,” we will also use cookies and data to
Develop and improve new services
Deliver and measure the effectiveness of ads
Show personalized content, depending on your settings
Show personalized ads, depending on your settings
If you choose to “Reject all,” we will not use cookies for these additional purposes.
Non-personalized content is influenced by things like the content you’re currently viewing, activity in your active Search session, and your location. Non-personalized ads are influenced by the content you’re currently viewing and your general location. Personalized content and ads can also include more relevant results, recommendations, and tailored ads based on past activity from this browser, like previous Google searches. We also use cookies and data to tailor the experience to be age-appropriate, if relevant.
Select “More options” to see additional information, including details about managing your privacy settings. You can also visit g.co/privacytools at any time.
Reject all
Accept all
More options
Privacy Policy
Terms of Service",https://news.google.com/rss/articles/CBMivwFBVV95cUxQYjNYZi0za2VfR0lJNTFqMm1ZamhReVVPVWFlaVE5U2JsbUYwMExvbEl1ZzMxVWtNRnNVM3BfaTNvb3BfaS0tN3dMdmp6Mk1vUjl3eG5wWHJQSGlHVmlMSHVFa3dHNjhwUGxOQ2YwaWVLWlJhWUJUYVNONjlFSVVTVFUzaTVHNEo2OU5hb2hhV3RjQkdkT3JDSURTa1RDRnNtZDh2VW1SR3ZPUlZPZTVuVGhza0U0Y3J1VnJGS1lIVQ?oc=5
2024-07-15,GOOGL,Google,Microsoft Vs. Apple Vs. Google: Which AI Stock Is A Buy Ahead Of Earnings? - Forbes,"EN
Sign in
Before you continue to Google
We use cookies and data to
Deliver and maintain Google services
Track outages and protect against spam, fraud, and abuse
Measure audience engagement and site statistics to understand how our services are used and enhance the quality of those services
If you choose to “Accept all,” we will also use cookies and data to
Develop and improve new services
Deliver and measure the effectiveness of ads
Show personalized content, depending on your settings
Show personalized ads, depending on your settings
If you choose to “Reject all,” we will not use cookies for these additional purposes.
Non-personalized content is influenced by things like the content you’re currently viewing, activity in your active Search session, and your location. Non-personalized ads are influenced by the content you’re currently viewing and your general location. Personalized content and ads can also include more relevant results, recommendations, and tailored ads based on past activity from this browser, like previous Google searches. We also use cookies and data to tailor the experience to be age-appropriate, if relevant.
Select “More options” to see additional information, including details about managing your privacy settings. You can also visit g.co/privacytools at any time.
Reject all
Accept all
More options
Privacy Policy
Terms of Service",https://news.google.com/rss/articles/CBMiowFBVV95cUxNZlFCUjlnQ2tzQVY4RDFvdkQ1UHhRN3pmY2g5SmpFc3BaVmx1QkVRMEZPZllkTHNyMEJiZEdNUHFRVU14cGxXUFYtcktFZGxNR1NqRDJzN1RCbExVLTlyREtvNk5ISE1pUjFoNXV6RHVNOU11SlZWUkE3M1AwZzhya2c0WWhRcGZaa2RoTi16OHdCcWtwREVFd0xUYnFTd2JkZXVr?oc=5
2024-07-24,GOOGL,Google,Google stock is sinking because of high AI spending and sluggish YouTube performance - qz.com,"EN
Sign in
Before you continue to Google
We use cookies and data to
Deliver and maintain Google services
Track outages and protect against spam, fraud, and abuse
Measure audience engagement and site statistics to understand how our services are used and enhance the quality of those services
If you choose to “Accept all,” we will also use cookies and data to
Develop and improve new services
Deliver and measure the effectiveness of ads
Show personalized content, depending on your settings
Show personalized ads, depending on your settings
If you choose to “Reject all,” we will not use cookies for these additional purposes.
Non-personalized content is influenced by things like the content you’re currently viewing, activity in your active Search session, and your location. Non-personalized ads are influenced by the content you’re currently viewing and your general location. Personalized content and ads can also include more relevant results, recommendations, and tailored ads based on past activity from this browser, like previous Google searches. We also use cookies and data to tailor the experience to be age-appropriate, if relevant.
Select “More options” to see additional information, including details about managing your privacy settings. You can also visit g.co/privacytools at any time.
Reject all
Accept all
More options
Privacy Policy
Terms of Service",https://news.google.com/rss/articles/CBMiiAFBVV95cUxOZ1FqY3NlQjd3RDlfMnJSZW1NMktTXzdlQ2pOZHBYSTVHZ2NtOVVKVzBYUkNsS085aklzX2tsaDJMWm9EWGxqdWd3Wjd0WlJSVXZ4dFJxbEFNaXk1UmQwODZDRURLLUx3MXpBQjFxT0RQTVZBZ2V2My1CWWRmWUgyOGdrOUo5WF81?oc=5
2024-07-24,GOOGL,Google,Analysts reset Google parent stock price targets after Q2 earnings - TheStreet,"EN
Sign in
Before you continue to Google
We use cookies and data to
Deliver and maintain Google services
Track outages and protect against spam, fraud, and abuse
Measure audience engagement and site statistics to understand how our services are used and enhance the quality of those services
If you choose to “Accept all,” we will also use cookies and data to
Develop and improve new services
Deliver and measure the effectiveness of ads
Show personalized content, depending on your settings
Show personalized ads, depending on your settings
If you choose to “Reject all,” we will not use cookies for these additional purposes.
Non-personalized content is influenced by things like the content you’re currently viewing, activity in your active Search session, and your location. Non-personalized ads are influenced by the content you’re currently viewing and your general location. Personalized content and ads can also include more relevant results, recommendations, and tailored ads based on past activity from this browser, like previous Google searches. We also use cookies and data to tailor the experience to be age-appropriate, if relevant.
Select “More options” to see additional information, including details about managing your privacy settings. You can also visit g.co/privacytools at any time.
Reject all
Accept all
More options
Privacy Policy
Terms of Service",https://news.google.com/rss/articles/CBMirgFBVV95cUxNQWFTSkxYQkZ3SW0zYUt3RzZIYzFtVTE5VklwaWNnU3lVbTVLWG84TGtabFB3TFVEWGxXOVg1UGVsTVJyNWRwRlFWdmlGY2ZLbk9RQl9tLWcxNkROUVA0WXE5MlQwTVl1NVNhbk9VMUxnUF96WlFfYWRMMFNTWWh2ZEtsaDh3SkZ4VnlrR1I0QnhZRjlaSWszTXNIblFGZjQ2eml5UEhFZzdjU2RoQ2c?oc=5
2024-07-03,GOOGL,Google,"'Breaking Up Google Would Drive 10%-15% Upside' For Shareholders, Analyst Says - markets.businessinsider.com","EN
Sign in
Before you continue to Google
We use cookies and data to
Deliver and maintain Google services
Track outages and protect against spam, fraud, and abuse
Measure audience engagement and site statistics to understand how our services are used and enhance the quality of those services
If you choose to “Accept all,” we will also use cookies and data to
Develop and improve new services
Deliver and measure the effectiveness of ads
Show personalized content, depending on your settings
Show personalized ads, depending on your settings
If you choose to “Reject all,” we will not use cookies for these additional purposes.
Non-personalized content is influenced by things like the content you’re currently viewing, activity in your active Search session, and your location. Non-personalized ads are influenced by the content you’re currently viewing and your general location. Personalized content and ads can also include more relevant results, recommendations, and tailored ads based on past activity from this browser, like previous Google searches. We also use cookies and data to tailor the experience to be age-appropriate, if relevant.
Select “More options” to see additional information, including details about managing your privacy settings. You can also visit g.co/privacytools at any time.
Reject all
Accept all
More options
Privacy Policy
Terms of Service",https://news.google.com/rss/articles/CBMizgFBVV95cUxNZ1pVdW5IUjdMQm1rME9tekwtMnFSYnBMaGh3Y1AwU2hOeEhQTi1oVVpxQ05YNUxnYkVVX29manF3MFkyMkdqSUk4Vkp4RDNIbWdDWHRzS19FRk9iQzZGMzBGR2pwaUZnMVRkODVzSllKTm1HUEVBcXZIM0RST2kwS2lncWRyd3FqZnFPdjNmQWNyLTJyYTZvS0VnZ2tWa1gzYjRGVjhTUVp5WmRxVzZNb2pIcGZoQjlwWkJSMnR5d2ZYZTZLVkdsNHV4eUVyZw?oc=5
2024-07-23,GOOGL,Google,Here’s why Alphabet’s stock is shrugging off an earnings beat - MarketWatch,"EN
Sign in
Before you continue to Google
We use cookies and data to
Deliver and maintain Google services
Track outages and protect against spam, fraud, and abuse
Measure audience engagement and site statistics to understand how our services are used and enhance the quality of those services
If you choose to “Accept all,” we will also use cookies and data to
Develop and improve new services
Deliver and measure the effectiveness of ads
Show personalized content, depending on your settings
Show personalized ads, depending on your settings
If you choose to “Reject all,” we will not use cookies for these additional purposes.
Non-personalized content is influenced by things like the content you’re currently viewing, activity in your active Search session, and your location. Non-personalized ads are influenced by the content you’re currently viewing and your general location. Personalized content and ads can also include more relevant results, recommendations, and tailored ads based on past activity from this browser, like previous Google searches. We also use cookies and data to tailor the experience to be age-appropriate, if relevant.
Select “More options” to see additional information, including details about managing your privacy settings. You can also visit g.co/privacytools at any time.
Reject all
Accept all
More options
Privacy Policy
Terms of Service",https://news.google.com/rss/articles/CBMipAFBVV95cUxNMG1ibFBGQUVfMmpmdWdMWDRUS0ctcHhvdmtjeVNqek9aYTFfa2JEakdkY1hfZjYxdGxtLUdXdkxMV1lqN3FCRnZXN3paZURjV3N4NFBHLTJpaVl0RTFjVEtEYkloOXM2SGdVM255WXRnWmYwLU4yWnlqTXhCNExaR3Q5V3ZpZklSaTQwOE1xdmlUbUdBUXFqXzZ1T3Njb2xsMlpQVw?oc=5
2024-07-24,GOOGL,Google,"Google Stock Falls As Search Ads, Cloud Beat In Q2 But YouTube Misses - Investor's Business Daily","EN
Sign in
Before you continue to Google
We use cookies and data to
Deliver and maintain Google services
Track outages and protect against spam, fraud, and abuse
Measure audience engagement and site statistics to understand how our services are used and enhance the quality of those services
If you choose to “Accept all,” we will also use cookies and data to
Develop and improve new services
Deliver and measure the effectiveness of ads
Show personalized content, depending on your settings
Show personalized ads, depending on your settings
If you choose to “Reject all,” we will not use cookies for these additional purposes.
Non-personalized content is influenced by things like the content you’re currently viewing, activity in your active Search session, and your location. Non-personalized ads are influenced by the content you’re currently viewing and your general location. Personalized content and ads can also include more relevant results, recommendations, and tailored ads based on past activity from this browser, like previous Google searches. We also use cookies and data to tailor the experience to be age-appropriate, if relevant.
Select “More options” to see additional information, including details about managing your privacy settings. You can also visit g.co/privacytools at any time.
Reject all
Accept all
More options
Privacy Policy
Terms of Service",https://news.google.com/rss/articles/CBMiiwFBVV95cUxQZWxIX1ljVkVVOVlkUkh4b1ZrblNSMzUyaG5DeVNLOTUwNXIzcEg2a21iZEFZbzAzVGsyX3FMZTY5QWZ0SHFUMUQ5U05ZVkE0cW9ZaTd6WnAwX0lQMzRXYUJBZ0JodG1QQlMwNXZhVFgzWWlCTGtaTlFfTTJLd1ZnTkpKc1AtYzVfT3Z3?oc=5
2024-07-24,GOOGL,Google,Cost Worries Hit Google Parent Alphabet's Stock—Here's Why Analysts Are Still Bullish - Investopedia,"EN
Sign in
Before you continue to Google
We use cookies and data to
Deliver and maintain Google services
Track outages and protect against spam, fraud, and abuse
Measure audience engagement and site statistics to understand how our services are used and enhance the quality of those services
If you choose to “Accept all,” we will also use cookies and data to
Develop and improve new services
Deliver and measure the effectiveness of ads
Show personalized content, depending on your settings
Show personalized ads, depending on your settings
If you choose to “Reject all,” we will not use cookies for these additional purposes.
Non-personalized content is influenced by things like the content you’re currently viewing, activity in your active Search session, and your location. Non-personalized ads are influenced by the content you’re currently viewing and your general location. Personalized content and ads can also include more relevant results, recommendations, and tailored ads based on past activity from this browser, like previous Google searches. We also use cookies and data to tailor the experience to be age-appropriate, if relevant.
Select “More options” to see additional information, including details about managing your privacy settings. You can also visit g.co/privacytools at any time.
Reject all
Accept all
More options
Privacy Policy
Terms of Service",https://news.google.com/rss/articles/CBMiogFBVV95cUxNN0JzNlZSeHNXWjRHOWktcWNhQmJHTGFfTzEyYzBubVFabFZILTk0dF9NcXVVZVdxQ2h2b3liQTNXQnJPUGlHUDBJYlp1SHRvMlRCcHVXNUF1WWZINTlPZFoyVDJ4RTAwYVg1NnlxcW56RWpPQWRNMV93RUZENEM0aWlFYVlEYmtfT2Q3YXU5RVhDUjJvTkUzRTRPMG1fSHd6ZEE?oc=5
2024-07-23,GOOGL,Google,Google Stock Could Rise On Q2 Cloud Growth Despite Busted Wiz Deal - Forbes,"EN
Sign in
Before you continue to Google
We use cookies and data to
Deliver and maintain Google services
Track outages and protect against spam, fraud, and abuse
Measure audience engagement and site statistics to understand how our services are used and enhance the quality of those services
If you choose to “Accept all,” we will also use cookies and data to
Develop and improve new services
Deliver and measure the effectiveness of ads
Show personalized content, depending on your settings
Show personalized ads, depending on your settings
If you choose to “Reject all,” we will not use cookies for these additional purposes.
Non-personalized content is influenced by things like the content you’re currently viewing, activity in your active Search session, and your location. Non-personalized ads are influenced by the content you’re currently viewing and your general location. Personalized content and ads can also include more relevant results, recommendations, and tailored ads based on past activity from this browser, like previous Google searches. We also use cookies and data to tailor the experience to be age-appropriate, if relevant.
Select “More options” to see additional information, including details about managing your privacy settings. You can also visit g.co/privacytools at any time.
Reject all
Accept all
More options
Privacy Policy
Terms of Service",https://news.google.com/rss/articles/CBMiugFBVV95cUxPeWpMWXdKN0ZSdDllUk8tZXhvR3llRmxZZkNya0RaQ2J0eVBrSFp5X3pBSVJEbGNxcnp2eng3Z2RxSTFCeVcwbVZEeG15ZHB2MGxPa3Iya1kxcHZiTnk2Vl9nWk1BTE9YRGZoeHcyX1pNX05QSVNoY0FfMmJTSi1tV0FYTkx2X3hGX0hQdXpVQVl6emxCY3d0MFVVRFRkOFBWVURhVTY2cjRMQ0ZobklvWGtDcFZuVk5wNVE?oc=5
2024-07-25,GOOGL,Google,Google Stock Falls On OpenAI's SearchGPT Debut - Investor's Business Daily,"EN
Sign in
Before you continue to Google
We use cookies and data to
Deliver and maintain Google services
Track outages and protect against spam, fraud, and abuse
Measure audience engagement and site statistics to understand how our services are used and enhance the quality of those services
If you choose to “Accept all,” we will also use cookies and data to
Develop and improve new services
Deliver and measure the effectiveness of ads
Show personalized content, depending on your settings
Show personalized ads, depending on your settings
If you choose to “Reject all,” we will not use cookies for these additional purposes.
Non-personalized content is influenced by things like the content you’re currently viewing, activity in your active Search session, and your location. Non-personalized ads are influenced by the content you’re currently viewing and your general location. Personalized content and ads can also include more relevant results, recommendations, and tailored ads based on past activity from this browser, like previous Google searches. We also use cookies and data to tailor the experience to be age-appropriate, if relevant.
Select “More options” to see additional information, including details about managing your privacy settings. You can also visit g.co/privacytools at any time.
Reject all
Accept all
More options
Privacy Policy
Terms of Service",https://news.google.com/rss/articles/CBMilAFBVV95cUxONE9rQVBGbVQ3WkxmR1RMb3ljbEZWZGlkTW1VbTlMVDJqMmZaUmZLTDJuNWpfTzVrc1VwVzAyeXJkSlA2Y3E1cGhDb05DY1VkR2ZGTGlsLWdDcmRXdFpEcHAtQURuMGtrRmF1VU5TOFJEZTRKM1U5Vm04NzNBN1NyRks1ZXVLRGgxMHBLOFEwT3BDYUpi?oc=5
2024-07-10,GOOGL,Google,Top Alphabet (Google) Shareholders - Investopedia,"EN
Sign in
Before you continue to Google
We use cookies and data to
Deliver and maintain Google services
Track outages and protect against spam, fraud, and abuse
Measure audience engagement and site statistics to understand how our services are used and enhance the quality of those services
If you choose to “Accept all,” we will also use cookies and data to
Develop and improve new services
Deliver and measure the effectiveness of ads
Show personalized content, depending on your settings
Show personalized ads, depending on your settings
If you choose to “Reject all,” we will not use cookies for these additional purposes.
Non-personalized content is influenced by things like the content you’re currently viewing, activity in your active Search session, and your location. Non-personalized ads are influenced by the content you’re currently viewing and your general location. Personalized content and ads can also include more relevant results, recommendations, and tailored ads based on past activity from this browser, like previous Google searches. We also use cookies and data to tailor the experience to be age-appropriate, if relevant.
Select “More options” to see additional information, including details about managing your privacy settings. You can also visit g.co/privacytools at any time.
Reject all
Accept all
More options
Privacy Policy
Terms of Service",https://news.google.com/rss/articles/CBMikAFBVV95cUxQY2J5d18tcXlLOW1qV2JuLWpnaE5EQlNYVG11bVZxaXBVRU5fVThHUTYxR2p0N1dGYWtKNURNRXNWeEQ1Zy1xMzRBTmVFRW9HYnVJMTVRSGdHY2U1NmI2WWFGeGRVZm9YMUIwQ3JsZE1LYWtyaS03SF92NS1Db3dtSXVCODNsQWJPRVRxcHRudVk?oc=5
2024-07-10,GOOGL,Google,HubSpot Shares Tumble As Alphabet Walks Away From Acquisition Talks - Investor's Business Daily,"EN
Sign in
Before you continue to Google
We use cookies and data to
Deliver and maintain Google services
Track outages and protect against spam, fraud, and abuse
Measure audience engagement and site statistics to understand how our services are used and enhance the quality of those services
If you choose to “Accept all,” we will also use cookies and data to
Develop and improve new services
Deliver and measure the effectiveness of ads
Show personalized content, depending on your settings
Show personalized ads, depending on your settings
If you choose to “Reject all,” we will not use cookies for these additional purposes.
Non-personalized content is influenced by things like the content you’re currently viewing, activity in your active Search session, and your location. Non-personalized ads are influenced by the content you’re currently viewing and your general location. Personalized content and ads can also include more relevant results, recommendations, and tailored ads based on past activity from this browser, like previous Google searches. We also use cookies and data to tailor the experience to be age-appropriate, if relevant.
Select “More options” to see additional information, including details about managing your privacy settings. You can also visit g.co/privacytools at any time.
Reject all
Accept all
More options
Privacy Policy
Terms of Service",https://news.google.com/rss/articles/CBMiiwFBVV95cUxQT2lpZEhDMDg4a1dya3NSR0lMUnBFaUk3OVpQZll3TWxJOXBmeTNZNl9xNnB1QnlPc0gxeS1YM3ppcXFvVVkza2JsMXdwaWY4V3hjRTlkZXB4QXpCMXVFSXljUU5FN20zMFR0WW1oUVJJX3EtSThaREZuTlBFQTZ4VnYxb19OWWxzRE5J?oc=5
2024-07-23,GOOGL,Google,4 Key Takeaways From Google Parent Alphabet's Earnings Call - Investopedia,"EN
Sign in
Before you continue to Google
We use cookies and data to
Deliver and maintain Google services
Track outages and protect against spam, fraud, and abuse
Measure audience engagement and site statistics to understand how our services are used and enhance the quality of those services
If you choose to “Accept all,” we will also use cookies and data to
Develop and improve new services
Deliver and measure the effectiveness of ads
Show personalized content, depending on your settings
Show personalized ads, depending on your settings
If you choose to “Reject all,” we will not use cookies for these additional purposes.
Non-personalized content is influenced by things like the content you’re currently viewing, activity in your active Search session, and your location. Non-personalized ads are influenced by the content you’re currently viewing and your general location. Personalized content and ads can also include more relevant results, recommendations, and tailored ads based on past activity from this browser, like previous Google searches. We also use cookies and data to tailor the experience to be age-appropriate, if relevant.
Select “More options” to see additional information, including details about managing your privacy settings. You can also visit g.co/privacytools at any time.
Reject all
Accept all
More options
Privacy Policy
Terms of Service",https://news.google.com/rss/articles/CBMipwFBVV95cUxNcE1VT1REbGdhZG5OX01uRHMyXzgyaTNNOUpEMjgxWTRqVElnMUF5M1FuMGtXM1kxcXFYY3p5VjR5TzRWNnlWRHlTUUhBendlRHBLYXMxcHJVazAtU1QwNTdPNlhvTEpTeTd0TU5DLWpfUm1WVl9VcXI2T0hXT1BCZGtkazBvaTFqbUdLNUx2QnpFMld6dGt4WVlzbDN0TTIycmtjUi1pRQ?oc=5
2024-07-18,GOOGL,Google,OpenAI As The Next Google 20 Years After Its Landmark IPO - Investor's Business Daily,"EN
Sign in
Before you continue to Google
We use cookies and data to
Deliver and maintain Google services
Track outages and protect against spam, fraud, and abuse
Measure audience engagement and site statistics to understand how our services are used and enhance the quality of those services
If you choose to “Accept all,” we will also use cookies and data to
Develop and improve new services
Deliver and measure the effectiveness of ads
Show personalized content, depending on your settings
Show personalized ads, depending on your settings
If you choose to “Reject all,” we will not use cookies for these additional purposes.
Non-personalized content is influenced by things like the content you’re currently viewing, activity in your active Search session, and your location. Non-personalized ads are influenced by the content you’re currently viewing and your general location. Personalized content and ads can also include more relevant results, recommendations, and tailored ads based on past activity from this browser, like previous Google searches. We also use cookies and data to tailor the experience to be age-appropriate, if relevant.
Select “More options” to see additional information, including details about managing your privacy settings. You can also visit g.co/privacytools at any time.
Reject all
Accept all
More options
Privacy Policy
Terms of Service",https://news.google.com/rss/articles/CBMigAFBVV95cUxQaHhPVXBUX0pNN3dXNEFuNVdvTnQ0TEFHeXB1R1hQYkpRVEIzZHBDcXo4WHpXbEZDV2FOX2VaN1JjeWU1Wk5RalZkZGVZako5NUhGWEUySVBsTEM4VGlsb1BsYUZqekRYV3o0d2FOWEdiWDA3U1VUelZjSS1jeHk2Ug?oc=5
2024-07-19,GOOGL,Google,How Do You Recognize When A Market Rotates? - Investor's Business Daily,"EN
Sign in
Before you continue to Google
We use cookies and data to
Deliver and maintain Google services
Track outages and protect against spam, fraud, and abuse
Measure audience engagement and site statistics to understand how our services are used and enhance the quality of those services
If you choose to “Accept all,” we will also use cookies and data to
Develop and improve new services
Deliver and measure the effectiveness of ads
Show personalized content, depending on your settings
Show personalized ads, depending on your settings
If you choose to “Reject all,” we will not use cookies for these additional purposes.
Non-personalized content is influenced by things like the content you’re currently viewing, activity in your active Search session, and your location. Non-personalized ads are influenced by the content you’re currently viewing and your general location. Personalized content and ads can also include more relevant results, recommendations, and tailored ads based on past activity from this browser, like previous Google searches. We also use cookies and data to tailor the experience to be age-appropriate, if relevant.
Select “More options” to see additional information, including details about managing your privacy settings. You can also visit g.co/privacytools at any time.
Reject all
Accept all
More options
Privacy Policy
Terms of Service",https://news.google.com/rss/articles/CBMimwFBVV95cUxQTFNkVGxWVkZzVVNZaS01ZVl0RUhvSWdabkN6X0VHdXZoNzY5anBEUVktcWQ2VUtpQWhGXzljMjd6bm41VzRLZ1JxbmhEeGRSREVFTVVKY19xaEpkTkhMVEUyb2VZRUlfWnRMX2pJUUhFemdIekF5bWpEUlh1REJ5dTdWcGFoS1Y0T21lWl9rN3ZrdlFBN0xCS1VMbw?oc=5
2024-07-03,GOOGL,Google,'Other Bets' Startup Mineral Bites The Dust In Google Cost Cutting Move - Investor's Business Daily,"EN
Sign in
Before you continue to Google
We use cookies and data to
Deliver and maintain Google services
Track outages and protect against spam, fraud, and abuse
Measure audience engagement and site statistics to understand how our services are used and enhance the quality of those services
If you choose to “Accept all,” we will also use cookies and data to
Develop and improve new services
Deliver and measure the effectiveness of ads
Show personalized content, depending on your settings
Show personalized ads, depending on your settings
If you choose to “Reject all,” we will not use cookies for these additional purposes.
Non-personalized content is influenced by things like the content you’re currently viewing, activity in your active Search session, and your location. Non-personalized ads are influenced by the content you’re currently viewing and your general location. Personalized content and ads can also include more relevant results, recommendations, and tailored ads based on past activity from this browser, like previous Google searches. We also use cookies and data to tailor the experience to be age-appropriate, if relevant.
Select “More options” to see additional information, including details about managing your privacy settings. You can also visit g.co/privacytools at any time.
Reject all
Accept all
More options
Privacy Policy
Terms of Service",https://news.google.com/rss/articles/CBMimAFBVV95cUxPSE9vU0N6RllvTS1fQkVEV2g5UkhZQktfVDViZlB0SUxjTzdHaUp6YWt0ekVsVngxbWlleVVsQ0NReHZxRmNmdmM1MmI1NEN0WTQwUnVPUUE4UU1ZUC12TjExS1hQRzRLQzB3REpnNndDODZ2Mmw5c2NIWGhaSnRYLVp4VUtqaWJ2RUo1TXF1Zi1fdmhHZjhDMw?oc=5
2024-07-23,GOOGL,Google,What You Need To Know Ahead of Google Parent Alphabet's Earnings Report - Investopedia,"EN
Sign in
Before you continue to Google
We use cookies and data to
Deliver and maintain Google services
Track outages and protect against spam, fraud, and abuse
Measure audience engagement and site statistics to understand how our services are used and enhance the quality of those services
If you choose to “Accept all,” we will also use cookies and data to
Develop and improve new services
Deliver and measure the effectiveness of ads
Show personalized content, depending on your settings
Show personalized ads, depending on your settings
If you choose to “Reject all,” we will not use cookies for these additional purposes.
Non-personalized content is influenced by things like the content you’re currently viewing, activity in your active Search session, and your location. Non-personalized ads are influenced by the content you’re currently viewing and your general location. Personalized content and ads can also include more relevant results, recommendations, and tailored ads based on past activity from this browser, like previous Google searches. We also use cookies and data to tailor the experience to be age-appropriate, if relevant.
Select “More options” to see additional information, including details about managing your privacy settings. You can also visit g.co/privacytools at any time.
Reject all
Accept all
More options
Privacy Policy
Terms of Service",https://news.google.com/rss/articles/CBMipAFBVV95cUxOSFZraTk4VnV6ZHlvME15TjlMVjY0ZjVZUWFNZGFiMjYtbVU2aklKX01kandDeGx6dWVwTmVScDh3bk1UV3dKVHhZLVlXV05iX0JRZE5vZHdCNjhmLVU5WkRITW5RZ1JRSHRXOTBvWWVhWFB1ZlJkUTk3TC1DNFQzbWRDUV9fZTU1SHh4b0wxTEtvZ1U3UGlZUlV6RXkyaU50SjFTdg?oc=5
2024-08-19,GOOGL,Google,It's Been 20 Years Since Google Went Public - WSJ,"EN
Sign in
Before you continue to Google
We use cookies and data to
Deliver and maintain Google services
Track outages and protect against spam, fraud, and abuse
Measure audience engagement and site statistics to understand how our services are used and enhance the quality of those services
If you choose to “Accept all,” we will also use cookies and data to
Develop and improve new services
Deliver and measure the effectiveness of ads
Show personalized content, depending on your settings
Show personalized ads, depending on your settings
If you choose to “Reject all,” we will not use cookies for these additional purposes.
Non-personalized content is influenced by things like the content you’re currently viewing, activity in your active Search session, and your location. Non-personalized ads are influenced by the content you’re currently viewing and your general location. Personalized content and ads can also include more relevant results, recommendations, and tailored ads based on past activity from this browser, like previous Google searches. We also use cookies and data to tailor the experience to be age-appropriate, if relevant.
Select “More options” to see additional information, including details about managing your privacy settings. You can also visit g.co/privacytools at any time.
Reject all
Accept all
More options
Privacy Policy
Terms of Service",https://news.google.com/rss/articles/CBMi6gFBVV95cUxOZWEySWQxUGVHSktjSHJOT3ByZVozVzNZNTNmU0RDQVdiS1VBN2hQUm8yMTdTakpkaU5NcXk4bEpMOS02V25UekphRXREXzRDT3FhV0lwblJJQ3laY0oxandOM1J3N0VxRm1iSWZuaDJQcjNYQS1fVzdBNkM2RjJTNjUyNExhdzJ4XzRLN0VDTHJUelFLbFlwQ0RqTFptMnlHVXJiRzJNVGE4VXludjBnVmVDUnhlME1zM0tnZ3g3dExLQjdPVXdoZk9LVWRyTFAzR25qWnV2QjVrdnRMbHo1bnlWbHJwSVJGZ3c?oc=5
2024-08-01,GOOGL,Google,"After Earnings, is Alphabet Stock a Buy, Sell, or Hold? - Morningstar","EN
Sign in
Before you continue to Google
We use cookies and data to
Deliver and maintain Google services
Track outages and protect against spam, fraud, and abuse
Measure audience engagement and site statistics to understand how our services are used and enhance the quality of those services
If you choose to “Accept all,” we will also use cookies and data to
Develop and improve new services
Deliver and measure the effectiveness of ads
Show personalized content, depending on your settings
Show personalized ads, depending on your settings
If you choose to “Reject all,” we will not use cookies for these additional purposes.
Non-personalized content is influenced by things like the content you’re currently viewing, activity in your active Search session, and your location. Non-personalized ads are influenced by the content you’re currently viewing and your general location. Personalized content and ads can also include more relevant results, recommendations, and tailored ads based on past activity from this browser, like previous Google searches. We also use cookies and data to tailor the experience to be age-appropriate, if relevant.
Select “More options” to see additional information, including details about managing your privacy settings. You can also visit g.co/privacytools at any time.
Reject all
Accept all
More options
Privacy Policy
Terms of Service",https://news.google.com/rss/articles/CBMiowFBVV95cUxPTS12MXlCZXRiZEFtalZxSHo0bmlybmFMV0dTOURRWHJaWml2bldvakpEeEM2bGRUcndlUXZrRF9kb2E5NElsSlJBOG03eUVBSlFZdjljdkt0V1pZVTJrLXJ2TlNiSERqbW5QcTR3MkxCaVNsa3BCeWVwQmRLSU5XdXBwYVN6TFRaSDdqdlNoRXpUemE4eUdwdENiYV9tdkg4Z0pJ?oc=5
2024-08-15,GOOGL,Google,Google’s Stock Falls as the Government Weighs Breaking Up the Company - The New York Times,"EN
Sign in
Before you continue to Google
We use cookies and data to
Deliver and maintain Google services
Track outages and protect against spam, fraud, and abuse
Measure audience engagement and site statistics to understand how our services are used and enhance the quality of those services
If you choose to “Accept all,” we will also use cookies and data to
Develop and improve new services
Deliver and measure the effectiveness of ads
Show personalized content, depending on your settings
Show personalized ads, depending on your settings
If you choose to “Reject all,” we will not use cookies for these additional purposes.
Non-personalized content is influenced by things like the content you’re currently viewing, activity in your active Search session, and your location. Non-personalized ads are influenced by the content you’re currently viewing and your general location. Personalized content and ads can also include more relevant results, recommendations, and tailored ads based on past activity from this browser, like previous Google searches. We also use cookies and data to tailor the experience to be age-appropriate, if relevant.
Select “More options” to see additional information, including details about managing your privacy settings. You can also visit g.co/privacytools at any time.
Reject all
Accept all
More options
Privacy Policy
Terms of Service",https://news.google.com/rss/articles/CBMikwFBVV95cUxOcWxKZ0xLMGxrZmtHdG9xTlp6YnhzamR4cGN1Tzk1VUlCYU9ySzhERkFPQncyVFpMQ2lPQWVZbEVBMm54cEdMU1RPNkZaSlZCcVJVVk5YdGFlakZBcjRlR1BHRDNIR0xzc1BNRGZDVVhTX3dJMlJobGtsUWNtR2thX3FmbFdVanBRZDJlNGRueTBNVUk?oc=5
2024-08-14,GOOGL,Google,Google Stock Sags On Report DOJ Could Seek Alphabet Breakup - Investor's Business Daily,"EN
Sign in
Before you continue to Google
We use cookies and data to
Deliver and maintain Google services
Track outages and protect against spam, fraud, and abuse
Measure audience engagement and site statistics to understand how our services are used and enhance the quality of those services
If you choose to “Accept all,” we will also use cookies and data to
Develop and improve new services
Deliver and measure the effectiveness of ads
Show personalized content, depending on your settings
Show personalized ads, depending on your settings
If you choose to “Reject all,” we will not use cookies for these additional purposes.
Non-personalized content is influenced by things like the content you’re currently viewing, activity in your active Search session, and your location. Non-personalized ads are influenced by the content you’re currently viewing and your general location. Personalized content and ads can also include more relevant results, recommendations, and tailored ads based on past activity from this browser, like previous Google searches. We also use cookies and data to tailor the experience to be age-appropriate, if relevant.
Select “More options” to see additional information, including details about managing your privacy settings. You can also visit g.co/privacytools at any time.
Reject all
Accept all
More options
Privacy Policy
Terms of Service",https://news.google.com/rss/articles/CBMigAFBVV95cUxPbXhMVFRoVTdUcjFKU09iU2Nobjlvd1FZcGNtSU15TUFnOVpEN3FJd0NrVFd2bGtqUzdOeTN5OUJtd3dlUzVpWVRXbWFoY21PaFluWEY5MW0wVVVDRl9iSHZ6OHdlLVM3RUprVWtrN05Ia3hjQkVDcjFzdTVldVZyRA?oc=5
2024-08-13,GOOGL,Google,Watch These Alphabet Stock Price Levels as Google Launch Event Gets Underway - Investopedia,"EN
Sign in
Before you continue to Google
We use cookies and data to
Deliver and maintain Google services
Track outages and protect against spam, fraud, and abuse
Measure audience engagement and site statistics to understand how our services are used and enhance the quality of those services
If you choose to “Accept all,” we will also use cookies and data to
Develop and improve new services
Deliver and measure the effectiveness of ads
Show personalized content, depending on your settings
Show personalized ads, depending on your settings
If you choose to “Reject all,” we will not use cookies for these additional purposes.
Non-personalized content is influenced by things like the content you’re currently viewing, activity in your active Search session, and your location. Non-personalized ads are influenced by the content you’re currently viewing and your general location. Personalized content and ads can also include more relevant results, recommendations, and tailored ads based on past activity from this browser, like previous Google searches. We also use cookies and data to tailor the experience to be age-appropriate, if relevant.
Select “More options” to see additional information, including details about managing your privacy settings. You can also visit g.co/privacytools at any time.
Reject all
Accept all
More options
Privacy Policy
Terms of Service",https://news.google.com/rss/articles/CBMioAFBVV95cUxNV0lPRU9xcEllSEFmd2hwN3MxU2Q1bng1Tll6S21vRjhOWWptQ0M0UDZVMGRJSndxZ0h4MDBlV1EyQjJ2VzZzaE5mbF9VWXZOQkVDcDlqX0Z4QTZYZzBsNl9MZDlEVVExY195RUFUWENnaDdDS2lVZmxFVGZuWnByclZ3WTJna1JNdEwwOWY4a2FxSzVURnp3ODZPS2tFNzNk?oc=5
2024-08-06,GOOGL,Google,"Google Parent Alphabet's Breakup Could Boost Stock Value, Citing Higher Investor Appeal For Pure-Play Assets: Analyst - Yahoo Finance","EN
Sign in
Before you continue to Google
We use cookies and data to
Deliver and maintain Google services
Track outages and protect against spam, fraud, and abuse
Measure audience engagement and site statistics to understand how our services are used and enhance the quality of those services
If you choose to “Accept all,” we will also use cookies and data to
Develop and improve new services
Deliver and measure the effectiveness of ads
Show personalized content, depending on your settings
Show personalized ads, depending on your settings
If you choose to “Reject all,” we will not use cookies for these additional purposes.
Non-personalized content is influenced by things like the content you’re currently viewing, activity in your active Search session, and your location. Non-personalized ads are influenced by the content you’re currently viewing and your general location. Personalized content and ads can also include more relevant results, recommendations, and tailored ads based on past activity from this browser, like previous Google searches. We also use cookies and data to tailor the experience to be age-appropriate, if relevant.
Select “More options” to see additional information, including details about managing your privacy settings. You can also visit g.co/privacytools at any time.
Reject all
Accept all
More options
Privacy Policy
Terms of Service",https://news.google.com/rss/articles/CBMiiwFBVV95cUxQRkt6UktHQmtvTjFVRUtVaFRreFFJd3R2aFF1Z05ORV9yZGswQURYUU1xckV5MEx1RVdUcElTOTd0TXhRaWRtTFRVanhxY2RTTkRINE9PeXFZazBvV1dkMUlYa0hLR0JKTG9QNndNY3l5NjVBd2d5MklyZ1phblQ4VFhfNWtEaDZ6b1Zr?oc=5
2024-08-21,GOOGL,Google,Alphabet: Raising Fair Value Estimate Despite Regulatory Pressure - Morningstar,"EN
Sign in
Before you continue to Google
We use cookies and data to
Deliver and maintain Google services
Track outages and protect against spam, fraud, and abuse
Measure audience engagement and site statistics to understand how our services are used and enhance the quality of those services
If you choose to “Accept all,” we will also use cookies and data to
Develop and improve new services
Deliver and measure the effectiveness of ads
Show personalized content, depending on your settings
Show personalized ads, depending on your settings
If you choose to “Reject all,” we will not use cookies for these additional purposes.
Non-personalized content is influenced by things like the content you’re currently viewing, activity in your active Search session, and your location. Non-personalized ads are influenced by the content you’re currently viewing and your general location. Personalized content and ads can also include more relevant results, recommendations, and tailored ads based on past activity from this browser, like previous Google searches. We also use cookies and data to tailor the experience to be age-appropriate, if relevant.
Select “More options” to see additional information, including details about managing your privacy settings. You can also visit g.co/privacytools at any time.
Reject all
Accept all
More options
Privacy Policy
Terms of Service",https://news.google.com/rss/articles/CBMiogFBVV95cUxQamNMZ3h2ajZ2YjRtWml1emRoN0RUQU9URjlGOTNhWjQwQkI1V1VnQ1owWUtVZWNMdHlxRnlqNnBWMG1hbnpYalhDQ0ppQzFIamsyTDFNX05VU2swc3Q0S2FkckwxN0FLemdZX0V6RzBkcUNIWjktQXRWeE1iOGZRcFBLcGhQSGpsTVVWTHNXV2t0R0dFNmI0VmluVnVYMVgzalE?oc=5
2024-08-14,GOOGL,Google,Google Stock Drops on New Concerns About Breaking Up Alphabet - Barron's,"EN
Sign in
Before you continue to Google
We use cookies and data to
Deliver and maintain Google services
Track outages and protect against spam, fraud, and abuse
Measure audience engagement and site statistics to understand how our services are used and enhance the quality of those services
If you choose to “Accept all,” we will also use cookies and data to
Develop and improve new services
Deliver and measure the effectiveness of ads
Show personalized content, depending on your settings
Show personalized ads, depending on your settings
If you choose to “Reject all,” we will not use cookies for these additional purposes.
Non-personalized content is influenced by things like the content you’re currently viewing, activity in your active Search session, and your location. Non-personalized ads are influenced by the content you’re currently viewing and your general location. Personalized content and ads can also include more relevant results, recommendations, and tailored ads based on past activity from this browser, like previous Google searches. We also use cookies and data to tailor the experience to be age-appropriate, if relevant.
Select “More options” to see additional information, including details about managing your privacy settings. You can also visit g.co/privacytools at any time.
Reject all
Accept all
More options
Privacy Policy
Terms of Service",https://news.google.com/rss/articles/CBMihAFBVV95cUxNc1U4dUVtZXBwSEVESU91dkJucHk2YnZnd2FzTEptSF9XR0RxQm02NkZOdmszX3FxY0REZHFfNVZ4aUFQTlhpa3JDX2tUa0JRMzh1d1p2U1Vqb0xlUk45Nk9ld1kwSzVacUFzTGVPdWl2Y2dhcWtDWnlGejcxMGhXNTdYZzU?oc=5
2024-08-16,GOOGL,Google,How To Buy Alphabet Stock (GOOG And GOOGL) - Bankrate,"EN
Sign in
Before you continue to Google
We use cookies and data to
Deliver and maintain Google services
Track outages and protect against spam, fraud, and abuse
Measure audience engagement and site statistics to understand how our services are used and enhance the quality of those services
If you choose to “Accept all,” we will also use cookies and data to
Develop and improve new services
Deliver and measure the effectiveness of ads
Show personalized content, depending on your settings
Show personalized ads, depending on your settings
If you choose to “Reject all,” we will not use cookies for these additional purposes.
Non-personalized content is influenced by things like the content you’re currently viewing, activity in your active Search session, and your location. Non-personalized ads are influenced by the content you’re currently viewing and your general location. Personalized content and ads can also include more relevant results, recommendations, and tailored ads based on past activity from this browser, like previous Google searches. We also use cookies and data to tailor the experience to be age-appropriate, if relevant.
Select “More options” to see additional information, including details about managing your privacy settings. You can also visit g.co/privacytools at any time.
Reject all
Accept all
More options
Privacy Policy
Terms of Service",https://news.google.com/rss/articles/CBMid0FVX3lxTE93XzE4UGdmSkROWldvYVNrTF9OVWVadHFoMGNxdGc2ZWpoRFY2WmJiRk9Ub3JpZy13dmtEcDBZRnduQzdnekhlTldJYm5GQlA2ZDFMUHN4TjJ3VGlpejE3NkhjR1ZVRDRwYjI4czRMQkpSYTNzTnVV?oc=5
2024-08-13,GOOGL,Google,Five Things You Need to Know to Start Your Day: Europe - Bloomberg.com,"EN
Sign in
Before you continue to Google
We use cookies and data to
Deliver and maintain Google services
Track outages and protect against spam, fraud, and abuse
Measure audience engagement and site statistics to understand how our services are used and enhance the quality of those services
If you choose to “Accept all,” we will also use cookies and data to
Develop and improve new services
Deliver and measure the effectiveness of ads
Show personalized content, depending on your settings
Show personalized ads, depending on your settings
If you choose to “Reject all,” we will not use cookies for these additional purposes.
Non-personalized content is influenced by things like the content you’re currently viewing, activity in your active Search session, and your location. Non-personalized ads are influenced by the content you’re currently viewing and your general location. Personalized content and ads can also include more relevant results, recommendations, and tailored ads based on past activity from this browser, like previous Google searches. We also use cookies and data to tailor the experience to be age-appropriate, if relevant.
Select “More options” to see additional information, including details about managing your privacy settings. You can also visit g.co/privacytools at any time.
Reject all
Accept all
More options
Privacy Policy
Terms of Service",https://news.google.com/rss/articles/CBMiyAFBVV95cUxPVEpzc3ZEcHM2d1hEMy1mOHRXRHJVUXdLWE5hY0NjbHg0WDhqQ3BwdDBlSFZWR3VTa080UkNNNkIyOFNZWVhYdmlEV1NMY3lfU0ZCdGlGY24tblcwTkFOcldSTndFZTQ0VGx1Y1pPaUVnYjhzdVI4b2ZDMVBMZWJzZDRHOHF2b0Z2LTNtQkpBTTROUThwYWI1NjB0Y05wVGM2T1ZKNjBWZWZCdzJnVWFJYWdrTUZibkJFR2swMVgxU0wwNHp3VVJ4bA?oc=5
2024-08-14,GOOGL,Google,Does Google's Antitrust Case Mean You Should Sell the Stock? The Answer Is... - MoneyMorning.com,"EN
Sign in
Before you continue to Google
We use cookies and data to
Deliver and maintain Google services
Track outages and protect against spam, fraud, and abuse
Measure audience engagement and site statistics to understand how our services are used and enhance the quality of those services
If you choose to “Accept all,” we will also use cookies and data to
Develop and improve new services
Deliver and measure the effectiveness of ads
Show personalized content, depending on your settings
Show personalized ads, depending on your settings
If you choose to “Reject all,” we will not use cookies for these additional purposes.
Non-personalized content is influenced by things like the content you’re currently viewing, activity in your active Search session, and your location. Non-personalized ads are influenced by the content you’re currently viewing and your general location. Personalized content and ads can also include more relevant results, recommendations, and tailored ads based on past activity from this browser, like previous Google searches. We also use cookies and data to tailor the experience to be age-appropriate, if relevant.
Select “More options” to see additional information, including details about managing your privacy settings. You can also visit g.co/privacytools at any time.
Reject all
Accept all
More options
Privacy Policy
Terms of Service",https://news.google.com/rss/articles/CBMirgFBVV95cUxPTWdfc1Rqd0JDdzJNSE9CYVpZNzI3dlZTX1BOdHZUVVgyZDV5YmJCSE9rRjFfVWZxUlAtRnBSdUhwd3hib2lHUkJDR3pSdF9UdkhRd1JkVXRmV2hjdndUa0V0Q2JiNmcyOERBUlBZZjZ4U09OekhQQW1LZDlBOTZIdmszTGh1eVdwU09GbjhIMzNUTXR4Q3FUS2oySEExV3RxbWRBVTdEYV84TlNvUFHSAbMBQVVfeXFMUG1LbWtINloyLUJUQjkxc01OUEFiSVhlYmtfSlNwSVcydy05cjd5VWo5X2lWcDBWSUZMMmxZd0R2NU5mMmxFc3IyWk5RZXNSSXRYeVg0Z1FCMGVxcGl4aEFHbklpOEtCSFJWRzJHZ0JaYnNaZVBwaXBZa2hGTUR2dDFfZUlZUElnUTJWaElpc3RqTzFQQlZxVEg3cENrSVFwNHFfY3dWbFBtM1dDUHZaelktU2M?oc=5
2024-08-11,GOOGL,Google,Google Is Ruled a Monopoly. Should Investors Dump Alphabet Stock? - The Motley Fool,"EN
Sign in
Before you continue to Google
We use cookies and data to
Deliver and maintain Google services
Track outages and protect against spam, fraud, and abuse
Measure audience engagement and site statistics to understand how our services are used and enhance the quality of those services
If you choose to “Accept all,” we will also use cookies and data to
Develop and improve new services
Deliver and measure the effectiveness of ads
Show personalized content, depending on your settings
Show personalized ads, depending on your settings
If you choose to “Reject all,” we will not use cookies for these additional purposes.
Non-personalized content is influenced by things like the content you’re currently viewing, activity in your active Search session, and your location. Non-personalized ads are influenced by the content you’re currently viewing and your general location. Personalized content and ads can also include more relevant results, recommendations, and tailored ads based on past activity from this browser, like previous Google searches. We also use cookies and data to tailor the experience to be age-appropriate, if relevant.
Select “More options” to see additional information, including details about managing your privacy settings. You can also visit g.co/privacytools at any time.
Reject all
Accept all
More options
Privacy Policy
Terms of Service",https://news.google.com/rss/articles/CBMikwFBVV95cUxOZXhDYWZsbnFQRU1GdFE2YWZ5NWw5QnRUUk5rWG9QSVNONm1MUnVhZEZLSlktZmpnWF9xUGRUMFMtTE5BUEkzVHFOcHpQam5ScTQwbnhTV3VxZm5Yb096UXdsenhUTE1NSGJBRzdwMmk1S3c3UTdSejdwbHgzYWxWRmJaTHlyd3FrR3pWd3BWSnQ4RFE?oc=5
2024-08-01,GOOGL,Google,Google Stock Is A Steal At This Valuation (NASDAQ:GOOG) - Seeking Alpha,"EN
Sign in
Before you continue to Google
We use cookies and data to
Deliver and maintain Google services
Track outages and protect against spam, fraud, and abuse
Measure audience engagement and site statistics to understand how our services are used and enhance the quality of those services
If you choose to “Accept all,” we will also use cookies and data to
Develop and improve new services
Deliver and measure the effectiveness of ads
Show personalized content, depending on your settings
Show personalized ads, depending on your settings
If you choose to “Reject all,” we will not use cookies for these additional purposes.
Non-personalized content is influenced by things like the content you’re currently viewing, activity in your active Search session, and your location. Non-personalized ads are influenced by the content you’re currently viewing and your general location. Personalized content and ads can also include more relevant results, recommendations, and tailored ads based on past activity from this browser, like previous Google searches. We also use cookies and data to tailor the experience to be age-appropriate, if relevant.
Select “More options” to see additional information, including details about managing your privacy settings. You can also visit g.co/privacytools at any time.
Reject all
Accept all
More options
Privacy Policy
Terms of Service",https://news.google.com/rss/articles/CBMiigFBVV95cUxPTUl0RTZlazlDRExyb1M5UktGandEeEQ1d3NENFJDT3ZDTWJxM0pUNVJub2dTZGtpdTFsMVp1emVtdDNWS1FTR1BCNjRQLUMtcWg3OHNzdFRyUEtQYkVXV2plbUFQUkNFcmtrNE95VEFybmhUTVFSNHc2VF9fMURqUzNrU1B1QTg4UkE?oc=5
2024-08-22,GOOGL,Google,Apple or Alphabet: Which Big Tech Stock is a Buy Now? - Nasdaq,"EN
Sign in
Before you continue to Google
We use cookies and data to
Deliver and maintain Google services
Track outages and protect against spam, fraud, and abuse
Measure audience engagement and site statistics to understand how our services are used and enhance the quality of those services
If you choose to “Accept all,” we will also use cookies and data to
Develop and improve new services
Deliver and measure the effectiveness of ads
Show personalized content, depending on your settings
Show personalized ads, depending on your settings
If you choose to “Reject all,” we will not use cookies for these additional purposes.
Non-personalized content is influenced by things like the content you’re currently viewing, activity in your active Search session, and your location. Non-personalized ads are influenced by the content you’re currently viewing and your general location. Personalized content and ads can also include more relevant results, recommendations, and tailored ads based on past activity from this browser, like previous Google searches. We also use cookies and data to tailor the experience to be age-appropriate, if relevant.
Select “More options” to see additional information, including details about managing your privacy settings. You can also visit g.co/privacytools at any time.
Reject all
Accept all
More options
Privacy Policy
Terms of Service",https://news.google.com/rss/articles/CBMihAFBVV95cUxQNzY0aDcyY2syWE84SG9YMUVweGQweWoySVdrRW9GcnBPdVhpd3BYSjlJVEJxNW1CYVFxbmVTSnlSNEx5X28xRHpWenNhOXN4OENDLXNDTGNPb3NGcjhSOHFPMlJpUy1rRDgtZVROS3hINUFzR0F1azFjd2g4TlUyX181UkI?oc=5
2024-08-19,GOOGL,Google,"On the 20th anniversary of Google's IPO, Cramer talks owning stocks for the long haul - CNBC","EN
Sign in
Before you continue to Google
We use cookies and data to
Deliver and maintain Google services
Track outages and protect against spam, fraud, and abuse
Measure audience engagement and site statistics to understand how our services are used and enhance the quality of those services
If you choose to “Accept all,” we will also use cookies and data to
Develop and improve new services
Deliver and measure the effectiveness of ads
Show personalized content, depending on your settings
Show personalized ads, depending on your settings
If you choose to “Reject all,” we will not use cookies for these additional purposes.
Non-personalized content is influenced by things like the content you’re currently viewing, activity in your active Search session, and your location. Non-personalized ads are influenced by the content you’re currently viewing and your general location. Personalized content and ads can also include more relevant results, recommendations, and tailored ads based on past activity from this browser, like previous Google searches. We also use cookies and data to tailor the experience to be age-appropriate, if relevant.
Select “More options” to see additional information, including details about managing your privacy settings. You can also visit g.co/privacytools at any time.
Reject all
Accept all
More options
Privacy Policy
Terms of Service",https://news.google.com/rss/articles/CBMirgFBVV95cUxNMjhhN0xKdkdnOEU5b3VPSE5hbXlNUmp6WW50Q01nRkJDdXIzVjMyRVRULWYwRGV3S193OU0wNndVMW1rblh5RWEtUmZhUGJfVDdrcHZJVmF2ejhIanZWY0pEZWw5THRobEFNQ2JUZ2FjUE1iaWFWXzlISlRUUmNGTkFITVVfRWhLdkdRc1JxUDdzYm1HY3RBWEtOSlhKVDZCMmRYUWRrRVhGdXVGb0HSAbMBQVVfeXFMTlQ1Wnp2bEVtLUpuMW42NUFYaHVoOTdpZVBwRTNuaVFyQng2OWZfdUpFdWR1aVducDVGZmhvRENnZkg0SExEWEYwMTZrQWRydjV1ajBVMkw1TnFXYVNTODA4YjJhV0tiakh1Rk1XZHJPT3hsVVhUUkg0TzMxa0VIWmlWUDVUcmJsUk1KUk1YS1JaREVYNTUtLWxXeFg3aGJzSG92N0hkamd2VlNSbVJWT3pLcU0?oc=5
2024-08-05,GOOGL,Google,Federal Judge Rules Against Google In Antitrust Case. Will Apple Deal Be Impacted? - Investor's Business Daily,"EN
Sign in
Before you continue to Google
We use cookies and data to
Deliver and maintain Google services
Track outages and protect against spam, fraud, and abuse
Measure audience engagement and site statistics to understand how our services are used and enhance the quality of those services
If you choose to “Accept all,” we will also use cookies and data to
Develop and improve new services
Deliver and measure the effectiveness of ads
Show personalized content, depending on your settings
Show personalized ads, depending on your settings
If you choose to “Reject all,” we will not use cookies for these additional purposes.
Non-personalized content is influenced by things like the content you’re currently viewing, activity in your active Search session, and your location. Non-personalized ads are influenced by the content you’re currently viewing and your general location. Personalized content and ads can also include more relevant results, recommendations, and tailored ads based on past activity from this browser, like previous Google searches. We also use cookies and data to tailor the experience to be age-appropriate, if relevant.
Select “More options” to see additional information, including details about managing your privacy settings. You can also visit g.co/privacytools at any time.
Reject all
Accept all
More options
Privacy Policy
Terms of Service",https://news.google.com/rss/articles/CBMikAFBVV95cUxNcndyRG5JeXREY3dKV0V1czd1LUVOWGk5MjVZTEp5Z0RnTWJxUTZpTW5kM2pReml5d1VCbmtCTTBfWDJOQmtoV3ZBblM0RkNUejRpblV0Z24wNFRIWmo1VWFqSkJDREdxM1c2ZWtzaWpSSlRUOUVENV92czBPRTdnaEEzSF8zUlJYYmZaUWJzdjA?oc=5
2024-08-21,GOOGL,Google,Google went public 20 years ago—what your $1000 investment would be worth today - Yahoo Finance,"EN
Sign in
Before you continue to Google
We use cookies and data to
Deliver and maintain Google services
Track outages and protect against spam, fraud, and abuse
Measure audience engagement and site statistics to understand how our services are used and enhance the quality of those services
If you choose to “Accept all,” we will also use cookies and data to
Develop and improve new services
Deliver and measure the effectiveness of ads
Show personalized content, depending on your settings
Show personalized ads, depending on your settings
If you choose to “Reject all,” we will not use cookies for these additional purposes.
Non-personalized content is influenced by things like the content you’re currently viewing, activity in your active Search session, and your location. Non-personalized ads are influenced by the content you’re currently viewing and your general location. Personalized content and ads can also include more relevant results, recommendations, and tailored ads based on past activity from this browser, like previous Google searches. We also use cookies and data to tailor the experience to be age-appropriate, if relevant.
Select “More options” to see additional information, including details about managing your privacy settings. You can also visit g.co/privacytools at any time.
Reject all
Accept all
More options
Privacy Policy
Terms of Service",https://news.google.com/rss/articles/CBMifkFVX3lxTE5QZGtXZXdBX2tFSkdJWXFCeUZiemdiNEhfWnhSbHROR3FScDM2R1NDVHRmYnBCSjQ5RGtibXdlQlY5UUVzNUtUZ1BvVVFQOUU4SWJNOF9WeWJzWm5RSm8zUFhCZEZVMXFhbVBkejRpMzJSWXhSVnpObG5uM0NRdw?oc=5
2024-08-16,GOOGL,Google,"A Google Breakup Could Be ‘Detrimental’ for Alphabet Stock, Analysts Say. It’s Up Anyway. - Barron's","EN
Sign in
Before you continue to Google
We use cookies and data to
Deliver and maintain Google services
Track outages and protect against spam, fraud, and abuse
Measure audience engagement and site statistics to understand how our services are used and enhance the quality of those services
If you choose to “Accept all,” we will also use cookies and data to
Develop and improve new services
Deliver and measure the effectiveness of ads
Show personalized content, depending on your settings
Show personalized ads, depending on your settings
If you choose to “Reject all,” we will not use cookies for these additional purposes.
Non-personalized content is influenced by things like the content you’re currently viewing, activity in your active Search session, and your location. Non-personalized ads are influenced by the content you’re currently viewing and your general location. Personalized content and ads can also include more relevant results, recommendations, and tailored ads based on past activity from this browser, like previous Google searches. We also use cookies and data to tailor the experience to be age-appropriate, if relevant.
Select “More options” to see additional information, including details about managing your privacy settings. You can also visit g.co/privacytools at any time.
Reject all
Accept all
More options
Privacy Policy
Terms of Service",https://news.google.com/rss/articles/CBMigwFBVV95cUxOcXB3WWx1R3Yzc19XTkQ5NmZRUUhDQlZfWGxNdHhTQWVuUDQ3LWJMLXhiM0hPRXdFT1pyVUNzUm15RWhaNGEtMko3bXNsNTFsa1FTVmRWR0ExdVBCN0xxRktseTE2TXU3MjJfTl9PS1QtdUxRd0p3LThLd1RMaE9qXy0xdw?oc=5
2024-08-13,GOOGL,Google,"Google Unveils Gemini AI Assistant, Pixel 9 Phones. Takes Aim At Apple IPhone 16 Launch. - Investor's Business Daily","EN
Sign in
Before you continue to Google
We use cookies and data to
Deliver and maintain Google services
Track outages and protect against spam, fraud, and abuse
Measure audience engagement and site statistics to understand how our services are used and enhance the quality of those services
If you choose to “Accept all,” we will also use cookies and data to
Develop and improve new services
Deliver and measure the effectiveness of ads
Show personalized content, depending on your settings
Show personalized ads, depending on your settings
If you choose to “Reject all,” we will not use cookies for these additional purposes.
Non-personalized content is influenced by things like the content you’re currently viewing, activity in your active Search session, and your location. Non-personalized ads are influenced by the content you’re currently viewing and your general location. Personalized content and ads can also include more relevant results, recommendations, and tailored ads based on past activity from this browser, like previous Google searches. We also use cookies and data to tailor the experience to be age-appropriate, if relevant.
Select “More options” to see additional information, including details about managing your privacy settings. You can also visit g.co/privacytools at any time.
Reject all
Accept all
More options
Privacy Policy
Terms of Service",https://news.google.com/rss/articles/CBMiuAFBVV95cUxOSmdLVndMdG9hXzRLWFQ2Z29CMHl5TlNaZ3hKRnJteE1SX0tSb0dzdnRpaG5tNXVlQTBLRWlSbkJtdlozUlRrZUtEVHZ3TkpObzJJVWJqSURFTExBZzlwNEtEWkYyT1ZycXRkNFRXaHF0SXRBUUVrZEtpS3J3YjF1YWhuZmNObWNsWldwMW84NFZtQmRaeEFNcU5IckhKNDBUOFl1NTMtVWdXM2tpNWpucEJaS0xYMkhB?oc=5
2024-08-18,GOOGL,Google,5 Reasons to Buy Alphabet Stock Like There's No Tomorrow - Yahoo Finance,"EN
Sign in
Before you continue to Google
We use cookies and data to
Deliver and maintain Google services
Track outages and protect against spam, fraud, and abuse
Measure audience engagement and site statistics to understand how our services are used and enhance the quality of those services
If you choose to “Accept all,” we will also use cookies and data to
Develop and improve new services
Deliver and measure the effectiveness of ads
Show personalized content, depending on your settings
Show personalized ads, depending on your settings
If you choose to “Reject all,” we will not use cookies for these additional purposes.
Non-personalized content is influenced by things like the content you’re currently viewing, activity in your active Search session, and your location. Non-personalized ads are influenced by the content you’re currently viewing and your general location. Personalized content and ads can also include more relevant results, recommendations, and tailored ads based on past activity from this browser, like previous Google searches. We also use cookies and data to tailor the experience to be age-appropriate, if relevant.
Select “More options” to see additional information, including details about managing your privacy settings. You can also visit g.co/privacytools at any time.
Reject all
Accept all
More options
Privacy Policy
Terms of Service",https://news.google.com/rss/articles/CBMif0FVX3lxTE0zd3lxemdMSlB0QW9jMFZwblZXUDM4ckRDVjdobmFCaWxyaEFqNk00Vjl5VFpKaUhoWWFxOExQVUl0SHp5MUN0TmpYTUdlU0FWN0VIT01PQk9QMEhQWlZIS2xsWDBfQmJ1N0xkSVB6Q0MwYTE3cE1fXzJ2S08xYzA?oc=5
2024-09-10,GOOGL,Google,"This Tech Titan Breaks Key Level, Hits Lowest Price Since March - Investor's Business Daily","EN
Sign in
Before you continue to Google
We use cookies and data to
Deliver and maintain Google services
Track outages and protect against spam, fraud, and abuse
Measure audience engagement and site statistics to understand how our services are used and enhance the quality of those services
If you choose to “Accept all,” we will also use cookies and data to
Develop and improve new services
Deliver and measure the effectiveness of ads
Show personalized content, depending on your settings
Show personalized ads, depending on your settings
If you choose to “Reject all,” we will not use cookies for these additional purposes.
Non-personalized content is influenced by things like the content you’re currently viewing, activity in your active Search session, and your location. Non-personalized ads are influenced by the content you’re currently viewing and your general location. Personalized content and ads can also include more relevant results, recommendations, and tailored ads based on past activity from this browser, like previous Google searches. We also use cookies and data to tailor the experience to be age-appropriate, if relevant.
Select “More options” to see additional information, including details about managing your privacy settings. You can also visit g.co/privacytools at any time.
Reject all
Accept all
More options
Privacy Policy
Terms of Service",https://news.google.com/rss/articles/CBMidkFVX3lxTE1PT18zYXczR2libkxoMjJSbUZ3aHhxSFBvVThaTVVSbWV4bHUxeHlsaHVHNkRNUzczTFE5dmU4UVY0X1Q1eXRrZEFMZFB1dWoyWFVNY0RHcDF6d3VpQXFtWGNTdzItdEE0dW5JdzRSX2ZFa2laMUE?oc=5
2024-09-16,GOOGL,Google,Google May Lose Exclusive Search Deals. What ‘Worst Case Scenario.’ Means for Alphabet Stock. - Barron's,"EN
Sign in
Before you continue to Google
We use cookies and data to
Deliver and maintain Google services
Track outages and protect against spam, fraud, and abuse
Measure audience engagement and site statistics to understand how our services are used and enhance the quality of those services
If you choose to “Accept all,” we will also use cookies and data to
Develop and improve new services
Deliver and measure the effectiveness of ads
Show personalized content, depending on your settings
Show personalized ads, depending on your settings
If you choose to “Reject all,” we will not use cookies for these additional purposes.
Non-personalized content is influenced by things like the content you’re currently viewing, activity in your active Search session, and your location. Non-personalized ads are influenced by the content you’re currently viewing and your general location. Personalized content and ads can also include more relevant results, recommendations, and tailored ads based on past activity from this browser, like previous Google searches. We also use cookies and data to tailor the experience to be age-appropriate, if relevant.
Select “More options” to see additional information, including details about managing your privacy settings. You can also visit g.co/privacytools at any time.
Reject all
Accept all
More options
Privacy Policy
Terms of Service",https://news.google.com/rss/articles/CBMijgFBVV95cUxNME1mSHJDSUJ1MXJLTEdGakhIbndrelY1QTVHRWloRnMySEEzRkNvZUV6ejZScm96UDlIQXFxVjQ1U0hGTnFrc2pwdEFZbjUwaVJFanlHbEFMTVRYNGFaUHJlbDdCeFVubVpGVThPY0xtUktmTFpMVHJMRnhnN3NTMlhpU3hlbjlsakZPSDh3?oc=5
2024-09-08,GOOGL,Google,Google Stock Looks Tempting Already (Rating Upgrade) - Seeking Alpha,"EN
Sign in
Before you continue to Google
We use cookies and data to
Deliver and maintain Google services
Track outages and protect against spam, fraud, and abuse
Measure audience engagement and site statistics to understand how our services are used and enhance the quality of those services
If you choose to “Accept all,” we will also use cookies and data to
Develop and improve new services
Deliver and measure the effectiveness of ads
Show personalized content, depending on your settings
Show personalized ads, depending on your settings
If you choose to “Reject all,” we will not use cookies for these additional purposes.
Non-personalized content is influenced by things like the content you’re currently viewing, activity in your active Search session, and your location. Non-personalized ads are influenced by the content you’re currently viewing and your general location. Personalized content and ads can also include more relevant results, recommendations, and tailored ads based on past activity from this browser, like previous Google searches. We also use cookies and data to tailor the experience to be age-appropriate, if relevant.
Select “More options” to see additional information, including details about managing your privacy settings. You can also visit g.co/privacytools at any time.
Reject all
Accept all
More options
Privacy Policy
Terms of Service",https://news.google.com/rss/articles/CBMijAFBVV95cUxQTjJteUk4dEUteGsyS1JCSkgtN0xBLURqakRpVGxYbXoweW8yTTNSYWF3ekRKLUljZzVLXzFJcXl4NE9XQThEN0FnZjM0Nk9sOUFRX1pST21yV2lUMzZWeFU4X1pNS1F0MW1uTDBPSDB4dE5JZnhuOVB6QjdWcV9mU0NoeWRCQXZlWnNGTw?oc=5
2024-09-10,GOOGL,Google,Analyst reboots Google parent's stock price target on DoJ case - TheStreet,"EN
Sign in
Before you continue to Google
We use cookies and data to
Deliver and maintain Google services
Track outages and protect against spam, fraud, and abuse
Measure audience engagement and site statistics to understand how our services are used and enhance the quality of those services
If you choose to “Accept all,” we will also use cookies and data to
Develop and improve new services
Deliver and measure the effectiveness of ads
Show personalized content, depending on your settings
Show personalized ads, depending on your settings
If you choose to “Reject all,” we will not use cookies for these additional purposes.
Non-personalized content is influenced by things like the content you’re currently viewing, activity in your active Search session, and your location. Non-personalized ads are influenced by the content you’re currently viewing and your general location. Personalized content and ads can also include more relevant results, recommendations, and tailored ads based on past activity from this browser, like previous Google searches. We also use cookies and data to tailor the experience to be age-appropriate, if relevant.
Select “More options” to see additional information, including details about managing your privacy settings. You can also visit g.co/privacytools at any time.
Reject all
Accept all
More options
Privacy Policy
Terms of Service",https://news.google.com/rss/articles/CBMipwFBVV95cUxPdWlXbXp1S2ZmYjlNcG5sajRFYjEwVHptUnFJNTVZY0toRkhkSFFUcmxXSl9yMU9BakJUNk9pbWkwaEJRZjdnZ0RVMHJ6eGRMY2tJTU1IYVVqNFA0Q0gzTnRYNjV1X2twRkhjc0xsWS1rdnpSZzF2dFBhZkh1Z1RQTVpKYXpwV3hkbzNTQTZDdVd2ZlJ4V013Z3F5ZmRfQ3psTTFjNU1BVQ?oc=5
2024-09-08,GOOGL,Google,Google Stock Might Drop Further Amid Latest Antitrust Trial - Forbes,"EN
Sign in
Before you continue to Google
We use cookies and data to
Deliver and maintain Google services
Track outages and protect against spam, fraud, and abuse
Measure audience engagement and site statistics to understand how our services are used and enhance the quality of those services
If you choose to “Accept all,” we will also use cookies and data to
Develop and improve new services
Deliver and measure the effectiveness of ads
Show personalized content, depending on your settings
Show personalized ads, depending on your settings
If you choose to “Reject all,” we will not use cookies for these additional purposes.
Non-personalized content is influenced by things like the content you’re currently viewing, activity in your active Search session, and your location. Non-personalized ads are influenced by the content you’re currently viewing and your general location. Personalized content and ads can also include more relevant results, recommendations, and tailored ads based on past activity from this browser, like previous Google searches. We also use cookies and data to tailor the experience to be age-appropriate, if relevant.
Select “More options” to see additional information, including details about managing your privacy settings. You can also visit g.co/privacytools at any time.
Reject all
Accept all
More options
Privacy Policy
Terms of Service",https://news.google.com/rss/articles/CBMitwFBVV95cUxNZmJvVEVtTzQ0Y3d0cWJZVXh5ZVMyTXpCOFlTTV9QME5rTEQ0VGR6RXJfZmFDbU1vd2NVVWxQOXRIWjI5QVNFYlhmWk1ET0tPTmg3UFBOTnEwRi03S25tSDdSMENWMWkzSEVhSmVfTFhBdmQxU2JZd2lMNmlZRXlVTDQ1V0twczZmWWFoS1JfYjFCb1ZIc2VSd3NMcmd1LTA5dWtwbWlHUjJOTGhJQ0hoaHlMLXN6Yms?oc=5
2024-09-13,GOOGL,Google,META vs. GOOGL: Which Magnificent Seven Stock Is Better? - Nasdaq,"EN
Sign in
Before you continue to Google
We use cookies and data to
Deliver and maintain Google services
Track outages and protect against spam, fraud, and abuse
Measure audience engagement and site statistics to understand how our services are used and enhance the quality of those services
If you choose to “Accept all,” we will also use cookies and data to
Develop and improve new services
Deliver and measure the effectiveness of ads
Show personalized content, depending on your settings
Show personalized ads, depending on your settings
If you choose to “Reject all,” we will not use cookies for these additional purposes.
Non-personalized content is influenced by things like the content you’re currently viewing, activity in your active Search session, and your location. Non-personalized ads are influenced by the content you’re currently viewing and your general location. Personalized content and ads can also include more relevant results, recommendations, and tailored ads based on past activity from this browser, like previous Google searches. We also use cookies and data to tailor the experience to be age-appropriate, if relevant.
Select “More options” to see additional information, including details about managing your privacy settings. You can also visit g.co/privacytools at any time.
Reject all
Accept all
More options
Privacy Policy
Terms of Service",https://news.google.com/rss/articles/CBMiigFBVV95cUxQR1UtZS0xa01tY1hDQ01tVF9Va2lBa3h0TXNaNmlTdzgtZXBtV19La1cyUi16N3JfZVgyYktpd2dNUUJDbi0tU2JsWXRJR0w1M1VoN3hRbmhmZnFMX0E5SHJaVVF6MWkzVjNERXFIeXZRSU51dTZIMlpSV1NWdGNzR01ieVk4QXFXWnc?oc=5
2024-09-20,GOOGL,Google,Alphabet Inc (GOOG): Best Forever Stock To Buy Now - Yahoo Finance,"EN
Sign in
Before you continue to Google
We use cookies and data to
Deliver and maintain Google services
Track outages and protect against spam, fraud, and abuse
Measure audience engagement and site statistics to understand how our services are used and enhance the quality of those services
If you choose to “Accept all,” we will also use cookies and data to
Develop and improve new services
Deliver and measure the effectiveness of ads
Show personalized content, depending on your settings
Show personalized ads, depending on your settings
If you choose to “Reject all,” we will not use cookies for these additional purposes.
Non-personalized content is influenced by things like the content you’re currently viewing, activity in your active Search session, and your location. Non-personalized ads are influenced by the content you’re currently viewing and your general location. Personalized content and ads can also include more relevant results, recommendations, and tailored ads based on past activity from this browser, like previous Google searches. We also use cookies and data to tailor the experience to be age-appropriate, if relevant.
Select “More options” to see additional information, including details about managing your privacy settings. You can also visit g.co/privacytools at any time.
Reject all
Accept all
More options
Privacy Policy
Terms of Service",https://news.google.com/rss/articles/CBMiggFBVV95cUxPcTU2ZGFvcWpGaHMxbFNFYkEza3k0WVFEdk9La0pfdkE0bWx4NnVTYkpsZzRtdWNDQzZJRldFOXJ4cEQxcFdQd05LdWVneE5QVTBNZ2hDa3BrOXVTX09yVVVSamZrMEpHbXlWSHUzT3RjUHF1Wm1PekZQRlp5YnBFQmFB?oc=5
2024-09-07,GOOGL,Google,Opinion: Alphabet Would Be Worth More if Broken Up - The Motley Fool,"EN
Sign in
Before you continue to Google
We use cookies and data to
Deliver and maintain Google services
Track outages and protect against spam, fraud, and abuse
Measure audience engagement and site statistics to understand how our services are used and enhance the quality of those services
If you choose to “Accept all,” we will also use cookies and data to
Develop and improve new services
Deliver and measure the effectiveness of ads
Show personalized content, depending on your settings
Show personalized ads, depending on your settings
If you choose to “Reject all,” we will not use cookies for these additional purposes.
Non-personalized content is influenced by things like the content you’re currently viewing, activity in your active Search session, and your location. Non-personalized ads are influenced by the content you’re currently viewing and your general location. Personalized content and ads can also include more relevant results, recommendations, and tailored ads based on past activity from this browser, like previous Google searches. We also use cookies and data to tailor the experience to be age-appropriate, if relevant.
Select “More options” to see additional information, including details about managing your privacy settings. You can also visit g.co/privacytools at any time.
Reject all
Accept all
More options
Privacy Policy
Terms of Service",https://news.google.com/rss/articles/CBMilwFBVV95cUxNMTlIb2hsTFg4aHpSbEZSRDNRZXNub05lRkt4T01la3hPNmhmZlhibUg0b1lKTEhKdk5Pa0dWSUxRX2JkcVVOTVh3bC1KYlFhZHluTXdSaHNDbktFdWQ0MTZYRmNCQTI5Yk1SQUpYRjBtY1daYnYyWVplTFJvaFZ1MVRhNWNEMXZaQWZBa1RPTFlZSWZOb0ow?oc=5
2024-09-26,GOOGL,Google,Alphabet’s stock has never been this cheap relative to Meta’s. How to play that. - MarketWatch,"EN
Sign in
Before you continue to Google
We use cookies and data to
Deliver and maintain Google services
Track outages and protect against spam, fraud, and abuse
Measure audience engagement and site statistics to understand how our services are used and enhance the quality of those services
If you choose to “Accept all,” we will also use cookies and data to
Develop and improve new services
Deliver and measure the effectiveness of ads
Show personalized content, depending on your settings
Show personalized ads, depending on your settings
If you choose to “Reject all,” we will not use cookies for these additional purposes.
Non-personalized content is influenced by things like the content you’re currently viewing, activity in your active Search session, and your location. Non-personalized ads are influenced by the content you’re currently viewing and your general location. Personalized content and ads can also include more relevant results, recommendations, and tailored ads based on past activity from this browser, like previous Google searches. We also use cookies and data to tailor the experience to be age-appropriate, if relevant.
Select “More options” to see additional information, including details about managing your privacy settings. You can also visit g.co/privacytools at any time.
Reject all
Accept all
More options
Privacy Policy
Terms of Service",https://news.google.com/rss/articles/CBMiuwFBVV95cUxQRFJuMUhJRGltZWNXZUlteFpWTU93S0RYZVhKMll6T0NKbGpNRHJ5QXlaTzk5QmZFMFg0QmgxZUhoSVZLVXdGak9kclBWaGV6Q2Vxb3hGVHNnYmtfbnVBSzVoclhGTXF4dVppLVBUbFV0aXFRZS00a3NGdXg0dFhEbnJHLVZOY1JhdWh4MnVocVozRUtNRlhhdU9SaGhSRnQyMHFfc0l4ZVktdTc4c2h6QTd6eVdOOEstc1BB?oc=5
2024-09-16,GOOGL,Google,Alphabet Price Target Cut On 'Worst Case' Antitrust Scenario - Investor's Business Daily,"EN
Sign in
Before you continue to Google
We use cookies and data to
Deliver and maintain Google services
Track outages and protect against spam, fraud, and abuse
Measure audience engagement and site statistics to understand how our services are used and enhance the quality of those services
If you choose to “Accept all,” we will also use cookies and data to
Develop and improve new services
Deliver and measure the effectiveness of ads
Show personalized content, depending on your settings
Show personalized ads, depending on your settings
If you choose to “Reject all,” we will not use cookies for these additional purposes.
Non-personalized content is influenced by things like the content you’re currently viewing, activity in your active Search session, and your location. Non-personalized ads are influenced by the content you’re currently viewing and your general location. Personalized content and ads can also include more relevant results, recommendations, and tailored ads based on past activity from this browser, like previous Google searches. We also use cookies and data to tailor the experience to be age-appropriate, if relevant.
Select “More options” to see additional information, including details about managing your privacy settings. You can also visit g.co/privacytools at any time.
Reject all
Accept all
More options
Privacy Policy
Terms of Service",https://news.google.com/rss/articles/CBMihAFBVV95cUxPU3VQWERFUjFKU1pwV0xNdk94eDFMeTVpT25uR1d5dHZ4aHNvcmdIUFZaSlBzbFF3WkNUSnU3c2RLNWp3WFZJU3VlbVFFX1RiNVdramNoSmVoQ0gtUkQxWUtfUnZ4TzdRdl8zUENreXpRWmx5M29HcnB5dGNnTk1yb3VIWnM?oc=5
2024-09-22,GOOGL,Google,The potential investor upside of a Google breakup — if John Rockefeller is any guide - Yahoo Finance,"EN
Sign in
Before you continue to Google
We use cookies and data to
Deliver and maintain Google services
Track outages and protect against spam, fraud, and abuse
Measure audience engagement and site statistics to understand how our services are used and enhance the quality of those services
If you choose to “Accept all,” we will also use cookies and data to
Develop and improve new services
Deliver and measure the effectiveness of ads
Show personalized content, depending on your settings
Show personalized ads, depending on your settings
If you choose to “Reject all,” we will not use cookies for these additional purposes.
Non-personalized content is influenced by things like the content you’re currently viewing, activity in your active Search session, and your location. Non-personalized ads are influenced by the content you’re currently viewing and your general location. Personalized content and ads can also include more relevant results, recommendations, and tailored ads based on past activity from this browser, like previous Google searches. We also use cookies and data to tailor the experience to be age-appropriate, if relevant.
Select “More options” to see additional information, including details about managing your privacy settings. You can also visit g.co/privacytools at any time.
Reject all
Accept all
More options
Privacy Policy
Terms of Service",https://news.google.com/rss/articles/CBMiyAFBVV95cUxNc1I2TWo4RDBsYVgyV3J6cVQtcVJkQ0RnLVotUmc3XzZueU9EYlZxYWRRWVc1VXFkeDEwVkIyN1BDVGhWYTc3SnJobnNoWU9RV0otRzdQcXNYMkJwdEtkVUFSbjV0bDVRbGpZc0YtcWtkb2R1WGRVLWVBTUpMejNCbmlKNGtiNExOYXhhZEkwZkRjdFdiSnNvYUVpSUZySmEyU1JlQkVUYlJ1N0xtY2pzcUhsSlhNMFBwX1ZhRmdxbDBDQkNsZkRnZw?oc=5
2024-09-12,GOOGL,Google,Google's Potential Path To $500 (NASDAQ:GOOG) - Seeking Alpha,"EN
Sign in
Before you continue to Google
We use cookies and data to
Deliver and maintain Google services
Track outages and protect against spam, fraud, and abuse
Measure audience engagement and site statistics to understand how our services are used and enhance the quality of those services
If you choose to “Accept all,” we will also use cookies and data to
Develop and improve new services
Deliver and measure the effectiveness of ads
Show personalized content, depending on your settings
Show personalized ads, depending on your settings
If you choose to “Reject all,” we will not use cookies for these additional purposes.
Non-personalized content is influenced by things like the content you’re currently viewing, activity in your active Search session, and your location. Non-personalized ads are influenced by the content you’re currently viewing and your general location. Personalized content and ads can also include more relevant results, recommendations, and tailored ads based on past activity from this browser, like previous Google searches. We also use cookies and data to tailor the experience to be age-appropriate, if relevant.
Select “More options” to see additional information, including details about managing your privacy settings. You can also visit g.co/privacytools at any time.
Reject all
Accept all
More options
Privacy Policy
Terms of Service",https://news.google.com/rss/articles/CBMieEFVX3lxTE1FbG5WYkhmem1ubUpPYWFLcWIzWlptM3FVcmlLLVNJWEtKcVBuMGszT0NwQk9MMTE4d1lUNTYxanc4MmpMMTBKdXFLVmhodWxXYXJOYS1WV01sVUpTbnd1anJVcG5MdDBZcC16Y0tWNEJHdlotem40TA?oc=5
2024-09-04,GOOGL,Google,Google Is Losing Market Share to ChatGPT. What It Means for Alphabet Stock. - Barron's,"EN
Sign in
Before you continue to Google
We use cookies and data to
Deliver and maintain Google services
Track outages and protect against spam, fraud, and abuse
Measure audience engagement and site statistics to understand how our services are used and enhance the quality of those services
If you choose to “Accept all,” we will also use cookies and data to
Develop and improve new services
Deliver and measure the effectiveness of ads
Show personalized content, depending on your settings
Show personalized ads, depending on your settings
If you choose to “Reject all,” we will not use cookies for these additional purposes.
Non-personalized content is influenced by things like the content you’re currently viewing, activity in your active Search session, and your location. Non-personalized ads are influenced by the content you’re currently viewing and your general location. Personalized content and ads can also include more relevant results, recommendations, and tailored ads based on past activity from this browser, like previous Google searches. We also use cookies and data to tailor the experience to be age-appropriate, if relevant.
Select “More options” to see additional information, including details about managing your privacy settings. You can also visit g.co/privacytools at any time.
Reject all
Accept all
More options
Privacy Policy
Terms of Service",https://news.google.com/rss/articles/CBMiiAFBVV95cUxObjJSelJBbVpZUEpfRHZvX09zT3F5d0RVMVY3NUZid21ScHFCbVRqa1loMFlWVGpvTU1udC1NVy11OW5mMlkzZmg4aXRqSzZSdFJzVDNwYWNLS05SU3kwWktiYnptOGFVV2ZHemk4MWVBRU1ZSUQ4MlgxZHBvSGwwdkdycTdDU1Aw?oc=5
2024-09-26,GOOGL,Google,Analysts update Alphabet stock price target after AI event - TheStreet,"EN
Sign in
Before you continue to Google
We use cookies and data to
Deliver and maintain Google services
Track outages and protect against spam, fraud, and abuse
Measure audience engagement and site statistics to understand how our services are used and enhance the quality of those services
If you choose to “Accept all,” we will also use cookies and data to
Develop and improve new services
Deliver and measure the effectiveness of ads
Show personalized content, depending on your settings
Show personalized ads, depending on your settings
If you choose to “Reject all,” we will not use cookies for these additional purposes.
Non-personalized content is influenced by things like the content you’re currently viewing, activity in your active Search session, and your location. Non-personalized ads are influenced by the content you’re currently viewing and your general location. Personalized content and ads can also include more relevant results, recommendations, and tailored ads based on past activity from this browser, like previous Google searches. We also use cookies and data to tailor the experience to be age-appropriate, if relevant.
Select “More options” to see additional information, including details about managing your privacy settings. You can also visit g.co/privacytools at any time.
Reject all
Accept all
More options
Privacy Policy
Terms of Service",https://news.google.com/rss/articles/CBMiogFBVV95cUxOZlE0a0dKZl9EUVY5UHRUd2x3elRSS0RHRHNNS1N2SURKWi0yS3VHQ2tJOUE4Skd6b2c5Q1lsbDhzY0pUV3o1Rm1GX3pSYXdNRWFUc0MxUTJPRDJYdHJDYjh6QjlJQmNmTnAzMWdQR1QxMk5FRFp3ZkJpUl95ZXpaZkJYQXpHOWdXWFpXOTMzaXlGTTJ4ZU40NVhFZ0xjc3pfeGc?oc=5
2024-09-12,GOOGL,Google,Is ChatGPT Taking Market Share From Google Search? Alphabet Could Have a Problem It Hasn't Had to Worry About for Years - The Motley Fool,"EN
Sign in
Before you continue to Google
We use cookies and data to
Deliver and maintain Google services
Track outages and protect against spam, fraud, and abuse
Measure audience engagement and site statistics to understand how our services are used and enhance the quality of those services
If you choose to “Accept all,” we will also use cookies and data to
Develop and improve new services
Deliver and measure the effectiveness of ads
Show personalized content, depending on your settings
Show personalized ads, depending on your settings
If you choose to “Reject all,” we will not use cookies for these additional purposes.
Non-personalized content is influenced by things like the content you’re currently viewing, activity in your active Search session, and your location. Non-personalized ads are influenced by the content you’re currently viewing and your general location. Personalized content and ads can also include more relevant results, recommendations, and tailored ads based on past activity from this browser, like previous Google searches. We also use cookies and data to tailor the experience to be age-appropriate, if relevant.
Select “More options” to see additional information, including details about managing your privacy settings. You can also visit g.co/privacytools at any time.
Reject all
Accept all
More options
Privacy Policy
Terms of Service",https://news.google.com/rss/articles/CBMilwFBVV95cUxQbVpzUjJjXzF0M2dIUjM5SE1pZHRxTjR0TXc3NGxKVkpVZHI4VmIzX1A0aFpVeDlzV1FUcGF0dFJMal9jQktsNjV5VGdHSEVUUFBvQTE4Rm5JaG5wT3l1aXpPandCay1wQXVwb0wtZjZvbElidURSWXhQc0RoUDZ4djQ0N0YtZGUtRmN6QmFMWlNsWWxHQ0VZ?oc=5
2024-09-25,GOOGL,Google,Google Files EU Complaint Over Microsoft Cloud Business Tactics - Investor's Business Daily,"EN
Sign in
Before you continue to Google
We use cookies and data to
Deliver and maintain Google services
Track outages and protect against spam, fraud, and abuse
Measure audience engagement and site statistics to understand how our services are used and enhance the quality of those services
If you choose to “Accept all,” we will also use cookies and data to
Develop and improve new services
Deliver and measure the effectiveness of ads
Show personalized content, depending on your settings
Show personalized ads, depending on your settings
If you choose to “Reject all,” we will not use cookies for these additional purposes.
Non-personalized content is influenced by things like the content you’re currently viewing, activity in your active Search session, and your location. Non-personalized ads are influenced by the content you’re currently viewing and your general location. Personalized content and ads can also include more relevant results, recommendations, and tailored ads based on past activity from this browser, like previous Google searches. We also use cookies and data to tailor the experience to be age-appropriate, if relevant.
Select “More options” to see additional information, including details about managing your privacy settings. You can also visit g.co/privacytools at any time.
Reject all
Accept all
More options
Privacy Policy
Terms of Service",https://news.google.com/rss/articles/CBMipwFBVV95cUxPSGYwTTZ0a3luZHhKR01NMjdnTlRub0VkbmxzMERYNFhPdDFreVhEUnpLLWQ2amJWUmpTMHF4Y1JPNkxkdEUwdXZFRXJUb2pfSHlONzl4S2pqc1JpRmF1aGFMNC15c3dHOVZSb0pxaXhUMFFUaVhid2NWaC1yejZlNjlJNTU1dll4d0otbXlnbFp4amQ5R0I1NTdLOTNfVkJSWEJTMmtudw?oc=5
2024-09-12,GOOGL,Google,Is Alphabet Inc Class C (NASDAQ:GOOG) the Best AI Stock to Buy According to Carolina Panthers Owner David Tepper? - Yahoo Finance,"EN
Sign in
Before you continue to Google
We use cookies and data to
Deliver and maintain Google services
Track outages and protect against spam, fraud, and abuse
Measure audience engagement and site statistics to understand how our services are used and enhance the quality of those services
If you choose to “Accept all,” we will also use cookies and data to
Develop and improve new services
Deliver and measure the effectiveness of ads
Show personalized content, depending on your settings
Show personalized ads, depending on your settings
If you choose to “Reject all,” we will not use cookies for these additional purposes.
Non-personalized content is influenced by things like the content you’re currently viewing, activity in your active Search session, and your location. Non-personalized ads are influenced by the content you’re currently viewing and your general location. Personalized content and ads can also include more relevant results, recommendations, and tailored ads based on past activity from this browser, like previous Google searches. We also use cookies and data to tailor the experience to be age-appropriate, if relevant.
Select “More options” to see additional information, including details about managing your privacy settings. You can also visit g.co/privacytools at any time.
Reject all
Accept all
More options
Privacy Policy
Terms of Service",https://news.google.com/rss/articles/CBMifkFVX3lxTE94M0o0UVhldFJUcDVWNTZIWUZ0VDRPMlM0dEJtZWdMVW9fQjY0VDByODlwTUQ1Z2N5QWZJQzFWZ2NvcjFVcHJFdzh0ZEdpWlBsN0Iybl9nNGdibEJtZjZZbUFpSURTTW9vd2hsXzJFRHc4TTRjbmFWMVdXUjdvUQ?oc=5
2024-09-11,GOOGL,Google,Google's Search Dominance Is Its 'Game to Lose.' The Stock Remains a Buy. - Barron's,"EN
Sign in
Before you continue to Google
We use cookies and data to
Deliver and maintain Google services
Track outages and protect against spam, fraud, and abuse
Measure audience engagement and site statistics to understand how our services are used and enhance the quality of those services
If you choose to “Accept all,” we will also use cookies and data to
Develop and improve new services
Deliver and measure the effectiveness of ads
Show personalized content, depending on your settings
Show personalized ads, depending on your settings
If you choose to “Reject all,” we will not use cookies for these additional purposes.
Non-personalized content is influenced by things like the content you’re currently viewing, activity in your active Search session, and your location. Non-personalized ads are influenced by the content you’re currently viewing and your general location. Personalized content and ads can also include more relevant results, recommendations, and tailored ads based on past activity from this browser, like previous Google searches. We also use cookies and data to tailor the experience to be age-appropriate, if relevant.
Select “More options” to see additional information, including details about managing your privacy settings. You can also visit g.co/privacytools at any time.
Reject all
Accept all
More options
Privacy Policy
Terms of Service",https://news.google.com/rss/articles/CBMilAFBVV95cUxOejN5TEdUZmFMXy10aHd5T3pPdzNnOF9rRzZZM1dVNG1nMVZIWkVGZl9SVElmQjAxdlM5T2RBNTF0a1dPZjA4cERpaGh2RGVmLWZiZ3Y0QXozYXBuYnR5UVBVMnpsbkJUYlZQajlHT2FUa3hhdE1qTEhFVGU5Rng3ckZxbVZKYk1qdktRbmtwSUloMXFs?oc=5
2024-09-11,GOOGL,Google,Google Cloud Boss: We're No. 4 In Enterprise Software - Investor's Business Daily,"EN
Sign in
Before you continue to Google
We use cookies and data to
Deliver and maintain Google services
Track outages and protect against spam, fraud, and abuse
Measure audience engagement and site statistics to understand how our services are used and enhance the quality of those services
If you choose to “Accept all,” we will also use cookies and data to
Develop and improve new services
Deliver and measure the effectiveness of ads
Show personalized content, depending on your settings
Show personalized ads, depending on your settings
If you choose to “Reject all,” we will not use cookies for these additional purposes.
Non-personalized content is influenced by things like the content you’re currently viewing, activity in your active Search session, and your location. Non-personalized ads are influenced by the content you’re currently viewing and your general location. Personalized content and ads can also include more relevant results, recommendations, and tailored ads based on past activity from this browser, like previous Google searches. We also use cookies and data to tailor the experience to be age-appropriate, if relevant.
Select “More options” to see additional information, including details about managing your privacy settings. You can also visit g.co/privacytools at any time.
Reject all
Accept all
More options
Privacy Policy
Terms of Service",https://news.google.com/rss/articles/CBMitgFBVV95cUxQaUNjeW9UTXlLVXJSV3luVzFiZXJRN0NuMm5hN2FKT2VBQ2pSSmFYNERrcUx2a1VwR1VpTWhiU21wTzh6bHVaT2FuMXpCYXhCQ1M2b012OExHeUVvQ3dTaFI1S05ZdEhJczBFMnN1OWlLU3dNWHFoY3RqVUc1V1Y4eGJza2hTNEQtc0Vlb2c4TXFLWW9leFRUT256bi1YM1NGOFdFQkxWMTU2T29VRDhRYVFvNGR2UQ?oc=5
2024-09-16,GOOGL,Google,"AMZN, GOOGL, or MSFT: Which Cloud Computing Giant Is the Best Pick? - Yahoo Finance","EN
Sign in
Before you continue to Google
We use cookies and data to
Deliver and maintain Google services
Track outages and protect against spam, fraud, and abuse
Measure audience engagement and site statistics to understand how our services are used and enhance the quality of those services
If you choose to “Accept all,” we will also use cookies and data to
Develop and improve new services
Deliver and measure the effectiveness of ads
Show personalized content, depending on your settings
Show personalized ads, depending on your settings
If you choose to “Reject all,” we will not use cookies for these additional purposes.
Non-personalized content is influenced by things like the content you’re currently viewing, activity in your active Search session, and your location. Non-personalized ads are influenced by the content you’re currently viewing and your general location. Personalized content and ads can also include more relevant results, recommendations, and tailored ads based on past activity from this browser, like previous Google searches. We also use cookies and data to tailor the experience to be age-appropriate, if relevant.
Select “More options” to see additional information, including details about managing your privacy settings. You can also visit g.co/privacytools at any time.
Reject all
Accept all
More options
Privacy Policy
Terms of Service",https://news.google.com/rss/articles/CBMigwFBVV95cUxOUUlGM1hKNkJZcS14bEhuNXJyYmV3MTcwYzFZY0FLN3REUzYyajlmdEVVOE80Zm5RTnYtaGR3M0ozdjdjQXhxVGVyVHhlc00xcWI2UzBObGM1TkJzQ09vV2ZDUUhBNVlMejlFTnFydF9NV2Z4X3VFamVVaVRrTEwtOXdvMA?oc=5
2024-10-15,GOOGL,Google,"Google Unveils Redesigned, AI-Powered U.S. Shopping Website - Investor's Business Daily","EN
Sign in
Before you continue to Google
We use cookies and data to
Deliver and maintain Google services
Track outages and protect against spam, fraud, and abuse
Measure audience engagement and site statistics to understand how our services are used and enhance the quality of those services
If you choose to “Accept all,” we will also use cookies and data to
Develop and improve new services
Deliver and measure the effectiveness of ads
Show personalized content, depending on your settings
Show personalized ads, depending on your settings
If you choose to “Reject all,” we will not use cookies for these additional purposes.
Non-personalized content is influenced by things like the content you’re currently viewing, activity in your active Search session, and your location. Non-personalized ads are influenced by the content you’re currently viewing and your general location. Personalized content and ads can also include more relevant results, recommendations, and tailored ads based on past activity from this browser, like previous Google searches. We also use cookies and data to tailor the experience to be age-appropriate, if relevant.
Select “More options” to see additional information, including details about managing your privacy settings. You can also visit g.co/privacytools at any time.
Reject all
Accept all
More options
Privacy Policy
Terms of Service",https://news.google.com/rss/articles/CBMiZkFVX3lxTE92TFdwaFl1UEU3RURLeWJPY2NvM2JPV1FjS0R0UUt5Tnl1aU5iME9CeXVVaS1SVHh4U0VwQnJpeDlIZUV6cmduVndid0NGdEFlVnh3QS1SOVZCVWxBZTVsWVkxODhXdw?oc=5
2024-10-22,GOOGL,Google,"Going Into Earnings, Is Alphabet Stock a Buy, a Sell, or Fairly Valued? - Morningstar","EN
Sign in
Before you continue to Google
We use cookies and data to
Deliver and maintain Google services
Track outages and protect against spam, fraud, and abuse
Measure audience engagement and site statistics to understand how our services are used and enhance the quality of those services
If you choose to “Accept all,” we will also use cookies and data to
Develop and improve new services
Deliver and measure the effectiveness of ads
Show personalized content, depending on your settings
Show personalized ads, depending on your settings
If you choose to “Reject all,” we will not use cookies for these additional purposes.
Non-personalized content is influenced by things like the content you’re currently viewing, activity in your active Search session, and your location. Non-personalized ads are influenced by the content you’re currently viewing and your general location. Personalized content and ads can also include more relevant results, recommendations, and tailored ads based on past activity from this browser, like previous Google searches. We also use cookies and data to tailor the experience to be age-appropriate, if relevant.
Select “More options” to see additional information, including details about managing your privacy settings. You can also visit g.co/privacytools at any time.
Reject all
Accept all
More options
Privacy Policy
Terms of Service",https://news.google.com/rss/articles/CBMiogFBVV95cUxNdUdyVThTYVQtNk42VjZ4YmZmTVkwUWQ5Nmd1RG1CRnlqTXdFcmgwMW9JS1dMYXppZXB0WXlLSGRicWotMjlmYVRhaWtBNTZZTW1hNkxuQXBrb1pVbmZhV0JySEg1Ym5iZkxNTWE2YW0tTDZJOWZIRjMzaGxmd1hndWdVQVhJRHYydS1SelExSWdvcDkzNG1WVlNQb2NyQVdlM2c?oc=5
2024-10-10,GOOGL,Google,Alphabet: Stock Attractive With Company Well-Placed to Navigate Antitrust Headwinds - Morningstar,"EN
Sign in
Before you continue to Google
We use cookies and data to
Deliver and maintain Google services
Track outages and protect against spam, fraud, and abuse
Measure audience engagement and site statistics to understand how our services are used and enhance the quality of those services
If you choose to “Accept all,” we will also use cookies and data to
Develop and improve new services
Deliver and measure the effectiveness of ads
Show personalized content, depending on your settings
Show personalized ads, depending on your settings
If you choose to “Reject all,” we will not use cookies for these additional purposes.
Non-personalized content is influenced by things like the content you’re currently viewing, activity in your active Search session, and your location. Non-personalized ads are influenced by the content you’re currently viewing and your general location. Personalized content and ads can also include more relevant results, recommendations, and tailored ads based on past activity from this browser, like previous Google searches. We also use cookies and data to tailor the experience to be age-appropriate, if relevant.
Select “More options” to see additional information, including details about managing your privacy settings. You can also visit g.co/privacytools at any time.
Reject all
Accept all
More options
Privacy Policy
Terms of Service",https://news.google.com/rss/articles/CBMizAFBVV95cUxQaUxfVWxVN0UtbEwxbUZEbUYyNmZfVExqcHhQekFYaS13amIyYXhkTDh1WXd2QVBRdnoyZndaMVJZNC1Wai1NVzROTmNzSkphNzl4WHg1cGVuM0hmTzZyTTlSRTBRU09ZakplS0dFdGZCNS1EX2xYcjhOeERuejdwUUo3V21vemozS0hJYjZ2Y01SWnNRVm84cDJPYkJBTk1JZ050U0o5NHNXQjhCZlktbE5mZi1KT2NKM25rUjZfckp6N29Td1Y2aks2b18?oc=5
2024-10-13,GOOGL,Google,A Google Breakup Could Be Coming. Is Alphabet Stock a Buy? - Yahoo Finance,"EN
Sign in
Before you continue to Google
We use cookies and data to
Deliver and maintain Google services
Track outages and protect against spam, fraud, and abuse
Measure audience engagement and site statistics to understand how our services are used and enhance the quality of those services
If you choose to “Accept all,” we will also use cookies and data to
Develop and improve new services
Deliver and measure the effectiveness of ads
Show personalized content, depending on your settings
Show personalized ads, depending on your settings
If you choose to “Reject all,” we will not use cookies for these additional purposes.
Non-personalized content is influenced by things like the content you’re currently viewing, activity in your active Search session, and your location. Non-personalized ads are influenced by the content you’re currently viewing and your general location. Personalized content and ads can also include more relevant results, recommendations, and tailored ads based on past activity from this browser, like previous Google searches. We also use cookies and data to tailor the experience to be age-appropriate, if relevant.
Select “More options” to see additional information, including details about managing your privacy settings. You can also visit g.co/privacytools at any time.
Reject all
Accept all
More options
Privacy Policy
Terms of Service",https://news.google.com/rss/articles/CBMiigFBVV95cUxNN2RBeC1RV0ZHa242UlBMaU1sbzM0Ukk0dWlXX29tNXRRNWw4SGdrV0NHU00yYVJaaEFlZHdhTUUtMU94eXlnam95QlFnVWNLRDlUZFQzcTRuaTkyMFR6Y1JHVm81ZkpIYXZjM2FfeDJaY2V5QjA1MGVrUnhJT1U0d21Qa1Q2NHQ4aGc?oc=5
2024-10-24,GOOGL,Google,Alphabet’s Problems Are Worrying Investors. This Analyst Says to Buy the Stock. - Barron's,"EN
Sign in
Before you continue to Google
We use cookies and data to
Deliver and maintain Google services
Track outages and protect against spam, fraud, and abuse
Measure audience engagement and site statistics to understand how our services are used and enhance the quality of those services
If you choose to “Accept all,” we will also use cookies and data to
Develop and improve new services
Deliver and measure the effectiveness of ads
Show personalized content, depending on your settings
Show personalized ads, depending on your settings
If you choose to “Reject all,” we will not use cookies for these additional purposes.
Non-personalized content is influenced by things like the content you’re currently viewing, activity in your active Search session, and your location. Non-personalized ads are influenced by the content you’re currently viewing and your general location. Personalized content and ads can also include more relevant results, recommendations, and tailored ads based on past activity from this browser, like previous Google searches. We also use cookies and data to tailor the experience to be age-appropriate, if relevant.
Select “More options” to see additional information, including details about managing your privacy settings. You can also visit g.co/privacytools at any time.
Reject all
Accept all
More options
Privacy Policy
Terms of Service",https://news.google.com/rss/articles/CBMidkFVX3lxTE4xOGNBTkljNVB1VGxtdmVtUEYzcnJCR2pBV0ZXendkZGktek1POWxMd25pM3JEUHAycHZ3S09DSGhIa3JpZ0VHQ3AtOGNvV1FrdDNwcG0yMElvWGhSVDFfa0hrRnBDUFJfYmlPYl9uV0cySlVTT3c?oc=5
2024-10-09,GOOGL,Google,Alphabet stock dips in early hours on DOJ threat of Google breakup - Markets.com,"EN
Sign in
Before you continue to Google
We use cookies and data to
Deliver and maintain Google services
Track outages and protect against spam, fraud, and abuse
Measure audience engagement and site statistics to understand how our services are used and enhance the quality of those services
If you choose to “Accept all,” we will also use cookies and data to
Develop and improve new services
Deliver and measure the effectiveness of ads
Show personalized content, depending on your settings
Show personalized ads, depending on your settings
If you choose to “Reject all,” we will not use cookies for these additional purposes.
Non-personalized content is influenced by things like the content you’re currently viewing, activity in your active Search session, and your location. Non-personalized ads are influenced by the content you’re currently viewing and your general location. Personalized content and ads can also include more relevant results, recommendations, and tailored ads based on past activity from this browser, like previous Google searches. We also use cookies and data to tailor the experience to be age-appropriate, if relevant.
Select “More options” to see additional information, including details about managing your privacy settings. You can also visit g.co/privacytools at any time.
Reject all
Accept all
More options
Privacy Policy
Terms of Service",https://news.google.com/rss/articles/CBMinAFBVV95cUxPWE9CcExtaHlMQURycGJoRC1Udmd4akZWdFl2RU5rb1Zvcm1TQlJWekhYa08yZ1pJcTJtTlNiN3p6VkVhbDEyQ2dNa25DM3A0dUQ3LUZZU3NiNFRkS3RLeEduSW9KNHBjVHlrODNjdWxNdFVHWWNBUWhzYjlTMVNzMm8xWWNzeEp3TkJkWFBRLW5NWV9ndjM4VlNnaTI?oc=5
2024-10-09,GOOGL,Google,"Stock Market Today: Stocks close at record high amid China slump, Google slide - TheStreet","EN
Sign in
Before you continue to Google
We use cookies and data to
Deliver and maintain Google services
Track outages and protect against spam, fraud, and abuse
Measure audience engagement and site statistics to understand how our services are used and enhance the quality of those services
If you choose to “Accept all,” we will also use cookies and data to
Develop and improve new services
Deliver and measure the effectiveness of ads
Show personalized content, depending on your settings
Show personalized ads, depending on your settings
If you choose to “Reject all,” we will not use cookies for these additional purposes.
Non-personalized content is influenced by things like the content you’re currently viewing, activity in your active Search session, and your location. Non-personalized ads are influenced by the content you’re currently viewing and your general location. Personalized content and ads can also include more relevant results, recommendations, and tailored ads based on past activity from this browser, like previous Google searches. We also use cookies and data to tailor the experience to be age-appropriate, if relevant.
Select “More options” to see additional information, including details about managing your privacy settings. You can also visit g.co/privacytools at any time.
Reject all
Accept all
More options
Privacy Policy
Terms of Service",https://news.google.com/rss/articles/CBMirgFBVV95cUxNd2U4T1JLU3NtaG9zb2hLRWpoLTFMR2V2bWp0SWFfUjNnbF9LZEJSVFJLeEZyVFBfcHE3OVVGR3pheS1rcXlYUEhxTjh1Y0c0NU5xUms5WERaZGRYSWhQVGEyOFJKTE45d0dEcEdHM1ItcDBqdHJ6ZXhRNmRpcmZXa2ZuSE9ROFU4Wlg4WEl5aEdibDdkaUZrZjlnUFY2LUVlaDlHNzRnTFE5NUU2TkE?oc=5
2024-10-14,GOOGL,Google,Google Stock: Buy Before Earnings (Rating Upgrade) (NASDAQ:GOOG) - Seeking Alpha,"EN
Sign in
Before you continue to Google
We use cookies and data to
Deliver and maintain Google services
Track outages and protect against spam, fraud, and abuse
Measure audience engagement and site statistics to understand how our services are used and enhance the quality of those services
If you choose to “Accept all,” we will also use cookies and data to
Develop and improve new services
Deliver and measure the effectiveness of ads
Show personalized content, depending on your settings
Show personalized ads, depending on your settings
If you choose to “Reject all,” we will not use cookies for these additional purposes.
Non-personalized content is influenced by things like the content you’re currently viewing, activity in your active Search session, and your location. Non-personalized ads are influenced by the content you’re currently viewing and your general location. Personalized content and ads can also include more relevant results, recommendations, and tailored ads based on past activity from this browser, like previous Google searches. We also use cookies and data to tailor the experience to be age-appropriate, if relevant.
Select “More options” to see additional information, including details about managing your privacy settings. You can also visit g.co/privacytools at any time.
Reject all
Accept all
More options
Privacy Policy
Terms of Service",https://news.google.com/rss/articles/CBMilgFBVV95cUxOYmtTYkEzNklSRlZoV3BBRUtmVWhtQ3NLaVdLWjBmQ3BkeTZIbWVOMGV2aktJczdWN0ZpeG5WaExWLWhqaFJTOHFDUnk3VGxPOGE1ekF2b2o3clVwTUY2SWQ4dmc2eHhyM2Zid0RYYkwtdE1FMTRZZGpfUTFDUGVyd3BVSVk0a3phS2tpd2FkWk5UTWkxUHc?oc=5
2024-10-13,GOOGL,Google,A Google Breakup Could Be Coming. Is Alphabet Stock a Buy? - The Motley Fool,"EN
Sign in
Before you continue to Google
We use cookies and data to
Deliver and maintain Google services
Track outages and protect against spam, fraud, and abuse
Measure audience engagement and site statistics to understand how our services are used and enhance the quality of those services
If you choose to “Accept all,” we will also use cookies and data to
Develop and improve new services
Deliver and measure the effectiveness of ads
Show personalized content, depending on your settings
Show personalized ads, depending on your settings
If you choose to “Reject all,” we will not use cookies for these additional purposes.
Non-personalized content is influenced by things like the content you’re currently viewing, activity in your active Search session, and your location. Non-personalized ads are influenced by the content you’re currently viewing and your general location. Personalized content and ads can also include more relevant results, recommendations, and tailored ads based on past activity from this browser, like previous Google searches. We also use cookies and data to tailor the experience to be age-appropriate, if relevant.
Select “More options” to see additional information, including details about managing your privacy settings. You can also visit g.co/privacytools at any time.
Reject all
Accept all
More options
Privacy Policy
Terms of Service",https://news.google.com/rss/articles/CBMimAFBVV95cUxNeUwwREkxXzRkV0xHTnZyNVRNdmxBc3RvUmg4MHY3eFBpSXZtZDVWRHN1QWhzMkV1WjZ6X0J0TURvOWdCcGNjbWkwU01MYl9aNS0zWW05SFFYX2FjVWRVbS03Q1FHM3JaSTZwYUs4T1c4THFjdXJHb19hSW1qRS1ScEl3NUV1Tk1zVXhzMXRDdHIxcmJPT1RONQ?oc=5
2024-10-09,GOOGL,Google,Google's Breakup Threat: Here's What Analysts Are Saying - WSJ,"EN
Sign in
Before you continue to Google
We use cookies and data to
Deliver and maintain Google services
Track outages and protect against spam, fraud, and abuse
Measure audience engagement and site statistics to understand how our services are used and enhance the quality of those services
If you choose to “Accept all,” we will also use cookies and data to
Develop and improve new services
Deliver and measure the effectiveness of ads
Show personalized content, depending on your settings
Show personalized ads, depending on your settings
If you choose to “Reject all,” we will not use cookies for these additional purposes.
Non-personalized content is influenced by things like the content you’re currently viewing, activity in your active Search session, and your location. Non-personalized ads are influenced by the content you’re currently viewing and your general location. Personalized content and ads can also include more relevant results, recommendations, and tailored ads based on past activity from this browser, like previous Google searches. We also use cookies and data to tailor the experience to be age-appropriate, if relevant.
Select “More options” to see additional information, including details about managing your privacy settings. You can also visit g.co/privacytools at any time.
Reject all
Accept all
More options
Privacy Policy
Terms of Service",https://news.google.com/rss/articles/CBMi-gFBVV95cUxQSVhCUV9kby1rN09rcUl6T2lKRnJuaDFGWXhhVDdiYkFCd2xicmNZQ3FYNkFfbFhuNTVGbjByWHdBRDdLa0I3V0Z0VUZITUE2SjlZOC1KaE5ULWp4TWx4QTFuSDJ0eFdCNVdHUFhWMDN2Z0VOUFRHVGdIYndTakZYQkg2RUR4d2FKRmZEVU1CVldvOS1RaURmMnNvd2ROVkw3QmJvNjZyRUpIMl93MVdyUFNzV1k4NFJiaThNbG1lMXVfLXBmbnVqa290UEhkeTZhUW1lMzk3QzR1VmduYjBPMWFtTkZZS3R3aExGYnhrVm9LeG5UNGQtRHBR?oc=5
2024-10-09,GOOGL,Google,DOJ Mulls Google Breakup As Antitrust Remedy. Google Calls Plan 'Radical.' - Investor's Business Daily,"EN
Sign in
Before you continue to Google
We use cookies and data to
Deliver and maintain Google services
Track outages and protect against spam, fraud, and abuse
Measure audience engagement and site statistics to understand how our services are used and enhance the quality of those services
If you choose to “Accept all,” we will also use cookies and data to
Develop and improve new services
Deliver and measure the effectiveness of ads
Show personalized content, depending on your settings
Show personalized ads, depending on your settings
If you choose to “Reject all,” we will not use cookies for these additional purposes.
Non-personalized content is influenced by things like the content you’re currently viewing, activity in your active Search session, and your location. Non-personalized ads are influenced by the content you’re currently viewing and your general location. Personalized content and ads can also include more relevant results, recommendations, and tailored ads based on past activity from this browser, like previous Google searches. We also use cookies and data to tailor the experience to be age-appropriate, if relevant.
Select “More options” to see additional information, including details about managing your privacy settings. You can also visit g.co/privacytools at any time.
Reject all
Accept all
More options
Privacy Policy
Terms of Service",https://news.google.com/rss/articles/CBMipgFBVV95cUxPOGF0LWplSHI1MFVMNVBzS1NueFY1dTNVeUtMdTlYOGMxdC1YUDd0SmNiZ3V6dlFTdy1MU0JMLTA0OGhxTDlBVVpBRklVWTJqUm05VGg4emZtazc0TEJma0E5bzQwM29YSXpTeWlwcFQtbGdRRkFkdUFjNE9Wd2ZMS3pnTnBkT0FxdFNBY3pPa055aDNJOHZ6VHA1bW5vNnBkbWJWNW1n?oc=5
2024-10-09,GOOGL,Google,Why Google Breakup Talk Isn’t Slamming Alphabet Stock - Barron's,"EN
Sign in
Before you continue to Google
We use cookies and data to
Deliver and maintain Google services
Track outages and protect against spam, fraud, and abuse
Measure audience engagement and site statistics to understand how our services are used and enhance the quality of those services
If you choose to “Accept all,” we will also use cookies and data to
Develop and improve new services
Deliver and measure the effectiveness of ads
Show personalized content, depending on your settings
Show personalized ads, depending on your settings
If you choose to “Reject all,” we will not use cookies for these additional purposes.
Non-personalized content is influenced by things like the content you’re currently viewing, activity in your active Search session, and your location. Non-personalized ads are influenced by the content you’re currently viewing and your general location. Personalized content and ads can also include more relevant results, recommendations, and tailored ads based on past activity from this browser, like previous Google searches. We also use cookies and data to tailor the experience to be age-appropriate, if relevant.
Select “More options” to see additional information, including details about managing your privacy settings. You can also visit g.co/privacytools at any time.
Reject all
Accept all
More options
Privacy Policy
Terms of Service",https://news.google.com/rss/articles/CBMijAFBVV95cUxPZW1HcGNEOEoxVVNrTWZlZlBUZTJETHMwQk1POE45MnhnUi1QblJINGxGWEMwYm5pNHF3VXZlTnVqek5vclhaS05QZ2N5cDVSVVlpdmwzUnRRWERzcVBDWWVoNTdNTHZfV01JSldEQmNLX2xhSktuU3RBQUxpWHVlUEd5Y1FKajBrTzQ0SA?oc=5
2024-10-25,GOOGL,Google,Analyst delivers Alphabet stock warning ahead of earnings - Yahoo Finance,"EN
Sign in
Before you continue to Google
We use cookies and data to
Deliver and maintain Google services
Track outages and protect against spam, fraud, and abuse
Measure audience engagement and site statistics to understand how our services are used and enhance the quality of those services
If you choose to “Accept all,” we will also use cookies and data to
Develop and improve new services
Deliver and measure the effectiveness of ads
Show personalized content, depending on your settings
Show personalized ads, depending on your settings
If you choose to “Reject all,” we will not use cookies for these additional purposes.
Non-personalized content is influenced by things like the content you’re currently viewing, activity in your active Search session, and your location. Non-personalized ads are influenced by the content you’re currently viewing and your general location. Personalized content and ads can also include more relevant results, recommendations, and tailored ads based on past activity from this browser, like previous Google searches. We also use cookies and data to tailor the experience to be age-appropriate, if relevant.
Select “More options” to see additional information, including details about managing your privacy settings. You can also visit g.co/privacytools at any time.
Reject all
Accept all
More options
Privacy Policy
Terms of Service",https://news.google.com/rss/articles/CBMijgFBVV95cUxQakM1Tl9TZllnakExdGxDTzBhblFtekZrdS1IVEwyNjFHNkIyUnRMTEFvNDJPU05BZTRRWGQzRnlLVDQxSFFTaDJzaEdRV3ZUOTFNa0M1Q1BobjRXRG9kV0xTN0Fxd2FwYXEwejNHRG0zbWd3dUhCbGZSaGRwQXl1blROM0tzUUluVFdpaF9R?oc=5
2024-10-20,GOOGL,Google,"If You Bought 1 Share of Alphabet Stock at Its IPO, Here's How Many Shares You Would Own Now - The Motley Fool","EN
Sign in
Before you continue to Google
We use cookies and data to
Deliver and maintain Google services
Track outages and protect against spam, fraud, and abuse
Measure audience engagement and site statistics to understand how our services are used and enhance the quality of those services
If you choose to “Accept all,” we will also use cookies and data to
Develop and improve new services
Deliver and measure the effectiveness of ads
Show personalized content, depending on your settings
Show personalized ads, depending on your settings
If you choose to “Reject all,” we will not use cookies for these additional purposes.
Non-personalized content is influenced by things like the content you’re currently viewing, activity in your active Search session, and your location. Non-personalized ads are influenced by the content you’re currently viewing and your general location. Personalized content and ads can also include more relevant results, recommendations, and tailored ads based on past activity from this browser, like previous Google searches. We also use cookies and data to tailor the experience to be age-appropriate, if relevant.
Select “More options” to see additional information, including details about managing your privacy settings. You can also visit g.co/privacytools at any time.
Reject all
Accept all
More options
Privacy Policy
Terms of Service",https://news.google.com/rss/articles/CBMimAFBVV95cUxPQ2pJY3BsY01yQlhlQnJ3NF9fUUpsQ1FyRDA0ZlBzYnZFU1BlOEpaVUlCSkR5V1VjaHNmSTZqcnRUTnBQSXd2QkFyUGhEZ3N5R0hubmFiZUtSWjc5dGdMZjFDdjVENnU1bnAxeHJlNVp4S2hnajAteVBYQ2huRTIzUFpPZC04MzBtNDZUSjRtRGhxdFBMQmdHTg?oc=5
2024-10-18,GOOGL,Google,Why Microsoft Stock Could Be a Better Bet Than Alphabet Ahead of Earnings - Barron's,"EN
Sign in
Before you continue to Google
We use cookies and data to
Deliver and maintain Google services
Track outages and protect against spam, fraud, and abuse
Measure audience engagement and site statistics to understand how our services are used and enhance the quality of those services
If you choose to “Accept all,” we will also use cookies and data to
Develop and improve new services
Deliver and measure the effectiveness of ads
Show personalized content, depending on your settings
Show personalized ads, depending on your settings
If you choose to “Reject all,” we will not use cookies for these additional purposes.
Non-personalized content is influenced by things like the content you’re currently viewing, activity in your active Search session, and your location. Non-personalized ads are influenced by the content you’re currently viewing and your general location. Personalized content and ads can also include more relevant results, recommendations, and tailored ads based on past activity from this browser, like previous Google searches. We also use cookies and data to tailor the experience to be age-appropriate, if relevant.
Select “More options” to see additional information, including details about managing your privacy settings. You can also visit g.co/privacytools at any time.
Reject all
Accept all
More options
Privacy Policy
Terms of Service",https://news.google.com/rss/articles/CBMiigFBVV95cUxOTHluX2c0bkh1bk1pcjhMbWgybHZZVFBHNTVieDNEUTl2SGRYZWh5MnI0eE5NSU1yR1c0WnVkUXRnZlJ0Yng4bFNsbUtGdXQ3WGRwNko5T1Q5SDhJMGY5SHpmYk9QN2tqLUR3OC1VSTlLQTQ4dUFaamcybzN2UWswNkt6aURHWlRHVVE?oc=5
2024-10-27,GOOGL,Google,Should You Buy Alphabet Stock Before Oct. 29? - Yahoo Finance,"EN
Sign in
Before you continue to Google
We use cookies and data to
Deliver and maintain Google services
Track outages and protect against spam, fraud, and abuse
Measure audience engagement and site statistics to understand how our services are used and enhance the quality of those services
If you choose to “Accept all,” we will also use cookies and data to
Develop and improve new services
Deliver and measure the effectiveness of ads
Show personalized content, depending on your settings
Show personalized ads, depending on your settings
If you choose to “Reject all,” we will not use cookies for these additional purposes.
Non-personalized content is influenced by things like the content you’re currently viewing, activity in your active Search session, and your location. Non-personalized ads are influenced by the content you’re currently viewing and your general location. Personalized content and ads can also include more relevant results, recommendations, and tailored ads based on past activity from this browser, like previous Google searches. We also use cookies and data to tailor the experience to be age-appropriate, if relevant.
Select “More options” to see additional information, including details about managing your privacy settings. You can also visit g.co/privacytools at any time.
Reject all
Accept all
More options
Privacy Policy
Terms of Service",https://news.google.com/rss/articles/CBMie0FVX3lxTE94ZTVnMFlIRW0xQzd4WVlLS3YybFk0bFgwMkg3QWR1TF9ieWJzc1NHT0Jla0xNdkFOSm1HSjVjWDRxS2lkb1lWZWdmS290eEVjaENOeUs1WXBBUVJQWDdabFR0a1psM2ZDVlJHamZHQV9Ia2xCR3h1Z1Jkbw?oc=5
2024-10-07,GOOGL,Google,Tesla’s Robotaxi Day Could Be Good News for Google Stock - Barron's,"EN
Sign in
Before you continue to Google
We use cookies and data to
Deliver and maintain Google services
Track outages and protect against spam, fraud, and abuse
Measure audience engagement and site statistics to understand how our services are used and enhance the quality of those services
If you choose to “Accept all,” we will also use cookies and data to
Develop and improve new services
Deliver and measure the effectiveness of ads
Show personalized content, depending on your settings
Show personalized ads, depending on your settings
If you choose to “Reject all,” we will not use cookies for these additional purposes.
Non-personalized content is influenced by things like the content you’re currently viewing, activity in your active Search session, and your location. Non-personalized ads are influenced by the content you’re currently viewing and your general location. Personalized content and ads can also include more relevant results, recommendations, and tailored ads based on past activity from this browser, like previous Google searches. We also use cookies and data to tailor the experience to be age-appropriate, if relevant.
Select “More options” to see additional information, including details about managing your privacy settings. You can also visit g.co/privacytools at any time.
Reject all
Accept all
More options
Privacy Policy
Terms of Service",https://news.google.com/rss/articles/CBMieEFVX3lxTE5EckNLRHd1MjZDNjBKVzI4UjhpWDhjUUdPN1pLZm5xS0N5c2F1c1d0ZXFwSUoxTGc5eXJBTUtBcG1aQWlMM2RYNjI5Wll3c010VXJoT3NpclhvZFFUVGxrVVVCX0tBVmV1WFFUcGZ1aU1LekctMk1BLQ?oc=5
2024-10-18,GOOGL,Google,Is Alphabet Inc. (GOOGL) A Good Stock to Buy Right Now? - Yahoo Finance,"EN
Sign in
Before you continue to Google
We use cookies and data to
Deliver and maintain Google services
Track outages and protect against spam, fraud, and abuse
Measure audience engagement and site statistics to understand how our services are used and enhance the quality of those services
If you choose to “Accept all,” we will also use cookies and data to
Develop and improve new services
Deliver and measure the effectiveness of ads
Show personalized content, depending on your settings
Show personalized ads, depending on your settings
If you choose to “Reject all,” we will not use cookies for these additional purposes.
Non-personalized content is influenced by things like the content you’re currently viewing, activity in your active Search session, and your location. Non-personalized ads are influenced by the content you’re currently viewing and your general location. Personalized content and ads can also include more relevant results, recommendations, and tailored ads based on past activity from this browser, like previous Google searches. We also use cookies and data to tailor the experience to be age-appropriate, if relevant.
Select “More options” to see additional information, including details about managing your privacy settings. You can also visit g.co/privacytools at any time.
Reject all
Accept all
More options
Privacy Policy
Terms of Service",https://news.google.com/rss/articles/CBMigAFBVV95cUxQMFNDQWxDc19GWWdpODdrNlRJWWpGM00tc2RsektjRFNCTC1MbTVIeVZONFdoTnpUcXZMa0xCSFViOF9YejlJV1NyV3N3XzVHRHNOeFNVOWhOTnJxZ2ROOWVSNThtVDFQLTN1SVpqbUJ3VjJjSUh0U2x6a3B1YlhXcg?oc=5
2024-10-09,GOOGL,Google,"Stock market today: Dow, S&P 500 jump to fresh records as key CPI report looms - Yahoo Finance","EN
Sign in
Before you continue to Google
We use cookies and data to
Deliver and maintain Google services
Track outages and protect against spam, fraud, and abuse
Measure audience engagement and site statistics to understand how our services are used and enhance the quality of those services
If you choose to “Accept all,” we will also use cookies and data to
Develop and improve new services
Deliver and measure the effectiveness of ads
Show personalized content, depending on your settings
Show personalized ads, depending on your settings
If you choose to “Reject all,” we will not use cookies for these additional purposes.
Non-personalized content is influenced by things like the content you’re currently viewing, activity in your active Search session, and your location. Non-personalized ads are influenced by the content you’re currently viewing and your general location. Personalized content and ads can also include more relevant results, recommendations, and tailored ads based on past activity from this browser, like previous Google searches. We also use cookies and data to tailor the experience to be age-appropriate, if relevant.
Select “More options” to see additional information, including details about managing your privacy settings. You can also visit g.co/privacytools at any time.
Reject all
Accept all
More options
Privacy Policy
Terms of Service",https://news.google.com/rss/articles/CBMixAFBVV95cUxQRkxWeVhUZjFnQ0FjUHlSY2lmdE92bUlwVDkxaUdCand0X1dYYTJiZGpIZ09fTkQzTHhDTFVLeW5CVzQ5dG5GN1V2RTFaZGFVZlA2aHpfNmYxblUxS25YOGJ5M0xVYjRXa3AwOHNoYzZPaVctYUlIY3g2bjBpbW1abkNLLThReWlyX0I2d3B4M1g0MF9DTlhHN2lLZmM4VVQxV0ZEejdsOGdYMlpKTFFwM0x6NDUwdjBYNHY5MWo0WnhvNjVf?oc=5
2024-10-10,GOOGL,Google,"Wall Street shrugs at Google’s legal setbacks isn't denial, it's pragmatism: Morning Brief - Yahoo Finance","EN
Sign in
Before you continue to Google
We use cookies and data to
Deliver and maintain Google services
Track outages and protect against spam, fraud, and abuse
Measure audience engagement and site statistics to understand how our services are used and enhance the quality of those services
If you choose to “Accept all,” we will also use cookies and data to
Develop and improve new services
Deliver and measure the effectiveness of ads
Show personalized content, depending on your settings
Show personalized ads, depending on your settings
If you choose to “Reject all,” we will not use cookies for these additional purposes.
Non-personalized content is influenced by things like the content you’re currently viewing, activity in your active Search session, and your location. Non-personalized ads are influenced by the content you’re currently viewing and your general location. Personalized content and ads can also include more relevant results, recommendations, and tailored ads based on past activity from this browser, like previous Google searches. We also use cookies and data to tailor the experience to be age-appropriate, if relevant.
Select “More options” to see additional information, including details about managing your privacy settings. You can also visit g.co/privacytools at any time.
Reject all
Accept all
More options
Privacy Policy
Terms of Service",https://news.google.com/rss/articles/CBMiywFBVV95cUxNanJHbnJPQ2dTVS1yQWtCdVdJZFp3NnFNb19wT0tEb015clBZVkJtTi1QcVBWNlNEOTBCb0hCTTZWTFYxOWtCeXN0U1RKTlNwTlJoNGJIU29mNGVyT1lScTUzVHVEaG5lUEJYZ3hPNDJwclp2U0hMSmNmbV9ndV9Yc3dBWHBIalZKdDVCSEFmRzQ5N2JGYThSUEpvaldqYklMQVg1RlF4c1RGbDJoU25JWTIySlRRc0JlT0F5aWhKbWZRZ1BYMlF3YnNjNA?oc=5
2024-11-15,GOOGL,Google,Nasdaq Retreat Picks Up Steam. Trump Tech Rally Fades. Is Google Stock A Buy Or Sell? - Investor's Business Daily,"EN
Sign in
Before you continue to Google
We use cookies and data to
Deliver and maintain Google services
Track outages and protect against spam, fraud, and abuse
Measure audience engagement and site statistics to understand how our services are used and enhance the quality of those services
If you choose to “Accept all,” we will also use cookies and data to
Develop and improve new services
Deliver and measure the effectiveness of ads
Show personalized content, depending on your settings
Show personalized ads, depending on your settings
If you choose to “Reject all,” we will not use cookies for these additional purposes.
Non-personalized content is influenced by things like the content you’re currently viewing, activity in your active Search session, and your location. Non-personalized ads are influenced by the content you’re currently viewing and your general location. Personalized content and ads can also include more relevant results, recommendations, and tailored ads based on past activity from this browser, like previous Google searches. We also use cookies and data to tailor the experience to be age-appropriate, if relevant.
Select “More options” to see additional information, including details about managing your privacy settings. You can also visit g.co/privacytools at any time.
Reject all
Accept all
More options
Privacy Policy
Terms of Service",https://news.google.com/rss/articles/CBMijwFBVV95cUxPM2F2SFk1TE9xZHd1VnhWWnRmQjhBYS1rY1p4akxNNUF6ZFg0enVRZGdyN2U5YmpPYlFFeWNXUlJkdnZqaXJfcVFLUHV1SXJ0ZldEY294Qnc5bHdQRUJZcXhjdWwxVkkzRTdkc19xWUktcTJETUg1MF9jd0o4X01OTTA3ZW1raFlhZ0ppWS1LOA?oc=5
2024-11-21,GOOGL,Google,What's Next For Google Stock - Nasdaq,"EN
Sign in
Before you continue to Google
We use cookies and data to
Deliver and maintain Google services
Track outages and protect against spam, fraud, and abuse
Measure audience engagement and site statistics to understand how our services are used and enhance the quality of those services
If you choose to “Accept all,” we will also use cookies and data to
Develop and improve new services
Deliver and measure the effectiveness of ads
Show personalized content, depending on your settings
Show personalized ads, depending on your settings
If you choose to “Reject all,” we will not use cookies for these additional purposes.
Non-personalized content is influenced by things like the content you’re currently viewing, activity in your active Search session, and your location. Non-personalized ads are influenced by the content you’re currently viewing and your general location. Personalized content and ads can also include more relevant results, recommendations, and tailored ads based on past activity from this browser, like previous Google searches. We also use cookies and data to tailor the experience to be age-appropriate, if relevant.
Select “More options” to see additional information, including details about managing your privacy settings. You can also visit g.co/privacytools at any time.
Reject all
Accept all
More options
Privacy Policy
Terms of Service",https://news.google.com/rss/articles/CBMiZkFVX3lxTE1ibVY5Rm12NkdCRFBreE5aZ1VqWFZJYUt3OFNxU0pSbElnTVBGV3M2eTlrN0c2dHZzMnlRRnZIZ2RmTTR1aXpsZnZQajRQVjNaZUtBbEMwTWZPMFE1OHVseEwtLTB1UQ?oc=5
2024-11-21,GOOGL,Google,Google stock hammered after DOJ calls for Chrome sale - Fortune,"EN
Sign in
Before you continue to Google
We use cookies and data to
Deliver and maintain Google services
Track outages and protect against spam, fraud, and abuse
Measure audience engagement and site statistics to understand how our services are used and enhance the quality of those services
If you choose to “Accept all,” we will also use cookies and data to
Develop and improve new services
Deliver and measure the effectiveness of ads
Show personalized content, depending on your settings
Show personalized ads, depending on your settings
If you choose to “Reject all,” we will not use cookies for these additional purposes.
Non-personalized content is influenced by things like the content you’re currently viewing, activity in your active Search session, and your location. Non-personalized ads are influenced by the content you’re currently viewing and your general location. Personalized content and ads can also include more relevant results, recommendations, and tailored ads based on past activity from this browser, like previous Google searches. We also use cookies and data to tailor the experience to be age-appropriate, if relevant.
Select “More options” to see additional information, including details about managing your privacy settings. You can also visit g.co/privacytools at any time.
Reject all
Accept all
More options
Privacy Policy
Terms of Service",https://news.google.com/rss/articles/CBMicEFVX3lxTE1uZGVEd0dEYmRzeW5INjN6RV9jMU5qcGFKcjlnbVRHSGpjMm9sWldEdXd0Y0JMSERZTzRWdUREcFJmdFRKMVpWaXB1ZVZqRVIwa0dBNFI0TTVMWWREd3FkcnBJOVZRQ0tPRk5BeFNLaHA?oc=5
2024-11-22,GOOGL,Google,Buy Google Stock. Alphabet Will Survive AI and Breakup Calls—and Soar by 50%. - Barron's,"EN
Sign in
Before you continue to Google
We use cookies and data to
Deliver and maintain Google services
Track outages and protect against spam, fraud, and abuse
Measure audience engagement and site statistics to understand how our services are used and enhance the quality of those services
If you choose to “Accept all,” we will also use cookies and data to
Develop and improve new services
Deliver and measure the effectiveness of ads
Show personalized content, depending on your settings
Show personalized ads, depending on your settings
If you choose to “Reject all,” we will not use cookies for these additional purposes.
Non-personalized content is influenced by things like the content you’re currently viewing, activity in your active Search session, and your location. Non-personalized ads are influenced by the content you’re currently viewing and your general location. Personalized content and ads can also include more relevant results, recommendations, and tailored ads based on past activity from this browser, like previous Google searches. We also use cookies and data to tailor the experience to be age-appropriate, if relevant.
Select “More options” to see additional information, including details about managing your privacy settings. You can also visit g.co/privacytools at any time.
Reject all
Accept all
More options
Privacy Policy
Terms of Service",https://news.google.com/rss/articles/CBMimwFBVV95cUxNeTF2dE9sRFJYdzZpOHlpM19SRmNyS1JPT1NVN0tMX1ZoRmlncmtCbURuRTBJWXlseFp0TzI3RXJZaGluTXlBTUxmbXBhOE5XU1BiUEh1NGlQc3dKRl9zVGhLckhBai1zMVFpckRvZjJXUlRBYUkxaUQ3a3FaVnc3djZtd21DR0c0U3k5SUkzLUNLRzBVTmxPdXN1bw?oc=5
2024-11-05,GOOGL,Google,"After Earnings, Is Alphabet Stock a Buy, Sell, or Fairly Valued? - Morningstar","EN
Sign in
Before you continue to Google
We use cookies and data to
Deliver and maintain Google services
Track outages and protect against spam, fraud, and abuse
Measure audience engagement and site statistics to understand how our services are used and enhance the quality of those services
If you choose to “Accept all,” we will also use cookies and data to
Develop and improve new services
Deliver and measure the effectiveness of ads
Show personalized content, depending on your settings
Show personalized ads, depending on your settings
If you choose to “Reject all,” we will not use cookies for these additional purposes.
Non-personalized content is influenced by things like the content you’re currently viewing, activity in your active Search session, and your location. Non-personalized ads are influenced by the content you’re currently viewing and your general location. Personalized content and ads can also include more relevant results, recommendations, and tailored ads based on past activity from this browser, like previous Google searches. We also use cookies and data to tailor the experience to be age-appropriate, if relevant.
Select “More options” to see additional information, including details about managing your privacy settings. You can also visit g.co/privacytools at any time.
Reject all
Accept all
More options
Privacy Policy
Terms of Service",https://news.google.com/rss/articles/CBMimwFBVV95cUxPVXdZWERJMmJmZU5BMzY0TVF2dFBEVmkzdWU2d0R6YlhTemlyRktHc2ZtU01hZnZVUm43aEpqblRvaHZ5TldIaFdKeGkxZDBDUzNTVmI4eTlfaFV0bDdBeUVnVnFWVkhycUt2LWdnWTZ1Q0w0NWZzOFhMeUtaMldSYjBHeE9jMVp0eXQ0WUh4WnJiT3otbDVMM1Z6VQ?oc=5
2024-10-30,GOOGL,Google,Alphabet stock surges as earnings crush estimates on strong cloud growth - Yahoo Finance,"EN
Sign in
Before you continue to Google
We use cookies and data to
Deliver and maintain Google services
Track outages and protect against spam, fraud, and abuse
Measure audience engagement and site statistics to understand how our services are used and enhance the quality of those services
If you choose to “Accept all,” we will also use cookies and data to
Develop and improve new services
Deliver and measure the effectiveness of ads
Show personalized content, depending on your settings
Show personalized ads, depending on your settings
If you choose to “Reject all,” we will not use cookies for these additional purposes.
Non-personalized content is influenced by things like the content you’re currently viewing, activity in your active Search session, and your location. Non-personalized ads are influenced by the content you’re currently viewing and your general location. Personalized content and ads can also include more relevant results, recommendations, and tailored ads based on past activity from this browser, like previous Google searches. We also use cookies and data to tailor the experience to be age-appropriate, if relevant.
Select “More options” to see additional information, including details about managing your privacy settings. You can also visit g.co/privacytools at any time.
Reject all
Accept all
More options
Privacy Policy
Terms of Service",https://news.google.com/rss/articles/CBMiugFBVV95cUxOUi1rZEQ3aGVnbHNaVnZxOG9PcS0xM2Y0OU14YmJGYW5kYVh5NzZKam1NUzZpdU94NXM2SjQ2SlhhVkNvM1VRSU45VDFkWmZOcUZORWZ2SjdUVzlJVXlvN29qbHkxTF9KSE1QbXItNmhYc1hhbW9LSGNubHBmOEpaTDBFNTBKemM0NUdpN2dLZUNzR1dGMlJqTGRlTjhCMFltdGhzZHRzSUhMMGlYTzEtRnBIVy1CbDVlV1E?oc=5
2024-11-19,GOOGL,Google,Alphabet stock shrugs off report that the DOJ wants Google to sell off its Chrome browser - Fast Company,"EN
Sign in
Before you continue to Google
We use cookies and data to
Deliver and maintain Google services
Track outages and protect against spam, fraud, and abuse
Measure audience engagement and site statistics to understand how our services are used and enhance the quality of those services
If you choose to “Accept all,” we will also use cookies and data to
Develop and improve new services
Deliver and measure the effectiveness of ads
Show personalized content, depending on your settings
Show personalized ads, depending on your settings
If you choose to “Reject all,” we will not use cookies for these additional purposes.
Non-personalized content is influenced by things like the content you’re currently viewing, activity in your active Search session, and your location. Non-personalized ads are influenced by the content you’re currently viewing and your general location. Personalized content and ads can also include more relevant results, recommendations, and tailored ads based on past activity from this browser, like previous Google searches. We also use cookies and data to tailor the experience to be age-appropriate, if relevant.
Select “More options” to see additional information, including details about managing your privacy settings. You can also visit g.co/privacytools at any time.
Reject all
Accept all
More options
Privacy Policy
Terms of Service",https://news.google.com/rss/articles/CBMirgFBVV95cUxPQTBLOEFwTXRjQW5JNFctQUJhTEdhT1hsdW15YXBTdUlsWGhtU3BhelFBUUJNSDRqcnBmbmRvb0xQVV8zQWRPWllJRFBudlhnVWdIamFQSEhDVjVWdFZjQWlfZGp0ZWdJeXVqSUxNc1praEZLNXB2cHBvdTRQQXZqeGp3VmRVS0FNeGFmcUlMajAyN1hzcUJiUmwtVVZ0eHhnVGlpR3JKM1R2clQzeEE?oc=5
2024-11-05,GOOGL,Google,Could Alphabet (Google) Stock Help You Retire a Millionaire? - The Motley Fool,"EN
Sign in
Before you continue to Google
We use cookies and data to
Deliver and maintain Google services
Track outages and protect against spam, fraud, and abuse
Measure audience engagement and site statistics to understand how our services are used and enhance the quality of those services
If you choose to “Accept all,” we will also use cookies and data to
Develop and improve new services
Deliver and measure the effectiveness of ads
Show personalized content, depending on your settings
Show personalized ads, depending on your settings
If you choose to “Reject all,” we will not use cookies for these additional purposes.
Non-personalized content is influenced by things like the content you’re currently viewing, activity in your active Search session, and your location. Non-personalized ads are influenced by the content you’re currently viewing and your general location. Personalized content and ads can also include more relevant results, recommendations, and tailored ads based on past activity from this browser, like previous Google searches. We also use cookies and data to tailor the experience to be age-appropriate, if relevant.
Select “More options” to see additional information, including details about managing your privacy settings. You can also visit g.co/privacytools at any time.
Reject all
Accept all
More options
Privacy Policy
Terms of Service",https://news.google.com/rss/articles/CBMikwFBVV95cUxOd2syYnBfYjNaUEJibS1yVmVWWk5ZekZXU2Z4MlRyam4wNFRuTl8xcHRyd0tseGJJQnJ0S2NhQ3l0Y19VcFlGWkNXUUxfdkpJc25kQ1Z4T0RFN2ZEdnNSRkhCOENuTnhHVFBUemM3ZDBlR19kel9HeTNtdllNa0xaRlc2eTFDRE0yekZyYV91UjJSTFk?oc=5
2024-10-30,GOOGL,Google,Google stock jumps 4% after AI momentum drives earnings - qz.com,"EN
Sign in
Before you continue to Google
We use cookies and data to
Deliver and maintain Google services
Track outages and protect against spam, fraud, and abuse
Measure audience engagement and site statistics to understand how our services are used and enhance the quality of those services
If you choose to “Accept all,” we will also use cookies and data to
Develop and improve new services
Deliver and measure the effectiveness of ads
Show personalized content, depending on your settings
Show personalized ads, depending on your settings
If you choose to “Reject all,” we will not use cookies for these additional purposes.
Non-personalized content is influenced by things like the content you’re currently viewing, activity in your active Search session, and your location. Non-personalized ads are influenced by the content you’re currently viewing and your general location. Personalized content and ads can also include more relevant results, recommendations, and tailored ads based on past activity from this browser, like previous Google searches. We also use cookies and data to tailor the experience to be age-appropriate, if relevant.
Select “More options” to see additional information, including details about managing your privacy settings. You can also visit g.co/privacytools at any time.
Reject all
Accept all
More options
Privacy Policy
Terms of Service",https://news.google.com/rss/articles/CBMihgFBVV95cUxPcmdKMUFFZnA4bWtGZUtIOXZ2Tzc2NXlJYS0tcTA5dFBoNWFKcHFCUGF5VGJlM2xaYjFxdG12V0tQTFo0U3haQUJFZHNrVE5uNmVWZnh5WkRHNmFscElicEZVWDU1TmZmU1dtZHRNRml0UnMzRS1DbDZ3X25FbG5TVDVjX0dFUQ?oc=5
2024-10-31,GOOGL,Google,Google Searches For Another All-Time High - Investor's Business Daily,"EN
Sign in
Before you continue to Google
We use cookies and data to
Deliver and maintain Google services
Track outages and protect against spam, fraud, and abuse
Measure audience engagement and site statistics to understand how our services are used and enhance the quality of those services
If you choose to “Accept all,” we will also use cookies and data to
Develop and improve new services
Deliver and measure the effectiveness of ads
Show personalized content, depending on your settings
Show personalized ads, depending on your settings
If you choose to “Reject all,” we will not use cookies for these additional purposes.
Non-personalized content is influenced by things like the content you’re currently viewing, activity in your active Search session, and your location. Non-personalized ads are influenced by the content you’re currently viewing and your general location. Personalized content and ads can also include more relevant results, recommendations, and tailored ads based on past activity from this browser, like previous Google searches. We also use cookies and data to tailor the experience to be age-appropriate, if relevant.
Select “More options” to see additional information, including details about managing your privacy settings. You can also visit g.co/privacytools at any time.
Reject all
Accept all
More options
Privacy Policy
Terms of Service",https://news.google.com/rss/articles/CBMiogFBVV95cUxQaVhFWko2NC1UUDdBM0pSSFdBWm50UFRuRUNJRndNMVVsMW9EWU9Oejd1ZnUzQUVPMkRJQ0NDQ0tfQm5fNm5ndWVReFJ0eHVNYlBJemJ6U0p5R2JtSThlLVJvUGhUcks2NV85ZVFjN1BzbWZRQmRKN1JhYm0zb3NOTDdUbVZqSFJqWkdhRnF2SERMOS1hSDNqX2J6YXpkNzQyT2c?oc=5
2024-11-05,GOOGL,Google,What's Happening With Google Stock? - Forbes,"EN
Sign in
Before you continue to Google
We use cookies and data to
Deliver and maintain Google services
Track outages and protect against spam, fraud, and abuse
Measure audience engagement and site statistics to understand how our services are used and enhance the quality of those services
If you choose to “Accept all,” we will also use cookies and data to
Develop and improve new services
Deliver and measure the effectiveness of ads
Show personalized content, depending on your settings
Show personalized ads, depending on your settings
If you choose to “Reject all,” we will not use cookies for these additional purposes.
Non-personalized content is influenced by things like the content you’re currently viewing, activity in your active Search session, and your location. Non-personalized ads are influenced by the content you’re currently viewing and your general location. Personalized content and ads can also include more relevant results, recommendations, and tailored ads based on past activity from this browser, like previous Google searches. We also use cookies and data to tailor the experience to be age-appropriate, if relevant.
Select “More options” to see additional information, including details about managing your privacy settings. You can also visit g.co/privacytools at any time.
Reject all
Accept all
More options
Privacy Policy
Terms of Service",https://news.google.com/rss/articles/CBMilwFBVV95cUxPYUJDaXItTXE0bXh1eGFoM243OGg3ZVVSLUZ0ZV9yUkZhYm1qZEozVHhXd2RIOWk3TGlfQjFIejJaVHg3cGVSWExXNExSblE0azYwZFJXQTJZR19lV3ppekdkSldfZjBNTlZHTDJaZ1dMZV96M3RJZVBRY1NEUHBjbUhndm5udXltaHBMc2hJOFhONC14QUc4?oc=5
2024-11-05,GOOGL,Google,Alphabet Stock (GOOGL): Explosive Google Cloud Growth Mispriced by Wall Street - Yahoo Finance,"EN
Sign in
Before you continue to Google
We use cookies and data to
Deliver and maintain Google services
Track outages and protect against spam, fraud, and abuse
Measure audience engagement and site statistics to understand how our services are used and enhance the quality of those services
If you choose to “Accept all,” we will also use cookies and data to
Develop and improve new services
Deliver and measure the effectiveness of ads
Show personalized content, depending on your settings
Show personalized ads, depending on your settings
If you choose to “Reject all,” we will not use cookies for these additional purposes.
Non-personalized content is influenced by things like the content you’re currently viewing, activity in your active Search session, and your location. Non-personalized ads are influenced by the content you’re currently viewing and your general location. Personalized content and ads can also include more relevant results, recommendations, and tailored ads based on past activity from this browser, like previous Google searches. We also use cookies and data to tailor the experience to be age-appropriate, if relevant.
Select “More options” to see additional information, including details about managing your privacy settings. You can also visit g.co/privacytools at any time.
Reject all
Accept all
More options
Privacy Policy
Terms of Service",https://news.google.com/rss/articles/CBMiiwFBVV95cUxOTEpwMlQ1VEMwcHc3QUxNS1R5VlVMaElNb1NTMFQwYWlLWEhWSjRoa3ZWN2FmdmsxdDFGZUpHdEpvQ3VaZXZaTGhzZEFqQVltOW5TVGlSdFFRemdvTzZsaHoybWUtR25hc0tSNzRaNEVISTJBV0Y1bE91bTctcFZueDFIeXdFSTFDRlBn?oc=5
2024-11-06,GOOGL,Google,Google Stock Rises on Trump Win. It’s a Mixed Blessing for the Company. - Barron's,"EN
Sign in
Before you continue to Google
We use cookies and data to
Deliver and maintain Google services
Track outages and protect against spam, fraud, and abuse
Measure audience engagement and site statistics to understand how our services are used and enhance the quality of those services
If you choose to “Accept all,” we will also use cookies and data to
Develop and improve new services
Deliver and measure the effectiveness of ads
Show personalized content, depending on your settings
Show personalized ads, depending on your settings
If you choose to “Reject all,” we will not use cookies for these additional purposes.
Non-personalized content is influenced by things like the content you’re currently viewing, activity in your active Search session, and your location. Non-personalized ads are influenced by the content you’re currently viewing and your general location. Personalized content and ads can also include more relevant results, recommendations, and tailored ads based on past activity from this browser, like previous Google searches. We also use cookies and data to tailor the experience to be age-appropriate, if relevant.
Select “More options” to see additional information, including details about managing your privacy settings. You can also visit g.co/privacytools at any time.
Reject all
Accept all
More options
Privacy Policy
Terms of Service",https://news.google.com/rss/articles/CBMihwFBVV95cUxQQVN2UGVzeHZKRXpWa0ZPMUJCNjhiMUZjN2FuczBaa2stNFdLUXVQTWhiR3JwanRLQ2g2bV9weEhCNXI4MzVjTUEwMnVDZlB1SUVFcWVkbFFMcmhESmlKOW01VGQ3WjVpMFByaVVoQXlGaG9tRlFZdU5TU3o5SjdLbXpyd3JveDQ?oc=5
2024-11-21,GOOGL,Google,DOJ Seeks Google Sale Of Chrome In Antitrust Case. Will Trump Make A Difference? - Investor's Business Daily,"EN
Sign in
Before you continue to Google
We use cookies and data to
Deliver and maintain Google services
Track outages and protect against spam, fraud, and abuse
Measure audience engagement and site statistics to understand how our services are used and enhance the quality of those services
If you choose to “Accept all,” we will also use cookies and data to
Develop and improve new services
Deliver and measure the effectiveness of ads
Show personalized content, depending on your settings
Show personalized ads, depending on your settings
If you choose to “Reject all,” we will not use cookies for these additional purposes.
Non-personalized content is influenced by things like the content you’re currently viewing, activity in your active Search session, and your location. Non-personalized ads are influenced by the content you’re currently viewing and your general location. Personalized content and ads can also include more relevant results, recommendations, and tailored ads based on past activity from this browser, like previous Google searches. We also use cookies and data to tailor the experience to be age-appropriate, if relevant.
Select “More options” to see additional information, including details about managing your privacy settings. You can also visit g.co/privacytools at any time.
Reject all
Accept all
More options
Privacy Policy
Terms of Service",https://news.google.com/rss/articles/CBMirAFBVV95cUxNNUVSX0EtTy1pa3hNdmQyYXdval9ocVZsczFPOWdtXzlQNUVuUmN5S2FRd2gwMXJYWFhGVUd4dTRoQ1VNVVNCdXdUQXctVWotTVhWT2NBMWdiR2hqdkowX2F4UHRHcHJvUDhkLUVLRkhDQWdXd1FCSTNnS1FuMmotZXlBdGR5WDBSMjFNOXVrNzhoRmtFelcwLTJCeUg1S1JEQlVkLWVUWXJhWTlM?oc=5
2024-11-05,GOOGL,Google,How To Boost The Annual Yield On Google From Under 1% To Over 10% - Investor's Business Daily,"EN
Sign in
Before you continue to Google
We use cookies and data to
Deliver and maintain Google services
Track outages and protect against spam, fraud, and abuse
Measure audience engagement and site statistics to understand how our services are used and enhance the quality of those services
If you choose to “Accept all,” we will also use cookies and data to
Develop and improve new services
Deliver and measure the effectiveness of ads
Show personalized content, depending on your settings
Show personalized ads, depending on your settings
If you choose to “Reject all,” we will not use cookies for these additional purposes.
Non-personalized content is influenced by things like the content you’re currently viewing, activity in your active Search session, and your location. Non-personalized ads are influenced by the content you’re currently viewing and your general location. Personalized content and ads can also include more relevant results, recommendations, and tailored ads based on past activity from this browser, like previous Google searches. We also use cookies and data to tailor the experience to be age-appropriate, if relevant.
Select “More options” to see additional information, including details about managing your privacy settings. You can also visit g.co/privacytools at any time.
Reject all
Accept all
More options
Privacy Policy
Terms of Service",https://news.google.com/rss/articles/CBMiiAFBVV95cUxQc2RMcktQY3Mxa2xkbEVtcU44NGJiTmxCS0pfR3dacm9uOEdveGU4RDB5czA5eTJBRjJLd2ZBREt6YnE5QUlBbzZwdTU0cng0SzBJd0dSSE4zN00xbzU3cmpnNUk4WXRrR1JZeFVzaVVrSHhicUFCemNhTDdzWVI4WTV0SE1jUXdk?oc=5
2024-10-30,GOOGL,Google,Google Earnings Beat: How 'AI Overviews' Is Boosting Internet Search Advertising - Investor's Business Daily,"EN
Sign in
Before you continue to Google
We use cookies and data to
Deliver and maintain Google services
Track outages and protect against spam, fraud, and abuse
Measure audience engagement and site statistics to understand how our services are used and enhance the quality of those services
If you choose to “Accept all,” we will also use cookies and data to
Develop and improve new services
Deliver and measure the effectiveness of ads
Show personalized content, depending on your settings
Show personalized ads, depending on your settings
If you choose to “Reject all,” we will not use cookies for these additional purposes.
Non-personalized content is influenced by things like the content you’re currently viewing, activity in your active Search session, and your location. Non-personalized ads are influenced by the content you’re currently viewing and your general location. Personalized content and ads can also include more relevant results, recommendations, and tailored ads based on past activity from this browser, like previous Google searches. We also use cookies and data to tailor the experience to be age-appropriate, if relevant.
Select “More options” to see additional information, including details about managing your privacy settings. You can also visit g.co/privacytools at any time.
Reject all
Accept all
More options
Privacy Policy
Terms of Service",https://news.google.com/rss/articles/CBMimwFBVV95cUxNd1NBeGcxYkVZb0xlN2I4enRJR1p2cHBiSlZ0bm1tU1lyRzZ6bjVsblUyTldJeWI5dUNOek96WkJoTk5PVjJXeGg2MVpNTThTMlIyYlNaZTlXOFhxLWxfVkZKd0ItV2M2Wl9TaVFJMUF0QlZiU2xqMkVJQW91YmJabnZqd0FFWjVUcGhiZGFzOFRPV3hkZl8waXBoZw?oc=5
2024-11-08,GOOGL,Google,"Google, IBD Stock Of The Day, Claws Back Amid Trump Win, Antitrust Worries, Fierce AI Competition - Investor's Business Daily","EN
Sign in
Before you continue to Google
We use cookies and data to
Deliver and maintain Google services
Track outages and protect against spam, fraud, and abuse
Measure audience engagement and site statistics to understand how our services are used and enhance the quality of those services
If you choose to “Accept all,” we will also use cookies and data to
Develop and improve new services
Deliver and measure the effectiveness of ads
Show personalized content, depending on your settings
Show personalized ads, depending on your settings
If you choose to “Reject all,” we will not use cookies for these additional purposes.
Non-personalized content is influenced by things like the content you’re currently viewing, activity in your active Search session, and your location. Non-personalized ads are influenced by the content you’re currently viewing and your general location. Personalized content and ads can also include more relevant results, recommendations, and tailored ads based on past activity from this browser, like previous Google searches. We also use cookies and data to tailor the experience to be age-appropriate, if relevant.
Select “More options” to see additional information, including details about managing your privacy settings. You can also visit g.co/privacytools at any time.
Reject all
Accept all
More options
Privacy Policy
Terms of Service",https://news.google.com/rss/articles/CBMipwFBVV95cUxQNVAzMVFpbjhzblM0Y2xwQmdwU0hmRkNxWnpubHVUaExGSFNjcnlURjhFRGZ6VmtjVjBNY1dGbnJyQ1lIQjBWSmt1UEZoLTdCakRRajVfV1JZZUVhV1BINDdiV0JXdHJSU1RWa0EwT0l0STBZakwtWVBMYXM5cG5faTB3NEJzTmFMdTNkTHQ4VjBrc0tkbUh6RjlXVktHWFN2SG1DbXZNRQ?oc=5
2024-10-29,GOOGL,Google,Will New CFO Offer Annual Guidance For Google Stock? - Investor's Business Daily,"EN
Sign in
Before you continue to Google
We use cookies and data to
Deliver and maintain Google services
Track outages and protect against spam, fraud, and abuse
Measure audience engagement and site statistics to understand how our services are used and enhance the quality of those services
If you choose to “Accept all,” we will also use cookies and data to
Develop and improve new services
Deliver and measure the effectiveness of ads
Show personalized content, depending on your settings
Show personalized ads, depending on your settings
If you choose to “Reject all,” we will not use cookies for these additional purposes.
Non-personalized content is influenced by things like the content you’re currently viewing, activity in your active Search session, and your location. Non-personalized ads are influenced by the content you’re currently viewing and your general location. Personalized content and ads can also include more relevant results, recommendations, and tailored ads based on past activity from this browser, like previous Google searches. We also use cookies and data to tailor the experience to be age-appropriate, if relevant.
Select “More options” to see additional information, including details about managing your privacy settings. You can also visit g.co/privacytools at any time.
Reject all
Accept all
More options
Privacy Policy
Terms of Service",https://news.google.com/rss/articles/CBMikgFBVV95cUxPc1ltVWh2SVhtYWVTWGNJZW1wdnMtQ25MS2hPRy0yd3NadTNyd3h1aW94NkhOUDhBdHlzalVFWm9xR3V0MW1mNXhmUVk3bU10SXpzSlRwNElTWlR1Sk9XeVh6RDhXT05laFIzQ0V6MjF6WEpMenJCVnN0bHVld1RaR3lyQk5qTFhQSVZRQU15QVp0UQ?oc=5
2024-10-30,GOOGL,Google,Stocks Lower As Alphabet Surges On Earnings - Investor's Business Daily,"EN
Sign in
Before you continue to Google
We use cookies and data to
Deliver and maintain Google services
Track outages and protect against spam, fraud, and abuse
Measure audience engagement and site statistics to understand how our services are used and enhance the quality of those services
If you choose to “Accept all,” we will also use cookies and data to
Develop and improve new services
Deliver and measure the effectiveness of ads
Show personalized content, depending on your settings
Show personalized ads, depending on your settings
If you choose to “Reject all,” we will not use cookies for these additional purposes.
Non-personalized content is influenced by things like the content you’re currently viewing, activity in your active Search session, and your location. Non-personalized ads are influenced by the content you’re currently viewing and your general location. Personalized content and ads can also include more relevant results, recommendations, and tailored ads based on past activity from this browser, like previous Google searches. We also use cookies and data to tailor the experience to be age-appropriate, if relevant.
Select “More options” to see additional information, including details about managing your privacy settings. You can also visit g.co/privacytools at any time.
Reject all
Accept all
More options
Privacy Policy
Terms of Service",https://news.google.com/rss/articles/CBMitAFBVV95cUxNa0pDbUpUVjc0WTRNYmxPNmUxQjFjS1FYb19oa29wWUpLeVZUVlRZUl9Sb3NQa0dnR2gzX1ZXUkFTNjN6Yzd2NUdfNExTY3ZJekxaSWhkdUZVMllPcTRTWkJLN0NqaFhnblZueHAxZWU5LXN5a3JBcmh6SERYVmRkdGx0cVFBQTNPWXd6a2F5V3QxLXd0RDlRdGtnN2FUbmIyUzRIOVJqc2JSTERNTW1FM05UNXY?oc=5
2024-11-21,GOOGL,Google,Why Alphabet (GOOGL) Stock Is Down Today - Yahoo Finance,"EN
Sign in
Before you continue to Google
We use cookies and data to
Deliver and maintain Google services
Track outages and protect against spam, fraud, and abuse
Measure audience engagement and site statistics to understand how our services are used and enhance the quality of those services
If you choose to “Accept all,” we will also use cookies and data to
Develop and improve new services
Deliver and measure the effectiveness of ads
Show personalized content, depending on your settings
Show personalized ads, depending on your settings
If you choose to “Reject all,” we will not use cookies for these additional purposes.
Non-personalized content is influenced by things like the content you’re currently viewing, activity in your active Search session, and your location. Non-personalized ads are influenced by the content you’re currently viewing and your general location. Personalized content and ads can also include more relevant results, recommendations, and tailored ads based on past activity from this browser, like previous Google searches. We also use cookies and data to tailor the experience to be age-appropriate, if relevant.
Select “More options” to see additional information, including details about managing your privacy settings. You can also visit g.co/privacytools at any time.
Reject all
Accept all
More options
Privacy Policy
Terms of Service",https://news.google.com/rss/articles/CBMigAFBVV95cUxPWnVYLUpmN3NOYnlUVDZmUGRZXy1nU3dBSHpVMWVoMnQ2RVBjeC1Yak1sS01SQ2hIQlQtbUpWTFFLdnAtbzZUTmIzX2Y5WXFwRk40dVV5R2dacENpUlFFNUlzZnNkWGw3STZaS0thTFR6cVhUSVdVcU1RSjdHQk54cQ?oc=5
2024-12-10,GOOGL,Google,"Google Flexes Its Tech Muscles With Quantum Computing Chip, Waymo - Investor's Business Daily","EN
Sign in
Before you continue to Google
We use cookies and data to
Deliver and maintain Google services
Track outages and protect against spam, fraud, and abuse
Measure audience engagement and site statistics to understand how our services are used and enhance the quality of those services
If you choose to “Accept all,” we will also use cookies and data to
Develop and improve new services
Deliver and measure the effectiveness of ads
Show personalized content, depending on your settings
Show personalized ads, depending on your settings
If you choose to “Reject all,” we will not use cookies for these additional purposes.
Non-personalized content is influenced by things like the content you’re currently viewing, activity in your active Search session, and your location. Non-personalized ads are influenced by the content you’re currently viewing and your general location. Personalized content and ads can also include more relevant results, recommendations, and tailored ads based on past activity from this browser, like previous Google searches. We also use cookies and data to tailor the experience to be age-appropriate, if relevant.
Select “More options” to see additional information, including details about managing your privacy settings. You can also visit g.co/privacytools at any time.
Reject all
Accept all
More options
Privacy Policy
Terms of Service",https://news.google.com/rss/articles/CBMisgFBVV95cUxOVG9sYzNEc1gyVkx0OUdiVHQyTEE3TUVFOEhtc2VNbTU0d3pSb0tXcWdEaXJQSVFoMTlUV0RMZmg2a3otaTFXNGhKeGxSODVvaVJwUXFtN0lrTGx2TWtpc0dIOHA5WC1WUWRTcmxoeVlubjY4NVM3aW1oeFc1MEFxR3lzcThpOXQwdWlxMmktS182dVBYNWptWlFBQVM2MTYtNWtwcDY2cEFTTW1idDBOMVJR?oc=5
2024-12-11,GOOGL,Google,Here Is How Google Stock (GOOGL) May Reach $220 per Share - Yahoo Finance,"EN
Sign in
Before you continue to Google
We use cookies and data to
Deliver and maintain Google services
Track outages and protect against spam, fraud, and abuse
Measure audience engagement and site statistics to understand how our services are used and enhance the quality of those services
If you choose to “Accept all,” we will also use cookies and data to
Develop and improve new services
Deliver and measure the effectiveness of ads
Show personalized content, depending on your settings
Show personalized ads, depending on your settings
If you choose to “Reject all,” we will not use cookies for these additional purposes.
Non-personalized content is influenced by things like the content you’re currently viewing, activity in your active Search session, and your location. Non-personalized ads are influenced by the content you’re currently viewing and your general location. Personalized content and ads can also include more relevant results, recommendations, and tailored ads based on past activity from this browser, like previous Google searches. We also use cookies and data to tailor the experience to be age-appropriate, if relevant.
Select “More options” to see additional information, including details about managing your privacy settings. You can also visit g.co/privacytools at any time.
Reject all
Accept all
More options
Privacy Policy
Terms of Service",https://news.google.com/rss/articles/CBMif0FVX3lxTFBua3FOZjNlQmRpU1VvemRnZmJpdGVfU2JDdi1Nc2phUGwwOFUyaHdzUS1XNUxIMVVuZU1sYlF5LThobVZSRFFtcGd3bWlfeHlJRzFBSm1weDNveTZUbUE2UVNMUk4xa1RkckNVSXdTcG9jb0ZBVExIa25yLWhmYmM?oc=5
2024-12-11,GOOGL,Google,Google Parent Alphabet's Stock Soars to All-Time High - Investopedia,"EN
Sign in
Before you continue to Google
We use cookies and data to
Deliver and maintain Google services
Track outages and protect against spam, fraud, and abuse
Measure audience engagement and site statistics to understand how our services are used and enhance the quality of those services
If you choose to “Accept all,” we will also use cookies and data to
Develop and improve new services
Deliver and measure the effectiveness of ads
Show personalized content, depending on your settings
Show personalized ads, depending on your settings
If you choose to “Reject all,” we will not use cookies for these additional purposes.
Non-personalized content is influenced by things like the content you’re currently viewing, activity in your active Search session, and your location. Non-personalized ads are influenced by the content you’re currently viewing and your general location. Personalized content and ads can also include more relevant results, recommendations, and tailored ads based on past activity from this browser, like previous Google searches. We also use cookies and data to tailor the experience to be age-appropriate, if relevant.
Select “More options” to see additional information, including details about managing your privacy settings. You can also visit g.co/privacytools at any time.
Reject all
Accept all
More options
Privacy Policy
Terms of Service",https://news.google.com/rss/articles/CBMikgFBVV95cUxOWERjSHhYa0JYYkd0RUU3NWs4ZWk2VlpfUlp2b0habld3dzJGUE1BLWhUSDVaNlBZalhvSVkwY0J5X28wMjFHbFR4UnlYdjJ5cHFyZGk4Mms0ZHlXQ1hxSWE3QlVlTWt0czNOeGpMZGZVa1l4cEdKVUdLYVR0TEFDazlzN0Q4dkpZSy1DU2F5ZnFuZw?oc=5
2024-12-11,GOOGL,Google,What’s Happening With Google Stock? - Forbes,"EN
Sign in
Before you continue to Google
We use cookies and data to
Deliver and maintain Google services
Track outages and protect against spam, fraud, and abuse
Measure audience engagement and site statistics to understand how our services are used and enhance the quality of those services
If you choose to “Accept all,” we will also use cookies and data to
Develop and improve new services
Deliver and measure the effectiveness of ads
Show personalized content, depending on your settings
Show personalized ads, depending on your settings
If you choose to “Reject all,” we will not use cookies for these additional purposes.
Non-personalized content is influenced by things like the content you’re currently viewing, activity in your active Search session, and your location. Non-personalized ads are influenced by the content you’re currently viewing and your general location. Personalized content and ads can also include more relevant results, recommendations, and tailored ads based on past activity from this browser, like previous Google searches. We also use cookies and data to tailor the experience to be age-appropriate, if relevant.
Select “More options” to see additional information, including details about managing your privacy settings. You can also visit g.co/privacytools at any time.
Reject all
Accept all
More options
Privacy Policy
Terms of Service",https://news.google.com/rss/articles/CBMilwFBVV95cUxPUXNUZ25ZODN0endwZUhscFlzTTUydlRqazhKUFdZRTZKNi0tRGZhUzFLMTdnLWVtaXdkcm5LZHdHRGRiczRnbVdLV0VXTHF1TnZ2MnhIUm9QU19oaTB6ejAzVTdvMU9yY3NnMVhzQVh3MmtCR3oxUUVuZUdXSXEzRExFUG02NmF3Q2kwS3NoUldLeENOaXdV?oc=5
2024-12-10,GOOGL,Google,"Google stock skyrockets with Willow launch; if you are an investor, here's what you should know - The Economic Times","EN
Sign in
Before you continue to Google
We use cookies and data to
Deliver and maintain Google services
Track outages and protect against spam, fraud, and abuse
Measure audience engagement and site statistics to understand how our services are used and enhance the quality of those services
If you choose to “Accept all,” we will also use cookies and data to
Develop and improve new services
Deliver and measure the effectiveness of ads
Show personalized content, depending on your settings
Show personalized ads, depending on your settings
If you choose to “Reject all,” we will not use cookies for these additional purposes.
Non-personalized content is influenced by things like the content you’re currently viewing, activity in your active Search session, and your location. Non-personalized ads are influenced by the content you’re currently viewing and your general location. Personalized content and ads can also include more relevant results, recommendations, and tailored ads based on past activity from this browser, like previous Google searches. We also use cookies and data to tailor the experience to be age-appropriate, if relevant.
Select “More options” to see additional information, including details about managing your privacy settings. You can also visit g.co/privacytools at any time.
Reject all
Accept all
More options
Privacy Policy
Terms of Service",https://news.google.com/rss/articles/CBMi_AFBVV95cUxQUXROUHRiQkhGN29yZnBmRlpUZXVKOVpWQUhid0thT1pBR1J6SGhDSU1rQzAtZUpKMDFEclRfbmd5QVF5anRZQkJCUmx6RmZ6M09vUk9qUGFWMlR1dkM4R2NiVHlRMzdSWWFmU2pZWEJ0MUo5eUMxVU5zaFZISVd0VjI2UUxxUjc0UlBUNENUNTV0V0YtYW9sLWJFeXUwR184bF96Ry1IUGpyX0dRX2dlcnNNRldTUENjTHVWX0MwLWtmTGFOMjBISzRNcm1taEVKeUthRTVNdzBJNHMxSnJhR3JSVk00bkJZWkR5WHBXbElsZGcyNkhCSVJWQUrSAYICQVVfeXFMT3NPUjRSWF92aEN5M21IcG9mN05adE9icXZFT1NQVUV1ZG52TDBuNnYyaERSNHdVUmF3dTQ1UnVHYlN6cGNTYWV3OUNSYVlXeldMaUZsaUlmejJHUEN3SWRMZ3NHbFNuYzR5ZGx3eGNGLTIxbThzZXhzZkRoVUFScWFRcGE0YnJ1aUN0SHNzRThfaUxGWFF4ejJqNDc0eXR5UklVanZ5aFg4Z1JIeWpKUWwtY0I0bktTU3Q2MGVHOVRuS1BqVkxSUVc4QTlDTW04SzNfQ1ppdEhRVWtqUm5lbWxnX1Q5S25Zd09pLTlBQ05EbEhhUUl3dE1mNEllU2Zia3B3?oc=5
2024-12-06,GOOGL,Google,Measuring the ChatGPT Threat to Google—and Alphabet Stock. - Barron's,"EN
Sign in
Before you continue to Google
We use cookies and data to
Deliver and maintain Google services
Track outages and protect against spam, fraud, and abuse
Measure audience engagement and site statistics to understand how our services are used and enhance the quality of those services
If you choose to “Accept all,” we will also use cookies and data to
Develop and improve new services
Deliver and measure the effectiveness of ads
Show personalized content, depending on your settings
Show personalized ads, depending on your settings
If you choose to “Reject all,” we will not use cookies for these additional purposes.
Non-personalized content is influenced by things like the content you’re currently viewing, activity in your active Search session, and your location. Non-personalized ads are influenced by the content you’re currently viewing and your general location. Personalized content and ads can also include more relevant results, recommendations, and tailored ads based on past activity from this browser, like previous Google searches. We also use cookies and data to tailor the experience to be age-appropriate, if relevant.
Select “More options” to see additional information, including details about managing your privacy settings. You can also visit g.co/privacytools at any time.
Reject all
Accept all
More options
Privacy Policy
Terms of Service",https://news.google.com/rss/articles/CBMie0FVX3lxTE1QbjJ5Ul80OUJNNXM1NGFGdmF6VTg2VUo3S0hmMFdWWjJIbUVGWjB6NF9UUFNXcEVpTWdxUFk4SUxCbDZkQmdYNExwb09YaU1uaFY2NzF5RmYwdnNLZWtEeVFUTU00RjBPZ19qNUtUZmpOajVJeFJ0WmlNSQ?oc=5
2024-12-16,GOOGL,Google,Google Stock Nears $200 After Quantum Leap: Here's the Stock's Next Target - MoneyMorning.com,"EN
Sign in
Before you continue to Google
We use cookies and data to
Deliver and maintain Google services
Track outages and protect against spam, fraud, and abuse
Measure audience engagement and site statistics to understand how our services are used and enhance the quality of those services
If you choose to “Accept all,” we will also use cookies and data to
Develop and improve new services
Deliver and measure the effectiveness of ads
Show personalized content, depending on your settings
Show personalized ads, depending on your settings
If you choose to “Reject all,” we will not use cookies for these additional purposes.
Non-personalized content is influenced by things like the content you’re currently viewing, activity in your active Search session, and your location. Non-personalized ads are influenced by the content you’re currently viewing and your general location. Personalized content and ads can also include more relevant results, recommendations, and tailored ads based on past activity from this browser, like previous Google searches. We also use cookies and data to tailor the experience to be age-appropriate, if relevant.
Select “More options” to see additional information, including details about managing your privacy settings. You can also visit g.co/privacytools at any time.
Reject all
Accept all
More options
Privacy Policy
Terms of Service",https://news.google.com/rss/articles/CBMiqwFBVV95cUxPRU1Pd2JFcW0ySDVNdS1oQlcyMEpsNkRtNE83YlZ3aGVka1NMRzYzSW11ZW9TeFczZDVQNzMzbWJFNXFtYVdDbHZMT01tNnlUSzhCRUdvYkQwMVo3MUN6RFg0WXNTeXZibFRobGpTWGRuZnN6ZTFpNVlUeFJwcHhnZGxpQlVESkFmVWZocXIxQnJYdkdOZ0hWMFQ2LUlGRWk3WU9VVG1kR2tWY0nSAbABQVVfeXFMUF9SaVZXTUtYa3ZRN2MwZnU1RFQ5bWNadjB1aVZPRWxiU3BfYUlRdzdzNGc0Vk15MWh4SUJ3RTlPb3R4cVdMeVEyM2liSU5OVmlmSWN3bFE5cmFmLTBROWxLMUdzbFExdko1RExSZ0VweWdSZ040ajJmOUtxcFN0TUFudU03NUxBNmp2MS1iVjNodUVGa19veVRfWU5vTm9yZmJfNUZwTURmQkdvREVtNVk?oc=5
2024-12-10,GOOGL,Google,Google’s Cheap-Looking Stock Could Be An Opportunity – Or A Trap - Finimize,"EN
Sign in
Before you continue to Google
We use cookies and data to
Deliver and maintain Google services
Track outages and protect against spam, fraud, and abuse
Measure audience engagement and site statistics to understand how our services are used and enhance the quality of those services
If you choose to “Accept all,” we will also use cookies and data to
Develop and improve new services
Deliver and measure the effectiveness of ads
Show personalized content, depending on your settings
Show personalized ads, depending on your settings
If you choose to “Reject all,” we will not use cookies for these additional purposes.
Non-personalized content is influenced by things like the content you’re currently viewing, activity in your active Search session, and your location. Non-personalized ads are influenced by the content you’re currently viewing and your general location. Personalized content and ads can also include more relevant results, recommendations, and tailored ads based on past activity from this browser, like previous Google searches. We also use cookies and data to tailor the experience to be age-appropriate, if relevant.
Select “More options” to see additional information, including details about managing your privacy settings. You can also visit g.co/privacytools at any time.
Reject all
Accept all
More options
Privacy Policy
Terms of Service",https://news.google.com/rss/articles/CBMilAFBVV95cUxQWHh3aFQyZ1QxQzZFWDRBXy01MEdCTHZxSzVoZHNZaDNtQmNyNnlfbzIzektSdkg0UDR2ZHZ2RUhJWkgyb2ctUjFpQ1pPbTZkZUxpVmFvcHdGZGY5NGRQamVhcFhvSHdKbXJERHRaai1kR24xMXJqMTYyUm8tQVd4MFQ0VF9vUmdhY0lwMkEwQ1RZWXZM?oc=5
2024-12-10,GOOGL,Google,Alphabet stock climbs over 4% after Google's quantum chip breakthrough - qz.com,"EN
Sign in
Before you continue to Google
We use cookies and data to
Deliver and maintain Google services
Track outages and protect against spam, fraud, and abuse
Measure audience engagement and site statistics to understand how our services are used and enhance the quality of those services
If you choose to “Accept all,” we will also use cookies and data to
Develop and improve new services
Deliver and measure the effectiveness of ads
Show personalized content, depending on your settings
Show personalized ads, depending on your settings
If you choose to “Reject all,” we will not use cookies for these additional purposes.
Non-personalized content is influenced by things like the content you’re currently viewing, activity in your active Search session, and your location. Non-personalized ads are influenced by the content you’re currently viewing and your general location. Personalized content and ads can also include more relevant results, recommendations, and tailored ads based on past activity from this browser, like previous Google searches. We also use cookies and data to tailor the experience to be age-appropriate, if relevant.
Select “More options” to see additional information, including details about managing your privacy settings. You can also visit g.co/privacytools at any time.
Reject all
Accept all
More options
Privacy Policy
Terms of Service",https://news.google.com/rss/articles/CBMigwFBVV95cUxNQ3Q0RFFsUWxKRmswSlUyZERvbEFkZ3JyNUNPRXlEak5zTWYyRnk3SjlCRkk3N2lpWkh2NV8zQWIzLVA3MzV0LWVHMzVuNTM0c2twSF82dnQ3aXl6WDlZN3BTN1NZLTRkU0NxLTdfX2k1S01TSzZCYldRcEE3ZFlUaVpBSQ?oc=5
2024-12-12,GOOGL,Google,"Google Eyes Big Weekly Gain On AI, Quantum Offensive - Investor's Business Daily","EN
Sign in
Before you continue to Google
We use cookies and data to
Deliver and maintain Google services
Track outages and protect against spam, fraud, and abuse
Measure audience engagement and site statistics to understand how our services are used and enhance the quality of those services
If you choose to “Accept all,” we will also use cookies and data to
Develop and improve new services
Deliver and measure the effectiveness of ads
Show personalized content, depending on your settings
Show personalized ads, depending on your settings
If you choose to “Reject all,” we will not use cookies for these additional purposes.
Non-personalized content is influenced by things like the content you’re currently viewing, activity in your active Search session, and your location. Non-personalized ads are influenced by the content you’re currently viewing and your general location. Personalized content and ads can also include more relevant results, recommendations, and tailored ads based on past activity from this browser, like previous Google searches. We also use cookies and data to tailor the experience to be age-appropriate, if relevant.
Select “More options” to see additional information, including details about managing your privacy settings. You can also visit g.co/privacytools at any time.
Reject all
Accept all
More options
Privacy Policy
Terms of Service",https://news.google.com/rss/articles/CBMijwFBVV95cUxPNFNmZ19vcmxuRHMybkZDMEhmbmZhUUFpOExXTS1LVzhoWjJpdUdQMVA0Nk1CUUZjaGU0dEVKa2dOTDl1Q2NpSzU1WDVWcVFMRFVrZUtGUElYMllMVXZUQUVYM0xoTThkZlZUdU9DMnNxa3c2TWhQVUVPc1NyVzJsV3g4Tkh4OU9qTVJhbWpEWQ?oc=5
2024-12-05,GOOGL,Google,Google stock hammered after DOJ calls for Chrome sale - Yahoo Finance,"EN
Sign in
Before you continue to Google
We use cookies and data to
Deliver and maintain Google services
Track outages and protect against spam, fraud, and abuse
Measure audience engagement and site statistics to understand how our services are used and enhance the quality of those services
If you choose to “Accept all,” we will also use cookies and data to
Develop and improve new services
Deliver and measure the effectiveness of ads
Show personalized content, depending on your settings
Show personalized ads, depending on your settings
If you choose to “Reject all,” we will not use cookies for these additional purposes.
Non-personalized content is influenced by things like the content you’re currently viewing, activity in your active Search session, and your location. Non-personalized ads are influenced by the content you’re currently viewing and your general location. Personalized content and ads can also include more relevant results, recommendations, and tailored ads based on past activity from this browser, like previous Google searches. We also use cookies and data to tailor the experience to be age-appropriate, if relevant.
Select “More options” to see additional information, including details about managing your privacy settings. You can also visit g.co/privacytools at any time.
Reject all
Accept all
More options
Privacy Policy
Terms of Service",https://news.google.com/rss/articles/CBMigwFBVV95cUxOUy12VzVIMnRZaGxlWTY1UmxVT1BIUUFwUWdpYUlNbnBndl9QeUxwcmdoX1pmOWZwV1B4aHFTbHhMSm5uREJLeEU4dXZNd2d5dnpVSHpxRHplb25McDc4dWtjdGRmMXR1em1qTHhoY0t0RGV6Q2xkTG9CRmRxLURLX05fSQ?oc=5
2024-12-10,GOOGL,Google,Alphabet Stock Jumps After Google Touts 'Breakthrough' Quantum Chip - Investopedia,"EN
Sign in
Before you continue to Google
We use cookies and data to
Deliver and maintain Google services
Track outages and protect against spam, fraud, and abuse
Measure audience engagement and site statistics to understand how our services are used and enhance the quality of those services
If you choose to “Accept all,” we will also use cookies and data to
Develop and improve new services
Deliver and measure the effectiveness of ads
Show personalized content, depending on your settings
Show personalized ads, depending on your settings
If you choose to “Reject all,” we will not use cookies for these additional purposes.
Non-personalized content is influenced by things like the content you’re currently viewing, activity in your active Search session, and your location. Non-personalized ads are influenced by the content you’re currently viewing and your general location. Personalized content and ads can also include more relevant results, recommendations, and tailored ads based on past activity from this browser, like previous Google searches. We also use cookies and data to tailor the experience to be age-appropriate, if relevant.
Select “More options” to see additional information, including details about managing your privacy settings. You can also visit g.co/privacytools at any time.
Reject all
Accept all
More options
Privacy Policy
Terms of Service",https://news.google.com/rss/articles/CBMipgFBVV95cUxQdGwwT2xiRE5SU0g1bHhCUThzUklWTzV0YmxiWnRVcVRhOUZGRW9DZzUxbUVjTEtNc05IYkRhS1BKOFpVMlhleFJIVm9vemFWU3VqVFptTGl6RWF4cnVoWE14VHBVRzFuLXdKMmFJbk5WdUFrdmRBNW5zWFVFcnVmRHFhbFROZ1p3MHdJczdxZDRHRE1YZF9DcjB2YkROV1BmM1NqUVhR?oc=5
2024-12-11,GOOGL,Google,Google Stock Jumps To Record High On New AI Tool For 'Agentic Era' - Investor's Business Daily,"EN
Sign in
Before you continue to Google
We use cookies and data to
Deliver and maintain Google services
Track outages and protect against spam, fraud, and abuse
Measure audience engagement and site statistics to understand how our services are used and enhance the quality of those services
If you choose to “Accept all,” we will also use cookies and data to
Develop and improve new services
Deliver and measure the effectiveness of ads
Show personalized content, depending on your settings
Show personalized ads, depending on your settings
If you choose to “Reject all,” we will not use cookies for these additional purposes.
Non-personalized content is influenced by things like the content you’re currently viewing, activity in your active Search session, and your location. Non-personalized ads are influenced by the content you’re currently viewing and your general location. Personalized content and ads can also include more relevant results, recommendations, and tailored ads based on past activity from this browser, like previous Google searches. We also use cookies and data to tailor the experience to be age-appropriate, if relevant.
Select “More options” to see additional information, including details about managing your privacy settings. You can also visit g.co/privacytools at any time.
Reject all
Accept all
More options
Privacy Policy
Terms of Service",https://news.google.com/rss/articles/CBMinAFBVV95cUxNMTZOdW5ScDRLbmxDM2lVbTR5dXhkVnFKclQ4YXFxRTYweUNNUVVGdXRCSzhvYnJDaDF2ZTJTYkg5U0FIQjVYT080UGtnMjRDQWd3bmQwNmxjNVAtOUNiNE5RdnI0Mzljcl9aWXZhU2VYMG9UVEdQOVdWZFJ6enBWb2swUUMzUXcwS0RZMTJsLUZNT1BQNmxlUFhkTDk?oc=5
2024-12-11,GOOGL,Google,"Alphabet stock hits record high on Google's new AI model, Gemini 2.0 - Yahoo Finance","EN
Sign in
Before you continue to Google
We use cookies and data to
Deliver and maintain Google services
Track outages and protect against spam, fraud, and abuse
Measure audience engagement and site statistics to understand how our services are used and enhance the quality of those services
If you choose to “Accept all,” we will also use cookies and data to
Develop and improve new services
Deliver and measure the effectiveness of ads
Show personalized content, depending on your settings
Show personalized ads, depending on your settings
If you choose to “Reject all,” we will not use cookies for these additional purposes.
Non-personalized content is influenced by things like the content you’re currently viewing, activity in your active Search session, and your location. Non-personalized ads are influenced by the content you’re currently viewing and your general location. Personalized content and ads can also include more relevant results, recommendations, and tailored ads based on past activity from this browser, like previous Google searches. We also use cookies and data to tailor the experience to be age-appropriate, if relevant.
Select “More options” to see additional information, including details about managing your privacy settings. You can also visit g.co/privacytools at any time.
Reject all
Accept all
More options
Privacy Policy
Terms of Service",https://news.google.com/rss/articles/CBMihAFBVV95cUxOVnFJclRrRm80cUNMUWFZZTR2a3NGcVFYRFJRUG9KdjJrV2t3UlpxTWJXMHZ1ZkpHZjJsbVlRVjRIc0J1bzRiWGl4cFhCMFVhc3RXNkYtV2VSR1VEU19vZ0VwMHVTV0xVclpyLWZLa0lpeFVjUm5wQlhmamk5SGswRTlSVUw?oc=5
2024-12-13,GOOGL,Google,"Stock Market Mixed As Google, Broadcom, Tesla Mask Weakness: Weekly Review - Investor's Business Daily","EN
Sign in
Before you continue to Google
We use cookies and data to
Deliver and maintain Google services
Track outages and protect against spam, fraud, and abuse
Measure audience engagement and site statistics to understand how our services are used and enhance the quality of those services
If you choose to “Accept all,” we will also use cookies and data to
Develop and improve new services
Deliver and measure the effectiveness of ads
Show personalized content, depending on your settings
Show personalized ads, depending on your settings
If you choose to “Reject all,” we will not use cookies for these additional purposes.
Non-personalized content is influenced by things like the content you’re currently viewing, activity in your active Search session, and your location. Non-personalized ads are influenced by the content you’re currently viewing and your general location. Personalized content and ads can also include more relevant results, recommendations, and tailored ads based on past activity from this browser, like previous Google searches. We also use cookies and data to tailor the experience to be age-appropriate, if relevant.
Select “More options” to see additional information, including details about managing your privacy settings. You can also visit g.co/privacytools at any time.
Reject all
Accept all
More options
Privacy Policy
Terms of Service",https://news.google.com/rss/articles/CBMifEFVX3lxTFBJUHJfamJ5SmpULXY3cW1Fb1hNdlFLbVVVSnRvRE1KbW1BbUhpUEhaM01jc0xKb1NSbklrWk5sbnVCNUdHaFNPRHJFellRdDlQZEZyUGNoSzRIYkN0TVloS1c4ZWNZaW5GcjRCMVNvZlhOWlJhMm90cC1yd1Q?oc=5
2024-12-10,GOOGL,Google,Google stock pops as company unveils new quantum computing chip - Yahoo Finance,"EN
Sign in
Before you continue to Google
We use cookies and data to
Deliver and maintain Google services
Track outages and protect against spam, fraud, and abuse
Measure audience engagement and site statistics to understand how our services are used and enhance the quality of those services
If you choose to “Accept all,” we will also use cookies and data to
Develop and improve new services
Deliver and measure the effectiveness of ads
Show personalized content, depending on your settings
Show personalized ads, depending on your settings
If you choose to “Reject all,” we will not use cookies for these additional purposes.
Non-personalized content is influenced by things like the content you’re currently viewing, activity in your active Search session, and your location. Non-personalized ads are influenced by the content you’re currently viewing and your general location. Personalized content and ads can also include more relevant results, recommendations, and tailored ads based on past activity from this browser, like previous Google searches. We also use cookies and data to tailor the experience to be age-appropriate, if relevant.
Select “More options” to see additional information, including details about managing your privacy settings. You can also visit g.co/privacytools at any time.
Reject all
Accept all
More options
Privacy Policy
Terms of Service",https://news.google.com/rss/articles/CBMirgFBVV95cUxPU3c5WkNCNzVSYnRFeFVxalg0aVI2XzZlV1hGY2hqdEpzUG1Obm1raTJ2RmlSOEJwUVh4cGFPOFM5cTZfTk5JNm1WZklRQUJuNVFqNmU1Vk43bzQ1SHBBZ2ZwUFgtbkxQZ0dXc2k4MFhCQmlJQnRIZmZQX0lzR3VFUDVlRTV0U1Y0ckRjR05fMTJJNEI0eHN3cnBVSUZlQlZSTjNtcUtfNVRadXZXYmc?oc=5
2024-12-21,GOOGL,Google,"Google Leads Five Stocks Near Buy Points, Standing Tall In Tricky Market - Investor's Business Daily","EN
Sign in
Before you continue to Google
We use cookies and data to
Deliver and maintain Google services
Track outages and protect against spam, fraud, and abuse
Measure audience engagement and site statistics to understand how our services are used and enhance the quality of those services
If you choose to “Accept all,” we will also use cookies and data to
Develop and improve new services
Deliver and measure the effectiveness of ads
Show personalized content, depending on your settings
Show personalized ads, depending on your settings
If you choose to “Reject all,” we will not use cookies for these additional purposes.
Non-personalized content is influenced by things like the content you’re currently viewing, activity in your active Search session, and your location. Non-personalized ads are influenced by the content you’re currently viewing and your general location. Personalized content and ads can also include more relevant results, recommendations, and tailored ads based on past activity from this browser, like previous Google searches. We also use cookies and data to tailor the experience to be age-appropriate, if relevant.
Select “More options” to see additional information, including details about managing your privacy settings. You can also visit g.co/privacytools at any time.
Reject all
Accept all
More options
Privacy Policy
Terms of Service",https://news.google.com/rss/articles/CBMiowFBVV95cUxObGVLRmctc0pINW1sNnBfekxkLS1ZQmprVEMtcGw5UE5RY3l4NFRFVXJsdk0yS3FTRkk0Mk12cTAtYkpPdE5Wa2tmNnVxV0gxaWwwVUhPeGVRUDMxV1F1X3VWR01QN2F3VlNtbnI1d2Ztdi12ZFlTdkNnTnNENy1YMkVydkVmTDhJbXZMQ0QzZThuM1g2QUh5d0JEcjRhSzhrOXNZ?oc=5
2024-12-11,GOOGL,Google,Why Alphabet Stock Keeps Going Up - Yahoo Finance,"EN
Sign in
Before you continue to Google
We use cookies and data to
Deliver and maintain Google services
Track outages and protect against spam, fraud, and abuse
Measure audience engagement and site statistics to understand how our services are used and enhance the quality of those services
If you choose to “Accept all,” we will also use cookies and data to
Develop and improve new services
Deliver and measure the effectiveness of ads
Show personalized content, depending on your settings
Show personalized ads, depending on your settings
If you choose to “Reject all,” we will not use cookies for these additional purposes.
Non-personalized content is influenced by things like the content you’re currently viewing, activity in your active Search session, and your location. Non-personalized ads are influenced by the content you’re currently viewing and your general location. Personalized content and ads can also include more relevant results, recommendations, and tailored ads based on past activity from this browser, like previous Google searches. We also use cookies and data to tailor the experience to be age-appropriate, if relevant.
Select “More options” to see additional information, including details about managing your privacy settings. You can also visit g.co/privacytools at any time.
Reject all
Accept all
More options
Privacy Policy
Terms of Service",https://news.google.com/rss/articles/CBMiggFBVV95cUxNT2ZQNW9TN3BXOGk5TS1YMnVTRW9iZE9iVm0tRjJSRWR5UHdaQ1Jza01lZEtmVHpwZHJsd3ZxblpJeXVMd0tsZVFqUEZhNDZMQXN0SlBobmNjeXdFN3EwVlNIa0xpR3ExTUdVbjB1ZXY1ZU9XR1lWVW1FR2ZJV0RfU2x3?oc=5
2024-12-10,GOOGL,Google,Alphabet stock pops on Google's new quantum chip - Yahoo Finance,"EN
Sign in
Before you continue to Google
We use cookies and data to
Deliver and maintain Google services
Track outages and protect against spam, fraud, and abuse
Measure audience engagement and site statistics to understand how our services are used and enhance the quality of those services
If you choose to “Accept all,” we will also use cookies and data to
Develop and improve new services
Deliver and measure the effectiveness of ads
Show personalized content, depending on your settings
Show personalized ads, depending on your settings
If you choose to “Reject all,” we will not use cookies for these additional purposes.
Non-personalized content is influenced by things like the content you’re currently viewing, activity in your active Search session, and your location. Non-personalized ads are influenced by the content you’re currently viewing and your general location. Personalized content and ads can also include more relevant results, recommendations, and tailored ads based on past activity from this browser, like previous Google searches. We also use cookies and data to tailor the experience to be age-appropriate, if relevant.
Select “More options” to see additional information, including details about managing your privacy settings. You can also visit g.co/privacytools at any time.
Reject all
Accept all
More options
Privacy Policy
Terms of Service",https://news.google.com/rss/articles/CBMiigFBVV95cUxPY3puS3M4X2NOVFVHMTd4WDJyekczVHZTa1VPTmpVc0lrbUdnc29Mc2IwTzFFbkV4ZWU3WUNTSjJZVVJKdWE3UnVxaWpyWW5UU3ZaeUJIWm51WDlXQTJEam1faTdDWHhzQ2RpdzVxWEU3cEpJWmljUHQwd3NMbHNDZEViTDNFSEdnN0E?oc=5
2024-12-10,GOOGL,Google,Why Alphabet Stock Is Jumping Today - Yahoo Finance,"EN
Sign in
Before you continue to Google
We use cookies and data to
Deliver and maintain Google services
Track outages and protect against spam, fraud, and abuse
Measure audience engagement and site statistics to understand how our services are used and enhance the quality of those services
If you choose to “Accept all,” we will also use cookies and data to
Develop and improve new services
Deliver and measure the effectiveness of ads
Show personalized content, depending on your settings
Show personalized ads, depending on your settings
If you choose to “Reject all,” we will not use cookies for these additional purposes.
Non-personalized content is influenced by things like the content you’re currently viewing, activity in your active Search session, and your location. Non-personalized ads are influenced by the content you’re currently viewing and your general location. Personalized content and ads can also include more relevant results, recommendations, and tailored ads based on past activity from this browser, like previous Google searches. We also use cookies and data to tailor the experience to be age-appropriate, if relevant.
Select “More options” to see additional information, including details about managing your privacy settings. You can also visit g.co/privacytools at any time.
Reject all
Accept all
More options
Privacy Policy
Terms of Service",https://news.google.com/rss/articles/CBMihAFBVV95cUxNSmFyX2NKRnNUdzdlVnkzV2o4V3FBWnpYcVBzbDVlN2JEc0J6M093V2szQnhaVnh4bGVYTVBUX2hVSVhZRFZTSUlkS1JqX25LQ0tHY0FubmhseDVFZGN4YkF0aFFYQmh2Qkt1Z2M0WUxNRl9GVGtGZWVOaFdidzFzWmE4VFE?oc=5
2024-12-27,GOOGL,Google,Google's Search Business is at Risk; Time to Be Cautious - Yahoo Finance,"EN
Sign in
Before you continue to Google
We use cookies and data to
Deliver and maintain Google services
Track outages and protect against spam, fraud, and abuse
Measure audience engagement and site statistics to understand how our services are used and enhance the quality of those services
If you choose to “Accept all,” we will also use cookies and data to
Develop and improve new services
Deliver and measure the effectiveness of ads
Show personalized content, depending on your settings
Show personalized ads, depending on your settings
If you choose to “Reject all,” we will not use cookies for these additional purposes.
Non-personalized content is influenced by things like the content you’re currently viewing, activity in your active Search session, and your location. Non-personalized ads are influenced by the content you’re currently viewing and your general location. Personalized content and ads can also include more relevant results, recommendations, and tailored ads based on past activity from this browser, like previous Google searches. We also use cookies and data to tailor the experience to be age-appropriate, if relevant.
Select “More options” to see additional information, including details about managing your privacy settings. You can also visit g.co/privacytools at any time.
Reject all
Accept all
More options
Privacy Policy
Terms of Service",https://news.google.com/rss/articles/CBMihgFBVV95cUxOSmpjY0JwcklsZ3ZUeUxSY2hDSUg2WGVlVk1Rc1oxVmhldUs4b1lWOE5vU3NaNERuSlRCNUNPcWxPNnN4STJONmJHQVRMYlVBOXItWUR0c250UUx0empjb29DRGx2QjEzNUdQTTJ2SnhQeFNwZzVlX2U1VllLX3dMZ08zZl9TZw?oc=5
2025-01-09,GOOGL,Google,"Google Option Trade Offers Wide Profit Zone, 31.6% Return - Investor's Business Daily","EN
Sign in
Before you continue to Google
We use cookies and data to
Deliver and maintain Google services
Track outages and protect against spam, fraud, and abuse
Measure audience engagement and site statistics to understand how our services are used and enhance the quality of those services
If you choose to “Accept all,” we will also use cookies and data to
Develop and improve new services
Deliver and measure the effectiveness of ads
Show personalized content, depending on your settings
Show personalized ads, depending on your settings
If you choose to “Reject all,” we will not use cookies for these additional purposes.
Non-personalized content is influenced by things like the content you’re currently viewing, activity in your active Search session, and your location. Non-personalized ads are influenced by the content you’re currently viewing and your general location. Personalized content and ads can also include more relevant results, recommendations, and tailored ads based on past activity from this browser, like previous Google searches. We also use cookies and data to tailor the experience to be age-appropriate, if relevant.
Select “More options” to see additional information, including details about managing your privacy settings. You can also visit g.co/privacytools at any time.
Reject all
Accept all
More options
Privacy Policy
Terms of Service",https://news.google.com/rss/articles/CBMiiwFBVV95cUxPek9mdFJ0eWtDQ2hDUEFCY2lCbUs4c1lxUTliNGxLZ3VmT0ttb0EwQVI3dVc3cXNENnE2UWdhT1puZUdJYkJmcWJNVTdLSDJOTXU3ZEhxWmZDczhiLWlCakswZFFmUkhVVTMyQV8xTGptUEo4dTI3TVhrdElLd3BROUo3UWlxOHVJR2c0?oc=5
2025-01-17,GOOGL,Google,Google Search Is Doing Fine. Why Alphabet Stock May Still Be in Trouble. - Barron's,"EN
Sign in
Before you continue to Google
We use cookies and data to
Deliver and maintain Google services
Track outages and protect against spam, fraud, and abuse
Measure audience engagement and site statistics to understand how our services are used and enhance the quality of those services
If you choose to “Accept all,” we will also use cookies and data to
Develop and improve new services
Deliver and measure the effectiveness of ads
Show personalized content, depending on your settings
Show personalized ads, depending on your settings
If you choose to “Reject all,” we will not use cookies for these additional purposes.
Non-personalized content is influenced by things like the content you’re currently viewing, activity in your active Search session, and your location. Non-personalized ads are influenced by the content you’re currently viewing and your general location. Personalized content and ads can also include more relevant results, recommendations, and tailored ads based on past activity from this browser, like previous Google searches. We also use cookies and data to tailor the experience to be age-appropriate, if relevant.
Select “More options” to see additional information, including details about managing your privacy settings. You can also visit g.co/privacytools at any time.
Reject all
Accept all
More options
Privacy Policy
Terms of Service",https://news.google.com/rss/articles/CBMikwFBVV95cUxOOVNkc3R5MXRLUEFjM2pIRmM4cVBpVlFtX1UtU2tCWVpSc1FNZ2dPNkF2N3VOemhnNUVCLV9pN3hNNko0Y09lZzgwSlNmOVZqbVk0Xzh3VFJHaFRjUUhFVXdmWnRVQXlGZXpsME5GU25Yb0NGODRWaUJzakhZU1dsYllrcHhSOTJUOWRhUUhnc1Q0LWs?oc=5
2025-01-13,GOOGL,Google,Google Stock Faces a Key price Test at $190: Details and Buy Price Here - MoneyMorning.com,"EN
Sign in
Before you continue to Google
We use cookies and data to
Deliver and maintain Google services
Track outages and protect against spam, fraud, and abuse
Measure audience engagement and site statistics to understand how our services are used and enhance the quality of those services
If you choose to “Accept all,” we will also use cookies and data to
Develop and improve new services
Deliver and measure the effectiveness of ads
Show personalized content, depending on your settings
Show personalized ads, depending on your settings
If you choose to “Reject all,” we will not use cookies for these additional purposes.
Non-personalized content is influenced by things like the content you’re currently viewing, activity in your active Search session, and your location. Non-personalized ads are influenced by the content you’re currently viewing and your general location. Personalized content and ads can also include more relevant results, recommendations, and tailored ads based on past activity from this browser, like previous Google searches. We also use cookies and data to tailor the experience to be age-appropriate, if relevant.
Select “More options” to see additional information, including details about managing your privacy settings. You can also visit g.co/privacytools at any time.
Reject all
Accept all
More options
Privacy Policy
Terms of Service",https://news.google.com/rss/articles/CBMiqgFBVV95cUxQQXdyaUtmS09KNXc5a3dGMFlmOVQ5eEliaDdMaWw2WXk5b0dtUjNZSWowaGdST2N1QVBsd0NFdDVKVHVKMVJtbTBTdzc1QnhKckZqc0hjQnpQaVhWTE93aEV2S283clhSbDhVOGI0a3Q1akJRRS1Yc0EyeURvWkZsWkFxX2VCRzI5Y3F3eXhyREo1ZWdscHVkZFM5YXdHajkweGlLZ3NTcWlLZ9IBrwFBVV95cUxPOUVlVzI3X2s2cEFhOFJ4MWR1SVdQbG1WTUdqdHZ2WEhvYVVtdnh1NUNud1ZuSFVJb0JXRGczOGdqMjlxZ2lhSzctQURjSVk2ME5EXzVhakx5Z3pGWU56VlVrN2I2TTNqS0xjMmR2U1hpZFg1eERrX25fOUlseEY1VWtmWTkwTGRybTY2TGNUMnFibjl0NzdXYTRPNkVKQWtOWG5YSWxKNllidExLU3Jz?oc=5
2025-01-22,GOOGL,Google,"Google Stock Near All-Time Highs And A Top Holding Pre-Q4, But This Is A Bad Entry Point (Rating Downgrade) - Seeking Alpha","EN
Sign in
Before you continue to Google
We use cookies and data to
Deliver and maintain Google services
Track outages and protect against spam, fraud, and abuse
Measure audience engagement and site statistics to understand how our services are used and enhance the quality of those services
If you choose to “Accept all,” we will also use cookies and data to
Develop and improve new services
Deliver and measure the effectiveness of ads
Show personalized content, depending on your settings
Show personalized ads, depending on your settings
If you choose to “Reject all,” we will not use cookies for these additional purposes.
Non-personalized content is influenced by things like the content you’re currently viewing, activity in your active Search session, and your location. Non-personalized ads are influenced by the content you’re currently viewing and your general location. Personalized content and ads can also include more relevant results, recommendations, and tailored ads based on past activity from this browser, like previous Google searches. We also use cookies and data to tailor the experience to be age-appropriate, if relevant.
Select “More options” to see additional information, including details about managing your privacy settings. You can also visit g.co/privacytools at any time.
Reject all
Accept all
More options
Privacy Policy
Terms of Service",https://news.google.com/rss/articles/CBMinwFBVV95cUxOclZPRkFZRXlBS3ZKandNVnBLelROV3d2WEF2ZFJYM1pvZldMU0VieWtkRWdOY0VTalA4S2N0MVRzdGt5X3A2RHY0Z1hZSHJpSUNEYjJyMFFsYnNQVkRYbkVINlJjc1ozdnlDcEc5OHFLT1pDdmVtOExGVUNnUnpEQ2tjMUhXZExKa0FEZjk0Yk0ydUhZcDJEaDhsQV94OUE?oc=5
2025-01-21,GOOGL,Google,Google stock soars to all-time high of $203.02 amid robust growth - Investing.com,"EN
Sign in
Before you continue to Google
We use cookies and data to
Deliver and maintain Google services
Track outages and protect against spam, fraud, and abuse
Measure audience engagement and site statistics to understand how our services are used and enhance the quality of those services
If you choose to “Accept all,” we will also use cookies and data to
Develop and improve new services
Deliver and measure the effectiveness of ads
Show personalized content, depending on your settings
Show personalized ads, depending on your settings
If you choose to “Reject all,” we will not use cookies for these additional purposes.
Non-personalized content is influenced by things like the content you’re currently viewing, activity in your active Search session, and your location. Non-personalized ads are influenced by the content you’re currently viewing and your general location. Personalized content and ads can also include more relevant results, recommendations, and tailored ads based on past activity from this browser, like previous Google searches. We also use cookies and data to tailor the experience to be age-appropriate, if relevant.
Select “More options” to see additional information, including details about managing your privacy settings. You can also visit g.co/privacytools at any time.
Reject all
Accept all
More options
Privacy Policy
Terms of Service",https://news.google.com/rss/articles/CBMiuwFBVV95cUxOV1NxaUxyOUY1d01ocnFGSnQ3dHJuU1pmV0dIaWNzamRkcGZlcXVIbWJUYTZpeThPc1B4MUoyQVVmOTBOcTJFZGZCZGlOaVBTaGNpTGhzQl9TeWwtbk1iN0xveVNsUjNDT2l5a2c0MGhMcW9UMzNHT3I3U2NoVG5NTzVmWFBKcGJlNmp5UmZaa0RRQzJSSUh6RllrbmVPXy1yM3RFUjdKWnN4V2J5MFZBSUZ0MHFPTVY5Y3o4?oc=5
2024-12-27,GOOGL,Google,Is Alphabet (GOOG) The Cheapest AI Stock to Buy for 2025? - Yahoo Finance,"EN
Sign in
Before you continue to Google
We use cookies and data to
Deliver and maintain Google services
Track outages and protect against spam, fraud, and abuse
Measure audience engagement and site statistics to understand how our services are used and enhance the quality of those services
If you choose to “Accept all,” we will also use cookies and data to
Develop and improve new services
Deliver and measure the effectiveness of ads
Show personalized content, depending on your settings
Show personalized ads, depending on your settings
If you choose to “Reject all,” we will not use cookies for these additional purposes.
Non-personalized content is influenced by things like the content you’re currently viewing, activity in your active Search session, and your location. Non-personalized ads are influenced by the content you’re currently viewing and your general location. Personalized content and ads can also include more relevant results, recommendations, and tailored ads based on past activity from this browser, like previous Google searches. We also use cookies and data to tailor the experience to be age-appropriate, if relevant.
Select “More options” to see additional information, including details about managing your privacy settings. You can also visit g.co/privacytools at any time.
Reject all
Accept all
More options
Privacy Policy
Terms of Service",https://news.google.com/rss/articles/CBMihAFBVV95cUxPMDBKU2tmX0VpeVc4bF9tT0ZrVndoT3hEd1JaT1F0c3lidUxvSWtZNlpEbTFpWkRKcUxTNVpCM2M5QWpMTlRsRV91b3BIRjVXR3lxc0JmaFkyQ0tnSndtd1ZLZ0c0Z2dINmpQWkRaS3Z3dHdxSi1ZMTEwMkRHTFd3UTBrdDM?oc=5
2025-01-19,GOOGL,Google,"Google Rival, Jeff Bezos-Backed Perplexity AI Seeks TikTok Merger - Investor's Business Daily","EN
Sign in
Before you continue to Google
We use cookies and data to
Deliver and maintain Google services
Track outages and protect against spam, fraud, and abuse
Measure audience engagement and site statistics to understand how our services are used and enhance the quality of those services
If you choose to “Accept all,” we will also use cookies and data to
Develop and improve new services
Deliver and measure the effectiveness of ads
Show personalized content, depending on your settings
Show personalized ads, depending on your settings
If you choose to “Reject all,” we will not use cookies for these additional purposes.
Non-personalized content is influenced by things like the content you’re currently viewing, activity in your active Search session, and your location. Non-personalized ads are influenced by the content you’re currently viewing and your general location. Personalized content and ads can also include more relevant results, recommendations, and tailored ads based on past activity from this browser, like previous Google searches. We also use cookies and data to tailor the experience to be age-appropriate, if relevant.
Select “More options” to see additional information, including details about managing your privacy settings. You can also visit g.co/privacytools at any time.
Reject all
Accept all
More options
Privacy Policy
Terms of Service",https://news.google.com/rss/articles/CBMingFBVV95cUxOa1loMlVmX3NGYjB6WWZ2NWE1c3RMNUZ3V0phX0lUUUdkdWw5b2N5YzRObWdJeF9XOFlVNG9hMDNwQ04wQVlGYll0MldQRmJjQWQ4eHU3XzVoQWU3RFpuVkRZUUxzN2g3RGpvNGlCcmZqQ0xqeDQ0aFRRcXFCTzhFLVdlb0MyT3Z0azA3ZzNza1VNUVVCeTNrNkFHSlp2Zw?oc=5
2025-01-02,GOOGL,Google,"Alphabet Stock Drops. The ‘Punishment Will Be Severe,’ Analyst Says. - Barron's","EN
Sign in
Before you continue to Google
We use cookies and data to
Deliver and maintain Google services
Track outages and protect against spam, fraud, and abuse
Measure audience engagement and site statistics to understand how our services are used and enhance the quality of those services
If you choose to “Accept all,” we will also use cookies and data to
Develop and improve new services
Deliver and measure the effectiveness of ads
Show personalized content, depending on your settings
Show personalized ads, depending on your settings
If you choose to “Reject all,” we will not use cookies for these additional purposes.
Non-personalized content is influenced by things like the content you’re currently viewing, activity in your active Search session, and your location. Non-personalized ads are influenced by the content you’re currently viewing and your general location. Personalized content and ads can also include more relevant results, recommendations, and tailored ads based on past activity from this browser, like previous Google searches. We also use cookies and data to tailor the experience to be age-appropriate, if relevant.
Select “More options” to see additional information, including details about managing your privacy settings. You can also visit g.co/privacytools at any time.
Reject all
Accept all
More options
Privacy Policy
Terms of Service",https://news.google.com/rss/articles/CBMikwFBVV95cUxQc0R3NlZUaXVxWlVwWjlGaDdOWktJZ0gzUEM3aWc1a0Z4WW0wTVJyMUd6UFJ5NUFfbjM2bEN6UGpRUjhGdjJYTGpsc3U2RFZhekl6dlhIMTltak84RnFaeDV0QVBvZmZhby05eHJiNE5Kc3I4bWpQUlZyVjNHcTlTdVBRakJrYlY5bU5rZ1otLTJMV0E?oc=5
2025-01-14,GOOGL,Google,Alphabet Inc. (GOOG) Stock Falls Amid Market Uptick: What Investors Need to Know - Yahoo Finance,"EN
Sign in
Before you continue to Google
We use cookies and data to
Deliver and maintain Google services
Track outages and protect against spam, fraud, and abuse
Measure audience engagement and site statistics to understand how our services are used and enhance the quality of those services
If you choose to “Accept all,” we will also use cookies and data to
Develop and improve new services
Deliver and measure the effectiveness of ads
Show personalized content, depending on your settings
Show personalized ads, depending on your settings
If you choose to “Reject all,” we will not use cookies for these additional purposes.
Non-personalized content is influenced by things like the content you’re currently viewing, activity in your active Search session, and your location. Non-personalized ads are influenced by the content you’re currently viewing and your general location. Personalized content and ads can also include more relevant results, recommendations, and tailored ads based on past activity from this browser, like previous Google searches. We also use cookies and data to tailor the experience to be age-appropriate, if relevant.
Select “More options” to see additional information, including details about managing your privacy settings. You can also visit g.co/privacytools at any time.
Reject all
Accept all
More options
Privacy Policy
Terms of Service",https://news.google.com/rss/articles/CBMigAFBVV95cUxPb05mYWs4RV9DZGFOYzRYVEM1SldmVzFQTWtVWjVvLUw1d0dvTFh3YTJ2ZTFPVlFoOWR6Y1ZuQjZxTklvTTBzRC0tblVZc0d2d09zMHJWSDBOTWwzWk1oajJqaDBpVTR4WTlZX09abjlJZUZPOVFmOVA3M3BVLURjVg?oc=5
2025-01-21,GOOGL,Google,Google Stock: President Trump Eases Up On Artificial Intelligence Regulation - Investor's Business Daily,"EN
Sign in
Before you continue to Google
We use cookies and data to
Deliver and maintain Google services
Track outages and protect against spam, fraud, and abuse
Measure audience engagement and site statistics to understand how our services are used and enhance the quality of those services
If you choose to “Accept all,” we will also use cookies and data to
Develop and improve new services
Deliver and measure the effectiveness of ads
Show personalized content, depending on your settings
Show personalized ads, depending on your settings
If you choose to “Reject all,” we will not use cookies for these additional purposes.
Non-personalized content is influenced by things like the content you’re currently viewing, activity in your active Search session, and your location. Non-personalized ads are influenced by the content you’re currently viewing and your general location. Personalized content and ads can also include more relevant results, recommendations, and tailored ads based on past activity from this browser, like previous Google searches. We also use cookies and data to tailor the experience to be age-appropriate, if relevant.
Select “More options” to see additional information, including details about managing your privacy settings. You can also visit g.co/privacytools at any time.
Reject all
Accept all
More options
Privacy Policy
Terms of Service",https://news.google.com/rss/articles/CBMinAFBVV95cUxNdk5TTnVxUmJ5NHc4d3dCQmtHU0pMMVlrUzVNWXdCSDh6a0ZXTmVHc0pqc2tDSnA3emRZSFNQN1AydEZ4OF9iZ2lJcWs2NllXODZoVVFra2RoZjA1ZUhtdl9HLUVtYldTa2FOdDdKdFI1UkpWb2hBcXhPTnJZcV9ON2dTYXMzYW5LVHZjVU5TVG9TNmgzVF9Uczc1Uzc?oc=5
2024-12-30,GOOGL,Google,Is Alphabet Inc. (GOOG) the Best Stock for 10 Years? - Yahoo Finance,"EN
Sign in
Before you continue to Google
We use cookies and data to
Deliver and maintain Google services
Track outages and protect against spam, fraud, and abuse
Measure audience engagement and site statistics to understand how our services are used and enhance the quality of those services
If you choose to “Accept all,” we will also use cookies and data to
Develop and improve new services
Deliver and measure the effectiveness of ads
Show personalized content, depending on your settings
Show personalized ads, depending on your settings
If you choose to “Reject all,” we will not use cookies for these additional purposes.
Non-personalized content is influenced by things like the content you’re currently viewing, activity in your active Search session, and your location. Non-personalized ads are influenced by the content you’re currently viewing and your general location. Personalized content and ads can also include more relevant results, recommendations, and tailored ads based on past activity from this browser, like previous Google searches. We also use cookies and data to tailor the experience to be age-appropriate, if relevant.
Select “More options” to see additional information, including details about managing your privacy settings. You can also visit g.co/privacytools at any time.
Reject all
Accept all
More options
Privacy Policy
Terms of Service",https://news.google.com/rss/articles/CBMif0FVX3lxTE5admJTUmlXTWlvcXVRcFpVU0ZJUUo1R2NXQjNnQ0lwYXpBa1hQYlFsNTR1NFkxZGZhYUU3dnZkX1JKdWk5WG1vMVBtam13YWFqeC1HMXdaLXUxdU5DMGFzQzRJZUtQMkRlbkh6TGFEWUFkcUJHZmVDanNpM0JnTUU?oc=5
2025-01-07,GOOGL,Google,"Apple Stock Downgraded To Sell On Google, China, Consumer AI Demand - Investor's Business Daily","EN
Sign in
Before you continue to Google
We use cookies and data to
Deliver and maintain Google services
Track outages and protect against spam, fraud, and abuse
Measure audience engagement and site statistics to understand how our services are used and enhance the quality of those services
If you choose to “Accept all,” we will also use cookies and data to
Develop and improve new services
Deliver and measure the effectiveness of ads
Show personalized content, depending on your settings
Show personalized ads, depending on your settings
If you choose to “Reject all,” we will not use cookies for these additional purposes.
Non-personalized content is influenced by things like the content you’re currently viewing, activity in your active Search session, and your location. Non-personalized ads are influenced by the content you’re currently viewing and your general location. Personalized content and ads can also include more relevant results, recommendations, and tailored ads based on past activity from this browser, like previous Google searches. We also use cookies and data to tailor the experience to be age-appropriate, if relevant.
Select “More options” to see additional information, including details about managing your privacy settings. You can also visit g.co/privacytools at any time.
Reject all
Accept all
More options
Privacy Policy
Terms of Service",https://news.google.com/rss/articles/CBMiqwFBVV95cUxQQkN2MWpQMWFjcGl2WFRTeTZkWURuUWJ5NlBzeVJKNlh6OGhYMmNCbmp6ZjByZ19NLXpVMG1Qd0dKT001Nk9RMTZXdjNwbURVd01pWFlwREEzbUZhU3I5ZnEwUmduX2V1Y0xZVnplX09GSWxsdkIxR0ZoeTluaW44MldWZURvbW5fUURQeklNdW1neGFHRmREUzU5aGpESTZjUGI0UUwtYW9FVkk?oc=5
2024-12-30,GOOGL,Google,How Google proved it 'still has its mojo' in 2024 - Yahoo Finance,"EN
Sign in
Before you continue to Google
We use cookies and data to
Deliver and maintain Google services
Track outages and protect against spam, fraud, and abuse
Measure audience engagement and site statistics to understand how our services are used and enhance the quality of those services
If you choose to “Accept all,” we will also use cookies and data to
Develop and improve new services
Deliver and measure the effectiveness of ads
Show personalized content, depending on your settings
Show personalized ads, depending on your settings
If you choose to “Reject all,” we will not use cookies for these additional purposes.
Non-personalized content is influenced by things like the content you’re currently viewing, activity in your active Search session, and your location. Non-personalized ads are influenced by the content you’re currently viewing and your general location. Personalized content and ads can also include more relevant results, recommendations, and tailored ads based on past activity from this browser, like previous Google searches. We also use cookies and data to tailor the experience to be age-appropriate, if relevant.
Select “More options” to see additional information, including details about managing your privacy settings. You can also visit g.co/privacytools at any time.
Reject all
Accept all
More options
Privacy Policy
Terms of Service",https://news.google.com/rss/articles/CBMimAFBVV95cUxQWlVCU2Y3bU1Pd1M2SE1lRmVJcEZpcnlyMUVqdi1HRGdESng3WTJIMnktYjVQZXZ4MFZsUGludUFDbk05THVnRFRxOGlDNDBSWUdMX1V3ZHlJeUE2M3lfRjlIdEt3TjVqMjJaSkkyWmdXYUpTQ0U0TVNzR2ZzLVozemJmWDZzMWVLM0x4ZVBzMWJ5M3Y3VWVZRA?oc=5
2025-01-08,GOOGL,Google,Alphabet Inc. (GOOG) Stock Sinks As Market Gains: Here's Why - Yahoo Finance,"EN
Sign in
Before you continue to Google
We use cookies and data to
Deliver and maintain Google services
Track outages and protect against spam, fraud, and abuse
Measure audience engagement and site statistics to understand how our services are used and enhance the quality of those services
If you choose to “Accept all,” we will also use cookies and data to
Develop and improve new services
Deliver and measure the effectiveness of ads
Show personalized content, depending on your settings
Show personalized ads, depending on your settings
If you choose to “Reject all,” we will not use cookies for these additional purposes.
Non-personalized content is influenced by things like the content you’re currently viewing, activity in your active Search session, and your location. Non-personalized ads are influenced by the content you’re currently viewing and your general location. Personalized content and ads can also include more relevant results, recommendations, and tailored ads based on past activity from this browser, like previous Google searches. We also use cookies and data to tailor the experience to be age-appropriate, if relevant.
Select “More options” to see additional information, including details about managing your privacy settings. You can also visit g.co/privacytools at any time.
Reject all
Accept all
More options
Privacy Policy
Terms of Service",https://news.google.com/rss/articles/CBMigAFBVV95cUxQZFVHT1N1QUUwZ1NiSjU3aHRzVWV2TlhLZ3c4WkhCZ2FxSmlSeUtHd3BhaUNEbkhGMHJYYWdXUkotZ2hJQzBDWXh1cjZVOW1GQVhtcXpnQ2x3dndpbkFITVZJYnNFYllJdEJUNHNsR1dzOFdFdFA0aXA1TG0zUVFHQw?oc=5
2025-01-21,GOOGL,Google,Alphabet Inc. (GOOG) Laps the Stock Market: Here's Why - Yahoo Finance,"EN
Sign in
Before you continue to Google
We use cookies and data to
Deliver and maintain Google services
Track outages and protect against spam, fraud, and abuse
Measure audience engagement and site statistics to understand how our services are used and enhance the quality of those services
If you choose to “Accept all,” we will also use cookies and data to
Develop and improve new services
Deliver and measure the effectiveness of ads
Show personalized content, depending on your settings
Show personalized ads, depending on your settings
If you choose to “Reject all,” we will not use cookies for these additional purposes.
Non-personalized content is influenced by things like the content you’re currently viewing, activity in your active Search session, and your location. Non-personalized ads are influenced by the content you’re currently viewing and your general location. Personalized content and ads can also include more relevant results, recommendations, and tailored ads based on past activity from this browser, like previous Google searches. We also use cookies and data to tailor the experience to be age-appropriate, if relevant.
Select “More options” to see additional information, including details about managing your privacy settings. You can also visit g.co/privacytools at any time.
Reject all
Accept all
More options
Privacy Policy
Terms of Service",https://news.google.com/rss/articles/CBMif0FVX3lxTFA2X3JIdXZJbW9jTndyRHdTSTlwandhZ1lDWGdmTE55RFBTeklnb3FhWFpYSEFIZjRweWhsbWxqQUFVZmMya2VKeFlNaDVwRnUxa0xTM1MySUVnNXRYd2FXUEJ2TzB1TW1rTHBsTW9zc2UwT3REYnBiUzlNQ0tEU1E?oc=5
2025-01-06,GOOGL,Google,Why Alphabet Stock Gained 12% in January - Yahoo Finance,"EN
Sign in
Before you continue to Google
We use cookies and data to
Deliver and maintain Google services
Track outages and protect against spam, fraud, and abuse
Measure audience engagement and site statistics to understand how our services are used and enhance the quality of those services
If you choose to “Accept all,” we will also use cookies and data to
Develop and improve new services
Deliver and measure the effectiveness of ads
Show personalized content, depending on your settings
Show personalized ads, depending on your settings
If you choose to “Reject all,” we will not use cookies for these additional purposes.
Non-personalized content is influenced by things like the content you’re currently viewing, activity in your active Search session, and your location. Non-personalized ads are influenced by the content you’re currently viewing and your general location. Personalized content and ads can also include more relevant results, recommendations, and tailored ads based on past activity from this browser, like previous Google searches. We also use cookies and data to tailor the experience to be age-appropriate, if relevant.
Select “More options” to see additional information, including details about managing your privacy settings. You can also visit g.co/privacytools at any time.
Reject all
Accept all
More options
Privacy Policy
Terms of Service",https://news.google.com/rss/articles/CBMif0FVX3lxTE5TeTloUmR0RUtWUFBkeks0eVM0WktrMlA0OC1iSUZBS3RsR2lMclFzNGpzYWdFMk40aW9lN1ByU0VjWklBUHlmV1ZwbnZqSzRxcldQdUVzbjlDemNCMWp4VEtoR2hoMVVwTGZic2pjZ1VZU203em1vZGZOTlB6SXM?oc=5
2025-01-07,GOOGL,Google,Is Most-Watched Stock Alphabet Inc. (GOOG) Worth Betting on Now? - Yahoo Finance,"EN
Sign in
Before you continue to Google
We use cookies and data to
Deliver and maintain Google services
Track outages and protect against spam, fraud, and abuse
Measure audience engagement and site statistics to understand how our services are used and enhance the quality of those services
If you choose to “Accept all,” we will also use cookies and data to
Develop and improve new services
Deliver and measure the effectiveness of ads
Show personalized content, depending on your settings
Show personalized ads, depending on your settings
If you choose to “Reject all,” we will not use cookies for these additional purposes.
Non-personalized content is influenced by things like the content you’re currently viewing, activity in your active Search session, and your location. Non-personalized ads are influenced by the content you’re currently viewing and your general location. Personalized content and ads can also include more relevant results, recommendations, and tailored ads based on past activity from this browser, like previous Google searches. We also use cookies and data to tailor the experience to be age-appropriate, if relevant.
Select “More options” to see additional information, including details about managing your privacy settings. You can also visit g.co/privacytools at any time.
Reject all
Accept all
More options
Privacy Policy
Terms of Service",https://news.google.com/rss/articles/CBMigwFBVV95cUxPTE1rVk9zcUdUTWlXV2wxOWRpcVhad2p0TTBXUU1BOEJjeFgtMk14MEM5WUF6TmU5WlFCUlZVRTJyRnBSZFp5T0tYMDVRYUFVa1d6S3VjclFISzFPVk84aW5GQk82ZWF4TllLWDVHMzhRVXJ5LUdDbjlRNUpKZllrRmtuUQ?oc=5
2025-01-06,GOOGL,Google,Analyst on Alphabet (GOOG): ‘Potential Overhangs’ Are Opportunities to Buy The Stock - Yahoo Finance,"EN
Sign in
Before you continue to Google
We use cookies and data to
Deliver and maintain Google services
Track outages and protect against spam, fraud, and abuse
Measure audience engagement and site statistics to understand how our services are used and enhance the quality of those services
If you choose to “Accept all,” we will also use cookies and data to
Develop and improve new services
Deliver and measure the effectiveness of ads
Show personalized content, depending on your settings
Show personalized ads, depending on your settings
If you choose to “Reject all,” we will not use cookies for these additional purposes.
Non-personalized content is influenced by things like the content you’re currently viewing, activity in your active Search session, and your location. Non-personalized ads are influenced by the content you’re currently viewing and your general location. Personalized content and ads can also include more relevant results, recommendations, and tailored ads based on past activity from this browser, like previous Google searches. We also use cookies and data to tailor the experience to be age-appropriate, if relevant.
Select “More options” to see additional information, including details about managing your privacy settings. You can also visit g.co/privacytools at any time.
Reject all
Accept all
More options
Privacy Policy
Terms of Service",https://news.google.com/rss/articles/CBMikAFBVV95cUxOaTF6d3R3bjdZTUhEX0xPRnRnTnZiNjhuZzBkQ1E0eDA1X09TOTE5cXBJSlpxTHlrbGx2UkJVTGFmSmhWbFhCUjJzS2s5VXpDNXdUbEV1MlZmS3FENXA4NVVENFVpVGlhRnZBN1ExNU9ieHFiSm1QOVBnaDdQek53OUlndTFTMHBVWS1WWkRzQXo?oc=5
2025-01-02,GOOGL,Google,Alphabet Inc. (GOOG) Bull Says Willow Is Just ‘Icing On The Cake’; Owns Stock for ‘Other Reasons’ - Yahoo Finance,"EN
Sign in
Before you continue to Google
We use cookies and data to
Deliver and maintain Google services
Track outages and protect against spam, fraud, and abuse
Measure audience engagement and site statistics to understand how our services are used and enhance the quality of those services
If you choose to “Accept all,” we will also use cookies and data to
Develop and improve new services
Deliver and measure the effectiveness of ads
Show personalized content, depending on your settings
Show personalized ads, depending on your settings
If you choose to “Reject all,” we will not use cookies for these additional purposes.
Non-personalized content is influenced by things like the content you’re currently viewing, activity in your active Search session, and your location. Non-personalized ads are influenced by the content you’re currently viewing and your general location. Personalized content and ads can also include more relevant results, recommendations, and tailored ads based on past activity from this browser, like previous Google searches. We also use cookies and data to tailor the experience to be age-appropriate, if relevant.
Select “More options” to see additional information, including details about managing your privacy settings. You can also visit g.co/privacytools at any time.
Reject all
Accept all
More options
Privacy Policy
Terms of Service",https://news.google.com/rss/articles/CBMifkFVX3lxTE5rOGR6ZS1ZSHE2dXZOUFppazdWNjA4MTdXdmFuam9PNmc5SHhsMUNhUVREZm5lTjhEb2dPS0NCVVpVVG5qQzFLdXJrNDFqYk92cHMwT3B6OUdlVjQzMzV5RWpEQzZhMWJEX0hnXzY5MjlsS3hKeXpSZHBDc1V6Zw?oc=5
2025-02-05,GOOGL,Google,Alphabet stock price: Google shares fall over cloud performance and AI spending worries - Fast Company,"EN
Sign in
Before you continue to Google
We use cookies and data to
Deliver and maintain Google services
Track outages and protect against spam, fraud, and abuse
Measure audience engagement and site statistics to understand how our services are used and enhance the quality of those services
If you choose to “Accept all,” we will also use cookies and data to
Develop and improve new services
Deliver and measure the effectiveness of ads
Show personalized content, depending on your settings
Show personalized ads, depending on your settings
If you choose to “Reject all,” we will not use cookies for these additional purposes.
Non-personalized content is influenced by things like the content you’re currently viewing, activity in your active Search session, and your location. Non-personalized ads are influenced by the content you’re currently viewing and your general location. Personalized content and ads can also include more relevant results, recommendations, and tailored ads based on past activity from this browser, like previous Google searches. We also use cookies and data to tailor the experience to be age-appropriate, if relevant.
Select “More options” to see additional information, including details about managing your privacy settings. You can also visit g.co/privacytools at any time.
Reject all
Accept all
More options
Privacy Policy
Terms of Service",https://news.google.com/rss/articles/CBMiogFBVV95cUxQbFBJOGRTWVhDaTNWQXBwM3pxQXFKQVFiWUxFdjVxV1VuZkZyUGxVMjNwNXlYYmQyY0lsRDY3TU9taWhXN1NXQWI4bGxDckRScUc4eVptdnBPTDB6M3p0eUlkMU8zeERRc0d1bHBBVDNxUEpGcTZYQ1lyUHVWUFVoc0FtUzFHQUdVTmY0b3o0VjYtcUJMNlFoQVliN3JXYnBQemc?oc=5
2025-01-31,GOOGL,Google,Google Stock Clears Important Chart Level Ahead Of Earnings Report - Investor's Business Daily,"EN
Sign in
Before you continue to Google
We use cookies and data to
Deliver and maintain Google services
Track outages and protect against spam, fraud, and abuse
Measure audience engagement and site statistics to understand how our services are used and enhance the quality of those services
If you choose to “Accept all,” we will also use cookies and data to
Develop and improve new services
Deliver and measure the effectiveness of ads
Show personalized content, depending on your settings
Show personalized ads, depending on your settings
If you choose to “Reject all,” we will not use cookies for these additional purposes.
Non-personalized content is influenced by things like the content you’re currently viewing, activity in your active Search session, and your location. Non-personalized ads are influenced by the content you’re currently viewing and your general location. Personalized content and ads can also include more relevant results, recommendations, and tailored ads based on past activity from this browser, like previous Google searches. We also use cookies and data to tailor the experience to be age-appropriate, if relevant.
Select “More options” to see additional information, including details about managing your privacy settings. You can also visit g.co/privacytools at any time.
Reject all
Accept all
More options
Privacy Policy
Terms of Service",https://news.google.com/rss/articles/CBMihwFBVV95cUxOMGZaWGFfNU9IRHRrX3ZzeElIejRPbC1LV2hHQVNkOHhQdWowcWVlbFRSUldncWZ1VThRZ2FKOEROU0NBQzhKTGxGT2VvRVdfdzFrYmIxNTZ1NjVtb3JUUm1UVjN0V21mQ3EzbGVTandBb1AwWktjUUFZZ0ktRkxMV3FGTDVjWW8?oc=5
2025-02-05,GOOGL,Google,Google Parent Alphabet’s Stock Tumbles Amid Worries Whether AI Spending Will Pay Off - Investopedia,"EN
Sign in
Before you continue to Google
We use cookies and data to
Deliver and maintain Google services
Track outages and protect against spam, fraud, and abuse
Measure audience engagement and site statistics to understand how our services are used and enhance the quality of those services
If you choose to “Accept all,” we will also use cookies and data to
Develop and improve new services
Deliver and measure the effectiveness of ads
Show personalized content, depending on your settings
Show personalized ads, depending on your settings
If you choose to “Reject all,” we will not use cookies for these additional purposes.
Non-personalized content is influenced by things like the content you’re currently viewing, activity in your active Search session, and your location. Non-personalized ads are influenced by the content you’re currently viewing and your general location. Personalized content and ads can also include more relevant results, recommendations, and tailored ads based on past activity from this browser, like previous Google searches. We also use cookies and data to tailor the experience to be age-appropriate, if relevant.
Select “More options” to see additional information, including details about managing your privacy settings. You can also visit g.co/privacytools at any time.
Reject all
Accept all
More options
Privacy Policy
Terms of Service",https://news.google.com/rss/articles/CBMiuwFBVV95cUxQTjZEbGdkd1VEbko1V3k5U2kwaFc5SE8yc2lTdTFQOGxMUzJqSzJXQWpFZ3FlSEhiTE5JWEpYX1hoc3d3ZGlaSnVwTHVzcVc4MjJldEtmbGF0bkpkTFJPYmNzcXNFVG5hakNjbzRTVjgwQXREc3A2OV91eVJhTEtYRUVGb3l1akhBemR5Si1qemN0VDNMbzJYRi1BWmFicVg2Z2xELTBjVFV2eFRTcWtNcEY0dkV3TGo1N05B?oc=5
2025-02-04,GOOGL,Google,Google stock falls after missing revenue expectations despite strong momentum - Yahoo Finance,"EN
Sign in
Before you continue to Google
We use cookies and data to
Deliver and maintain Google services
Track outages and protect against spam, fraud, and abuse
Measure audience engagement and site statistics to understand how our services are used and enhance the quality of those services
If you choose to “Accept all,” we will also use cookies and data to
Develop and improve new services
Deliver and measure the effectiveness of ads
Show personalized content, depending on your settings
Show personalized ads, depending on your settings
If you choose to “Reject all,” we will not use cookies for these additional purposes.
Non-personalized content is influenced by things like the content you’re currently viewing, activity in your active Search session, and your location. Non-personalized ads are influenced by the content you’re currently viewing and your general location. Personalized content and ads can also include more relevant results, recommendations, and tailored ads based on past activity from this browser, like previous Google searches. We also use cookies and data to tailor the experience to be age-appropriate, if relevant.
Select “More options” to see additional information, including details about managing your privacy settings. You can also visit g.co/privacytools at any time.
Reject all
Accept all
More options
Privacy Policy
Terms of Service",https://news.google.com/rss/articles/CBMiigFBVV95cUxOc24tQ1Q3NFVIbU45ZjRBYXI4TDRwXzdtczhSVXNLXzlyM20tdUMwdVZVUG92c3pHUS15TkN3OWtUdkt6VDZnZHU0bXVOekZrN0tlb2hwak05MHJvYlFfMmF0SnJMRlNJRDRIQTdZUGJjazJlVjJmT3Bmck1XUFBuNGlVVmJ3c1Ridnc?oc=5
2025-02-05,GOOGL,Google,Alphabet shares fall as cloud growth concerns and AI spending rattle investors - Reuters,"EN
Sign in
Before you continue to Google
We use cookies and data to
Deliver and maintain Google services
Track outages and protect against spam, fraud, and abuse
Measure audience engagement and site statistics to understand how our services are used and enhance the quality of those services
If you choose to “Accept all,” we will also use cookies and data to
Develop and improve new services
Deliver and measure the effectiveness of ads
Show personalized content, depending on your settings
Show personalized ads, depending on your settings
If you choose to “Reject all,” we will not use cookies for these additional purposes.
Non-personalized content is influenced by things like the content you’re currently viewing, activity in your active Search session, and your location. Non-personalized ads are influenced by the content you’re currently viewing and your general location. Personalized content and ads can also include more relevant results, recommendations, and tailored ads based on past activity from this browser, like previous Google searches. We also use cookies and data to tailor the experience to be age-appropriate, if relevant.
Select “More options” to see additional information, including details about managing your privacy settings. You can also visit g.co/privacytools at any time.
Reject all
Accept all
More options
Privacy Policy
Terms of Service",https://news.google.com/rss/articles/CBMinwFBVV95cUxObzFkMW5haE5xZkJPc2U4MWtjSExySEstYU9RWWY0UDFabVhVSkltaVVnbXVldVcxTzNSc2EteTJKMmtpME5XVTNOS2dlYjVkVVcyY0xMZHlQVTkteW8ybmR4QmxUUHN6bWxJa29kOUJMMHltYVpqWHJPb3hmbVFrSVlDY0xVNGFFRExFOEZpWVI3dkRsRWROQkNKb2g1a00?oc=5
2025-02-05,GOOGL,Google,"Google Leads Tech Stock Slump As Earnings, Trump Tariffs Fallout Weighs On Market - Forbes","EN
Sign in
Before you continue to Google
We use cookies and data to
Deliver and maintain Google services
Track outages and protect against spam, fraud, and abuse
Measure audience engagement and site statistics to understand how our services are used and enhance the quality of those services
If you choose to “Accept all,” we will also use cookies and data to
Develop and improve new services
Deliver and measure the effectiveness of ads
Show personalized content, depending on your settings
Show personalized ads, depending on your settings
If you choose to “Reject all,” we will not use cookies for these additional purposes.
Non-personalized content is influenced by things like the content you’re currently viewing, activity in your active Search session, and your location. Non-personalized ads are influenced by the content you’re currently viewing and your general location. Personalized content and ads can also include more relevant results, recommendations, and tailored ads based on past activity from this browser, like previous Google searches. We also use cookies and data to tailor the experience to be age-appropriate, if relevant.
Select “More options” to see additional information, including details about managing your privacy settings. You can also visit g.co/privacytools at any time.
Reject all
Accept all
More options
Privacy Policy
Terms of Service",https://news.google.com/rss/articles/CBMiywFBVV95cUxPXy1yU1hiZmtpNWJ5bFNNcGxIa1lXcUtSSURpSUgyYnBucUZsUHc1dS1WMzdHTjhIQTVTQWhqWWJseFFnc0wwS0g3QXRnSGxONV9jU21nZ3hzc0l1TEFPYUVGY21NdWNpREQ3LVNxdjFLRnNQZUpvc1FiM0xTVWt2Q2xMWklBR0o2RnpJclNTZktwdUp5SkVzS0FURE1hOXZ5QXNMRHhwQnJHNjY1VE54TzRJMGlkMGo0aE1fdGFxYWNCajF6cnpPWTA0QQ?oc=5
2025-02-05,GOOGL,Google,Alphabet Stock Tumbles After Earnings. The Google Parent Is Headed to Its Largest Market-Cap Drop Ever. - Barron's,"EN
Sign in
Before you continue to Google
We use cookies and data to
Deliver and maintain Google services
Track outages and protect against spam, fraud, and abuse
Measure audience engagement and site statistics to understand how our services are used and enhance the quality of those services
If you choose to “Accept all,” we will also use cookies and data to
Develop and improve new services
Deliver and measure the effectiveness of ads
Show personalized content, depending on your settings
Show personalized ads, depending on your settings
If you choose to “Reject all,” we will not use cookies for these additional purposes.
Non-personalized content is influenced by things like the content you’re currently viewing, activity in your active Search session, and your location. Non-personalized ads are influenced by the content you’re currently viewing and your general location. Personalized content and ads can also include more relevant results, recommendations, and tailored ads based on past activity from this browser, like previous Google searches. We also use cookies and data to tailor the experience to be age-appropriate, if relevant.
Select “More options” to see additional information, including details about managing your privacy settings. You can also visit g.co/privacytools at any time.
Reject all
Accept all
More options
Privacy Policy
Terms of Service",https://news.google.com/rss/articles/CBMihAFBVV95cUxNMi1ySjdQMzJuM1A4M3FEbE5uRnpydlNsS3NMUmd1bTFKaFh5SWtxWWYteU9VbzZFazZXa3lBMTVJeGVSejZia01VX2dWd3ROZkQ5bXFTZW9lLVltaE5DUkd2V0pVR2FLekluVUFGbk50LXJ1LWxQZDNFT0o2SjZHNXNETTQ?oc=5
2025-02-05,GOOGL,Google,Analysts rework Alphabet stock price targets after earnings shock - TheStreet,"EN
Sign in
Before you continue to Google
We use cookies and data to
Deliver and maintain Google services
Track outages and protect against spam, fraud, and abuse
Measure audience engagement and site statistics to understand how our services are used and enhance the quality of those services
If you choose to “Accept all,” we will also use cookies and data to
Develop and improve new services
Deliver and measure the effectiveness of ads
Show personalized content, depending on your settings
Show personalized ads, depending on your settings
If you choose to “Reject all,” we will not use cookies for these additional purposes.
Non-personalized content is influenced by things like the content you’re currently viewing, activity in your active Search session, and your location. Non-personalized ads are influenced by the content you’re currently viewing and your general location. Personalized content and ads can also include more relevant results, recommendations, and tailored ads based on past activity from this browser, like previous Google searches. We also use cookies and data to tailor the experience to be age-appropriate, if relevant.
Select “More options” to see additional information, including details about managing your privacy settings. You can also visit g.co/privacytools at any time.
Reject all
Accept all
More options
Privacy Policy
Terms of Service",https://news.google.com/rss/articles/CBMipAFBVV95cUxQQlZrb1ZjNzF0RWF6OVdrVWZlOUxNcWdKYW9veGpQWTZTWW5fVVF0WTgyNzJEdXB3QUVFbVNZTEJydEVCV0ExQktOdUpQbnpMbDRkMDZlaE8wTDB2WjFZQVVZQlRoM3czc1RoX3RLeGR6eUJfRGVBbEFaQklaU2dDWC1kTEVQRWZYNE9hNmtoRGNacmdiczFNOUJ2djk0RGFnN3I0Nw?oc=5
2025-02-05,GOOGL,Google,Cloud Slowdown Knocks Google Sales; Alphabet Stock Slides - WSJ,"EN
Sign in
Before you continue to Google
We use cookies and data to
Deliver and maintain Google services
Track outages and protect against spam, fraud, and abuse
Measure audience engagement and site statistics to understand how our services are used and enhance the quality of those services
If you choose to “Accept all,” we will also use cookies and data to
Develop and improve new services
Deliver and measure the effectiveness of ads
Show personalized content, depending on your settings
Show personalized ads, depending on your settings
If you choose to “Reject all,” we will not use cookies for these additional purposes.
Non-personalized content is influenced by things like the content you’re currently viewing, activity in your active Search session, and your location. Non-personalized ads are influenced by the content you’re currently viewing and your general location. Personalized content and ads can also include more relevant results, recommendations, and tailored ads based on past activity from this browser, like previous Google searches. We also use cookies and data to tailor the experience to be age-appropriate, if relevant.
Select “More options” to see additional information, including details about managing your privacy settings. You can also visit g.co/privacytools at any time.
Reject all
Accept all
More options
Privacy Policy
Terms of Service",https://news.google.com/rss/articles/CBMi-gFBVV95cUxQLVVMUjFxNC1HYTRxN3otMElNdmV1MzlwM21DYmNMS01ELS0ta250LWV0NUhwX3pucUlSbkZ6Smw1aVZPNnZ2cVI1dm94Q0FDY19OZ1QzeU4ta1lpUE13TnAyS3RPdWVXVWN5R05MZDR6dTlUV1RkY1VqVmFVQWFzckFkNlE0c3BVbXVydTl1V2NiSGFWQVJwMVVxUEloQVVGVUVXRDBsbm1vWHd5bzllQzl6ZlpYTHgwbWdiV3FRaDJiby1pWkRwNVRDYUszNTRDSVViSl90LUVfcE5kUS1lQzhyd3JheF8yT0FvRTRaZnE3MFc1U0tXaTFn?oc=5
2025-02-05,GOOGL,Google,Has Google stock become a value trap for investors? - TradingView,"EN
Sign in
Before you continue to Google
We use cookies and data to
Deliver and maintain Google services
Track outages and protect against spam, fraud, and abuse
Measure audience engagement and site statistics to understand how our services are used and enhance the quality of those services
If you choose to “Accept all,” we will also use cookies and data to
Develop and improve new services
Deliver and measure the effectiveness of ads
Show personalized content, depending on your settings
Show personalized ads, depending on your settings
If you choose to “Reject all,” we will not use cookies for these additional purposes.
Non-personalized content is influenced by things like the content you’re currently viewing, activity in your active Search session, and your location. Non-personalized ads are influenced by the content you’re currently viewing and your general location. Personalized content and ads can also include more relevant results, recommendations, and tailored ads based on past activity from this browser, like previous Google searches. We also use cookies and data to tailor the experience to be age-appropriate, if relevant.
Select “More options” to see additional information, including details about managing your privacy settings. You can also visit g.co/privacytools at any time.
Reject all
Accept all
More options
Privacy Policy
Terms of Service",https://news.google.com/rss/articles/CBMiqwFBVV95cUxPXy1ZdXBrcVpPQ0FNTzBYNzFpam9OeXF1aVYtaHV4Q3JLSGNwVHVROFJqc05yVDhTQWJoZ1ZWS1NNQkNGVE45Q0dKc3lxYWljeVlKamlxcXk3eU93VllBaERVV0FpZkVMQjBlUS1MUUtDM0dnOExDNUxYSDdzVl80RFNMNnU4RktoS3p1aFN0MU5JZmJzMzFyUXVZMUsxUkZrWHNWdUF6WFBGaFE?oc=5
2025-02-05,GOOGL,Google,The Two Reasons Alphabet Stock Is Sinking After Earnings - Kiplinger,"EN
Sign in
Before you continue to Google
We use cookies and data to
Deliver and maintain Google services
Track outages and protect against spam, fraud, and abuse
Measure audience engagement and site statistics to understand how our services are used and enhance the quality of those services
If you choose to “Accept all,” we will also use cookies and data to
Develop and improve new services
Deliver and measure the effectiveness of ads
Show personalized content, depending on your settings
Show personalized ads, depending on your settings
If you choose to “Reject all,” we will not use cookies for these additional purposes.
Non-personalized content is influenced by things like the content you’re currently viewing, activity in your active Search session, and your location. Non-personalized ads are influenced by the content you’re currently viewing and your general location. Personalized content and ads can also include more relevant results, recommendations, and tailored ads based on past activity from this browser, like previous Google searches. We also use cookies and data to tailor the experience to be age-appropriate, if relevant.
Select “More options” to see additional information, including details about managing your privacy settings. You can also visit g.co/privacytools at any time.
Reject all
Accept all
More options
Privacy Policy
Terms of Service",https://news.google.com/rss/articles/CBMimAFBVV95cUxNRjNRaGlXWEZsTjY1LWxkaEx0UkQ4N2FwNFR6V3dHRDJ4Z2tmTWxqX2ZsQUF2R0ZFUFc4MkZUY3NuTS03cjVyX3M4WGZWbDhOLUJmaHRVWHotOHZWcHBpTnowc2RYRld1T1huTkc3WlJ0SkI3amthQkRMamI5N2hDT21KbmFFOTNkM2VHR0FSTU8xMFRLbFFuZA?oc=5
2025-02-05,GOOGL,Google,Google Spanked On 2025 Capital Spending But Meta Platforms Gets Pass - Investor's Business Daily,"EN
Sign in
Before you continue to Google
We use cookies and data to
Deliver and maintain Google services
Track outages and protect against spam, fraud, and abuse
Measure audience engagement and site statistics to understand how our services are used and enhance the quality of those services
If you choose to “Accept all,” we will also use cookies and data to
Develop and improve new services
Deliver and measure the effectiveness of ads
Show personalized content, depending on your settings
Show personalized ads, depending on your settings
If you choose to “Reject all,” we will not use cookies for these additional purposes.
Non-personalized content is influenced by things like the content you’re currently viewing, activity in your active Search session, and your location. Non-personalized ads are influenced by the content you’re currently viewing and your general location. Personalized content and ads can also include more relevant results, recommendations, and tailored ads based on past activity from this browser, like previous Google searches. We also use cookies and data to tailor the experience to be age-appropriate, if relevant.
Select “More options” to see additional information, including details about managing your privacy settings. You can also visit g.co/privacytools at any time.
Reject all
Accept all
More options
Privacy Policy
Terms of Service",https://news.google.com/rss/articles/CBMijAFBVV95cUxOdDRvWE5wOV9pQ0FmUy14ZnBTVktEVVNHWlRiZThRR2NIXzhZOXZtUmtFV0d5Mk83akxIQjJVNHQyQjBfRkNKTjBhdXZESnVqaFpYQ0N5RElRd3g1VGRkeE5keFRPVXhKZDZSYUtoYVA0ZXBhWnBZMDJzM1hqYlgtdnNJbjZLZ1ZVbzBiSw?oc=5
2025-02-06,GOOGL,Google,What's Happening With GOOG Stock? - Forbes,"EN
Sign in
Before you continue to Google
We use cookies and data to
Deliver and maintain Google services
Track outages and protect against spam, fraud, and abuse
Measure audience engagement and site statistics to understand how our services are used and enhance the quality of those services
If you choose to “Accept all,” we will also use cookies and data to
Develop and improve new services
Deliver and measure the effectiveness of ads
Show personalized content, depending on your settings
Show personalized ads, depending on your settings
If you choose to “Reject all,” we will not use cookies for these additional purposes.
Non-personalized content is influenced by things like the content you’re currently viewing, activity in your active Search session, and your location. Non-personalized ads are influenced by the content you’re currently viewing and your general location. Personalized content and ads can also include more relevant results, recommendations, and tailored ads based on past activity from this browser, like previous Google searches. We also use cookies and data to tailor the experience to be age-appropriate, if relevant.
Select “More options” to see additional information, including details about managing your privacy settings. You can also visit g.co/privacytools at any time.
Reject all
Accept all
More options
Privacy Policy
Terms of Service",https://news.google.com/rss/articles/CBMilAFBVV95cUxQSFhORV9ncXpfN25aUjlSaFFTdFVPcUhrOEh4ZUJXczdMOGREX25vQTZMc1dyQ3BQT1RiZEYtVi1BZFVSdFZDMnJ3MFpKd1c0cHpYZXpiU2NvYWFVZG1FczY5dXZxYmJuLUtVUW1COFVrTG1wcHFwM1c0eVkzRGRmQW9EVFBFQVJobVZHX1BfVWJlakRS?oc=5
2025-02-05,GOOGL,Google,Watch These Alphabet Price Levels as Stock Tumbles After Earnings Report - Investopedia,"EN
Sign in
Before you continue to Google
We use cookies and data to
Deliver and maintain Google services
Track outages and protect against spam, fraud, and abuse
Measure audience engagement and site statistics to understand how our services are used and enhance the quality of those services
If you choose to “Accept all,” we will also use cookies and data to
Develop and improve new services
Deliver and measure the effectiveness of ads
Show personalized content, depending on your settings
Show personalized ads, depending on your settings
If you choose to “Reject all,” we will not use cookies for these additional purposes.
Non-personalized content is influenced by things like the content you’re currently viewing, activity in your active Search session, and your location. Non-personalized ads are influenced by the content you’re currently viewing and your general location. Personalized content and ads can also include more relevant results, recommendations, and tailored ads based on past activity from this browser, like previous Google searches. We also use cookies and data to tailor the experience to be age-appropriate, if relevant.
Select “More options” to see additional information, including details about managing your privacy settings. You can also visit g.co/privacytools at any time.
Reject all
Accept all
More options
Privacy Policy
Terms of Service",https://news.google.com/rss/articles/CBMi2gFBVV95cUxNMFVoR1JxeDllRlFDeUpabllqOHl2S3NBOTBtU2tZTWk1RV9Ra0h0YktOODRvdmZFTFcyMzdlazVyVUtaOWhwMXBFV3k5VWw4bjBKSG9TNjE5SEtYVTNEYzY5UnBkakptVlowNXNHcVU2d0d5LXp3LXJZZ18tNk9lSEZNYkh3SHV4RzFNTFVmRWlocUNhZUlzVmpBUTdMam5jaUFEMkZqaG1nRXM2QWJvZ25GcUMyUFFaM1gzUVVVRHhhWUlkU3Rndy16UjNpSEVJYUJYUnNXcGlSUQ?oc=5
2025-02-12,GOOGL,Google,"Reddit misses daily active unique visitors estimates on Google algorithm change, shares tumble - Reuters","EN
Sign in
Before you continue to Google
We use cookies and data to
Deliver and maintain Google services
Track outages and protect against spam, fraud, and abuse
Measure audience engagement and site statistics to understand how our services are used and enhance the quality of those services
If you choose to “Accept all,” we will also use cookies and data to
Develop and improve new services
Deliver and measure the effectiveness of ads
Show personalized content, depending on your settings
Show personalized ads, depending on your settings
If you choose to “Reject all,” we will not use cookies for these additional purposes.
Non-personalized content is influenced by things like the content you’re currently viewing, activity in your active Search session, and your location. Non-personalized ads are influenced by the content you’re currently viewing and your general location. Personalized content and ads can also include more relevant results, recommendations, and tailored ads based on past activity from this browser, like previous Google searches. We also use cookies and data to tailor the experience to be age-appropriate, if relevant.
Select “More options” to see additional information, including details about managing your privacy settings. You can also visit g.co/privacytools at any time.
Reject all
Accept all
More options
Privacy Policy
Terms of Service",https://news.google.com/rss/articles/CBMingFBVV95cUxNVXlnRUtKWG9yOFVEeE0xaFZOMUpWeTBsV3FjSEpMaXMxYzRMa2F1eS1JM2FVVWRTLUhTUkkwNy0zaXNVZGJjNTZOY0oteWRSSXpBQ2UzYlZJRGZiM3pMYkRzdWQ2Zk1ueGFyNURQRmk2eDJXS050RFR6VmRPWkxhbXFfcEFMaDF0VDFQNFJLN0NiNlRZYmRZekg2V1pIQQ?oc=5
2025-02-05,GOOGL,Google,Google Cloud 'Capacity Constrained' Like Microsoft Azure. Good News For Amazon? - Investor's Business Daily,"EN
Sign in
Before you continue to Google
We use cookies and data to
Deliver and maintain Google services
Track outages and protect against spam, fraud, and abuse
Measure audience engagement and site statistics to understand how our services are used and enhance the quality of those services
If you choose to “Accept all,” we will also use cookies and data to
Develop and improve new services
Deliver and measure the effectiveness of ads
Show personalized content, depending on your settings
Show personalized ads, depending on your settings
If you choose to “Reject all,” we will not use cookies for these additional purposes.
Non-personalized content is influenced by things like the content you’re currently viewing, activity in your active Search session, and your location. Non-personalized ads are influenced by the content you’re currently viewing and your general location. Personalized content and ads can also include more relevant results, recommendations, and tailored ads based on past activity from this browser, like previous Google searches. We also use cookies and data to tailor the experience to be age-appropriate, if relevant.
Select “More options” to see additional information, including details about managing your privacy settings. You can also visit g.co/privacytools at any time.
Reject all
Accept all
More options
Privacy Policy
Terms of Service",https://news.google.com/rss/articles/CBMioAFBVV95cUxQNGtqTi1STEh2bWNHSnh2UzhHazFqb1Q1R2k5dDYwWWVpMDd1TWE2SENfdjdFZjNlVE1walQyNEdzVkdhR04xVnZHR0VhcE1kVVhMNjlhVzVHZENZMHMyMjNHUnZkeHBmRFpNSDNqY3dTX1g1YlFKSi1ULWpGR1VEbzhOSkVDWk9saGJNdTNhbmkyQl82LTlUV2tBNEZKMjgz?oc=5
2025-02-04,GOOGL,Google,Google Stock Falters As Earnings Report Reveals Weaker-Than-Expected Cloud Sales - Forbes,"EN
Sign in
Before you continue to Google
We use cookies and data to
Deliver and maintain Google services
Track outages and protect against spam, fraud, and abuse
Measure audience engagement and site statistics to understand how our services are used and enhance the quality of those services
If you choose to “Accept all,” we will also use cookies and data to
Develop and improve new services
Deliver and measure the effectiveness of ads
Show personalized content, depending on your settings
Show personalized ads, depending on your settings
If you choose to “Reject all,” we will not use cookies for these additional purposes.
Non-personalized content is influenced by things like the content you’re currently viewing, activity in your active Search session, and your location. Non-personalized ads are influenced by the content you’re currently viewing and your general location. Personalized content and ads can also include more relevant results, recommendations, and tailored ads based on past activity from this browser, like previous Google searches. We also use cookies and data to tailor the experience to be age-appropriate, if relevant.
Select “More options” to see additional information, including details about managing your privacy settings. You can also visit g.co/privacytools at any time.
Reject all
Accept all
More options
Privacy Policy
Terms of Service",https://news.google.com/rss/articles/CBMiywFBVV95cUxQeTIyUk8zNXlyel9SbFZDYU9fdm05dDUwT3BLRjNRZlVlejJYdGhoeGNHMUI4R0lIUVlxVkxkdDlidU05QVQ3ZzVUSFY5dV9MS1RJZVdFMFlwVWhSMWNDMTh2TzBkVDJsZlZ6UkFKcEdZS0J1X2JGeTh2d1pzSWtnUFUtdnhDMVl2OXIxS3U1UXBiX0lUZlR2NjdoeFN4Z2VHR0RrVmU5LUdDd21CdF9Fa3htWGF3b3JUa3dnWXlmYXFjY3dkTkl1RGtCQQ?oc=5
2025-01-29,GOOGL,Google,"Google Stock: Waymo Heading To Las Vegas, San Diego? Uber, Lyft Fall On Report - Investor's Business Daily","EN
Sign in
Before you continue to Google
We use cookies and data to
Deliver and maintain Google services
Track outages and protect against spam, fraud, and abuse
Measure audience engagement and site statistics to understand how our services are used and enhance the quality of those services
If you choose to “Accept all,” we will also use cookies and data to
Develop and improve new services
Deliver and measure the effectiveness of ads
Show personalized content, depending on your settings
Show personalized ads, depending on your settings
If you choose to “Reject all,” we will not use cookies for these additional purposes.
Non-personalized content is influenced by things like the content you’re currently viewing, activity in your active Search session, and your location. Non-personalized ads are influenced by the content you’re currently viewing and your general location. Personalized content and ads can also include more relevant results, recommendations, and tailored ads based on past activity from this browser, like previous Google searches. We also use cookies and data to tailor the experience to be age-appropriate, if relevant.
Select “More options” to see additional information, including details about managing your privacy settings. You can also visit g.co/privacytools at any time.
Reject all
Accept all
More options
Privacy Policy
Terms of Service",https://news.google.com/rss/articles/CBMibkFVX3lxTE4tTFRoMENndW1nRl9nSDdCX0N2S251Nlh3RXpTVm5OSGJVbTBTN3F3RTFSYTl1dGlOcG1jTmtHaXJsZnN4LTJOWDJKSlY2enlkaXR1MG5SZ29iQWd0SnduV05iZkYxY2xhSlRyYy1R?oc=5
2025-02-07,GOOGL,Google,Stock Market Mixed Amid Trump Tariff Fears: Weekly Review - Investor's Business Daily,"EN
Sign in
Before you continue to Google
We use cookies and data to
Deliver and maintain Google services
Track outages and protect against spam, fraud, and abuse
Measure audience engagement and site statistics to understand how our services are used and enhance the quality of those services
If you choose to “Accept all,” we will also use cookies and data to
Develop and improve new services
Deliver and measure the effectiveness of ads
Show personalized content, depending on your settings
Show personalized ads, depending on your settings
If you choose to “Reject all,” we will not use cookies for these additional purposes.
Non-personalized content is influenced by things like the content you’re currently viewing, activity in your active Search session, and your location. Non-personalized ads are influenced by the content you’re currently viewing and your general location. Personalized content and ads can also include more relevant results, recommendations, and tailored ads based on past activity from this browser, like previous Google searches. We also use cookies and data to tailor the experience to be age-appropriate, if relevant.
Select “More options” to see additional information, including details about managing your privacy settings. You can also visit g.co/privacytools at any time.
Reject all
Accept all
More options
Privacy Policy
Terms of Service",https://news.google.com/rss/articles/CBMinAFBVV95cUxPYzI1b2F0elRkUXF5dm9ubVZxLW1qWUpzbTR6Q0ROaHdsRUwzSWxyaldUdWdlaXVEbmtpM1pDbjJIS0pISnVFREFaejJpTm5PZ09ic3ZKQTNIWWRBd2IzUjV2V1VRMVZJeVhpWnVDNTVmX1Q4YW5RaGRIRzViUV9rakc2ZmxHRG5USzFkYUktZEc0akpWd294b1oza2s?oc=5
2025-02-05,GOOGL,Google,"Stock Market Today: Dow Jones Gains As Nvidia Rises; Google Dives As MicroStrategy Falls Ahead Of Earnings (Live Coverage) Nasdaq Down; Alphabet Smacked, But Near A Buy Point - Investor's Business Daily","EN
Sign in
Before you continue to Google
We use cookies and data to
Deliver and maintain Google services
Track outages and protect against spam, fraud, and abuse
Measure audience engagement and site statistics to understand how our services are used and enhance the quality of those services
If you choose to “Accept all,” we will also use cookies and data to
Develop and improve new services
Deliver and measure the effectiveness of ads
Show personalized content, depending on your settings
Show personalized ads, depending on your settings
If you choose to “Reject all,” we will not use cookies for these additional purposes.
Non-personalized content is influenced by things like the content you’re currently viewing, activity in your active Search session, and your location. Non-personalized ads are influenced by the content you’re currently viewing and your general location. Personalized content and ads can also include more relevant results, recommendations, and tailored ads based on past activity from this browser, like previous Google searches. We also use cookies and data to tailor the experience to be age-appropriate, if relevant.
Select “More options” to see additional information, including details about managing your privacy settings. You can also visit g.co/privacytools at any time.
Reject all
Accept all
More options
Privacy Policy
Terms of Service",https://news.google.com/rss/articles/CBMiqAFBVV95cUxNVWYyTTZWcC1qVjZQdXIxUmgzYXM3UmdyVmVRSzRxeEF6WmtFaElPRGNZNHREQlB1cUJscWJKNTY2NmdkWGFscWoxbjV5Q28yaEItOUo4QUw1VHRzaGc0TzdtRHRkeUlIanhMNC1OTzdZeURwcGoyYURCTGxkZWY5ZjF6enp4MjdjWThUMzVQd1JMOEVJVnhpLWk4eG5SamwtLVdvNXVCQmQ?oc=5
2025-03-25,GOOGL,Google,How Alphabet Cybersecurity Acquisition Raises Big Questions. Is Google Stock A Buy Or Sell? - Investor's Business Daily,"EN
Sign in
Before you continue to Google
We use cookies and data to
Deliver and maintain Google services
Track outages and protect against spam, fraud, and abuse
Measure audience engagement and site statistics to understand how our services are used and enhance the quality of those services
If you choose to “Accept all,” we will also use cookies and data to
Develop and improve new services
Deliver and measure the effectiveness of ads
Show personalized content, depending on your settings
Show personalized ads, depending on your settings
If you choose to “Reject all,” we will not use cookies for these additional purposes.
Non-personalized content is influenced by things like the content you’re currently viewing, activity in your active Search session, and your location. Non-personalized ads are influenced by the content you’re currently viewing and your general location. Personalized content and ads can also include more relevant results, recommendations, and tailored ads based on past activity from this browser, like previous Google searches. We also use cookies and data to tailor the experience to be age-appropriate, if relevant.
Select “More options” to see additional information, including details about managing your privacy settings. You can also visit g.co/privacytools at any time.
Reject all
Accept all
More options
Privacy Policy
Terms of Service",https://news.google.com/rss/articles/CBMimwFBVV95cUxQNmt4cjU5NlN5Tm9EQmVlSEFpRmgzZDgyWnJGYS16QUhkTUdDS1hTSWFIMzdBdU12b0hKbWZLdW1oZ1U0MUJ1Tm9hdVJDZFZ0dHo3SHpVbmRoaEo1MHVaM0VqdUxlQXFIR0tfaldDOVZwcEtabzllOW9jVFdPV21oYzBfdWNzTGVLZU9VX1V1LTFSRTBubXhaaHROTQ?oc=5
2025-03-24,GOOGL,Google,Google Stock To $500? - Forbes,"EN
Sign in
Before you continue to Google
We use cookies and data to
Deliver and maintain Google services
Track outages and protect against spam, fraud, and abuse
Measure audience engagement and site statistics to understand how our services are used and enhance the quality of those services
If you choose to “Accept all,” we will also use cookies and data to
Develop and improve new services
Deliver and measure the effectiveness of ads
Show personalized content, depending on your settings
Show personalized ads, depending on your settings
If you choose to “Reject all,” we will not use cookies for these additional purposes.
Non-personalized content is influenced by things like the content you’re currently viewing, activity in your active Search session, and your location. Non-personalized ads are influenced by the content you’re currently viewing and your general location. Personalized content and ads can also include more relevant results, recommendations, and tailored ads based on past activity from this browser, like previous Google searches. We also use cookies and data to tailor the experience to be age-appropriate, if relevant.
Select “More options” to see additional information, including details about managing your privacy settings. You can also visit g.co/privacytools at any time.
Reject all
Accept all
More options
Privacy Policy
Terms of Service",https://news.google.com/rss/articles/CBMijAFBVV95cUxPVnpPRDllWG5QT19uaDAyOG43UExTOWYtMjRKeFMtd1JoWklfSTBqYjBfQUMybVp3amR6Njk0S3R3bDFMT2xkM1RsVE05ZXFJXzgxNndLX2RrR3R3WWpMejJmZmRYX2RhS1RDcDJIb2lTTTNZQVBNUFU4VHVFbDBNTnR1S0E5b2NHaXBPWA?oc=5
2025-03-26,GOOGL,Google,Google: This Could Be The Best Time To Buy Over The Last 5 Years - Seeking Alpha,"EN
Sign in
Before you continue to Google
We use cookies and data to
Deliver and maintain Google services
Track outages and protect against spam, fraud, and abuse
Measure audience engagement and site statistics to understand how our services are used and enhance the quality of those services
If you choose to “Accept all,” we will also use cookies and data to
Develop and improve new services
Deliver and measure the effectiveness of ads
Show personalized content, depending on your settings
Show personalized ads, depending on your settings
If you choose to “Reject all,” we will not use cookies for these additional purposes.
Non-personalized content is influenced by things like the content you’re currently viewing, activity in your active Search session, and your location. Non-personalized ads are influenced by the content you’re currently viewing and your general location. Personalized content and ads can also include more relevant results, recommendations, and tailored ads based on past activity from this browser, like previous Google searches. We also use cookies and data to tailor the experience to be age-appropriate, if relevant.
Select “More options” to see additional information, including details about managing your privacy settings. You can also visit g.co/privacytools at any time.
Reject all
Accept all
More options
Privacy Policy
Terms of Service",https://news.google.com/rss/articles/CBMirwFBVV95cUxOaFFVa2RxUUhqMjFTNWtTY3c0T1IwYWEzNmxQT0dRamhuSDZ6dWVmRXQ4R2dlNmR6VXB3TjhWdGVqaGd0MmRpQklpYXFNRGp6TnhUSXczRXZwVG95MUhKMVZJZGVWcnJBOGRxSFZwcWR0eEw2Q0ZqeUZ3MjlIYzFmd0k0Sk9Ec1JqMFhZeHZaMlNuLURsY2d3MmtPZmVSeEp5RnM5R2FTd3Roa0E5VXNR?oc=5
2025-02-25,GOOGL,Google,Why GOOG Stock Is Dropping Today - Yahoo Finance,"EN
Sign in
Before you continue to Google
We use cookies and data to
Deliver and maintain Google services
Track outages and protect against spam, fraud, and abuse
Measure audience engagement and site statistics to understand how our services are used and enhance the quality of those services
If you choose to “Accept all,” we will also use cookies and data to
Develop and improve new services
Deliver and measure the effectiveness of ads
Show personalized content, depending on your settings
Show personalized ads, depending on your settings
If you choose to “Reject all,” we will not use cookies for these additional purposes.
Non-personalized content is influenced by things like the content you’re currently viewing, activity in your active Search session, and your location. Non-personalized ads are influenced by the content you’re currently viewing and your general location. Personalized content and ads can also include more relevant results, recommendations, and tailored ads based on past activity from this browser, like previous Google searches. We also use cookies and data to tailor the experience to be age-appropriate, if relevant.
Select “More options” to see additional information, including details about managing your privacy settings. You can also visit g.co/privacytools at any time.
Reject all
Accept all
More options
Privacy Policy
Terms of Service",https://news.google.com/rss/articles/CBMigAFBVV95cUxQeEFYYk9YNjQ4STFYUW1WX2FVUjVDQ2k1TUg3X1BIOXI3Q0xPcDdzYXZxMkJHQzNEaU5ZU2tGV2FpUWZfbUgtMnFndG91bzVxYS11WHYwbmJ4eUpJR0ZwZ0p2SExJWVYzTUM4V0NWRjhsOGh3dXA0Vk5zX0xpY09jUQ?oc=5
2025-03-19,GOOGL,Google,This Company Crushed Google Stock With Just 1% Profits – How? - Nasdaq,"EN
Sign in
Before you continue to Google
We use cookies and data to
Deliver and maintain Google services
Track outages and protect against spam, fraud, and abuse
Measure audience engagement and site statistics to understand how our services are used and enhance the quality of those services
If you choose to “Accept all,” we will also use cookies and data to
Develop and improve new services
Deliver and measure the effectiveness of ads
Show personalized content, depending on your settings
Show personalized ads, depending on your settings
If you choose to “Reject all,” we will not use cookies for these additional purposes.
Non-personalized content is influenced by things like the content you’re currently viewing, activity in your active Search session, and your location. Non-personalized ads are influenced by the content you’re currently viewing and your general location. Personalized content and ads can also include more relevant results, recommendations, and tailored ads based on past activity from this browser, like previous Google searches. We also use cookies and data to tailor the experience to be age-appropriate, if relevant.
Select “More options” to see additional information, including details about managing your privacy settings. You can also visit g.co/privacytools at any time.
Reject all
Accept all
More options
Privacy Policy
Terms of Service",https://news.google.com/rss/articles/CBMihgFBVV95cUxPNkJwWVR3ZE1zN2ZjVmpqN1FzY0lYRnRYdm5TVlVvQXc3SmRidGs5dGtTY2VzeTZZYTlWZVRSam5LY3V0OWgyUWxWRFhZeFpqandvalZjSWFGSVZvcGRvQUszNUl1am84OG8xMnpCTFE3T0Q5bkI5RHBFOHN1UDZUQU9LRlFHQQ?oc=5
2025-03-03,GOOGL,Google,"Is Google Stock A Buy, Sell, Or Hold As Layoffs At The Tech Giant Continue? - Barchart.com","EN
Sign in
Before you continue to Google
We use cookies and data to
Deliver and maintain Google services
Track outages and protect against spam, fraud, and abuse
Measure audience engagement and site statistics to understand how our services are used and enhance the quality of those services
If you choose to “Accept all,” we will also use cookies and data to
Develop and improve new services
Deliver and measure the effectiveness of ads
Show personalized content, depending on your settings
Show personalized ads, depending on your settings
If you choose to “Reject all,” we will not use cookies for these additional purposes.
Non-personalized content is influenced by things like the content you’re currently viewing, activity in your active Search session, and your location. Non-personalized ads are influenced by the content you’re currently viewing and your general location. Personalized content and ads can also include more relevant results, recommendations, and tailored ads based on past activity from this browser, like previous Google searches. We also use cookies and data to tailor the experience to be age-appropriate, if relevant.
Select “More options” to see additional information, including details about managing your privacy settings. You can also visit g.co/privacytools at any time.
Reject all
Accept all
More options
Privacy Policy
Terms of Service",https://news.google.com/rss/articles/CBMiuAFBVV95cUxNck1NNDVrOGxGNVdJLTZWTTkzVnFSNWo2bDFMcmRPSGtyR3JpcUI0NTM2NUpYX0V5M21aX1JDc0tiMkJlNzdVNG4zZ1FSSFAzaEhqVjFGOGVOaWVBekNEb2ZxREh2U0dqV0NQV2lCMndRaUpKbVRGWGZybVlMcE1PSTZwTFN2V2lvSVFKNjdKamgzdm9HbWl2SkFwSGRkazFMZnVydVEtY0NFclo3VlpsNEZENENMOVV4?oc=5
2025-03-10,GOOGL,Google,Google parent Alphabet’s stock sinks as Trump’s DOJ confirms push for antitrust breakup - New York Post,"EN
Sign in
Before you continue to Google
We use cookies and data to
Deliver and maintain Google services
Track outages and protect against spam, fraud, and abuse
Measure audience engagement and site statistics to understand how our services are used and enhance the quality of those services
If you choose to “Accept all,” we will also use cookies and data to
Develop and improve new services
Deliver and measure the effectiveness of ads
Show personalized content, depending on your settings
Show personalized ads, depending on your settings
If you choose to “Reject all,” we will not use cookies for these additional purposes.
Non-personalized content is influenced by things like the content you’re currently viewing, activity in your active Search session, and your location. Non-personalized ads are influenced by the content you’re currently viewing and your general location. Personalized content and ads can also include more relevant results, recommendations, and tailored ads based on past activity from this browser, like previous Google searches. We also use cookies and data to tailor the experience to be age-appropriate, if relevant.
Select “More options” to see additional information, including details about managing your privacy settings. You can also visit g.co/privacytools at any time.
Reject all
Accept all
More options
Privacy Policy
Terms of Service",https://news.google.com/rss/articles/CBMiwwFBVV95cUxPdFNySVFxSTVfMzNmcDBCMGl6NWxqSkkxUE9WVFA5TWxIOW5yeFZNU1ZrMHdod1lPaFNMaTRnT2JBVXFJQkxBRjJ0b1J3V25xdENXdUkzOWpuR1I2U2k3b3RneTMxYU44UWtFSkNNcDVaemJoTUdib1I3NHBjVF9pSTgyOXE5WnJjMDFsRVNBelpuTVpXZ2MyaGU2SFM4aWx0Slc0MF84Q0RhbVJCcHFkMl9VZnRRR2xMcXRkQ1JIQnpOM1U?oc=5
2025-03-12,GOOGL,Google,Is Google Stock a Losing Bet or the Best Opportunity? - The Motley Fool,"EN
Sign in
Before you continue to Google
We use cookies and data to
Deliver and maintain Google services
Track outages and protect against spam, fraud, and abuse
Measure audience engagement and site statistics to understand how our services are used and enhance the quality of those services
If you choose to “Accept all,” we will also use cookies and data to
Develop and improve new services
Deliver and measure the effectiveness of ads
Show personalized content, depending on your settings
Show personalized ads, depending on your settings
If you choose to “Reject all,” we will not use cookies for these additional purposes.
Non-personalized content is influenced by things like the content you’re currently viewing, activity in your active Search session, and your location. Non-personalized ads are influenced by the content you’re currently viewing and your general location. Personalized content and ads can also include more relevant results, recommendations, and tailored ads based on past activity from this browser, like previous Google searches. We also use cookies and data to tailor the experience to be age-appropriate, if relevant.
Select “More options” to see additional information, including details about managing your privacy settings. You can also visit g.co/privacytools at any time.
Reject all
Accept all
More options
Privacy Policy
Terms of Service",https://news.google.com/rss/articles/CBMimAFBVV95cUxOd2Njei04QWlLak5KWndSMl9vU0RnSHpwWVZ6aTZXOVBwdXJCZUNJcEppcXNVVThMNnNEUmNmS2tMVFhWUC1yNGF6dld5NzhHVnh5S283TGpSWklIc3VGTVV1OE5YdlFRYVlyM0Rqb1cyYVZrU0EyNGNtWlZwNlZISGpxTHVnZDMwVW92V1RNSVplcHp4RDJ1UQ?oc=5
2025-02-24,GOOGL,Google,Salesforce Earnings Preview: Google Deal in Focus as Stock Slides - tastylive,"EN
Sign in
Before you continue to Google
We use cookies and data to
Deliver and maintain Google services
Track outages and protect against spam, fraud, and abuse
Measure audience engagement and site statistics to understand how our services are used and enhance the quality of those services
If you choose to “Accept all,” we will also use cookies and data to
Develop and improve new services
Deliver and measure the effectiveness of ads
Show personalized content, depending on your settings
Show personalized ads, depending on your settings
If you choose to “Reject all,” we will not use cookies for these additional purposes.
Non-personalized content is influenced by things like the content you’re currently viewing, activity in your active Search session, and your location. Non-personalized ads are influenced by the content you’re currently viewing and your general location. Personalized content and ads can also include more relevant results, recommendations, and tailored ads based on past activity from this browser, like previous Google searches. We also use cookies and data to tailor the experience to be age-appropriate, if relevant.
Select “More options” to see additional information, including details about managing your privacy settings. You can also visit g.co/privacytools at any time.
Reject all
Accept all
More options
Privacy Policy
Terms of Service",https://news.google.com/rss/articles/CBMinwFBVV95cUxPSkZYbjREZDBTbUVOSkp3VU9YbU1aS3EyOEZkY2NtZjUtS2hUNTVVR2VpVkdVWGI5VlE4NFJob3VvRHBXUndSY3Z6UGNHRncwYVhGaXJWeEl0Wk5OS2EwdVZYaURlZHRLSks0QWQ4YklMNWNSS1lZNzJ0S1o4QXkxLTFMaFlCckN2T2prMGdtb0Y5YjhCUXBndmVQcDhMSzA?oc=5
2025-03-18,GOOGL,Google,Google Stock Slips. It’s Buying Cloud Security Start-Up Wiz for $32 Billion. - Barron's,"EN
Sign in
Before you continue to Google
We use cookies and data to
Deliver and maintain Google services
Track outages and protect against spam, fraud, and abuse
Measure audience engagement and site statistics to understand how our services are used and enhance the quality of those services
If you choose to “Accept all,” we will also use cookies and data to
Develop and improve new services
Deliver and measure the effectiveness of ads
Show personalized content, depending on your settings
Show personalized ads, depending on your settings
If you choose to “Reject all,” we will not use cookies for these additional purposes.
Non-personalized content is influenced by things like the content you’re currently viewing, activity in your active Search session, and your location. Non-personalized ads are influenced by the content you’re currently viewing and your general location. Personalized content and ads can also include more relevant results, recommendations, and tailored ads based on past activity from this browser, like previous Google searches. We also use cookies and data to tailor the experience to be age-appropriate, if relevant.
Select “More options” to see additional information, including details about managing your privacy settings. You can also visit g.co/privacytools at any time.
Reject all
Accept all
More options
Privacy Policy
Terms of Service",https://news.google.com/rss/articles/CBMijAFBVV95cUxQUm5TbGQ0WnJBd2otY25McmN4c0NET1U0WUtlOFF3cG5pOHpiMklUTm1mS3FjV3lMX0RGOW9yUG4tQnFPWHBwMVNSZmh1alQ1Y1V2Sm5jZHpDMFV5S1VzdzM4b0JycHZySFh1UzdCaUlOQ0c3aGNjN3BZZWpnTEZ5MkhYVDBvVDJic05xTQ?oc=5
2025-03-18,GOOGL,Google,"Alphabet To Acquire Cybersecurity Firm Wiz In All Cash, $32 Billion Deal. Google Stock Falls. - Investor's Business Daily","EN
Sign in
Before you continue to Google
We use cookies and data to
Deliver and maintain Google services
Track outages and protect against spam, fraud, and abuse
Measure audience engagement and site statistics to understand how our services are used and enhance the quality of those services
If you choose to “Accept all,” we will also use cookies and data to
Develop and improve new services
Deliver and measure the effectiveness of ads
Show personalized content, depending on your settings
Show personalized ads, depending on your settings
If you choose to “Reject all,” we will not use cookies for these additional purposes.
Non-personalized content is influenced by things like the content you’re currently viewing, activity in your active Search session, and your location. Non-personalized ads are influenced by the content you’re currently viewing and your general location. Personalized content and ads can also include more relevant results, recommendations, and tailored ads based on past activity from this browser, like previous Google searches. We also use cookies and data to tailor the experience to be age-appropriate, if relevant.
Select “More options” to see additional information, including details about managing your privacy settings. You can also visit g.co/privacytools at any time.
Reject all
Accept all
More options
Privacy Policy
Terms of Service",https://news.google.com/rss/articles/CBMiowFBVV95cUxPaXhTOWhEVWNoOF84ekx2cGJkZHNHem1Xay1vWGlrNUZUcm1iSWNYZjhNNDdreE9NbXUzV2QxbkhMMFJkMUVDNUNFU2NtRGs2bmZ0by1scmFYQUlGa2pWaGF0bDhVaEFhTXNtZnF1R0dLNE9icDQ3b0NWbG5CX1NaOG9WSDhZNENjdHpjM0FLZXhxeUVJM3ctMzZUTFdacmd4WGxF?oc=5
2025-03-07,GOOGL,Google,Google Stock: Why Now Could Be The Best Time To Buy Before It Soars (NASDAQ:GOOGL) - Seeking Alpha,"EN
Sign in
Before you continue to Google
We use cookies and data to
Deliver and maintain Google services
Track outages and protect against spam, fraud, and abuse
Measure audience engagement and site statistics to understand how our services are used and enhance the quality of those services
If you choose to “Accept all,” we will also use cookies and data to
Develop and improve new services
Deliver and measure the effectiveness of ads
Show personalized content, depending on your settings
Show personalized ads, depending on your settings
If you choose to “Reject all,” we will not use cookies for these additional purposes.
Non-personalized content is influenced by things like the content you’re currently viewing, activity in your active Search session, and your location. Non-personalized ads are influenced by the content you’re currently viewing and your general location. Personalized content and ads can also include more relevant results, recommendations, and tailored ads based on past activity from this browser, like previous Google searches. We also use cookies and data to tailor the experience to be age-appropriate, if relevant.
Select “More options” to see additional information, including details about managing your privacy settings. You can also visit g.co/privacytools at any time.
Reject all
Accept all
More options
Privacy Policy
Terms of Service",https://news.google.com/rss/articles/CBMiqwFBVV95cUxQS2RyeWgwOVc1LWlvaUZKNGJQTzdMZjJ3SWlTZTBPQk9ZZGxWQkZwMHljbGpxd2RQOHZRRGJua283YVpvRUp4NHpZcHVsOHJCb3ZmSnRMTVM4ZWNBVExBb1FDNHlkdm91UlIwUG4wdlQ5TEFMeEtiT05NS05sRHN5aFBsdzBmZEllSEVWLTFKZEFrcHdRTkhjVVEwckpLYWhRZ2E1ck02bnBsQ00?oc=5
2025-03-01,GOOGL,Google,Is Alphabet Inc. (GOOG) The Best Money Making Stock To Buy Now? - Yahoo Finance,"EN
Sign in
Before you continue to Google
We use cookies and data to
Deliver and maintain Google services
Track outages and protect against spam, fraud, and abuse
Measure audience engagement and site statistics to understand how our services are used and enhance the quality of those services
If you choose to “Accept all,” we will also use cookies and data to
Develop and improve new services
Deliver and measure the effectiveness of ads
Show personalized content, depending on your settings
Show personalized ads, depending on your settings
If you choose to “Reject all,” we will not use cookies for these additional purposes.
Non-personalized content is influenced by things like the content you’re currently viewing, activity in your active Search session, and your location. Non-personalized ads are influenced by the content you’re currently viewing and your general location. Personalized content and ads can also include more relevant results, recommendations, and tailored ads based on past activity from this browser, like previous Google searches. We also use cookies and data to tailor the experience to be age-appropriate, if relevant.
Select “More options” to see additional information, including details about managing your privacy settings. You can also visit g.co/privacytools at any time.
Reject all
Accept all
More options
Privacy Policy
Terms of Service",https://news.google.com/rss/articles/CBMif0FVX3lxTFBIaTVCbHcySUk3TmtmdmRmZ21JWXRQWGVrbFVYdnFVX2hoTnJ2MFBmcjZ0Ql9FTWhBeHpJUFRhaUlhSVhzaWdFUVRyZXZDTkdzaEw2d2taMzVGWjN1ME5EdUpTYm1rWEVJZzVyNDBWdHFTeDRVYnN5R2t2Zjc3ajA?oc=5
2025-03-08,GOOGL,Google,Prediction: Alphabet Stock Could Surge by 100% (or More) in the Next 5 Years - The Motley Fool,"EN
Sign in
Before you continue to Google
We use cookies and data to
Deliver and maintain Google services
Track outages and protect against spam, fraud, and abuse
Measure audience engagement and site statistics to understand how our services are used and enhance the quality of those services
If you choose to “Accept all,” we will also use cookies and data to
Develop and improve new services
Deliver and measure the effectiveness of ads
Show personalized content, depending on your settings
Show personalized ads, depending on your settings
If you choose to “Reject all,” we will not use cookies for these additional purposes.
Non-personalized content is influenced by things like the content you’re currently viewing, activity in your active Search session, and your location. Non-personalized ads are influenced by the content you’re currently viewing and your general location. Personalized content and ads can also include more relevant results, recommendations, and tailored ads based on past activity from this browser, like previous Google searches. We also use cookies and data to tailor the experience to be age-appropriate, if relevant.
Select “More options” to see additional information, including details about managing your privacy settings. You can also visit g.co/privacytools at any time.
Reject all
Accept all
More options
Privacy Policy
Terms of Service",https://news.google.com/rss/articles/CBMikwFBVV95cUxNR1NuX2xZNDZyQzBUelNXQU1jeURjbFktX0VnYUVaYlpDaFdpOHFVOWpFRVZvZE1CUmdBVGhMQ3FMakw3REtOOFVZdWJkTDNfMGRMY0NWRExycWlXSktyQkdadnlidnNOd3hXLVEwRE1OMTdUdmRPNnUyOVBKUnlNSnVEUGJLTlQtTGFES0tJRHZNSkk?oc=5
2025-03-18,GOOGL,Google,How Did This Company With Just 1% Profits Outperform Google Stock? - Forbes,"EN
Sign in
Before you continue to Google
We use cookies and data to
Deliver and maintain Google services
Track outages and protect against spam, fraud, and abuse
Measure audience engagement and site statistics to understand how our services are used and enhance the quality of those services
If you choose to “Accept all,” we will also use cookies and data to
Develop and improve new services
Deliver and measure the effectiveness of ads
Show personalized content, depending on your settings
Show personalized ads, depending on your settings
If you choose to “Reject all,” we will not use cookies for these additional purposes.
Non-personalized content is influenced by things like the content you’re currently viewing, activity in your active Search session, and your location. Non-personalized ads are influenced by the content you’re currently viewing and your general location. Personalized content and ads can also include more relevant results, recommendations, and tailored ads based on past activity from this browser, like previous Google searches. We also use cookies and data to tailor the experience to be age-appropriate, if relevant.
Select “More options” to see additional information, including details about managing your privacy settings. You can also visit g.co/privacytools at any time.
Reject all
Accept all
More options
Privacy Policy
Terms of Service",https://news.google.com/rss/articles/CBMiwAFBVV95cUxOWElHVURlUDZBYXNnSDR0aG11RkJhT3dwWURKczFyanBjSWZNQ0hfNE5TVkFybmkyYXFnb09WRnV5ZjRQWkM2VFJZLVlNb2std25LRk1sWkFlLW5SYTRkSkMyUUUyQkdvNnZtM2lHdzMzZ0hDMHVTdGtMS3RFdHppTlhDbmxjMXBsRXN5anZJQl9PNzBrX2tyQmNSdVVMbU54XzRrb0EyZXRuMTk1TFRGT0NEU044SW96T3oyRWJwQS0?oc=5
2025-03-10,GOOGL,Google,Wall Street Hopes For Trump-Google Antitrust Deal Take A Blow - Investor's Business Daily,"EN
Sign in
Before you continue to Google
We use cookies and data to
Deliver and maintain Google services
Track outages and protect against spam, fraud, and abuse
Measure audience engagement and site statistics to understand how our services are used and enhance the quality of those services
If you choose to “Accept all,” we will also use cookies and data to
Develop and improve new services
Deliver and measure the effectiveness of ads
Show personalized content, depending on your settings
Show personalized ads, depending on your settings
If you choose to “Reject all,” we will not use cookies for these additional purposes.
Non-personalized content is influenced by things like the content you’re currently viewing, activity in your active Search session, and your location. Non-personalized ads are influenced by the content you’re currently viewing and your general location. Personalized content and ads can also include more relevant results, recommendations, and tailored ads based on past activity from this browser, like previous Google searches. We also use cookies and data to tailor the experience to be age-appropriate, if relevant.
Select “More options” to see additional information, including details about managing your privacy settings. You can also visit g.co/privacytools at any time.
Reject all
Accept all
More options
Privacy Policy
Terms of Service",https://news.google.com/rss/articles/CBMiqgFBVV95cUxNQzNhYWdXYWZJMUFuMWY1VjhtYlFqbThRdkRReU1lMDBRN19RRDZUaWNCb3Q2RVdGOG1pS1pXOWxWRDFvbFlGUVJvVlAtTFdZN25NcGx5NmpQeTF4RlJFTHN2R1ladWl2QkowQkdYaXRhWkl2UzBGSHF1aFlRSF9xQzVtVFNjN1dWZ05BMk5VQVdvUm0tTlZXSlFCVWFoVlFackxyVmVRV1kxUQ?oc=5
2025-03-14,GOOGL,Google,"Stock market today: Dow, S&P 500, Nasdaq close higher as Nvidia pops, Google slides - Yahoo Finance","EN
Sign in
Before you continue to Google
We use cookies and data to
Deliver and maintain Google services
Track outages and protect against spam, fraud, and abuse
Measure audience engagement and site statistics to understand how our services are used and enhance the quality of those services
If you choose to “Accept all,” we will also use cookies and data to
Develop and improve new services
Deliver and measure the effectiveness of ads
Show personalized content, depending on your settings
Show personalized ads, depending on your settings
If you choose to “Reject all,” we will not use cookies for these additional purposes.
Non-personalized content is influenced by things like the content you’re currently viewing, activity in your active Search session, and your location. Non-personalized ads are influenced by the content you’re currently viewing and your general location. Personalized content and ads can also include more relevant results, recommendations, and tailored ads based on past activity from this browser, like previous Google searches. We also use cookies and data to tailor the experience to be age-appropriate, if relevant.
Select “More options” to see additional information, including details about managing your privacy settings. You can also visit g.co/privacytools at any time.
Reject all
Accept all
More options
Privacy Policy
Terms of Service",https://news.google.com/rss/articles/CBMiyAFBVV95cUxPTG1pd2lTeGkzZ3ZNeUlNaTBLVmZMLUxoeEx1UVpucU5YYVVnWnBmaXVWQVZRYTdUYURHUVhTZWpUSXdxLTJpM1NyUjNoTExfOS1YcjB6ZklvUzlnMFhUcU9UelJuYmF0U29DS3VoOGcwcEFBaFM0OWVVN2xoQXFJZ3BpZlhna2p3dDZhQUw3MHpVZXZtWXlnN3NWQWQ5MW9NMHZaZEhnMjU5Mkl1bWpGN3ZLX3h5czR0dDZQSUI4UlV2NnVUd1JiNg?oc=5
2025-03-04,GOOGL,Google,Alphabet: Google Cloud Is Taking Market Share From AWS And Azure (NASDAQ:GOOG) - Seeking Alpha,"EN
Sign in
Before you continue to Google
We use cookies and data to
Deliver and maintain Google services
Track outages and protect against spam, fraud, and abuse
Measure audience engagement and site statistics to understand how our services are used and enhance the quality of those services
If you choose to “Accept all,” we will also use cookies and data to
Develop and improve new services
Deliver and measure the effectiveness of ads
Show personalized content, depending on your settings
Show personalized ads, depending on your settings
If you choose to “Reject all,” we will not use cookies for these additional purposes.
Non-personalized content is influenced by things like the content you’re currently viewing, activity in your active Search session, and your location. Non-personalized ads are influenced by the content you’re currently viewing and your general location. Personalized content and ads can also include more relevant results, recommendations, and tailored ads based on past activity from this browser, like previous Google searches. We also use cookies and data to tailor the experience to be age-appropriate, if relevant.
Select “More options” to see additional information, including details about managing your privacy settings. You can also visit g.co/privacytools at any time.
Reject all
Accept all
More options
Privacy Policy
Terms of Service",https://news.google.com/rss/articles/CBMipwFBVV95cUxNSXdjYmxQd2R5MHBVX1dwSG4yZXJGd0pEXzFrNnd4WlRTazRJNGhYM1NCOFc0LWlyVVpFa1lxT2Rsa2h0SjVkWm1PYUhBOHVFWUtRYU5MbDMwVmZPM3NUdzNvaU5DQ1pfREV3Z1FJNmgtYUhsZmRxajI4VExCSVMwb0dXYkg0T3NNamJ6VXBnSnVGdW5vX015T0lTNlZrRXRkUEpsYk5Faw?oc=5
2025-03-21,GOOGL,Google,"Google Stock: Internet Giants' 'Section 230' Protections Targeted By Bipartisan Bill, Says Report - Investor's Business Daily","EN
Sign in
Before you continue to Google
We use cookies and data to
Deliver and maintain Google services
Track outages and protect against spam, fraud, and abuse
Measure audience engagement and site statistics to understand how our services are used and enhance the quality of those services
If you choose to “Accept all,” we will also use cookies and data to
Develop and improve new services
Deliver and measure the effectiveness of ads
Show personalized content, depending on your settings
Show personalized ads, depending on your settings
If you choose to “Reject all,” we will not use cookies for these additional purposes.
Non-personalized content is influenced by things like the content you’re currently viewing, activity in your active Search session, and your location. Non-personalized ads are influenced by the content you’re currently viewing and your general location. Personalized content and ads can also include more relevant results, recommendations, and tailored ads based on past activity from this browser, like previous Google searches. We also use cookies and data to tailor the experience to be age-appropriate, if relevant.
Select “More options” to see additional information, including details about managing your privacy settings. You can also visit g.co/privacytools at any time.
Reject all
Accept all
More options
Privacy Policy
Terms of Service",https://news.google.com/rss/articles/CBMiogFBVV95cUxQYUJHb1dSY2R1V3RlM2VORXF0cnZjWmEyZFVvNEY0elZ6VE1uN3pqYVV1TEI0bnN6ZlFJS0dkaHQ0WTQ2VW5RWFk2NVdiZURYdGFYT3FmUkpjRmxQWTZsS3M0bk1HQk16T1NULVdJeHg5akc5bW5xa2NiQ2hqNk1oUFNhOE5RUGFHbVVXR29KOEpNSEZQYnhWZ3IwZnJQR3N6T1E?oc=5
2025-02-27,GOOGL,Google,Jim Cramer Says He’s Started Selling Alphabet Inc. (GOOG) Shares - Yahoo Finance,"EN
Sign in
Before you continue to Google
We use cookies and data to
Deliver and maintain Google services
Track outages and protect against spam, fraud, and abuse
Measure audience engagement and site statistics to understand how our services are used and enhance the quality of those services
If you choose to “Accept all,” we will also use cookies and data to
Develop and improve new services
Deliver and measure the effectiveness of ads
Show personalized content, depending on your settings
Show personalized ads, depending on your settings
If you choose to “Reject all,” we will not use cookies for these additional purposes.
Non-personalized content is influenced by things like the content you’re currently viewing, activity in your active Search session, and your location. Non-personalized ads are influenced by the content you’re currently viewing and your general location. Personalized content and ads can also include more relevant results, recommendations, and tailored ads based on past activity from this browser, like previous Google searches. We also use cookies and data to tailor the experience to be age-appropriate, if relevant.
Select “More options” to see additional information, including details about managing your privacy settings. You can also visit g.co/privacytools at any time.
Reject all
Accept all
More options
Privacy Policy
Terms of Service",https://news.google.com/rss/articles/CBMigwFBVV95cUxOTjRKU01nZXRGSWFwRW12OG5meW9aSVJWMDQ4c25Nc09GZUN1OEhqaWRnMFpVbjVCUXR6Z1FrVE1NSG1vSElqOHJUZGVGN0Q2VVZ0dS01bXRvcHZPMmtLYzNWUloxOTltUE1fMXhXVl9DdkhwS1k4OUJVWjZ0UFpfeEhqMA?oc=5
2025-03-31,GOOGL,Google,Is Google at risk of irrelevance? Alphabet’s stock drop draws comparison to Kodak. - MarketWatch,"EN
Sign in
Before you continue to Google
We use cookies and data to
Deliver and maintain Google services
Track outages and protect against spam, fraud, and abuse
Measure audience engagement and site statistics to understand how our services are used and enhance the quality of those services
If you choose to “Accept all,” we will also use cookies and data to
Develop and improve new services
Deliver and measure the effectiveness of ads
Show personalized content, depending on your settings
Show personalized ads, depending on your settings
If you choose to “Reject all,” we will not use cookies for these additional purposes.
Non-personalized content is influenced by things like the content you’re currently viewing, activity in your active Search session, and your location. Non-personalized ads are influenced by the content you’re currently viewing and your general location. Personalized content and ads can also include more relevant results, recommendations, and tailored ads based on past activity from this browser, like previous Google searches. We also use cookies and data to tailor the experience to be age-appropriate, if relevant.
Select “More options” to see additional information, including details about managing your privacy settings. You can also visit g.co/privacytools at any time.
Reject all
Accept all
More options
Privacy Policy
Terms of Service",https://news.google.com/rss/articles/CBMisgFBVV95cUxNMFktSFJ3cEw3cGhsQnlrODJ6Wk1jWkdKby1lSTFBeHZFcjlxbEZRMmF1bmVnTWl1TFB4US1YT2FnUDc4NE5vUHpydFBFYnFCWkRhUVZZRlJYcVQ0dU1VUEVwWWY2WUJScVE0aU9GWDlYN0h2ZVdRa0hDWERMMjBOYmVvdTJjRFYySzZRMFdtbnM3ZmtJLWtNNzFENV9zRjZBamZXV19NU3NwYWdiWlhmcWJR?oc=5
2025-04-16,GOOGL,Google,Time To Buy Google Stock? Absolutely. Here’s Why. - Forbes,"EN
Sign in
Before you continue to Google
We use cookies and data to
Deliver and maintain Google services
Track outages and protect against spam, fraud, and abuse
Measure audience engagement and site statistics to understand how our services are used and enhance the quality of those services
If you choose to “Accept all,” we will also use cookies and data to
Develop and improve new services
Deliver and measure the effectiveness of ads
Show personalized content, depending on your settings
Show personalized ads, depending on your settings
If you choose to “Reject all,” we will not use cookies for these additional purposes.
Non-personalized content is influenced by things like the content you’re currently viewing, activity in your active Search session, and your location. Non-personalized ads are influenced by the content you’re currently viewing and your general location. Personalized content and ads can also include more relevant results, recommendations, and tailored ads based on past activity from this browser, like previous Google searches. We also use cookies and data to tailor the experience to be age-appropriate, if relevant.
Select “More options” to see additional information, including details about managing your privacy settings. You can also visit g.co/privacytools at any time.
Reject all
Accept all
More options
Privacy Policy
Terms of Service",https://news.google.com/rss/articles/CBMinwFBVV95cUxNUGFFd1FKRUhyX0ZZQkJ4MDhrdklZZ28tODdINk5DQ2dweVpCVFplWWVSa2tzXzR2TFlqQUxYOTh2NGhwbkU5dElqZnVQczBDU0ZTVXZNRzhNUVlzaWp4Yk1oQ0ZpRmJTck15YlhEc0Fxa3pCYXViOUZkd2hYODVXbENLSXFjeGNxRmR1WUVIc0JkTEhZQUJnZGd0dEdjNFU?oc=5
2025-03-31,GOOGL,Google,Analysts reboot Google parent price target on economic concerns - TheStreet,"EN
Sign in
Before you continue to Google
We use cookies and data to
Deliver and maintain Google services
Track outages and protect against spam, fraud, and abuse
Measure audience engagement and site statistics to understand how our services are used and enhance the quality of those services
If you choose to “Accept all,” we will also use cookies and data to
Develop and improve new services
Deliver and measure the effectiveness of ads
Show personalized content, depending on your settings
Show personalized ads, depending on your settings
If you choose to “Reject all,” we will not use cookies for these additional purposes.
Non-personalized content is influenced by things like the content you’re currently viewing, activity in your active Search session, and your location. Non-personalized ads are influenced by the content you’re currently viewing and your general location. Personalized content and ads can also include more relevant results, recommendations, and tailored ads based on past activity from this browser, like previous Google searches. We also use cookies and data to tailor the experience to be age-appropriate, if relevant.
Select “More options” to see additional information, including details about managing your privacy settings. You can also visit g.co/privacytools at any time.
Reject all
Accept all
More options
Privacy Policy
Terms of Service",https://news.google.com/rss/articles/CBMiogFBVV95cUxNdDY5Q3M0TUxfOHNOQkZxZDN6WlM1bnd1d2ZwdFlHZ2dxUWh4QWYxNldnTkFYaFZIVTdlemdwLWZ1dDdjQjUxOS1hcEVSUm5UdzR0VzlveUtoWENKOFNQb2lRalNLSEdreEw3T1lYUGhqVVcwZFRqSnVpYXh5cTgxVndGZ2d1ei1pZTJEN1Ffdng5VG5TNlRsdGs5aUdpX0NfSHc?oc=5
2025-04-23,GOOGL,Google,Google Earnings Due. Here's What Could Move Alphabet Stock. - Investor's Business Daily,"EN
Sign in
Before you continue to Google
We use cookies and data to
Deliver and maintain Google services
Track outages and protect against spam, fraud, and abuse
Measure audience engagement and site statistics to understand how our services are used and enhance the quality of those services
If you choose to “Accept all,” we will also use cookies and data to
Develop and improve new services
Deliver and measure the effectiveness of ads
Show personalized content, depending on your settings
Show personalized ads, depending on your settings
If you choose to “Reject all,” we will not use cookies for these additional purposes.
Non-personalized content is influenced by things like the content you’re currently viewing, activity in your active Search session, and your location. Non-personalized ads are influenced by the content you’re currently viewing and your general location. Personalized content and ads can also include more relevant results, recommendations, and tailored ads based on past activity from this browser, like previous Google searches. We also use cookies and data to tailor the experience to be age-appropriate, if relevant.
Select “More options” to see additional information, including details about managing your privacy settings. You can also visit g.co/privacytools at any time.
Reject all
Accept all
More options
Privacy Policy
Terms of Service",https://news.google.com/rss/articles/CBMilgFBVV95cUxPTDM4YnZ1a0FaQU9kblI3bnczQVR3Z2JJOHkzZVlIMGE5U1U5VXFjcXB4SWdYQkxVaUFJb0IxUVBSQUJkMVE2cktuLTdvT0JhblRGVDVUcV9wX1R5ZnFBWnRpZENjSEkzX1RmMmFHemVKc1JDWkQxN0txLWNsY2dDR1R6Vk13QTZ2bkRmNkpNZTNSTThmUGc?oc=5
2025-03-31,GOOGL,Google,I'm Buying More Google Stock -- Here's Why - The Motley Fool,"EN
Sign in
Before you continue to Google
We use cookies and data to
Deliver and maintain Google services
Track outages and protect against spam, fraud, and abuse
Measure audience engagement and site statistics to understand how our services are used and enhance the quality of those services
If you choose to “Accept all,” we will also use cookies and data to
Develop and improve new services
Deliver and measure the effectiveness of ads
Show personalized content, depending on your settings
Show personalized ads, depending on your settings
If you choose to “Reject all,” we will not use cookies for these additional purposes.
Non-personalized content is influenced by things like the content you’re currently viewing, activity in your active Search session, and your location. Non-personalized ads are influenced by the content you’re currently viewing and your general location. Personalized content and ads can also include more relevant results, recommendations, and tailored ads based on past activity from this browser, like previous Google searches. We also use cookies and data to tailor the experience to be age-appropriate, if relevant.
Select “More options” to see additional information, including details about managing your privacy settings. You can also visit g.co/privacytools at any time.
Reject all
Accept all
More options
Privacy Policy
Terms of Service",https://news.google.com/rss/articles/CBMihwFBVV95cUxQY2NBVkJyZ1pVNnpTTkN3cDRpLWNXNzAzSW0ydVkzVjBUQURqRm5sMVVwWGJwXzN1b0tpblhycWd4S3E2QlpHdkNyR1Y5U2Vna19ZMjlfUUpyUnZaS085WHNUWnZvVGRud0dQdkI4Z2JSdWVDdzVQckIxUDdMWW1xMmdvU01hak0?oc=5
2025-04-14,GOOGL,Google,Is Google Stock A Buy Or Sell Below $160 Amidst Market Turmoil? - Barchart.com,"EN
Sign in
Before you continue to Google
We use cookies and data to
Deliver and maintain Google services
Track outages and protect against spam, fraud, and abuse
Measure audience engagement and site statistics to understand how our services are used and enhance the quality of those services
If you choose to “Accept all,” we will also use cookies and data to
Develop and improve new services
Deliver and measure the effectiveness of ads
Show personalized content, depending on your settings
Show personalized ads, depending on your settings
If you choose to “Reject all,” we will not use cookies for these additional purposes.
Non-personalized content is influenced by things like the content you’re currently viewing, activity in your active Search session, and your location. Non-personalized ads are influenced by the content you’re currently viewing and your general location. Personalized content and ads can also include more relevant results, recommendations, and tailored ads based on past activity from this browser, like previous Google searches. We also use cookies and data to tailor the experience to be age-appropriate, if relevant.
Select “More options” to see additional information, including details about managing your privacy settings. You can also visit g.co/privacytools at any time.
Reject all
Accept all
More options
Privacy Policy
Terms of Service",https://news.google.com/rss/articles/CBMiqgFBVV95cUxObVN5QU1pZzFhZXJjUHQtWjRuQXY5bkVMZnZRZkpBVHFRNUNTaklNYlRralpOcUZmYTRrRURXODdpNjVVbjY2eEp1d0NUd2Ywd1lNelgxUnRHOWx6T1FMSGk3UWY5bWk3dnFsY2VfV2l0ZTZCV3d4dVhod1M4bHZBWW9KMWo0NVhnOEUzdUg1amZyeV9xS0lFb2NVdGJ5bGNtck5aT2dpa3NJdw?oc=5
2025-04-04,GOOGL,Google,"Google's Stock Price Is Down, But Could Be a Buy - ETF Trends","EN
Sign in
Before you continue to Google
We use cookies and data to
Deliver and maintain Google services
Track outages and protect against spam, fraud, and abuse
Measure audience engagement and site statistics to understand how our services are used and enhance the quality of those services
If you choose to “Accept all,” we will also use cookies and data to
Develop and improve new services
Deliver and measure the effectiveness of ads
Show personalized content, depending on your settings
Show personalized ads, depending on your settings
If you choose to “Reject all,” we will not use cookies for these additional purposes.
Non-personalized content is influenced by things like the content you’re currently viewing, activity in your active Search session, and your location. Non-personalized ads are influenced by the content you’re currently viewing and your general location. Personalized content and ads can also include more relevant results, recommendations, and tailored ads based on past activity from this browser, like previous Google searches. We also use cookies and data to tailor the experience to be age-appropriate, if relevant.
Select “More options” to see additional information, including details about managing your privacy settings. You can also visit g.co/privacytools at any time.
Reject all
Accept all
More options
Privacy Policy
Terms of Service",https://news.google.com/rss/articles/CBMilgFBVV95cUxNb3FFb1I5RlRYV2xGUXZtcXphb1dEV1RMd0MyQm5aMndmc2xqbGpMVVl6cGZTYmpBT3dMY0stbHdUNjNIUHVtSnlYTjFHZDlzRUdzZF9wQWZ2a2FQMUxreXVvTFdiN2xlelZ5TVpqaTJDa3RMb0dzZkhJUTROZjVtdGVacHNSWFVkQnpKNHk3NVJoOGdCR2fSAZsBQVVfeXFMUE9hY09PU2xKdGYwUXJoMV9ZTGNTLVZtMTR2RlhmeXJtdnAxaldQdUw0UGc5Z2FmZXRfc05FSlQxZ2s2QWIwbnhlOWJyUWdIeFBEdm80aVdHWF9HWG1NRG9rMXRURWJ1ZVFHQ0VVbk0xaG5PTlJNQnl1dXFPdjdSLWNMSVYzdGk2VmFZMlZxUkZmR1E2V19EX2NsNVE?oc=5
2025-04-25,GOOGL,Google,"Google says deep AI investments powering ad sales, soothing anxious investors - Reuters","EN
Sign in
Before you continue to Google
We use cookies and data to
Deliver and maintain Google services
Track outages and protect against spam, fraud, and abuse
Measure audience engagement and site statistics to understand how our services are used and enhance the quality of those services
If you choose to “Accept all,” we will also use cookies and data to
Develop and improve new services
Deliver and measure the effectiveness of ads
Show personalized content, depending on your settings
Show personalized ads, depending on your settings
If you choose to “Reject all,” we will not use cookies for these additional purposes.
Non-personalized content is influenced by things like the content you’re currently viewing, activity in your active Search session, and your location. Non-personalized ads are influenced by the content you’re currently viewing and your general location. Personalized content and ads can also include more relevant results, recommendations, and tailored ads based on past activity from this browser, like previous Google searches. We also use cookies and data to tailor the experience to be age-appropriate, if relevant.
Select “More options” to see additional information, including details about managing your privacy settings. You can also visit g.co/privacytools at any time.
Reject all
Accept all
More options
Privacy Policy
Terms of Service",https://news.google.com/rss/articles/CBMiowFBVV95cUxNeDZuVUJSU3NZQzFBd2YtcndDOEg2dUFIckl5X3MxVWQ2cm05YWZYbUtqYTE1UXZMVWpKZEgtemtXVGVwRnc2eXF5eUhOVWJaZEVDY0hLa3NmMlBCMlFIN3Y0OTlCWi1GbFBFSFVRbkFYaE0xN2xzY2s0ajBSNUVZeWpIdmJYV3F4TlZnd1RLVDVreEtsUGExemwzYTRNOHRZV25J?oc=5
2025-04-07,GOOGL,Google,"GOOG Stock Could Be the “Steal of the Century,” Veteran Investor Says - Yahoo Finance","EN
Sign in
Before you continue to Google
We use cookies and data to
Deliver and maintain Google services
Track outages and protect against spam, fraud, and abuse
Measure audience engagement and site statistics to understand how our services are used and enhance the quality of those services
If you choose to “Accept all,” we will also use cookies and data to
Develop and improve new services
Deliver and measure the effectiveness of ads
Show personalized content, depending on your settings
Show personalized ads, depending on your settings
If you choose to “Reject all,” we will not use cookies for these additional purposes.
Non-personalized content is influenced by things like the content you’re currently viewing, activity in your active Search session, and your location. Non-personalized ads are influenced by the content you’re currently viewing and your general location. Personalized content and ads can also include more relevant results, recommendations, and tailored ads based on past activity from this browser, like previous Google searches. We also use cookies and data to tailor the experience to be age-appropriate, if relevant.
Select “More options” to see additional information, including details about managing your privacy settings. You can also visit g.co/privacytools at any time.
Reject all
Accept all
More options
Privacy Policy
Terms of Service",https://news.google.com/rss/articles/CBMiggFBVV95cUxON0k5ckVOdnh3VFZCY1pORDVxbGFzRTRFQ1YyNW5HOHd0QTgwOUwzenZOTTFLVVYwY3E5Ti1ud2wtem1Wc3dUdk9VZkR5Q0k3aHNiVG9SSEU1RTBlem9YSEhwQmlHYXBaM2pzakhxT1o3S1BXWkVjTjN2WVJGSTE5TkRn?oc=5
2025-04-24,GOOGL,Google,Google Parent Alphabet's Stock Climbs as AI-Fueled Search Growth Drives Revenue Beat - Investopedia,"EN
Sign in
Before you continue to Google
We use cookies and data to
Deliver and maintain Google services
Track outages and protect against spam, fraud, and abuse
Measure audience engagement and site statistics to understand how our services are used and enhance the quality of those services
If you choose to “Accept all,” we will also use cookies and data to
Develop and improve new services
Deliver and measure the effectiveness of ads
Show personalized content, depending on your settings
Show personalized ads, depending on your settings
If you choose to “Reject all,” we will not use cookies for these additional purposes.
Non-personalized content is influenced by things like the content you’re currently viewing, activity in your active Search session, and your location. Non-personalized ads are influenced by the content you’re currently viewing and your general location. Personalized content and ads can also include more relevant results, recommendations, and tailored ads based on past activity from this browser, like previous Google searches. We also use cookies and data to tailor the experience to be age-appropriate, if relevant.
Select “More options” to see additional information, including details about managing your privacy settings. You can also visit g.co/privacytools at any time.
Reject all
Accept all
More options
Privacy Policy
Terms of Service",https://news.google.com/rss/articles/CBMihgFBVV95cUxPLVJZX1JPcnY4SVhoYkZYM1ZwaWtNUW1iSzNDZENSbXBWbTBoOFIxWEx0ZFpuakJqQ0JaR19QWE9iYWNwOEZHd3ZlM18zZGpDZDRac2hhMUMtYVlLSHNBLThGTEExaVF1Yk01NWtoakxJZkZoOVNheEdzV00wcklqODFpaTkzdw?oc=5
2025-04-21,GOOGL,Google,"Going Into Earnings, Is Alphabet Stock a Buy, a Sell, or Fairly Valued? - Morningstar","EN
Sign in
Before you continue to Google
We use cookies and data to
Deliver and maintain Google services
Track outages and protect against spam, fraud, and abuse
Measure audience engagement and site statistics to understand how our services are used and enhance the quality of those services
If you choose to “Accept all,” we will also use cookies and data to
Develop and improve new services
Deliver and measure the effectiveness of ads
Show personalized content, depending on your settings
Show personalized ads, depending on your settings
If you choose to “Reject all,” we will not use cookies for these additional purposes.
Non-personalized content is influenced by things like the content you’re currently viewing, activity in your active Search session, and your location. Non-personalized ads are influenced by the content you’re currently viewing and your general location. Personalized content and ads can also include more relevant results, recommendations, and tailored ads based on past activity from this browser, like previous Google searches. We also use cookies and data to tailor the experience to be age-appropriate, if relevant.
Select “More options” to see additional information, including details about managing your privacy settings. You can also visit g.co/privacytools at any time.
Reject all
Accept all
More options
Privacy Policy
Terms of Service",https://news.google.com/rss/articles/CBMiogFBVV95cUxNenFobTRYdGctb1NiNGo3Nl9nN0M1T0FOdXI2eDAyX0ZNdXNUYmtyOFdaOFBxSjEydmtlQVR5LTM0aEhtM3VWU3lrR01iWjE1dWdNSHJDNmFFN2E4eUtKVUhnT2QxR1JRQ09YMjh5cHdkNFc3XzBSZXhSUHluSGZmWTdmcHVSMV9DLWNpaUZUdWxVdk1vRjU5SG1sMU1TNGhpUkE?oc=5
2025-04-21,GOOGL,Google,How Will Alphabet Stock React To Its Upcoming Earnings? - Trefis,"EN
Sign in
Before you continue to Google
We use cookies and data to
Deliver and maintain Google services
Track outages and protect against spam, fraud, and abuse
Measure audience engagement and site statistics to understand how our services are used and enhance the quality of those services
If you choose to “Accept all,” we will also use cookies and data to
Develop and improve new services
Deliver and measure the effectiveness of ads
Show personalized content, depending on your settings
Show personalized ads, depending on your settings
If you choose to “Reject all,” we will not use cookies for these additional purposes.
Non-personalized content is influenced by things like the content you’re currently viewing, activity in your active Search session, and your location. Non-personalized ads are influenced by the content you’re currently viewing and your general location. Personalized content and ads can also include more relevant results, recommendations, and tailored ads based on past activity from this browser, like previous Google searches. We also use cookies and data to tailor the experience to be age-appropriate, if relevant.
Select “More options” to see additional information, including details about managing your privacy settings. You can also visit g.co/privacytools at any time.
Reject all
Accept all
More options
Privacy Policy
Terms of Service",https://news.google.com/rss/articles/CBMitgFBVV95cUxQV1Z4VjNYMjVCU3Q2Q2l0SHNiTkRnRlN5NU1oSDBLc1EzZkt2VWtTazVvdHJuV1NzVW1qOEVMQk5vbUE1RklqWlJQa05qdWhEbGlfaWVCSHYtWXgwYi15ZjBtdU5zb2pNbzk2cXltSkRqNXFhZHdDZXNJMHNzQ3kwdGFvRnlhanE3QUZMRG5kdTI3WWZfdUhVSlh3NVdWemk5TkgxdktWSFM2ZnhKSnZERnR3LUx1UQ?oc=5
2025-03-31,GOOGL,Google,I'm Buying More Google Stock -- Here's Why - Nasdaq,"EN
Sign in
Before you continue to Google
We use cookies and data to
Deliver and maintain Google services
Track outages and protect against spam, fraud, and abuse
Measure audience engagement and site statistics to understand how our services are used and enhance the quality of those services
If you choose to “Accept all,” we will also use cookies and data to
Develop and improve new services
Deliver and measure the effectiveness of ads
Show personalized content, depending on your settings
Show personalized ads, depending on your settings
If you choose to “Reject all,” we will not use cookies for these additional purposes.
Non-personalized content is influenced by things like the content you’re currently viewing, activity in your active Search session, and your location. Non-personalized ads are influenced by the content you’re currently viewing and your general location. Personalized content and ads can also include more relevant results, recommendations, and tailored ads based on past activity from this browser, like previous Google searches. We also use cookies and data to tailor the experience to be age-appropriate, if relevant.
Select “More options” to see additional information, including details about managing your privacy settings. You can also visit g.co/privacytools at any time.
Reject all
Accept all
More options
Privacy Policy
Terms of Service",https://news.google.com/rss/articles/CBMieEFVX3lxTE5qNkUtZWtTc2FDYlpIaEU1bXhMaXJnR0dNR1VYeVFKV2RkTE9JREpla05VazNJQUg2SGJYbXlzMFdCMjFmNzFEVWh1SHRYSkRvM3pCMHBxVDZ6ektOdDRDNHk0clhPUFFIeFRwclJMTVktLWY5RmpmYw?oc=5
2025-04-17,GOOGL,Google,Federal Judge Rules Against Google In Advertising Antitrust Case. Trade Desk Gains. - Investor's Business Daily,"EN
Sign in
Before you continue to Google
We use cookies and data to
Deliver and maintain Google services
Track outages and protect against spam, fraud, and abuse
Measure audience engagement and site statistics to understand how our services are used and enhance the quality of those services
If you choose to “Accept all,” we will also use cookies and data to
Develop and improve new services
Deliver and measure the effectiveness of ads
Show personalized content, depending on your settings
Show personalized ads, depending on your settings
If you choose to “Reject all,” we will not use cookies for these additional purposes.
Non-personalized content is influenced by things like the content you’re currently viewing, activity in your active Search session, and your location. Non-personalized ads are influenced by the content you’re currently viewing and your general location. Personalized content and ads can also include more relevant results, recommendations, and tailored ads based on past activity from this browser, like previous Google searches. We also use cookies and data to tailor the experience to be age-appropriate, if relevant.
Select “More options” to see additional information, including details about managing your privacy settings. You can also visit g.co/privacytools at any time.
Reject all
Accept all
More options
Privacy Policy
Terms of Service",https://news.google.com/rss/articles/CBMiuwFBVV95cUxOdmVsckhaZnJIWWdYc2otWmV1ZTltYXpHTTVWa2FLb0hrZjNPUHRadm9JTmNTcjQ5RmJ6MGRzUXUxcWtFc3E3Q0FQTFNxSVR0QVFrdkNSZWpzQndaY0Z6eThiX3dST0hqTHlJSm9URzVDNWxPVlJXTnh3dFVIOFljczQydU53S1p1UzVOSVJuUmJDTEplOUNUT05oQjlJQkxkVmlUS19rNEM4NG1mUlVraGJyZTZNU0U4UWlB?oc=5
2025-04-16,GOOGL,Google,Large Unusual Activity In GOOG Puts - Funds Hedging Alphabet Stock Bets - Barchart.com,"EN
Sign in
Before you continue to Google
We use cookies and data to
Deliver and maintain Google services
Track outages and protect against spam, fraud, and abuse
Measure audience engagement and site statistics to understand how our services are used and enhance the quality of those services
If you choose to “Accept all,” we will also use cookies and data to
Develop and improve new services
Deliver and measure the effectiveness of ads
Show personalized content, depending on your settings
Show personalized ads, depending on your settings
If you choose to “Reject all,” we will not use cookies for these additional purposes.
Non-personalized content is influenced by things like the content you’re currently viewing, activity in your active Search session, and your location. Non-personalized ads are influenced by the content you’re currently viewing and your general location. Personalized content and ads can also include more relevant results, recommendations, and tailored ads based on past activity from this browser, like previous Google searches. We also use cookies and data to tailor the experience to be age-appropriate, if relevant.
Select “More options” to see additional information, including details about managing your privacy settings. You can also visit g.co/privacytools at any time.
Reject all
Accept all
More options
Privacy Policy
Terms of Service",https://news.google.com/rss/articles/CBMitAFBVV95cUxQSXQ4U0FNUjZuWENaQlVyakdDOGdmaTc2eUdneHFxQUEtc1hQX1FQWFhmWERhZndZNjMybkg2aWtBYlFYWHhpbGI5czhSQVl1Rlg2V29zUUlfYlZQWDFtV1RWLVdiaV9mUHpaa25lUDB0TldnMVNwOWl0S0xkZ0NLRTFqSGJ3eUV2SGtCcnlYSEQ4MGZLdTJGNjJXSjFScjlTVDJ1eGxoR05rMnViSnhraW8weFE?oc=5
2025-04-24,GOOGL,Google,Google Earnings: Stock Soars As Q1 Results Shatter Expectations - Forbes,"EN
Sign in
Before you continue to Google
We use cookies and data to
Deliver and maintain Google services
Track outages and protect against spam, fraud, and abuse
Measure audience engagement and site statistics to understand how our services are used and enhance the quality of those services
If you choose to “Accept all,” we will also use cookies and data to
Develop and improve new services
Deliver and measure the effectiveness of ads
Show personalized content, depending on your settings
Show personalized ads, depending on your settings
If you choose to “Reject all,” we will not use cookies for these additional purposes.
Non-personalized content is influenced by things like the content you’re currently viewing, activity in your active Search session, and your location. Non-personalized ads are influenced by the content you’re currently viewing and your general location. Personalized content and ads can also include more relevant results, recommendations, and tailored ads based on past activity from this browser, like previous Google searches. We also use cookies and data to tailor the experience to be age-appropriate, if relevant.
Select “More options” to see additional information, including details about managing your privacy settings. You can also visit g.co/privacytools at any time.
Reject all
Accept all
More options
Privacy Policy
Terms of Service",https://news.google.com/rss/articles/CBMiswFBVV95cUxNTVZVRXRDZWpCOTNsMkNDdXJDcHZtVVBULWNackNrZ0xtdFVTM0FtSEJkTmo1Y2YxWF9rVGw3MTlSMXljTkNMTzlheFg5QXdYM2U1TGd0ODhvT0N3Q1JCVFVZUFMtOHBiOVZRY2NoSVNCZzNBTF9QUzVPUE9pSjFlS0lYLThaZ2FVOE5xZ1BLNXFZcDJFNmhrZXBzSThJQWRKaUlybWtVamx6QjFoazRwUWJDbw?oc=5
2025-04-25,GOOGL,Google,Alphabet's stock rallies as earnings show a resilient business - MarketWatch,"EN
Sign in
Before you continue to Google
We use cookies and data to
Deliver and maintain Google services
Track outages and protect against spam, fraud, and abuse
Measure audience engagement and site statistics to understand how our services are used and enhance the quality of those services
If you choose to “Accept all,” we will also use cookies and data to
Develop and improve new services
Deliver and measure the effectiveness of ads
Show personalized content, depending on your settings
Show personalized ads, depending on your settings
If you choose to “Reject all,” we will not use cookies for these additional purposes.
Non-personalized content is influenced by things like the content you’re currently viewing, activity in your active Search session, and your location. Non-personalized ads are influenced by the content you’re currently viewing and your general location. Personalized content and ads can also include more relevant results, recommendations, and tailored ads based on past activity from this browser, like previous Google searches. We also use cookies and data to tailor the experience to be age-appropriate, if relevant.
Select “More options” to see additional information, including details about managing your privacy settings. You can also visit g.co/privacytools at any time.
Reject all
Accept all
More options
Privacy Policy
Terms of Service",https://news.google.com/rss/articles/CBMikgFBVV95cUxNeUJPeW9adTUwcHV4RGNVRy1YaHZ2UWtUN0pMQm5vSDhwVEZDUmN6VGs2UnJLS2NrSllTQVlNc1NmZzJCSjY1bDVaZTBxbVhpRklXaWRwVGhJV2tCbFFUX25pb19ybUZjWmFXajRDMk9odXpZeTEwT2VxT0hpbmdsbmR6RkJ6TnlGMEkxNUFhMXQ4Zw?oc=5
2025-04-19,GOOGL,Google,What Analysts Think of Google Parent Alphabet's Stock Ahead of Earnings - Investopedia,"EN
Sign in
Before you continue to Google
We use cookies and data to
Deliver and maintain Google services
Track outages and protect against spam, fraud, and abuse
Measure audience engagement and site statistics to understand how our services are used and enhance the quality of those services
If you choose to “Accept all,” we will also use cookies and data to
Develop and improve new services
Deliver and measure the effectiveness of ads
Show personalized content, depending on your settings
Show personalized ads, depending on your settings
If you choose to “Reject all,” we will not use cookies for these additional purposes.
Non-personalized content is influenced by things like the content you’re currently viewing, activity in your active Search session, and your location. Non-personalized ads are influenced by the content you’re currently viewing and your general location. Personalized content and ads can also include more relevant results, recommendations, and tailored ads based on past activity from this browser, like previous Google searches. We also use cookies and data to tailor the experience to be age-appropriate, if relevant.
Select “More options” to see additional information, including details about managing your privacy settings. You can also visit g.co/privacytools at any time.
Reject all
Accept all
More options
Privacy Policy
Terms of Service",https://news.google.com/rss/articles/CBMiuAFBVV95cUxOelVmTmxSQnlLNHY0MUVWQjVIRHpzWHdzSnlHOGY4WGFGVmFuTkZFOEUzUTFTVzI1SGlyb1dPdzhfb1FiYmpfakZrT3BFWGYxVV83bG1SVFJGZWtEMXJZZnFSblRxalVJRG5vajFJUkJ2ZmZaOThrTTBfZ01SNERfWVdvcEljQ2tjSjdzQWY2OEY5dEdRNjI1RFFINkRETWdSSEQ1NXB2c29MZmFaQ1VtZjF4LWVDLWZS?oc=5
2025-04-24,GOOGL,Google,Google Stock: Google Earnings Beat As Internet Search Advertising Growth Tops Estimates - Investor's Business Daily,"EN
Sign in
Before you continue to Google
We use cookies and data to
Deliver and maintain Google services
Track outages and protect against spam, fraud, and abuse
Measure audience engagement and site statistics to understand how our services are used and enhance the quality of those services
If you choose to “Accept all,” we will also use cookies and data to
Develop and improve new services
Deliver and measure the effectiveness of ads
Show personalized content, depending on your settings
Show personalized ads, depending on your settings
If you choose to “Reject all,” we will not use cookies for these additional purposes.
Non-personalized content is influenced by things like the content you’re currently viewing, activity in your active Search session, and your location. Non-personalized ads are influenced by the content you’re currently viewing and your general location. Personalized content and ads can also include more relevant results, recommendations, and tailored ads based on past activity from this browser, like previous Google searches. We also use cookies and data to tailor the experience to be age-appropriate, if relevant.
Select “More options” to see additional information, including details about managing your privacy settings. You can also visit g.co/privacytools at any time.
Reject all
Accept all
More options
Privacy Policy
Terms of Service",https://news.google.com/rss/articles/CBMiiwFBVV95cUxNb2NZaWQ1dGZ0aWJUanhubExidnJwQzdLcHlIbmxzcDVUWG0zOThURzZvUGtUaDdnZ2xyeG0wNERZcDJ3b0poVVZ3WHAzaVFOWnNCQkppYTRTZllmMzNubElORmk5MzZDTzU0Q29fVUMzNkJzZ3gtYnhRamJQN05maUxHVlNKSkVzejZN?oc=5
2025-03-28,GOOGL,Google,Is Google Stock Undervalued At $156? - Forbes,"EN
Sign in
Before you continue to Google
We use cookies and data to
Deliver and maintain Google services
Track outages and protect against spam, fraud, and abuse
Measure audience engagement and site statistics to understand how our services are used and enhance the quality of those services
If you choose to “Accept all,” we will also use cookies and data to
Develop and improve new services
Deliver and measure the effectiveness of ads
Show personalized content, depending on your settings
Show personalized ads, depending on your settings
If you choose to “Reject all,” we will not use cookies for these additional purposes.
Non-personalized content is influenced by things like the content you’re currently viewing, activity in your active Search session, and your location. Non-personalized ads are influenced by the content you’re currently viewing and your general location. Personalized content and ads can also include more relevant results, recommendations, and tailored ads based on past activity from this browser, like previous Google searches. We also use cookies and data to tailor the experience to be age-appropriate, if relevant.
Select “More options” to see additional information, including details about managing your privacy settings. You can also visit g.co/privacytools at any time.
Reject all
Accept all
More options
Privacy Policy
Terms of Service",https://news.google.com/rss/articles/CBMimAFBVV95cUxNNEE5UVVWeURxbVpvN1BfVDJveVViNmNPdnNpOXFVcDQ5bUpjeklqVHFaYk9KVVZBeGdPUTluSXcyajN2WVFlTGI5ZWtoYnAyWEx2ZzY5dW9uVHB4b080d1B3ODQ0VEpVQk5aXzZ4ZUxpYlVIN3ZIQ3pNVDY1dG5leXFudlpFb00yckNkYVY2a2dDTU5OQWl2aw?oc=5
2025-04-28,GOOGL,Google,SpaceX Stake Boosts Alphabet Earnings. Is Google Stock A Buy Or Sell? - Investor's Business Daily,"EN
Sign in
Before you continue to Google
We use cookies and data to
Deliver and maintain Google services
Track outages and protect against spam, fraud, and abuse
Measure audience engagement and site statistics to understand how our services are used and enhance the quality of those services
If you choose to “Accept all,” we will also use cookies and data to
Develop and improve new services
Deliver and measure the effectiveness of ads
Show personalized content, depending on your settings
Show personalized ads, depending on your settings
If you choose to “Reject all,” we will not use cookies for these additional purposes.
Non-personalized content is influenced by things like the content you’re currently viewing, activity in your active Search session, and your location. Non-personalized ads are influenced by the content you’re currently viewing and your general location. Personalized content and ads can also include more relevant results, recommendations, and tailored ads based on past activity from this browser, like previous Google searches. We also use cookies and data to tailor the experience to be age-appropriate, if relevant.
Select “More options” to see additional information, including details about managing your privacy settings. You can also visit g.co/privacytools at any time.
Reject all
Accept all
More options
Privacy Policy
Terms of Service",https://news.google.com/rss/articles/CBMimwFBVV95cUxQWkJPWEZRUnBYYVl4QnR2Q0VuYUFreDMxeUtTWk44cEhOYXlRVVhreGNpVGNIZVVrNmlfU1cxYVJ0MXVERFFsaWF6R3UzREduMHZrRHZ4YThuNGRjX3NZZ3VRQzU4cF92Q3BTbUo3d0dfc1VaektiWk1uYzBsWjUxaXI3THVJQUJKT2ppUDNhd3JRbjF0MEd1ZWV5VQ?oc=5
2025-04-25,GOOGL,Google,Google earnings were ‘pristine.’ But does that actually matter for Alphabet’s stock? - MarketWatch,"EN
Sign in
Before you continue to Google
We use cookies and data to
Deliver and maintain Google services
Track outages and protect against spam, fraud, and abuse
Measure audience engagement and site statistics to understand how our services are used and enhance the quality of those services
If you choose to “Accept all,” we will also use cookies and data to
Develop and improve new services
Deliver and measure the effectiveness of ads
Show personalized content, depending on your settings
Show personalized ads, depending on your settings
If you choose to “Reject all,” we will not use cookies for these additional purposes.
Non-personalized content is influenced by things like the content you’re currently viewing, activity in your active Search session, and your location. Non-personalized ads are influenced by the content you’re currently viewing and your general location. Personalized content and ads can also include more relevant results, recommendations, and tailored ads based on past activity from this browser, like previous Google searches. We also use cookies and data to tailor the experience to be age-appropriate, if relevant.
Select “More options” to see additional information, including details about managing your privacy settings. You can also visit g.co/privacytools at any time.
Reject all
Accept all
More options
Privacy Policy
Terms of Service",https://news.google.com/rss/articles/CBMivwFBVV95cUxQX29pOE1kZHhUTUtuMWpibzNnSnlQN1VKWWR0UkdkLXFxbEo2LXpGaDZVUXp6Ry1jWng3NXhaZVpLempWR3lIeXN0V1RpSlhGZXhQakwyMjRzWXVpVUhUNGJmazBjZy1nSXpZOFd5UmNlaGJZVVFXTHRpQ3g2eUlTYmRpSkgzR1paV0laNVVKRk9LZFdPUGpqYm9NUGJHX05xczNJRlRnMEJrdFI4SXUzNkFlTVRmV1ZLem14RTQxMA?oc=5
2025-04-25,GOOGL,Google,"Google stock rises after it beats on earnings, raises dividend, and authorizes $70 billion in buybacks - Yahoo Finance","EN
Sign in
Before you continue to Google
We use cookies and data to
Deliver and maintain Google services
Track outages and protect against spam, fraud, and abuse
Measure audience engagement and site statistics to understand how our services are used and enhance the quality of those services
If you choose to “Accept all,” we will also use cookies and data to
Develop and improve new services
Deliver and measure the effectiveness of ads
Show personalized content, depending on your settings
Show personalized ads, depending on your settings
If you choose to “Reject all,” we will not use cookies for these additional purposes.
Non-personalized content is influenced by things like the content you’re currently viewing, activity in your active Search session, and your location. Non-personalized ads are influenced by the content you’re currently viewing and your general location. Personalized content and ads can also include more relevant results, recommendations, and tailored ads based on past activity from this browser, like previous Google searches. We also use cookies and data to tailor the experience to be age-appropriate, if relevant.
Select “More options” to see additional information, including details about managing your privacy settings. You can also visit g.co/privacytools at any time.
Reject all
Accept all
More options
Privacy Policy
Terms of Service",https://news.google.com/rss/articles/CBMi3gFBVV95cUxOQUNMckdOZlBVdldVSDEzSkNHX19LemlyVnhEUGRPQU1ESV9za2VjbUY2cEtHSGo2eWZRU1E0akE3SnVlWktDLXZBRjRMM3RHeFJQa3JQTWhvZzFDX2N3S292ZWR3THJCRFpKYUlHOU5SaXRxTGhEVmE1Zk5QUGZneWp4RXZtTzJYb2kxdGM2bng0Y0VCTkgwR1lobkdFT19xakxEdzd2VXBGa1lSSWhJY2VBOUtKRDJLVThaSjQ5U1JlbG5Va0tMcDdjdk9zb012T09neTc3QUJSeU5SbXc?oc=5
2025-04-25,GOOGL,Google,Google Parent Alphabet’s Stock Climbs as Analysts Raise Targets on AI-Driven Growth - Investopedia,"EN
Sign in
Before you continue to Google
We use cookies and data to
Deliver and maintain Google services
Track outages and protect against spam, fraud, and abuse
Measure audience engagement and site statistics to understand how our services are used and enhance the quality of those services
If you choose to “Accept all,” we will also use cookies and data to
Develop and improve new services
Deliver and measure the effectiveness of ads
Show personalized content, depending on your settings
Show personalized ads, depending on your settings
If you choose to “Reject all,” we will not use cookies for these additional purposes.
Non-personalized content is influenced by things like the content you’re currently viewing, activity in your active Search session, and your location. Non-personalized ads are influenced by the content you’re currently viewing and your general location. Personalized content and ads can also include more relevant results, recommendations, and tailored ads based on past activity from this browser, like previous Google searches. We also use cookies and data to tailor the experience to be age-appropriate, if relevant.
Select “More options” to see additional information, including details about managing your privacy settings. You can also visit g.co/privacytools at any time.
Reject all
Accept all
More options
Privacy Policy
Terms of Service",https://news.google.com/rss/articles/CBMiuwFBVV95cUxOSWNfZ3FsLVpJZm9fQTBrYl9CelRFSER6Y3VVTDVYNjl2VTU5Z0JobmwtanNtSWwzRzJBbjVua24wWS1rdDVIazJBOTVXWU1UVDBXQ3JlcEJfQUoyZ2I3QjV2Q256WVR6dDFzS0o3LUlfMVE3dkVuQUhUSnRYSW84c3pieTVPelVWRERPazRGZ0JPZl84S1B0bjlMZVotdzVFcHpWTGlTNWltSzZvZlY1U1BWYXM3U280OS1v?oc=5
2025-04-25,GOOGL,Google,Google’s $70 Billion Buyback Will Help the Stock. Don’t Expect It to Take Off. - Barron's,"EN
Sign in
Before you continue to Google
We use cookies and data to
Deliver and maintain Google services
Track outages and protect against spam, fraud, and abuse
Measure audience engagement and site statistics to understand how our services are used and enhance the quality of those services
If you choose to “Accept all,” we will also use cookies and data to
Develop and improve new services
Deliver and measure the effectiveness of ads
Show personalized content, depending on your settings
Show personalized ads, depending on your settings
If you choose to “Reject all,” we will not use cookies for these additional purposes.
Non-personalized content is influenced by things like the content you’re currently viewing, activity in your active Search session, and your location. Non-personalized ads are influenced by the content you’re currently viewing and your general location. Personalized content and ads can also include more relevant results, recommendations, and tailored ads based on past activity from this browser, like previous Google searches. We also use cookies and data to tailor the experience to be age-appropriate, if relevant.
Select “More options” to see additional information, including details about managing your privacy settings. You can also visit g.co/privacytools at any time.
Reject all
Accept all
More options
Privacy Policy
Terms of Service",https://news.google.com/rss/articles/CBMifEFVX3lxTE1kS1BiRW11M0FPLXQxN0VXNm5FTUpDS0ZVWVRVU2xOdEFLQUxyM3IwaG9BeVU0YVlPaXltQ0ZmUUNFZmVRdWtBNnVuMExqTjJXeVlTUjM1RmZfcWphRlpkTHFzM2N0V1F6cG5kcDNVWWg4bEdfcHp6cFZCV1k?oc=5
2025-04-25,GOOGL,Google,Alphabet Rolls Out $70 Billion Buyback but Analysts Stay Wary on Google Stock’s Forecast - TipRanks,"EN
Sign in
Before you continue to Google
We use cookies and data to
Deliver and maintain Google services
Track outages and protect against spam, fraud, and abuse
Measure audience engagement and site statistics to understand how our services are used and enhance the quality of those services
If you choose to “Accept all,” we will also use cookies and data to
Develop and improve new services
Deliver and measure the effectiveness of ads
Show personalized content, depending on your settings
Show personalized ads, depending on your settings
If you choose to “Reject all,” we will not use cookies for these additional purposes.
Non-personalized content is influenced by things like the content you’re currently viewing, activity in your active Search session, and your location. Non-personalized ads are influenced by the content you’re currently viewing and your general location. Personalized content and ads can also include more relevant results, recommendations, and tailored ads based on past activity from this browser, like previous Google searches. We also use cookies and data to tailor the experience to be age-appropriate, if relevant.
Select “More options” to see additional information, including details about managing your privacy settings. You can also visit g.co/privacytools at any time.
Reject all
Accept all
More options
Privacy Policy
Terms of Service",https://news.google.com/rss/articles/CBMitwFBVV95cUxQNnpJeHA1QmVvQl96TFp6RDVxUTFDMl9fQnFFM0Qta2ZnNEI4VlU2b1YtVUxxeFA1R0lra243X29nRHp3akdYQl9Zbzl1cFM0clZWUHhoZDh0NEpLMUx5TmcxOUI2YXQxUjdjU2ZzaXV5Wi1wd2Z1ZlVhT0RXN25QSmlDSFdLTWFRSk1ydnM4WlpJTFJBTm03SmtjUDAtNktDTHpwelZoQkUtRGVKTXVXRW9yb1hrd0U?oc=5
2025-04-25,GOOGL,Google,How To Buy Alphabet (GOOGL) Stocks & Shares - Forbes,"EN
Sign in
Before you continue to Google
We use cookies and data to
Deliver and maintain Google services
Track outages and protect against spam, fraud, and abuse
Measure audience engagement and site statistics to understand how our services are used and enhance the quality of those services
If you choose to “Accept all,” we will also use cookies and data to
Develop and improve new services
Deliver and measure the effectiveness of ads
Show personalized content, depending on your settings
Show personalized ads, depending on your settings
If you choose to “Reject all,” we will not use cookies for these additional purposes.
Non-personalized content is influenced by things like the content you’re currently viewing, activity in your active Search session, and your location. Non-personalized ads are influenced by the content you’re currently viewing and your general location. Personalized content and ads can also include more relevant results, recommendations, and tailored ads based on past activity from this browser, like previous Google searches. We also use cookies and data to tailor the experience to be age-appropriate, if relevant.
Select “More options” to see additional information, including details about managing your privacy settings. You can also visit g.co/privacytools at any time.
Reject all
Accept all
More options
Privacy Policy
Terms of Service",https://news.google.com/rss/articles/CBMiigFBVV95cUxPRk1GQnR2Z3B3c1ZsbkJjRlVwRElPSVNZclg2Y2lUWmNybmNhQ1pvYmxlbHVQSnNWTGdwUG5ocHI0bDNYY0xTZ1EwanlUamo0YkxKM3Zob2hTQms5XzZ6UzRRTGRfdllGVUhabkMycHFhakkwZmFsRGlRem1ZckJYMFdCaU5vdzl0amc?oc=5
2025-04-25,GOOGL,Google,Alphabet’s Blowout Earnings Are a Lifeline to the AI Trade - Inc.com,"EN
Sign in
Before you continue to Google
We use cookies and data to
Deliver and maintain Google services
Track outages and protect against spam, fraud, and abuse
Measure audience engagement and site statistics to understand how our services are used and enhance the quality of those services
If you choose to “Accept all,” we will also use cookies and data to
Develop and improve new services
Deliver and measure the effectiveness of ads
Show personalized content, depending on your settings
Show personalized ads, depending on your settings
If you choose to “Reject all,” we will not use cookies for these additional purposes.
Non-personalized content is influenced by things like the content you’re currently viewing, activity in your active Search session, and your location. Non-personalized ads are influenced by the content you’re currently viewing and your general location. Personalized content and ads can also include more relevant results, recommendations, and tailored ads based on past activity from this browser, like previous Google searches. We also use cookies and data to tailor the experience to be age-appropriate, if relevant.
Select “More options” to see additional information, including details about managing your privacy settings. You can also visit g.co/privacytools at any time.
Reject all
Accept all
More options
Privacy Policy
Terms of Service",https://news.google.com/rss/articles/CBMingFBVV95cUxPTU9mRmdyTFNJeERUeVo3RFJlVVVoX3hyNVVHdnU0OVFoX180ZjQ1YXBGVDVTTG9kOVg0NjlkQTdLdl8yWWU0dmZKeXZmZGRmS1hteHh0MlhLUFVfbmk4ZHVqWU11SGg0WFdWNEluYWxaQlNESzl4bGR2VFIyakZJYmRqRUpIRnhDTkxMOHBjd0FYWDZuWl9OZkFEN0w2dw?oc=5
2025-04-25,GOOGL,Google,Did Google Earnings Results Put Search Worries To Rest? Here's What Analysts Are Saying - Investor's Business Daily,"EN
Sign in
Before you continue to Google
We use cookies and data to
Deliver and maintain Google services
Track outages and protect against spam, fraud, and abuse
Measure audience engagement and site statistics to understand how our services are used and enhance the quality of those services
If you choose to “Accept all,” we will also use cookies and data to
Develop and improve new services
Deliver and measure the effectiveness of ads
Show personalized content, depending on your settings
Show personalized ads, depending on your settings
If you choose to “Reject all,” we will not use cookies for these additional purposes.
Non-personalized content is influenced by things like the content you’re currently viewing, activity in your active Search session, and your location. Non-personalized ads are influenced by the content you’re currently viewing and your general location. Personalized content and ads can also include more relevant results, recommendations, and tailored ads based on past activity from this browser, like previous Google searches. We also use cookies and data to tailor the experience to be age-appropriate, if relevant.
Select “More options” to see additional information, including details about managing your privacy settings. You can also visit g.co/privacytools at any time.
Reject all
Accept all
More options
Privacy Policy
Terms of Service",https://news.google.com/rss/articles/CBMinwFBVV95cUxQWjBPaXdfTHJKLVZHclROMXRZMV9falJQXzM2Vl9zeEFrOFhhSWE4MndBT0x1ZDhFZlZUeXJXYjcwTGJacGQ4aW9yUjAwWTd4UTFTWUpLYmdJczRZTWhjSkJnaHR0NVl4bWx6Y29jZEJxcjJYd3h2cWFSaGhkZGRrWGJLejhyM0xKbU5LMDhjSmVLVHcxLTh1bzg4VlhKR28?oc=5
2025-04-25,GOOGL,Google,Google Stock (GOOGL) Continues to Soar as Top Analysts Cheer Its Earnings Beat - markets.businessinsider.com,"EN
Sign in
Before you continue to Google
We use cookies and data to
Deliver and maintain Google services
Track outages and protect against spam, fraud, and abuse
Measure audience engagement and site statistics to understand how our services are used and enhance the quality of those services
If you choose to “Accept all,” we will also use cookies and data to
Develop and improve new services
Deliver and measure the effectiveness of ads
Show personalized content, depending on your settings
Show personalized ads, depending on your settings
If you choose to “Reject all,” we will not use cookies for these additional purposes.
Non-personalized content is influenced by things like the content you’re currently viewing, activity in your active Search session, and your location. Non-personalized ads are influenced by the content you’re currently viewing and your general location. Personalized content and ads can also include more relevant results, recommendations, and tailored ads based on past activity from this browser, like previous Google searches. We also use cookies and data to tailor the experience to be age-appropriate, if relevant.
Select “More options” to see additional information, including details about managing your privacy settings. You can also visit g.co/privacytools at any time.
Reject all
Accept all
More options
Privacy Policy
Terms of Service",https://news.google.com/rss/articles/CBMi0AFBVV95cUxPbk43VjMzTTdhNE1lc3pEQTNma1BBQTVERUplZllNZnBheFFudFFJTm0zZG1EZVJYa3VVQVpfdEhlV1F1M241ZHN3elVqS1pyRmNiMVExbzJYSEpaSGo2Zkw4ZzYxdG1yYUZieElvSjRwTGszallVei05QlhvNWVZUWw2bDJBNXFmcUNXaXgzT0l2dlpQM1JKU1lzYkN0WUluYUVIQURGREV1ZWFjUE1zYTBhWHkzWldILXlDLWtlcUZRYnpQbDVQbzRZNWpnYWNi?oc=5
2025-04-29,GOOGL,Google,U.S Department of Justice Seeks to Cut Alphabet (GOOGL) Stock Down to Size - Yahoo Finance,"EN
Sign in
Before you continue to Google
We use cookies and data to
Deliver and maintain Google services
Track outages and protect against spam, fraud, and abuse
Measure audience engagement and site statistics to understand how our services are used and enhance the quality of those services
If you choose to “Accept all,” we will also use cookies and data to
Develop and improve new services
Deliver and measure the effectiveness of ads
Show personalized content, depending on your settings
Show personalized ads, depending on your settings
If you choose to “Reject all,” we will not use cookies for these additional purposes.
Non-personalized content is influenced by things like the content you’re currently viewing, activity in your active Search session, and your location. Non-personalized ads are influenced by the content you’re currently viewing and your general location. Personalized content and ads can also include more relevant results, recommendations, and tailored ads based on past activity from this browser, like previous Google searches. We also use cookies and data to tailor the experience to be age-appropriate, if relevant.
Select “More options” to see additional information, including details about managing your privacy settings. You can also visit g.co/privacytools at any time.
Reject all
Accept all
More options
Privacy Policy
Terms of Service",https://news.google.com/rss/articles/CBMiggFBVV95cUxNRUVsSmtnSWpRV0RwcDh5OFJYM1hITllWNzR2dFdCRnBLb1hiNG1sbGZxM3Y5aXV4ZTcyTmh6dE5oYjBJOU5Kb1FRVzlabTljOHgxNlN2dDdNeU9hWVU1amNTU1RXazctRXl6c0pqOFlMc19UQ2dwbUwtdnFhdmU2elFB?oc=5
2025-04-29,GOOGL,Google,What an Alphabet Breakup Would Mean for the Stock - Barron's,"EN
Sign in
Before you continue to Google
We use cookies and data to
Deliver and maintain Google services
Track outages and protect against spam, fraud, and abuse
Measure audience engagement and site statistics to understand how our services are used and enhance the quality of those services
If you choose to “Accept all,” we will also use cookies and data to
Develop and improve new services
Deliver and measure the effectiveness of ads
Show personalized content, depending on your settings
Show personalized ads, depending on your settings
If you choose to “Reject all,” we will not use cookies for these additional purposes.
Non-personalized content is influenced by things like the content you’re currently viewing, activity in your active Search session, and your location. Non-personalized ads are influenced by the content you’re currently viewing and your general location. Personalized content and ads can also include more relevant results, recommendations, and tailored ads based on past activity from this browser, like previous Google searches. We also use cookies and data to tailor the experience to be age-appropriate, if relevant.
Select “More options” to see additional information, including details about managing your privacy settings. You can also visit g.co/privacytools at any time.
Reject all
Accept all
More options
Privacy Policy
Terms of Service",https://news.google.com/rss/articles/CBMigwFBVV95cUxNcE9yYnh2ZUVhVWlUdmpPOTg2OUJybHpmWU1naDZaRWUybkpuQ083MWp1ZVZxeGdsR3YwX2JiVU1udndTRHFGRGJlYUxobmRQdlcwWk5QSjlHMjFpSnlMMzFkYWVZWnhJazBlMTU3eGVEbl9CeElQSklCRlBYSTl0YkdJMA?oc=5
2025-04-28,GOOGL,Google,Here's How Waymo's Robotaxi Momentum Will Pay Off For Google Stock - Investor's Business Daily,"EN
Sign in
Before you continue to Google
We use cookies and data to
Deliver and maintain Google services
Track outages and protect against spam, fraud, and abuse
Measure audience engagement and site statistics to understand how our services are used and enhance the quality of those services
If you choose to “Accept all,” we will also use cookies and data to
Develop and improve new services
Deliver and measure the effectiveness of ads
Show personalized content, depending on your settings
Show personalized ads, depending on your settings
If you choose to “Reject all,” we will not use cookies for these additional purposes.
Non-personalized content is influenced by things like the content you’re currently viewing, activity in your active Search session, and your location. Non-personalized ads are influenced by the content you’re currently viewing and your general location. Personalized content and ads can also include more relevant results, recommendations, and tailored ads based on past activity from this browser, like previous Google searches. We also use cookies and data to tailor the experience to be age-appropriate, if relevant.
Select “More options” to see additional information, including details about managing your privacy settings. You can also visit g.co/privacytools at any time.
Reject all
Accept all
More options
Privacy Policy
Terms of Service",https://news.google.com/rss/articles/CBMikAFBVV95cUxNLTJKYVpSVXdiU3A3ZVdsYklvUVRMMUVIYkpNeUstck9LZXV2MlVTNy12eFNsNm5nSkJwV1Fyb0FrMHZkNzJkNHhyVTJ6cHJmQzhFcElaMWNzQ05YTnVSZHNZQVFoRGxyU1hlN0JlU1pSUWxmWnpFbkoxaHdiU0VBeFVUeDZCVmtqWGhDUGF4ZDQ?oc=5
2025-04-25,GOOGL,Google,Google Gives Stock Markets Hope of a Big Tech Comeback and 5 Other Things to Know Today - Barron's,"EN
Sign in
Before you continue to Google
We use cookies and data to
Deliver and maintain Google services
Track outages and protect against spam, fraud, and abuse
Measure audience engagement and site statistics to understand how our services are used and enhance the quality of those services
If you choose to “Accept all,” we will also use cookies and data to
Develop and improve new services
Deliver and measure the effectiveness of ads
Show personalized content, depending on your settings
Show personalized ads, depending on your settings
If you choose to “Reject all,” we will not use cookies for these additional purposes.
Non-personalized content is influenced by things like the content you’re currently viewing, activity in your active Search session, and your location. Non-personalized ads are influenced by the content you’re currently viewing and your general location. Personalized content and ads can also include more relevant results, recommendations, and tailored ads based on past activity from this browser, like previous Google searches. We also use cookies and data to tailor the experience to be age-appropriate, if relevant.
Select “More options” to see additional information, including details about managing your privacy settings. You can also visit g.co/privacytools at any time.
Reject all
Accept all
More options
Privacy Policy
Terms of Service",https://news.google.com/rss/articles/CBMiiwFBVV95cUxPdms1RjVwZkpnVzZEUjNsNHhiZ0lrMWRlc3VpWU9HbHVNdThpdHVfb25WUFZ1eUduWG84b0p5NDd4RlNuSVZkZU11a3BaQTJTbFlzanlOMV9oRGI0UHo0cHppOVlnRk9ZR2M3S3FEaTRqM0FQcjJ2U1JMalBQVnVVVlhfMUVZVzBoZ3hZ?oc=5
2025-04-25,GOOGL,Google,"Stock market today: Tesla surges 9%, S&P 500 gains for 4th-straight day in longest win streak since January - Yahoo Finance","EN
Sign in
Before you continue to Google
We use cookies and data to
Deliver and maintain Google services
Track outages and protect against spam, fraud, and abuse
Measure audience engagement and site statistics to understand how our services are used and enhance the quality of those services
If you choose to “Accept all,” we will also use cookies and data to
Develop and improve new services
Deliver and measure the effectiveness of ads
Show personalized content, depending on your settings
Show personalized ads, depending on your settings
If you choose to “Reject all,” we will not use cookies for these additional purposes.
Non-personalized content is influenced by things like the content you’re currently viewing, activity in your active Search session, and your location. Non-personalized ads are influenced by the content you’re currently viewing and your general location. Personalized content and ads can also include more relevant results, recommendations, and tailored ads based on past activity from this browser, like previous Google searches. We also use cookies and data to tailor the experience to be age-appropriate, if relevant.
Select “More options” to see additional information, including details about managing your privacy settings. You can also visit g.co/privacytools at any time.
Reject all
Accept all
More options
Privacy Policy
Terms of Service",https://news.google.com/rss/articles/CBMi6gFBVV95cUxPd2dpNjEtRjR6YnhvcUV5V2ZtaVQ1a0Nhck1md0owbTE1UWZSVVczZU1JYnhCY1pRTk9mczVDUFN6cDEwdXJxd0lHanRhUUM1UkFjSUtpVnRDRVJNVEtWTzRnQy1zMURpTmNKbjhPVGh3MHZmNWJLMjFCMFVlcjctMngwWWstVG96cUwzREFNY1h3ZFpRWjdheDdIZXJFVnJEXzZRN2hGRUZBQmxudzFHTHY4VlpQci1mRGtsQXBmdVM1a2RfTXdrcC1XYmFBbXF4Qlo2RHIzaERyakdoOEx6R19BbUc2M0YycXc?oc=5
2025-04-28,GOOGL,Google,"Clues From Google Earnings With Microsoft, Apple, Amazon Reports On Deck - Investor's Business Daily","EN
Sign in
Before you continue to Google
We use cookies and data to
Deliver and maintain Google services
Track outages and protect against spam, fraud, and abuse
Measure audience engagement and site statistics to understand how our services are used and enhance the quality of those services
If you choose to “Accept all,” we will also use cookies and data to
Develop and improve new services
Deliver and measure the effectiveness of ads
Show personalized content, depending on your settings
Show personalized ads, depending on your settings
If you choose to “Reject all,” we will not use cookies for these additional purposes.
Non-personalized content is influenced by things like the content you’re currently viewing, activity in your active Search session, and your location. Non-personalized ads are influenced by the content you’re currently viewing and your general location. Personalized content and ads can also include more relevant results, recommendations, and tailored ads based on past activity from this browser, like previous Google searches. We also use cookies and data to tailor the experience to be age-appropriate, if relevant.
Select “More options” to see additional information, including details about managing your privacy settings. You can also visit g.co/privacytools at any time.
Reject all
Accept all
More options
Privacy Policy
Terms of Service",https://news.google.com/rss/articles/CBMilwFBVV95cUxOWE5UNnRSdGZzTV8yb0JacU1reC04R3l5VWdEUEs0c1FJYlViaDgzdWlvRXZoWjNCTUpVLXd4dkFuWDMwb1R4Y2d6RTh2YTNVNVRYTlE1b3EtUTRKS3lJdGowVk5SbTlDb0dudnIzTkh6Uk1fckNRMVhXZ0RzOUVPbHpmblpUNUgwMHlISmZNaVRwNlV5Q1cw?oc=5
2025-04-25,GOOGL,Google,Futures: Nasdaq Hasn't Done This Since '01; Google Pops Late - Investor's Business Daily,"EN
Sign in
Before you continue to Google
We use cookies and data to
Deliver and maintain Google services
Track outages and protect against spam, fraud, and abuse
Measure audience engagement and site statistics to understand how our services are used and enhance the quality of those services
If you choose to “Accept all,” we will also use cookies and data to
Develop and improve new services
Deliver and measure the effectiveness of ads
Show personalized content, depending on your settings
Show personalized ads, depending on your settings
If you choose to “Reject all,” we will not use cookies for these additional purposes.
Non-personalized content is influenced by things like the content you’re currently viewing, activity in your active Search session, and your location. Non-personalized ads are influenced by the content you’re currently viewing and your general location. Personalized content and ads can also include more relevant results, recommendations, and tailored ads based on past activity from this browser, like previous Google searches. We also use cookies and data to tailor the experience to be age-appropriate, if relevant.
Select “More options” to see additional information, including details about managing your privacy settings. You can also visit g.co/privacytools at any time.
Reject all
Accept all
More options
Privacy Policy
Terms of Service",https://news.google.com/rss/articles/CBMirAFBVV95cUxOemNuR2pxTzZkS1YzamV0ZGMwZnlhUE9VNWs1eWNZUWxtMHRvUkQtaGVzV0ZoT01MMmtobS1ySTRCSTdiajR6b0ZXdFUxQTZFVEcwOHp4WXNucUNWZ3g1SnNiWnJzRG9tXzZ0S25EWmxRckVOc3VpSUVEc3JLMzQxZTFpRHluX1pLYnFsZlhxVjBTdEtlVDlTLVVqZ3NEdmVkRHlnenZVLWtsNVM2?oc=5
2025-04-29,GOOGL,Google,"Magnificent Seven Stocks Watch: Nvidia, Tesla Sell Off - Investor's Business Daily","EN
Sign in
Before you continue to Google
We use cookies and data to
Deliver and maintain Google services
Track outages and protect against spam, fraud, and abuse
Measure audience engagement and site statistics to understand how our services are used and enhance the quality of those services
If you choose to “Accept all,” we will also use cookies and data to
Develop and improve new services
Deliver and measure the effectiveness of ads
Show personalized content, depending on your settings
Show personalized ads, depending on your settings
If you choose to “Reject all,” we will not use cookies for these additional purposes.
Non-personalized content is influenced by things like the content you’re currently viewing, activity in your active Search session, and your location. Non-personalized ads are influenced by the content you’re currently viewing and your general location. Personalized content and ads can also include more relevant results, recommendations, and tailored ads based on past activity from this browser, like previous Google searches. We also use cookies and data to tailor the experience to be age-appropriate, if relevant.
Select “More options” to see additional information, including details about managing your privacy settings. You can also visit g.co/privacytools at any time.
Reject all
Accept all
More options
Privacy Policy
Terms of Service",https://news.google.com/rss/articles/CBMie0FVX3lxTFB6UE0zMU96cW1vdmN1cE1RQjd4RzlqbFVycEk2VlVNRFY3aDFmU1E2eGYyQi1XV09zTEF3SnFaZVMtMWJiV3VzVmtrSy1KNXZZYUctTXgxOFNJRkFRaFJiUkZHSjBaNHM1SU5iTmpFQ0NvYUlVeXIzaUF2aw?oc=5
2025-04-25,GOOGL,Google,"Stock Market Rallies On Trump Tariff Hopes; Google, ServiceNow, AT&T, Tesla In Focus: Weekly Review - Investor's Business Daily","EN
Sign in
Before you continue to Google
We use cookies and data to
Deliver and maintain Google services
Track outages and protect against spam, fraud, and abuse
Measure audience engagement and site statistics to understand how our services are used and enhance the quality of those services
If you choose to “Accept all,” we will also use cookies and data to
Develop and improve new services
Deliver and measure the effectiveness of ads
Show personalized content, depending on your settings
Show personalized ads, depending on your settings
If you choose to “Reject all,” we will not use cookies for these additional purposes.
Non-personalized content is influenced by things like the content you’re currently viewing, activity in your active Search session, and your location. Non-personalized ads are influenced by the content you’re currently viewing and your general location. Personalized content and ads can also include more relevant results, recommendations, and tailored ads based on past activity from this browser, like previous Google searches. We also use cookies and data to tailor the experience to be age-appropriate, if relevant.
Select “More options” to see additional information, including details about managing your privacy settings. You can also visit g.co/privacytools at any time.
Reject all
Accept all
More options
Privacy Policy
Terms of Service",https://news.google.com/rss/articles/CBMimAFBVV95cUxPN3Vuck42M3R1dVZCbW1fUkFoVldnMG4wRlhraWZqN3ltWjlpTWJ1Rkx5QzVoMElWczV5eHM1YW5Cc2E4LXpTSWp0U1NBV3R4Z2x3VmRxa1E5Mk02QWVOTzVZLWs4WkVuaEd2bEhlV29jcUp1UVhGclN2amctTTdGRVFRX1lrZ0FSR0cxV0JacFNVYllTZDlYbQ?oc=5
2025-04-25,GOOGL,Google,"Stock market today: Dow jumps 500 points, Nasdaq surges as Wall Street rallies for 3rd day on easing trade tensions - Yahoo Finance","EN
Sign in
Before you continue to Google
We use cookies and data to
Deliver and maintain Google services
Track outages and protect against spam, fraud, and abuse
Measure audience engagement and site statistics to understand how our services are used and enhance the quality of those services
If you choose to “Accept all,” we will also use cookies and data to
Develop and improve new services
Deliver and measure the effectiveness of ads
Show personalized content, depending on your settings
Show personalized ads, depending on your settings
If you choose to “Reject all,” we will not use cookies for these additional purposes.
Non-personalized content is influenced by things like the content you’re currently viewing, activity in your active Search session, and your location. Non-personalized ads are influenced by the content you’re currently viewing and your general location. Personalized content and ads can also include more relevant results, recommendations, and tailored ads based on past activity from this browser, like previous Google searches. We also use cookies and data to tailor the experience to be age-appropriate, if relevant.
Select “More options” to see additional information, including details about managing your privacy settings. You can also visit g.co/privacytools at any time.
Reject all
Accept all
More options
Privacy Policy
Terms of Service",https://news.google.com/rss/articles/CBMi9wFBVV95cUxPaVRKMFpLd1I3TVY4eTBwVF9Gbk5NeWEzTm9DQmZMQ1gwSnBhbDFVQnRvLWluclhrOVMxQ1d3Uy1qX0hJVDA3bjcyaUZyMWJ1cHVCUHVMczN1Qm1jNUVjN19hTXlwRHlIc1BoTjJ2bjlNaTVCNlRicFlMdDVxTDVyekNsTGdBNWNuY1BTbXNRaWg3NmFvc2dtQkM2RDREeXJNQ0RueWQ4YXJWQVltd2tIbUFVZHZIOFFwa2JIY0lBTmU5ZUlwQmNZLWFvUUR5Q2V6RTc0MDZoT1JxaFdKY3BZQ3NYWlR5MnE2bDZJR3JxdEwwT1dsS2FB?oc=5
